54.58 54.59 54.61 54.61 54.63 54.64 54.66 54.68 54.68 54.71 54.73 54.73 54.75 54.78 54.8 54.83 54.86 54.86 54.88 54.87 54.9 54.92 54.92 54.94 54.96 54.96 54.99 54.99 55.01 55.04 55.04 55.06 55.08 55.07 55.09 55.11 55.11 55.13 55.14 55.16 55.16 55.18 55.18 55.2 55.22 55.21 55.23 55.23
55.27 55.27 55.29 55.31 55.32 55.31 55.33 55.34 55.34 55.36 55.37 55.38 55.39 55.39 55.43 55.43 55.44 55.45 55.46 55.47 55.47 55.46 55.47 55.47 55.48 55.49 55.49 55.51 55.51 55.52 55.53 55.53 55.55 55.56 55.57 55.59 55.59 55.61 55.63 55.63 55.65 55.65 55.67 55.69 55.7 55.71 55.72 55.73
55.71 55.72 55.73 55.72 55.73 55.73 55.74 55.75 55.76 55.77 55.78 55.8 55.81 55.81 55.82 55.82 55.83 55.84 55.83 55.84 55.85 55.85 55.86 55.86 55.87 55.87 55.89 55.9 55.9 55.91 55.92 55.93 55.94 55.94 55.96 55.96 55.97 55.98 55.98 55.99 55.99 55.99 55.99 55.99 55.98 55.97 55.95 55.94
55.92 55.92 55.91 55.92 55.91 55.91 55.91 55.91 55.91 55.91 55.91 55.91 55.9 55.9 55.9 55.9 55.91 55.91 55.92 55.92 55.92 55.93 55.94 55.94 55.95 55.95 55.94 55.94 55.94 55.94 55.94 55.93 55.92 55.9 55.9 55.9 55.9 55.9 55.89 55.89 55.89 55.89 55.88 55.87 55.86 55.85 55.85 55.85
55.84 55.83 55.83 55.83 55.83 55.83 55.83 55.83 55.82 55.82 55.81 55.81 55.81 55.81 55.81 55.82 55.82 55.83 55.83 55.84 55.85 55.85 55.85 55.85 55.85 55.85 55.85 55.85 55.85 55.85 55.85 55.85 55.85 55.85 55.85 55.84 55.84 55.84 55.84 55.84 55.84 55.83 55.83 55.83 55.83 55.84 55.84 55.85
55.87 55.87 55.88 55.89 55.9 55.9 55.9 55.9 55.89 55.89 55.88 55.88 55.88 55.88 55.88 55.88 55.87 55.86 55.86 55.86 55.86 55.86 55.86 55.85 55.85 55.86 55.86 55.86 55.86 55.86 55.87 55.87 55.87 55.87 55.88 55.88 55.88 55.88 55.88 55.87 55.87 55.87 55.87 55.87 55.87 55.88 55.88 55.88
70.0 70.01 70.03 70.03 70.05 70.07 70.07 70.08 70.09 70.1 70.12 70.15 70.16 70.18 70.18999 70.18999 70.2 70.22 70.22 70.23 70.25 70.25 70.28 70.3 70.33 70.36 70.37 70.38 70.38 70.36 70.35 70.36 70.36 70.36 70.37 70.37 70.38 70.37 70.38 70.37 70.38 70.39 70.4 70.41 70.41 70.41 70.39 70.4
72.5 72.5 72.5 72.5 72.51 72.51 72.5 72.5 72.5 72.5 72.49 72.48 72.48 72.47 72.46 72.45 72.43999 72.43 72.42 72.41 72.39 72.38 72.39 72.41 72.41 72.43 72.43999 72.45 72.47 72.47 72.48 72.48 72.48 72.49 72.49 72.49 72.48 72.48 72.47 72.47 72.48 72.49 72.49 72.5 72.49 72.47 72.43999 72.42
65.15 65.16 65.16 65.17 65.17 65.17 65.17 65.18 65.18999 65.18999 65.18999 65.18999 65.18999 65.18999 65.18999 65.18 65.18 65.18 65.18999 65.18999 65.18999 65.18999 65.18999 65.18999 65.2 65.2 65.2 65.21 65.21 65.22 65.22 65.23 65.23 65.24 65.24 65.24 65.25 65.25 65.25 65.25 65.26 65.26 65.26 65.27 65.27 65.27 65.27 65.27
63.75 63.75 63.75 63.75 63.75 63.74 63.73 63.72 63.7 63.7 63.69 63.68 63.67 63.66 63.65 63.66 63.65 63.64 63.64 63.63 63.62 63.61 63.6 63.59 63.58 63.57 63.56 63.55 63.54 63.54 63.53 63.52 63.52 63.51 63.5 63.49 63.48 63.47 63.46 63.45 63.44 63.43 63.43 63.42 63.43 63.43 63.44 63.44
63.37 63.37 63.38 63.38 63.39 63.39 63.4 63.4 63.41 63.41 63.42 63.42 63.42 63.42 63.42 63.42 63.42 63.42 63.42 63.43 63.43 63.43 63.43 63.43 63.43 63.43 63.43 63.43 63.43 63.43 63.43 63.43 63.44 63.44 63.45 63.45 63.46 63.46 63.47 63.47 63.47 63.46 63.46 63.46 63.45 63.45 63.45 63.45
63.48 63.49 63.49 63.48 63.48 63.48 63.48 63.47 63.47 63.47 63.47 63.47 63.47 63.47 63.47 63.47 63.47 63.47 63.47 63.47 63.47 63.47 63.47 63.47 63.47 63.46 63.46 63.47 63.48 63.49 63.49 63.49 63.48 63.47 63.46 63.46 63.45 63.44 63.43 63.43 63.42 63.41 63.4 63.4 63.39 63.38 63.37 63.37
63.32 63.32 63.33 63.35 63.36 63.38 63.39 63.4 63.41 63.42 63.43 63.44 63.45 63.46 63.47 63.48 63.49 63.5 63.5 63.5 63.5 63.5 63.49 63.49 63.49 63.5 63.5 63.5 63.49 63.48 63.48 63.47 63.47 63.46 63.46 63.45 63.44 63.43 63.42 63.41 63.4 63.4 63.4 63.4 63.4 63.4 63.39 63.39
250.93 250.93 250.92 250.93 250.93 250.93 250.94 250.95 250.95 250.95 250.96 250.96 250.97 250.98 250.99 250.99 251.0 251.0 251.02 251.03 251.05 251.08 251.08 251.1 251.12 251.14 251.14 251.15 251.17 251.18 251.19 251.2 251.19 251.19 251.19 251.19 251.18 251.17 251.14 251.12 251.11 251.09 251.07 251.02 250.95 250.9 250.87 250.85
250.91 250.91 250.92 250.92 250.92 250.92 250.93 250.93 250.94 250.94 250.94 250.94 250.94 250.94 250.94 250.94 250.94 250.94 250.94 250.95 250.95 250.95 250.95 250.95 250.95 250.98 250.94 250.89 250.9 250.92 250.93 250.93 250.93 250.93 250.93 250.93 250.93 250.92 250.91 250.92 250.92 250.92 250.92 250.93 250.94 250.95 250.96 250.96
249.47 249.47 249.47 249.46 249.46 249.46 249.46 249.46 249.45 249.45 249.45 249.47 249.47 249.45 249.43 249.46 249.46 249.46 249.45 249.45 249.45 249.45 249.45 249.47 249.48 249.5 249.51 249.52 249.54 249.54 249.54 249.54 249.53 249.52 249.51 249.5 249.49 249.48 249.48 249.47 249.46 249.45 249.44 249.44 249.43 249.43 249.43 249.43
249.44 249.44 249.44 249.44 249.44 249.44 249.44 249.44 249.44 249.44 249.44 249.44 249.45 249.4 249.32 249.28 249.27 249.26 249.24 249.2 249.17 249.18 249.19 249.21 249.23 249.25 249.26 249.28 249.3 249.31 249.35 249.36 249.37 249.37 249.39 249.41 249.41 249.42 249.43 249.43 249.43 249.44 249.44 249.44 249.44 249.45 249.45 249.45
249.44 249.44 249.44 249.44 249.44 249.45 249.45 249.45 249.45 249.46 249.46 249.47 249.46 249.38 249.38 249.39 249.4 249.41 249.43 249.44 249.45 249.45 249.45 249.45 249.45 249.45 249.45 249.44 249.44 249.44 249.44 249.44 249.44 249.44 249.44 249.44 249.44 249.44 249.43 249.43 249.43 249.43 249.43 249.43 249.43 249.43 249.43 249.44
249.43 249.43 249.43 249.44 249.44 249.44 249.44 249.44 249.44 249.44 249.44 249.44 249.44 249.44 249.46 249.41 249.36 249.34 249.34 249.35 249.37 249.39 249.4 249.41 249.41 249.42 249.42 249.42 249.42 249.42 249.42 249.42 249.42 249.42 249.42 249.42 249.42 249.42 249.42 249.42 249.42 249.42 249.43 249.43 249.44 249.44 249.44 249.44
249.45 249.45 249.45 249.45 249.45 249.45 249.45 249.45 249.45 249.46 249.46 249.46 249.47 249.43 249.36 249.36 249.36 249.37 249.38 249.39 249.39 249.4 249.4 249.4 249.41 249.41 249.41 249.42 249.42 249.42 249.43 249.43 249.43 249.44 249.44 249.44 249.45 249.45 249.45 249.44 249.42 249.39 249.36 249.3 249.25 249.2 249.19 249.2
249.05 249.05 249.04 249.04 249.05 249.05 249.05 249.05 249.05 249.05 249.05 249.06 249.06 249.07 249.08 249.06 249.03 249.02 249.03 249.04 249.05 249.06 249.06 249.07 249.07 249.06 249.06 249.05 249.05 249.04 249.04 249.04 249.03 249.03 249.03 248.95 248.83 248.83 248.77 248.71 248.67 248.62 248.63 248.58 248.53 248.44 248.4 248.36
45.63 45.64 45.65 45.65 45.64 45.65 45.66 45.66 45.67 45.68 45.67 45.67 45.68 45.68 45.68 45.69 45.7 45.71 45.71 45.71 45.73 45.72 45.71 45.71 45.72 45.72 45.72 45.72 45.71 45.71 45.71 45.72 45.74 45.76 45.76 45.78 45.8 45.81 45.82 45.82 45.83 45.85 45.86 45.87 45.88 45.89 45.9 45.91
46.79 46.79 46.8 46.8 46.8 46.81 46.81 46.81 46.81 46.81 46.81 46.8 46.8 46.8 46.79 46.79 46.8 46.81 46.78 46.74 46.71 46.71 46.7 46.69 46.68 46.67 46.67 46.68 46.69 46.69 46.7 46.71 46.71 46.72 46.73 46.73 46.74 46.75 46.76 46.77 46.78 46.79 46.8 46.8 46.8 46.81 46.81 46.81
46.82 46.82 46.81 46.81 46.81 46.81 46.81 46.81 46.8 46.8 46.8 46.79 46.79 46.79 46.78 46.78 46.78 46.78 46.79 46.79 46.78 46.79 46.8 46.8 46.8 46.8 46.79 46.79 46.78 46.77 46.76 46.76 46.76 46.76 46.76 46.76 46.76 46.76 46.75 46.75 46.75 46.74 46.74 46.75 46.75 46.76 46.76 46.76
48.44 48.48 48.5 48.53 48.53 48.55 48.55 48.54 48.54 48.53 48.53 48.53 48.54 48.55 48.56 48.56 48.56 48.56 48.56 48.56 48.57 48.56 48.56 48.56 48.57 48.57 48.58 48.58 48.59 48.6 48.6 48.61 48.61 48.6 48.6 48.6 48.6 48.59 48.58 48.57 48.57 48.56 48.56 48.55 48.55 48.55 48.56 48.57
47.17 47.16 47.16 47.16 47.16 47.17 47.18 47.19 47.19 47.18 47.18 47.19 47.18 47.2 47.21 47.22 47.24 47.27 47.27 47.28 47.28 47.28 47.29 47.3 47.3 47.32 47.33 47.34 47.34 47.35 47.36 47.37 47.38 47.39 47.4 47.41 47.43 47.44 47.46 47.46 47.45 47.44 47.45 47.47 47.48 47.5 47.51 47.51
48.56 48.57 48.57 48.57 48.57 48.57 48.56 48.56 48.56 48.55 48.55 48.54 48.53 48.52 48.51 48.5 48.5 48.51 48.52 48.52 48.55 48.55 48.55 48.56 48.55 48.54 48.52 48.51 48.51 48.51 48.52 48.52 48.53 48.54 48.54 48.55 48.54 48.54 48.54 48.55 48.56 48.56 48.56 48.56 48.55 48.56 48.55 48.55
48.42 48.42 48.43 48.43 48.43 48.43 48.43 48.43 48.43 48.44 48.44 48.44 48.45 48.45 48.46 48.46 48.45 48.46 48.46 48.49 48.48 48.45 48.43 48.45 48.47 48.48 48.49 48.5 48.5 48.5 48.5 48.49 48.49 48.49 48.49 48.5 48.51 48.52 48.52 48.52 48.52 48.53 48.53 48.53 48.53 48.54 48.54 48.54
48.59 48.59 48.58 48.58 48.57 48.55 48.53 48.53 48.53 48.54 48.54 48.54 48.53 48.53 48.49 48.45 48.38 48.35 48.31 48.28 48.27 48.29 48.31 48.33 48.34 48.35 48.35 48.35 48.36 48.36 48.36 48.37 48.39 48.4 48.42 48.42 48.43 48.43 48.44 48.45 48.46 48.47 48.48 48.48 48.47 48.47 48.46 48.45
48.45 48.44 48.43 48.43 48.43 48.43 48.43 48.44 48.44 48.44 48.44 48.44 48.44 48.43 48.42 48.41 48.42 48.41 48.4 48.41 48.42 48.42 48.41 48.41 48.42 48.42 48.43 48.44 48.45 48.45 48.46 48.46 48.47 48.48 48.49 48.51 48.52 48.51 48.5 48.5 48.49 48.49 48.48 48.47 48.47 48.48 48.49 48.5
48.5 48.5 48.49 48.49 48.48 48.46 48.46 48.45 48.45 48.45 48.45 48.45 48.44 48.43 48.43 48.43 48.43 48.43 48.44 48.46 48.41 48.31 48.22 48.16 48.13 48.11 48.13 48.14 48.18 48.21 48.23 48.27 48.3 48.32 48.34 48.36 48.37 48.37 48.38 48.38 48.4 48.42 48.45 48.48 48.51 48.54 48.57 48.59
65.18999 65.2 65.21 65.2 65.2 65.2 65.18999 65.18999 65.18999 65.18 65.18 65.17 65.17 65.16 65.15 65.15 65.16 65.15 65.15 65.15 65.15 65.16 65.17 65.17 65.2 65.21 65.22 65.23 65.24 65.25 65.26 65.27 65.28 65.29 65.3 65.3 65.3 65.31 65.32 65.32 65.32 65.32 65.33 65.33 65.33 65.33 65.33 65.33
65.28 65.28 65.29 65.29 65.29 65.29 65.28 65.28 65.28 65.29 65.29 65.29 65.29 65.3 65.29 65.29 65.29 65.28 65.27 65.25 65.24 65.23 65.22 65.21 65.2 65.2 65.18999 65.2 65.2 65.21 65.21 65.22 65.22 65.22 65.22 65.22 65.22 65.22 65.22 65.23 65.23 65.24 65.24 65.25 65.25 65.26 65.27 65.27
65.31 65.31 65.31 65.31 65.31 65.32 65.32 65.32 65.32 65.32 65.33 65.32 65.31 65.31 65.31 65.31 65.31 65.31 65.3 65.3 65.3 65.3 65.29 65.3 65.3 65.3 65.31 65.31 65.32 65.32 65.32 65.32 65.32 65.31 65.31 65.31 65.3 65.3 65.3 65.29 65.29 65.29 65.29 65.29 65.29 65.29 65.29 65.29
65.3 65.3 65.31 65.31 65.31 65.31 65.31 65.31 65.31 65.31 65.31 65.3 65.31 65.32 65.31 65.31 65.32 65.32 65.31 65.3 65.29 65.29 65.29 65.28 65.28 65.28 65.28 65.29 65.29 65.29 65.28 65.28 65.28 65.28 65.27 65.26 65.26 65.25 65.24 65.24 65.24 65.24 65.24 65.24 65.25 65.25 65.25 65.26
65.31 65.31 65.31 65.31 65.31 65.31 65.31 65.31 65.31 65.32 65.33 65.33 65.34 65.34 65.33 65.33 65.32 65.32 65.31 65.3 65.3 65.31 65.31 65.31 65.32 65.32 65.32 65.32 65.31 65.31 65.3 65.28 65.27 65.27 65.25 65.24 65.22 65.22 65.21 65.2 65.18999 65.18 65.18 65.17 65.16 65.16 65.15 65.14
64.21 64.18999 64.18 64.16 64.15 64.14 64.13 64.11 64.11 64.09 64.09 64.08 64.09 64.08 64.09 64.09 64.08 64.07 64.04 64.02 64.01 64.01 63.99 63.98 63.96 63.96 63.94 63.94 63.92 63.9 63.9 63.88 63.88 63.88 63.88 63.89 63.89 63.89 63.89 63.89 63.9 63.91 63.92 63.92 63.92 63.92 63.92 63.92
63.86 63.86 63.87 63.87 63.88 63.89 63.9 63.9 63.91 63.91 63.92 63.93 63.95 63.95 63.96 63.97 63.97 63.97 63.96 63.96 63.95 63.95 63.95 63.95 63.95 63.96 63.96 63.96 63.96 63.95 63.95 63.94 63.94 63.94 63.95 63.95 63.95 63.95 63.94 63.94 63.94 63.93 63.93 63.91 63.9 63.88 63.87 63.85
63.79 63.79 63.8 63.8 63.8 63.8 63.8 63.8 63.8 63.79 63.79 63.78 63.78 63.79 63.79 63.78 63.78 63.79 63.78 63.77 63.76 63.77 63.77 63.77 63.77 63.76 63.76 63.76 63.75 63.75 63.75 63.75 63.75 63.75 63.74 63.73 63.72 63.7 63.7 63.69 63.68 63.67 63.66 63.65 63.66 63.65 63.64 63.64
253.87 253.86 253.86 253.86 253.85 253.84 253.84 253.83 253.82 253.8 253.79 253.77 253.74 253.76 253.76 253.73 253.72 253.71 253.69 253.69 253.68 253.67 253.67 253.67 253.65 253.63 253.62 253.62 253.6 253.59 253.58 253.56 253.56 253.55 253.55 253.55 253.55 253.55 253.55 253.54 253.53 253.52 253.51 253.49 253.48 253.48 253.48 253.48
253.38 253.38 253.38 253.38 253.36 253.36 253.36 253.35 253.35 253.34 253.33 253.33 253.32 253.31 253.31 253.31 253.29 253.27 253.24 253.22 253.22 253.23 253.24 253.26 253.27 253.27 253.25 253.24 253.22 253.2 253.19 253.18 253.17 253.16 253.16 253.15 253.15 253.14 253.14 253.13 253.13 253.13 253.13 253.13 253.13 253.13 253.13 253.12
252.94 252.94 252.94 252.94 252.94 252.94 252.94 252.94 252.94 252.94 252.94 252.95 252.95 252.96 252.98 252.98 252.99 252.99 252.99 252.98 252.99 253.01 253.01 253.01 253.01 253.02 253.02 253.02 253.02 253.02 253.01 253.01 253.01 253.0 253.0 253.0 253.01 253.01 253.0 253.01 253.0 253.01 253.01 253.0 253.0 253.0 253.0 253.0
251.99 251.98 251.98 251.97 251.98 251.98 251.98 251.98 251.98 251.98 251.98 251.98 251.98 251.98 251.98 252.0 252.0 252.0 252.0 252.0 252.0 252.0 252.0 252.0 252.0 251.99 251.99 251.99 251.98 251.98 251.98 251.98 251.98 251.98 251.99 252.0 252.0 252.0 252.0 252.0 252.0 251.99 251.99 251.99 251.98 251.98 251.98 251.96
251.36 251.36 251.35 251.34 251.34 251.33 251.33 251.32 251.31 251.3 251.29 251.27 251.26 251.25 251.24 251.26 251.25 251.24 251.24 251.23 251.24 251.23 251.22 251.22 251.2 251.2 251.18 251.16 251.15 251.14 251.13 251.12 251.11 251.11 251.1 251.1 251.1 251.1 251.09 251.09 251.09 251.1 251.1 251.1 251.1 251.1 251.1 251.11
70.45 70.43999 70.43999 70.45 70.45 70.46 70.48 70.49 70.51 70.52 70.54 70.55 70.55 70.56 70.57 70.52 70.51 70.53 70.55 70.56 70.56 70.56 70.56 70.56 70.56 70.55 70.54 70.54 70.54 70.54 70.54 70.54 70.54 70.54 70.54 70.54 70.54 70.54 70.54 70.54 70.55 70.55 70.55 70.54 70.54 70.54 70.55 70.55
70.55 70.55 70.55 70.54 70.54 70.53 70.53 70.51 70.51 70.51 70.43999 70.31 70.18999 70.1 70.08 70.07 70.08 70.11 70.14 70.16 70.18 70.18999 70.2 70.21 70.23 70.25 70.26 70.26 70.27 70.28 70.29 70.31 70.32 70.34 70.35 70.36 70.36 70.36 70.37 70.37 70.38 70.38 70.38 70.38 70.38 70.39 70.39 70.4
70.39 70.39 70.39 70.4 70.4 70.41 70.41 70.42 70.42 70.42 70.43 70.43999 70.45 70.47 70.5 70.51 70.5 70.51 70.52 70.52 70.52 70.52 70.52 70.53 70.53 70.54 70.54 70.54 70.55 70.55 70.55 70.55 70.55 70.54 70.52 70.5 70.49 70.48 70.48 70.48 70.48 70.48 70.47 70.47 70.47 70.47 70.48 70.48
70.68 70.68 70.68999 70.68999 70.7 70.7 70.72 70.73 70.74 70.75 70.75 70.75 70.75 70.74 70.74 70.74 70.74 70.74 70.72 70.71 70.71 70.7 70.7 70.7 70.68999 70.68999 70.68999 70.68 70.68999 70.68999 70.68999 70.7 70.7 70.7 70.7 70.7 70.7 70.7 70.7 70.7 70.71 70.72 70.72 70.73 70.73 70.72 70.71 70.71
70.67 70.68 70.68999 70.68999 70.7 70.7 70.7 70.7 70.7 70.71 70.71 70.73 70.75 70.75 70.77 70.81 70.81 70.79 70.77 70.76 70.76 70.76 70.76 70.76 70.75 70.75 70.75 70.75 70.75 70.74 70.75 70.75 70.74 70.74 70.73 70.74 70.75 70.76 70.76 70.76 70.76 70.76 70.75 70.74 70.73 70.72 70.71 70.71
70.68 70.68 70.68 70.67 70.68 70.68 70.68 70.68999 70.7 70.7 70.7 70.7 70.71 70.71 70.67 70.66 70.67 70.68 70.68 70.68 70.68999 70.68999 70.7 70.71 70.71 70.71 70.71 70.7 70.71 70.71 70.71 70.71 70.71 70.71 70.71 70.71 70.71 70.71 70.7 70.68999 70.68 70.67 70.66 70.65 70.65 70.64 70.64 70.63
70.58 70.6 70.61 70.61 70.6 70.6 70.59 70.6 70.6 70.61 70.63 70.64 70.65 70.66 70.66 70.65 70.65 70.68 70.68999 70.66 70.65 70.67 70.68999 70.7 70.71 70.72 70.73 70.74 70.76 70.77 70.78 70.79 70.8 70.8 70.81 70.8 70.8 70.79 70.79 70.79 70.79 70.78 70.78 70.78 70.77 70.77 70.77 70.77
70.66 70.65 70.65 70.65 70.65 70.65 70.65 70.65 70.65 70.65 70.67 70.67 70.67 70.68999 70.71 70.71 70.7 70.68999 70.67 70.67 70.67 70.67 70.68 70.68 70.68 70.68 70.68999 70.68999 70.68999 70.68999 70.68999 70.7 70.68999 70.67 70.66 70.65 70.64 70.64 70.63 70.63 70.63 70.62 70.62 70.62 70.62 70.62 70.62 70.62
69.1 69.09 69.08 69.08 69.09 69.09 69.08 69.08 69.07 69.07 69.06 69.05 69.06 69.07 69.07 69.09 69.09 69.08 69.07 69.05 69.05 69.04 69.03 69.02 69.0 69.0 69.0 68.99 68.99 68.98 68.97 68.97 68.97 68.97 68.96 68.96 68.96 68.96 68.96 68.96 68.95 68.93999 68.93 68.92 68.92 68.93 68.93999 68.93999
68.9 68.9 68.9 68.9 68.9 68.89 68.88 68.88 68.87 68.86 68.84 68.83 68.83 68.82 68.82 68.83 68.83 68.84 68.86 68.87 68.87 68.87 68.87 68.86 68.86 68.87 68.87 68.88 68.88 68.87 68.86 68.86 68.86 68.85 68.86 68.86 68.85 68.86 68.85 68.85 68.85 68.86 68.86 68.87 68.88 68.89 68.9 68.91
68.98 68.98 68.97 68.95 68.93999 68.93999 68.95 68.96 68.97 68.98 68.97 68.97 68.97 68.99 69.01 69.02 69.01 69.0 68.98 68.96 68.96 68.96 68.96 68.96 68.95 68.93999 68.93 68.91 68.89 68.87 68.85 68.84 68.83 68.81 68.81 68.81 68.8 68.8 68.8 68.81 68.82 68.83 68.84 68.83 68.84 68.86 68.89 68.95
70.78 70.78 70.79 70.79 70.79 70.81 70.82 70.82 70.82 70.83 70.82 70.82 70.81 70.81 70.8 70.8 70.8 70.8 70.8 70.82 70.83 70.83 70.82 70.82 70.81 70.81 70.81 70.8 70.8 70.8 70.8 70.8 70.8 70.8 70.8 70.8 70.79 70.79 70.8 70.81 70.82 70.83 70.84 70.84 70.84 70.84 70.83 70.84
70.81 70.82 70.81 70.8 70.79 70.78 70.78 70.78 70.78 70.78 70.78 70.78 70.78 70.78 70.79 70.81 70.8 70.79 70.79 70.79 70.8 70.81 70.82 70.83 70.82 70.82 70.81 70.81 70.8 70.8 70.8 70.81 70.81 70.82 70.82 70.82 70.82 70.82 70.82 70.83 70.84 70.85 70.85 70.84 70.85 70.85 70.86 70.86
257.11 257.09 257.09 257.08 257.07 257.07 257.06 257.05 257.04 257.03 257.03 257.02 257.02 257.02 257.02 257.03 257.06 257.06 257.05 257.04 257.03 257.03 257.02 257.02 257.02 257.02 257.0 257.0 257.0 256.99 256.99 256.99 256.99 256.99 256.99 256.99 256.99 256.99 256.99 256.99 256.99 256.99 256.98 256.97 256.97 256.96 256.97 256.96
256.24 256.23 256.23 256.22 256.21 256.22 256.21 256.21 256.2 256.2 256.19 256.18 256.17 256.17 256.16 256.16 256.15 256.17 256.17 256.14 256.14 256.15 256.16 256.15 256.14 256.13 256.11 256.11 256.1 256.08 256.07 256.06 256.05 256.05 256.04 256.03 256.02 256.01 256.01 256.0 255.99 255.98 255.97 255.97 255.96 255.96 255.95 255.95
255.73 255.72 255.72 255.71 255.7 255.7 255.69 255.69 255.69 255.68 255.68 255.67 255.66 255.66 255.65 255.64 255.64 255.64 255.64 255.58 255.52 255.49 255.5 255.51 255.53 255.53 255.52 255.53 255.51 255.51 255.5 255.49 255.48 255.47 255.46 255.44 255.44 255.43 255.42 255.42 255.41 255.4 255.4 255.39 255.39 255.38 255.38 255.38
254.79 254.78 254.78 254.77 254.76 254.76 254.75 254.74 254.74 254.73 254.76 254.72 254.74 254.72 254.7 254.66 254.66 254.65 254.64 254.63 254.61 254.61 254.61 254.59 254.59 254.58 254.57 254.57 254.57 254.56 254.56 254.56 254.55 254.55 254.54 254.54 254.54 254.54 254.54 254.54 254.54 254.54 254.54 254.54 254.54 254.54 254.54 254.55
254.07 254.07 254.07 254.07 254.06 254.06 254.06 254.06 254.06 254.06 254.05 254.05 254.05 254.05 254.05 254.07 254.08 254.08 254.09 254.09 254.09 254.08 254.08 254.08 254.07 254.07 254.07 254.07 254.07 254.06 254.06 254.06 254.06 254.06 254.06 254.06 254.06 254.06 254.06 254.06 254.06 254.06 254.06 254.06 254.06 254.06 254.06 254.06
254.06 254.06 254.06 254.06 254.06 254.06 254.06 254.06 254.06 254.06 254.06 254.06 254.07 254.07 254.06 254.07 254.06 254.06 254.1 254.0 253.95 253.95 253.99 254.01 254.03 254.03 254.02 254.01 254.01 254.01 254.01 254.01 254.01 254.01 254.02 254.02 254.02 254.02 254.03 254.03 254.03 254.03 254.04 254.04 254.04 254.04 254.05 254.05
253.54 253.54 253.54 253.55 253.55 253.55 253.55 253.54 253.54 253.54 253.54 253.54 253.55 253.57 253.57 253.58 253.59 253.6 253.59 253.58 253.57 253.57 253.56 253.55 253.54 253.53 253.53 253.52 253.52 253.51 253.52 253.51 253.51 253.52 253.52 253.52 253.52 253.52 253.52 253.52 253.53 253.53 253.53 253.53 253.53 253.53 253.53 253.53
253.53 253.53 253.52 253.52 253.51 253.51 253.51 253.5 253.5 253.5 253.49 253.49 253.49 253.49 253.48 253.48 253.5 253.52 253.51 253.52 253.53 253.52 253.52 253.51 253.52 253.51 253.51 253.51 253.51 253.51 253.5 253.51 253.51 253.51 253.51 253.51 253.5 253.5 253.5 253.5 253.5 253.5 253.5 253.51 253.51 253.51 253.51 253.52
61.84 61.83 61.83 61.83 61.83 61.83 61.84 61.84 61.84 61.85 61.85 61.85 61.85 61.85 61.85 61.85 61.86 61.85 61.85 61.85 61.84 61.85 61.87 61.9 61.92 61.94 61.93 61.87 61.81 61.75 61.71 61.68 61.68 61.68 61.69 61.71 61.72 61.72 61.73 61.73 61.73 61.73 61.73 61.73 61.74 61.74 61.75 61.76
61.87 61.87 61.87 61.87 61.88 61.88 61.88 61.88 61.89 61.89 61.89 61.89 61.89 61.89 61.89 61.89 61.89 61.89 61.88 61.88 61.88 61.87 61.87 61.87 61.87 61.86 61.88 61.9 61.92 61.92 61.9 61.9 61.9 61.9 61.9 61.9 61.89 61.89 61.88 61.89 61.89 61.88 61.88 61.87 61.87 61.86 61.85 61.84
61.87 61.87 61.86 61.86 61.85 61.85 61.84 61.84 61.85 61.84 61.84 61.84 61.84 61.84 61.83 61.83 61.82 61.82 61.82 61.82 61.82 61.82 61.82 61.81 61.81 61.81 61.81 61.82 61.82 61.82 61.82 61.81 61.81 61.81 61.81 61.81 61.82 61.82 61.82 61.83 61.83 61.83 61.83 61.83 61.82 61.82 61.82 61.82
61.85 61.85 61.85 61.85 61.85 61.85 61.85 61.86 61.86 61.87 61.87 61.87 61.87 61.87 61.87 61.86 61.86 61.85 61.85 61.85 61.84 61.84 61.84 61.84 61.84 61.84 61.84 61.84 61.84 61.85 61.86 61.87 61.87 61.87 61.87 61.87 61.87 61.87 61.87 61.86 61.86 61.85 61.84 61.84 61.83 61.83 61.83 61.82
62.27 62.27 62.27 62.27 62.26 62.26 62.27 62.26 62.26 62.26 62.25 62.25 62.24 62.24 62.23 62.22 62.22 62.22 62.23 62.24 62.24 62.24 62.25 62.25 62.25 62.26 62.27 62.26 62.25 62.24 62.23 62.22 62.21 62.2 62.19 62.19 62.18 62.17 62.16 62.16 62.15 62.15 62.15 62.15 62.15 62.15 62.16 62.17
62.17 62.17 62.17 62.18 62.18 62.18 62.17 62.17 62.17 62.18 62.18 62.19 62.19 62.19 62.19 62.18 62.18 62.18 62.18 62.18 62.19 62.21 62.24 62.28 62.32 62.34 62.34 62.32 62.3 62.3 62.32 62.32 62.32 62.31 62.3 62.29 62.28 62.26 62.25 62.23 62.22 62.2 62.19 62.18 62.17 62.17 62.17 62.17
62.26 62.26 62.27 62.27 62.27 62.27 62.27 62.27 62.27 62.27 62.27 62.26 62.25 62.25 62.25 62.24 62.24 62.24 62.24 62.24 62.26 62.28 62.28 62.28 62.28 62.28 62.29 62.29 62.28 62.27 62.26 62.25 62.23 62.22 62.2 62.2 62.2 62.19 62.19 62.19 62.2 62.2 62.2 62.2 62.19 62.18 62.18 62.18
62.41 62.43 62.44 62.46 62.47 62.47 62.48 62.49 62.49 62.49 62.49 62.5 62.5 62.5 62.5 62.5 62.5 62.5 62.5 62.5 62.5 62.5 62.5 62.5 62.51 62.54 62.57 62.58 62.59 62.58 62.55 62.53 62.52 62.53 62.53 62.53 62.52 62.51 62.49 62.48 62.47 62.46 62.44 62.44 62.43 62.42 62.42 62.41
62.45 62.46 62.46 62.46 62.46 62.46 62.46 62.46 62.46 62.46 62.46 62.46 62.46 62.45 62.38 62.31 62.24 62.17 62.15 62.13 62.12 62.13 62.13 62.14 62.15 62.16 62.18 62.19 62.21 62.23 62.25 62.26 62.27 62.28 62.28 62.28 62.29 62.31 62.32 62.33 62.35 62.36 62.38 62.39 62.39 62.4 62.4 62.4
62.66 62.66 62.66 62.65 62.65 62.65 62.65 62.65 62.64 62.65 62.66 62.67 62.68 62.7 62.72 62.74 62.78 62.79 62.79 62.79 62.77 62.75 62.74 62.73 62.72 62.72 62.7 62.69 62.68 62.67 62.66 62.65 62.65 62.64 62.64 62.63 62.62 62.61 62.59 62.59 62.59 62.58 62.58 62.59 62.6 62.61 62.62 62.62
62.62 62.62 62.63 62.63 62.63 62.63 62.63 62.63 62.63 62.63 62.64 62.64 62.64 62.65 62.65 62.65 62.65 62.65 62.65 62.65 62.65 62.64 62.66 62.69 62.71 62.72 62.71 62.7 62.7 62.69 62.69 62.69 62.69 62.69 62.69 62.69 62.69 62.69 62.69 62.69 62.69 62.69 62.68 62.68 62.67 62.66 62.66 62.66
62.69 62.69 62.69 62.69 62.69 62.68 62.67 62.67 62.65 62.64 62.64 62.64 62.62 62.62 62.62 62.65 62.7 62.72 62.72 62.69 62.66 62.64 62.61 62.59 62.58 62.56 62.54 62.53 62.53 62.53 62.53 62.53 62.54 62.56 62.56 62.56 62.56 62.55 62.53 62.52 62.49 62.47 62.44 62.43 62.42 62.4 62.4 62.4
62.42 62.43 62.43 62.44 62.44 62.44 62.44 62.45 62.45 62.46 62.46 62.46 62.46 62.46 62.46 62.46 62.46 62.46 62.46 62.46 62.46 62.46 62.46 62.47 62.46 62.46 62.46 62.45 62.46 62.46 62.42 62.39 62.36 62.33 62.34 62.34 62.35 62.36 62.38 62.39 62.4 62.41 62.42 62.43 62.43 62.44 62.44 62.45
61.47 61.47 61.48 61.5 61.52 61.51 61.48 61.48 61.49 61.48 61.47 61.46 61.45 61.45 61.45 61.46 61.52 61.52 61.48 61.45 61.43 61.42 61.41 61.41 61.41 61.42 61.44 61.45 61.46 61.45 61.45 61.45 61.44 61.44 61.44 61.44 61.44 61.43 61.42 61.41 61.4 61.39 61.39 61.38 61.38 61.37 61.37 61.36
61.44 61.43 61.42 61.41 61.4 61.39 61.39 61.38 61.38 61.37 61.37 61.36 61.36 61.36 61.35 61.37 61.37 61.36 61.34 61.31 61.26 61.25 61.27 61.28 61.29 61.3 61.3 61.31 61.32 61.32 61.33 61.34 61.34 61.35 61.36 61.36 61.36 61.36 61.37 61.36 61.36 61.36 61.36 61.36 61.35 61.35 61.35 61.35
61.32 61.32 61.32 61.31 61.31 61.29 61.29 61.29 61.28 61.28 61.28 61.29 61.3 61.34 61.35 61.35 61.32 61.27 61.19 61.06 60.94 60.83 60.81 60.81 60.83 60.85 60.87 60.89 60.9 60.91 60.93 60.94 60.96 60.99 61.03 61.07 61.11 61.13 61.15 61.18 61.2 61.22 61.24 61.25 61.26 61.28 61.29 61.3
61.38 61.38 61.39 61.39 61.39 61.39 61.39 61.39 61.39 61.4 61.4 61.4 61.41 61.41 61.41 61.43 61.45 61.46 61.47 61.48 61.49 61.49 61.49 61.5 61.5 61.5 61.49 61.48 61.48 61.48 61.47 61.46 61.45 61.44 61.43 61.43 61.42 61.42 61.41 61.41 61.4 61.39 61.39 61.38 61.37 61.37 61.36 61.36
61.32 61.32 61.32 61.32 61.32 61.32 61.31 61.31 61.31 61.31 61.31 61.31 61.32 61.32 61.33 61.33 61.33 61.33 61.34 61.35 61.35 61.35 61.33 61.31 61.28 61.23 61.17 61.14 61.15 61.17 61.19 61.21 61.23 61.23 61.24 61.25 61.25 61.26 61.27 61.28 61.28 61.29 61.29 61.3 61.31 61.32 61.33 61.34
61.58 61.57 61.56 61.54 61.53 61.53 61.52 61.52 61.53 61.53 61.54 61.55 61.55 61.56 61.57 61.58 61.58 61.59 61.59 61.62 61.65 61.68 61.68 61.65 61.63 61.62 61.62 61.62 61.62 61.61 61.6 61.59 61.58 61.57 61.56 61.55 61.55 61.55 61.55 61.55 61.55 61.56 61.57 61.57 61.56 61.56 61.55 61.53
63.48 63.48 63.48 63.48 63.48 63.48 63.48 63.48 63.48 63.48 63.49 63.49 63.49 63.49 63.49 63.49 63.5 63.5 63.53 63.55 63.57 63.57 63.56 63.55 63.53 63.52 63.53 63.53 63.52 63.52 63.51 63.5 63.5 63.49 63.49 63.48 63.48 63.48 63.48 63.47 63.47 63.46 63.46 63.46 63.45 63.45 63.45 63.45
63.51 63.51 63.51 63.51 63.51 63.5 63.5 63.5 63.49 63.49 63.49 63.49 63.49 63.49 63.5 63.53 63.55 63.56 63.58 63.58 63.56 63.54 63.52 63.49 63.48 63.48 63.48 63.48 63.49 63.49 63.49 63.49 63.49 63.49 63.49 63.48 63.48 63.48 63.48 63.48 63.48 63.48 63.48 63.49 63.49 63.49 63.49 63.49
63.44 63.42 63.41 63.41 63.41 63.41 63.41 63.42 63.42 63.43 63.43 63.44 63.44 63.45 63.46 63.44 63.41 63.36 63.34 63.34 63.35 63.37 63.39 63.41 63.42 63.44 63.45 63.46 63.47 63.47 63.47 63.48 63.48 63.49 63.49 63.49 63.49 63.49 63.5 63.5 63.51 63.51 63.52 63.52 63.53 63.54 63.54 63.54
63.47 63.47 63.47 63.48 63.48 63.48 63.48 63.48 63.47 63.47 63.46 63.47 63.47 63.48 63.48 63.48 63.48 63.47 63.47 63.5 63.56 63.58 63.6 63.6 63.59 63.58 63.56 63.55 63.54 63.54 63.54 63.53 63.53 63.52 63.52 63.5 63.5 63.5 63.49 63.49 63.5 63.5 63.51 63.51 63.51 63.52 63.52 63.52
63.79 63.8 63.81 63.81 63.82 63.83 63.84 63.85 63.85 63.85 63.85 63.87 63.88 63.89 63.91 63.93 63.97 64.02 64.05 64.06 64.06 64.04 64.02 64.0 63.99 63.99 63.99 63.99 63.99 63.98 63.96 63.95 63.93 63.94 63.93 63.93 63.93 63.93 63.94 63.94 63.94 63.94 63.95 63.96 63.96 63.97 63.98 63.98
64.14 64.14 64.15 64.15 64.17 64.17 64.17 64.18 64.18 64.18 64.18999 64.18 64.18999 64.2 64.2 64.21 64.21 64.22 64.24 64.27 64.31 64.34 64.35 64.31 64.24 64.15 64.07 64.03 64.02 64.03 64.05 64.07 64.08 64.08 64.09 64.09 64.09 64.09 64.09 64.1 64.1 64.11 64.11 64.11 64.12 64.12 64.12 64.13
65.18999 65.2 65.22 65.23 65.22 65.21 65.2 65.2 65.18999 65.18999 65.18999 65.2 65.2 65.21 65.21 65.22 65.23 65.28 65.32 65.36 65.39 65.39 65.38 65.36 65.34 65.33 65.32 65.3 65.28 65.26 65.25 65.25 65.25 65.25 65.26 65.26 65.27 65.27 65.26 65.27 65.27 65.27 65.28 65.28 65.29 65.29 65.29 65.28
53.98 53.98 53.99 53.99 53.98 53.98 53.98 53.99 53.99 53.99 53.99 53.99 53.99 54.0 54.0 54.0 54.01 54.01 54.01 54.01 54.03 54.05 54.07 54.08 54.08 54.05 54.03 54.02 54.0 53.99 53.98 53.98 53.98 53.97 53.97 53.97 53.97 53.97 53.97 53.97 53.97 53.97 53.97 53.97 53.97 53.98 53.99 54.0
54.14 54.15 54.15 54.15 54.14 54.14 54.13 54.13 54.13 54.14 54.14 54.14 54.13 54.13 54.12 54.12 54.12 54.11 54.11 54.1 54.1 54.1 54.13 54.14 54.14 54.14 54.13 54.11 54.11 54.11 54.12 54.12 54.12 54.13 54.13 54.13 54.13 54.13 54.13 54.13 54.13 54.13 54.13 54.13 54.13 54.13 54.13 54.12
54.1 54.1 54.1 54.09 54.09 54.09 54.08 54.08 54.07 54.07 54.06 54.06 54.06 54.06 54.06 54.07 54.07 54.08 54.08 54.09 54.09 54.1 54.1 54.1 54.11 54.11 54.11 54.12 54.13 54.14 54.16 54.18 54.2 54.21 54.21 54.18 54.16 54.15 54.16 54.17 54.17 54.17 54.17 54.17 54.17 54.16 54.16 54.15
54.13 54.12 54.12 54.12 54.12 54.12 54.11 54.11 54.11 54.11 54.11 54.11 54.11 54.11 54.1 54.1 54.11 54.13 54.14 54.14 54.13 54.12 54.12 54.11 54.11 54.11 54.11 54.12 54.12 54.11 54.11 54.12 54.13 54.14 54.15 54.15 54.15 54.15 54.15 54.14 54.14 54.14 54.13 54.13 54.13 54.13 54.14 54.14
54.48 54.48 54.5 54.5 54.51 54.52 54.52 54.53 54.54 54.54 54.55 54.56 54.56 54.57 54.58 54.59 54.59 54.61 54.62 54.62 54.64 54.66 54.67 54.67 54.68 54.7 54.72 54.75 54.78 54.82 54.84 54.84 54.81 54.81 54.81 54.81 54.81 54.82 54.81 54.81 54.82 54.8 54.8 54.8 54.79 54.79 54.78 54.79
55.62 55.63 55.64 55.65 55.65 55.66 55.67 55.68 55.69 55.7 55.7 55.7 55.7 55.7 55.7 55.7 55.7 55.71 55.71 55.71 55.7 55.69 55.68 55.68 55.69 55.71 55.72 55.72 55.71 55.7 55.7 55.7 55.7 55.71 55.72 55.73 55.73 55.73 55.73 55.74 55.74 55.74 55.75 55.75 55.75 55.75 55.76 55.76
55.79 55.79 55.81 55.83 55.85 55.85 55.87 55.88 55.88 55.89 55.89 55.9 55.9 55.9 55.91 55.91 55.92 55.92 55.92 55.92 55.92 55.92 55.91 55.9 55.9 55.89 55.89 55.91 55.93 55.93 55.94 55.93 55.93 55.92 55.91 55.91 55.91 55.91 55.92 55.92 55.92 55.93 55.93 55.93 55.94 55.94 55.95 55.95
56.54 56.53 56.53 56.53 56.52 56.52 56.52 56.52 56.53 56.55 56.55 56.55 56.56 56.56 56.57 56.58 56.58 56.59 56.6 56.6 56.61 56.62 56.63 56.69 56.75 56.79 56.78 56.75 56.69 56.66 56.64 56.65 56.66 56.67 56.69 56.7 56.71 56.73 56.73 56.74 56.74 56.74 56.74 56.74 56.73 56.73 56.73 56.73
63.39 63.38 63.38 63.38 63.38 63.38 63.38 63.38 63.38 63.37 63.37 63.36 63.37 63.38 63.4 63.41 63.42 63.43 63.42 63.42 63.42 63.41 63.4 63.4 63.4 63.41 63.42 63.42 63.43 63.43 63.43 63.42 63.42 63.42 63.42 63.43 63.43 63.43 63.43 63.43 63.42 63.42 63.41 63.41 63.4 63.4 63.4 63.41
63.41 63.41 63.41 63.41 63.41 63.41 63.41 63.41 63.41 63.41 63.41 63.41 63.41 63.41 63.41 63.42 63.42 63.45 63.47 63.48 63.48 63.47 63.44 63.41 63.36 63.33 63.32 63.32 63.33 63.35 63.36 63.38 63.39 63.4 63.41 63.42 63.43 63.44 63.45 63.46 63.47 63.48 63.49 63.5 63.5 63.5 63.5 63.5
63.43 63.42 63.41 63.4 63.38 63.38 63.37 63.37 63.36 63.36 63.36 63.34 63.33 63.34 63.35 63.36 63.36 63.36 63.35 63.35 63.34 63.34 63.34 63.35 63.35 63.36 63.36 63.37 63.37 63.38 63.38 63.39 63.39 63.4 63.4 63.41 63.41 63.42 63.42 63.42 63.42 63.42 63.42 63.42 63.42 63.42 63.43 63.43
63.46 63.46 63.46 63.45 63.45 63.45 63.45 63.45 63.45 63.44 63.44 63.43 63.43 63.44 63.45 63.45 63.45 63.45 63.44 63.42 63.4 63.4 63.4 63.42 63.44 63.46 63.47 63.48 63.48 63.48 63.48 63.48 63.49 63.48 63.48 63.48 63.49 63.49 63.48 63.48 63.48 63.48 63.47 63.47 63.47 63.47 63.47 63.47
63.41 63.4 63.4 63.39 63.38 63.37 63.37 63.36 63.36 63.36 63.36 63.35 63.35 63.36 63.37 63.37 63.38 63.37 63.36 63.36 63.36 63.37 63.38 63.38 63.38 63.38 63.38 63.37 63.37 63.37 63.38 63.38 63.39 63.39 63.4 63.4 63.41 63.41 63.41 63.41 63.4 63.39 63.39 63.39 63.39 63.39 63.4 63.41
