201.0 247.0 239.0 259.0 265.0 256.0 255.0 232.0 212.0 244.0 260.0 307.0 280.0 237.0 184.0 186.0 181.0 196.0 186.0 175.0 165.0 162.0 169.0 201.0 204.0 170.0 175.0 186.0 170.0 211.0 172.0 173.0 189.0 222.0 211.0 216.0 201.0 192.0 183.0 186.0 202.0 174.0 168.0 206.0 212.0 225.0 182.0 176.0 207.0
174.0 180.0 227.0 235.0 222.0 207.0 185.0 149.0 160.0 190.0 193.0 187.0 173.0 163.0 153.0 166.0 150.0 147.0 140.0 139.0 148.0 145.0 147.0 157.0 167.0 160.0 160.0 162.0 150.0 166.0 180.0 182.0 164.0 175.0 171.0 160.0 149.0 162.0 157.0 156.0 155.0 162.0 161.0 147.0 146.0 139.0 144.0 134.0 144.0
138.0 153.0 152.0 151.0 156.0 170.0 150.0 165.0 156.0 152.0 153.0 146.0 143.0 136.0 143.0 163.0 181.0 164.0 170.0 163.0 163.0 168.0 171.0 164.0 161.0 159.0 160.0 162.0 151.0 141.0 147.0 150.0 155.0 162.0 155.0 150.0 154.0 149.0 150.0 145.0 151.0 156.0 160.0 180.0 178.0 180.0 185.0 192.0 194.0
185.0 180.0 178.0 182.0 179.0 176.0 183.0 190.0 179.0 171.0 179.0 174.0 167.0 167.0 162.0 168.0 173.0 171.0 174.0 164.0 161.0 156.0 166.0 162.0 164.0 158.0 135.0 138.0 130.0 120.0 146.0 145.0 155.0 147.0 140.0 153.0 134.0 142.0 145.0 145.0 124.0 132.0 135.0 148.0 157.0 154.0 151.0 149.0 164.0
179.0 202.0 176.0 178.0 191.0 202.0 193.0 207.0 228.0 213.0 206.0 195.0 204.0 219.0 221.0 213.0 209.0 205.0 203.0 201.0 201.0 205.0 201.0 219.0 221.0 216.0 235.0 225.0 231.0 213.0 206.0 215.0 216.0 217.0 217.0 226.0 238.0 217.0 220.0 218.0 232.0 240.0 250.0 248.0 240.0 231.0 230.0 209.0 202.0
176.0 177.0 172.0 167.0 179.0 186.0 185.0 193.0 207.0 213.0 210.0 206.0 197.0 218.0 215.0 219.0 221.0 225.0 225.0 214.0 207.0 213.0 220.0 220.0 212.0 215.0 202.0 210.0 208.0 205.0 210.0 216.0 219.0 213.0 217.0 223.0 224.0 241.0 252.0 251.0 258.0 247.0 257.0 257.0 242.0 225.0 201.0 187.0 186.0
227.0 223.0 205.0 208.0 194.0 229.0 211.0 202.0 193.0 213.0 149.0 183.0 173.0 192.0 179.0 211.0 183.0 201.0 190.0 184.0 204.0 225.0 138.0 134.0 177.0 155.0 195.0 280.0 254.0 243.0 240.0 195.0 195.0 219.0 192.0 192.0 214.0 198.0 158.0 193.0 209.0 200.0 191.0 243.0 231.0 213.0 235.0 225.0 198.0
207.0 220.0 219.0 229.0 243.0 234.0 203.0 206.0 202.0 252.0 232.0 198.0 213.0 243.0 226.0 241.0 216.0 228.0 247.0 239.0 209.0 250.0 220.0 221.0 220.0 196.0 202.0 180.0 201.0 199.0 218.0 215.0 196.0 194.0 225.0 209.0 211.0 246.0 244.0 190.0 210.0 136.0 168.0 215.0 163.0 289.0 257.0 224.0 269.0
177.0 188.0 176.0 175.0 178.0 178.0 151.0 175.0 180.0 188.0 191.0 175.0 189.0 187.0 187.0 194.0 185.0 189.0 185.0 191.0 189.0 185.0 192.0 185.0 196.0 202.0 165.0 184.0 184.0 174.0 160.0 180.0 183.0 176.0 178.0 172.0 195.0 196.0 208.0 185.0 206.0 197.0 191.0 203.0 190.0 192.0 189.0 192.0 189.0
190.0 189.0 175.0 178.0 184.0 188.0 209.0 182.0 204.0 183.0 175.0 195.0 180.0 187.0 196.0 183.0 177.0 173.0 182.0 178.0 166.0 169.0 192.0 174.0 180.0 167.0 171.0 180.0 187.0 186.0 175.0 192.0 179.0 188.0 204.0 203.0 197.0 183.0 198.0 202.0 190.0 192.0 189.0 179.0 197.0 198.0 199.0 206.0 193.0
186.0 200.0 170.0 183.0 194.0 180.0 187.0 184.0 164.0 173.0 185.0 189.0 192.0 196.0 180.0 187.0 176.0 190.0 190.0 183.0 189.0 185.0 186.0 181.0 191.0 185.0 199.0 185.0 185.0 177.0 192.0 184.0 177.0 188.0 184.0 190.0 181.0 198.0 197.0 202.0 185.0 193.0 190.0 210.0 198.0 177.0 183.0 183.0 199.0
173.0 186.0 187.0 191.0 183.0 182.0 191.0 186.0 180.0 173.0 189.0 168.0 167.0 164.0 160.0 174.0 172.0 168.0 195.0 209.0 184.0 196.0 200.0 213.0 173.0 190.0 184.0 176.0 196.0 172.0 174.0 175.0 196.0 175.0 194.0 176.0 196.0 186.0 195.0 180.0 185.0 181.0 194.0 190.0 179.0 205.0 197.0 184.0 196.0
186.0 190.0 175.0 185.0 180.0 177.0 184.0 166.0 177.0 179.0 176.0 169.0 179.0 173.0 174.0 175.0 177.0 174.0 167.0 175.0 168.0 188.0 171.0 186.0 178.0 183.0 164.0 169.0 184.0 179.0 161.0 160.0 157.0 157.0 156.0 156.0 160.0 164.0 188.0 175.0 191.0 173.0 177.0 169.0 181.0 183.0 184.0 188.0 165.0
246.0 219.0 232.0 189.0 211.0 222.0 204.0 243.0 198.0 226.0 203.0 244.0 257.0 205.0 230.0 219.0 255.0 207.0 197.0 245.0 208.0 15.0 308.0 278.0 209.0 190.0 246.0 251.0 208.0 201.0 203.0 232.0 204.0 242.0 220.0 212.0 228.0 203.0 283.0 241.0 195.0 190.0 230.0 267.0 261.0 250.0 252.0 230.0 256.0
222.0 237.0 219.0 235.0 207.0 214.0 248.0 217.0 232.0 222.0 246.0 236.0 239.0 231.0 245.0 253.0 244.0 227.0 203.0 226.0 205.0 230.0 245.0 234.0 205.0 15.0 435.0 346.0 251.0 188.0 289.0 226.0 268.0 229.0 230.0 257.0 229.0 263.0 265.0 251.0 275.0 257.0 273.0 258.0 237.0 270.0 254.0 257.0 279.0
246.0 241.0 230.0 247.0 260.0 267.0 278.0 268.0 281.0 272.0 271.0 243.0 15.0 303.0 264.0 260.0 219.0 264.0 252.0 259.0 247.0 231.0 260.0 261.0 230.0 268.0 253.0 244.0 279.0 262.0 253.0 271.0 261.0 268.0 263.0 268.0 238.0 255.0 260.0 243.0 253.0 264.0 258.0 211.0 230.0 225.0 259.0 241.0 262.0
239.0 272.0 234.0 256.0 244.0 257.0 272.0 252.0 270.0 252.0 267.0 207.0 22.0 475.0 475.0 422.0 345.0 116.0 296.0 348.0 211.0 244.0 213.0 200.0 252.0 252.0 206.0 250.0 214.0 224.0 241.0 265.0 235.0 256.0 243.0 239.0 261.0 245.0 249.0 255.0 251.0 242.0 258.0 282.0 290.0 252.0 279.0 275.0 242.0
264.0 274.0 246.0 251.0 261.0 271.0 267.0 277.0 245.0 437.0 451.0 266.0 265.0 225.0 216.0 226.0 217.0 218.0 232.0 217.0 211.0 219.0 218.0 222.0 231.0 220.0 233.0 247.0 240.0 220.0 239.0 240.0 246.0 227.0 242.0 246.0 239.0 278.0 258.0 273.0 297.0 294.0 271.0 282.0 323.0 282.0 263.0 262.0 263.0
271.0 282.0 323.0 282.0 263.0 262.0 263.0 265.0 287.0 270.0 15.0 475.0 387.0 314.0 204.0 223.0 259.0 239.0 231.0 230.0 236.0 240.0 249.0 231.0 258.0 242.0 240.0 234.0 235.0 243.0 246.0 226.0 259.0 223.0 239.0 231.0 248.0 234.0 251.0 235.0 266.0 245.0 234.0 231.0 233.0 227.0 233.0 272.0 253.0
218.0 230.0 238.0 232.0 236.0 257.0 250.0 204.0 237.0 205.0 189.0 15.0 434.0 187.0 320.0 231.0 230.0 210.0 208.0 254.0 211.0 226.0 248.0 207.0 220.0 257.0 219.0 255.0 231.0 233.0 237.0 222.0 234.0 228.0 241.0 254.0 233.0 242.0 256.0 234.0 208.0 248.0 217.0 288.0 292.0 236.0 241.0 262.0 252.0
242.0 263.0 288.0 260.0 264.0 285.0 273.0 275.0 272.0 278.0 249.0 279.0 261.0 286.0 15.0 475.0 348.0 313.0 210.0 273.0 241.0 254.0 229.0 235.0 216.0 213.0 239.0 266.0 243.0 265.0 277.0 263.0 284.0 264.0 273.0 249.0 262.0 267.0 247.0 255.0 285.0 275.0 249.0 264.0 270.0 283.0 267.0 264.0 279.0
183.0 176.0 233.0 219.0 258.0 203.0 192.0 185.0 214.0 207.0 192.0 184.0 223.0 218.0 202.0 219.0 15.0 294.0 304.0 168.0 222.0 184.0 198.0 180.0 183.0 194.0 228.0 234.0 205.0 224.0 230.0 228.0 224.0 211.0 219.0 189.0 215.0 202.0 214.0 224.0 191.0 175.0 191.0 194.0 173.0 184.0 191.0 201.0 223.0
233.0 190.0 233.0 240.0 204.0 190.0 222.0 179.0 196.0 208.0 215.0 232.0 221.0 234.0 242.0 232.0 212.0 15.0 121.0 261.0 217.0 216.0 267.0 278.0 231.0 218.0 227.0 214.0 223.0 198.0 214.0 217.0 232.0 234.0 249.0 253.0 253.0 212.0 203.0 206.0 204.0 224.0 217.0 204.0 218.0 218.0 216.0 224.0 235.0
222.0 208.0 205.0 207.0 182.0 201.0 201.0 195.0 210.0 222.0 201.0 206.0 223.0 218.0 222.0 211.0 223.0 211.0 15.0 280.0 324.0 191.0 190.0 199.0 177.0 188.0 191.0 190.0 183.0 223.0 223.0 214.0 202.0 188.0 200.0 221.0 213.0 189.0 212.0 203.0 197.0 208.0 207.0 183.0 202.0 228.0 220.0 255.0 228.0
207.0 215.0 230.0 221.0 240.0 241.0 248.0 256.0 249.0 256.0 240.0 223.0 189.0 211.0 201.0 212.0 207.0 209.0 211.0 175.0 212.0 224.0 231.0 200.0 226.0 241.0 193.0 218.0 229.0 218.0 234.0 227.0 233.0 244.0 199.0 179.0 232.0 222.0 253.0 205.0 257.0 249.0 235.0 245.0 233.0 253.0 231.0 262.0 249.0
253.0 264.0 273.0 266.0 226.0 212.0 204.0 212.0 186.0 204.0 214.0 249.0 15.0 473.0 331.0 191.0 253.0 268.0 242.0 284.0 275.0 248.0 253.0 242.0 236.0 252.0 261.0 257.0 255.0 238.0 228.0 225.0 186.0 230.0 228.0 200.0 225.0 195.0 195.0 228.0 238.0 236.0 215.0 185.0 209.0 212.0 256.0 225.0 214.0
245.0 200.0 215.0 211.0 253.0 202.0 238.0 217.0 246.0 250.0 276.0 270.0 280.0 284.0 312.0 247.0 213.0 220.0 243.0 218.0 246.0 251.0 234.0 291.0 281.0 266.0 274.0 232.0 213.0 224.0 254.0 239.0 217.0 208.0 244.0 244.0 222.0 235.0 194.0 190.0 252.0 254.0 247.0 248.0 218.0 254.0 247.0 255.0 269.0
195.0 316.0 246.0 255.0 243.0 267.0 214.0 237.0 238.0 210.0 228.0 223.0 256.0 220.0 257.0 221.0 265.0 264.0 271.0 252.0 251.0 185.0 311.0 402.0 311.0 250.0 283.0 270.0 255.0 210.0 221.0 261.0 269.0 299.0 280.0 282.0 313.0 336.0 337.0 276.0 259.0 254.0 252.0 214.0 229.0 260.0 220.0 243.0 214.0
236.0 217.0 215.0 233.0 219.0 272.0 174.0 233.0 200.0 213.0 205.0 230.0 89.0 38.0 145.0 285.0 164.0 210.0 297.0 261.0 187.0 226.0 224.0 250.0 244.0 266.0 209.0 253.0 262.0 235.0 207.0 183.0 193.0 183.0 223.0 236.0 232.0 222.0 198.0 176.0 185.0 183.0 175.0 197.0 188.0 220.0 234.0 217.0 231.0
252.0 258.0 251.0 259.0 196.0 213.0 207.0 215.0 193.0 287.0 185.0 210.0 218.0 207.0 147.0 235.0 156.0 230.0 270.0 222.0 193.0 268.0 226.0 254.0 208.0 244.0 249.0 176.0 256.0 257.0 295.0 278.0 176.0 198.0 211.0 218.0 238.0 256.0 220.0 285.0 238.0 242.0 263.0 253.0 210.0 217.0 184.0 221.0 172.0
168.0 193.0 217.0 222.0 217.0 227.0 211.0 215.0 216.0 198.0 160.0 260.0 220.0 241.0 250.0 259.0 243.0 195.0 160.0 94.0 169.0 270.0 278.0 330.0 282.0 276.0 230.0 235.0 209.0 249.0 227.0 251.0 222.0 220.0 240.0 195.0 210.0 297.0 312.0 251.0 295.0 303.0 290.0 215.0 222.0 206.0 204.0 197.0 205.0
166.0 175.0 182.0 187.0 180.0 181.0 189.0 183.0 197.0 190.0 192.0 190.0 201.0 196.0 188.0 144.0 195.0 185.0 174.0 185.0 188.0 207.0 188.0 170.0 177.0 193.0 192.0 207.0 181.0 204.0 184.0 194.0 172.0 170.0 190.0 179.0 180.0 177.0 194.0 190.0 184.0 179.0 180.0 192.0 172.0 181.0 180.0 186.0 174.0
174.0 158.0 177.0 177.0 171.0 186.0 185.0 189.0 176.0 161.0 176.0 167.0 192.0 169.0 113.0 203.0 177.0 210.0 182.0 169.0 172.0 186.0 182.0 176.0 193.0 185.0 182.0 205.0 193.0 202.0 190.0 182.0 194.0 184.0 189.0 203.0 188.0 183.0 194.0 195.0 190.0 198.0 186.0 185.0 178.0 186.0 182.0 181.0 185.0
184.0 184.0 195.0 172.0 191.0 184.0 182.0 183.0 183.0 133.0 245.0 191.0 192.0 181.0 191.0 198.0 194.0 192.0 190.0 190.0 189.0 180.0 187.0 177.0 189.0 194.0 182.0 183.0 183.0 185.0 184.0 188.0 177.0 194.0 185.0 184.0 183.0 185.0 197.0 184.0 180.0 189.0 184.0 187.0 181.0 208.0 185.0 185.0 189.0
184.0 181.0 185.0 186.0 178.0 193.0 194.0 199.0 189.0 177.0 180.0 153.0 383.0 125.0 250.0 161.0 187.0 203.0 191.0 180.0 181.0 188.0 184.0 194.0 201.0 189.0 196.0 185.0 180.0 185.0 170.0 183.0 180.0 196.0 189.0 195.0 186.0 196.0 188.0 197.0 185.0 181.0 191.0 197.0 196.0 198.0 182.0 194.0 181.0
197.0 202.0 185.0 185.0 208.0 183.0 208.0 168.0 182.0 200.0 192.0 191.0 197.0 194.0 184.0 181.0 188.0 186.0 196.0 191.0 201.0 190.0 198.0 187.0 193.0 189.0 199.0 185.0 208.0 194.0 203.0 212.0 190.0 204.0 209.0 208.0 194.0 221.0 204.0 208.0 205.0 189.0 206.0 198.0 212.0 191.0 207.0 192.0 191.0
185.0 182.0 186.0 178.0 181.0 202.0 200.0 187.0 207.0 208.0 198.0 231.0 427.0 127.0 174.0 182.0 206.0 203.0 197.0 201.0 192.0 229.0 219.0 241.0 230.0 237.0 239.0 250.0 225.0 249.0 258.0 260.0 257.0 247.0 234.0 223.0 209.0 215.0 207.0 207.0 209.0 196.0 197.0 195.0 194.0 187.0 196.0 194.0 196.0
205.0 193.0 216.0 211.0 200.0 202.0 200.0 224.0 201.0 198.0 188.0 196.0 196.0 225.0 146.0 225.0 180.0 229.0 209.0 209.0 216.0 209.0 183.0 181.0 200.0 201.0 207.0 198.0 201.0 202.0 196.0 193.0 184.0 166.0 161.0 167.0 190.0 151.0 167.0 171.0 172.0 177.0 179.0 164.0 193.0 184.0 176.0 159.0 182.0
181.0 180.0 185.0 176.0 176.0 197.0 169.0 181.0 161.0 169.0 173.0 186.0 195.0 187.0 251.0 123.0 225.0 149.0 178.0 197.0 189.0 164.0 178.0 188.0 202.0 173.0 201.0 189.0 194.0 166.0 190.0 189.0 175.0 178.0 184.0 188.0 209.0 182.0 204.0 183.0 175.0 195.0 180.0 187.0 196.0 183.0 177.0 173.0 182.0
204.0 203.0 216.0 214.0 227.0 223.0 244.0 242.0 234.0 253.0 254.0 222.0 336.0 173.0 213.0 211.0 227.0 265.0 290.0 251.0 289.0 250.0 225.0 271.0 265.0 246.0 248.0 239.0 218.0 219.0 224.0 208.0 205.0 203.0 196.0 238.0 222.0 228.0 226.0 224.0 224.0 217.0 241.0 217.0 216.0 210.0 214.0 230.0 232.0
264.0 263.0 295.0 254.0 261.0 266.0 259.0 288.0 239.0 226.0 239.0 243.0 214.0 233.0 210.0 231.0 363.0 189.0 221.0 221.0 296.0 224.0 250.0 236.0 255.0 214.0 218.0 257.0 244.0 260.0 273.0 275.0 285.0 266.0 287.0 275.0 272.0 251.0 253.0 280.0 314.0 268.0 283.0 256.0 263.0 301.0 282.0 265.0 273.0
260.0 245.0 248.0 224.0 235.0 234.0 242.0 249.0 259.0 255.0 255.0 239.0 255.0 265.0 143.0 311.0 244.0 220.0 230.0 270.0 252.0 255.0 232.0 239.0 252.0 241.0 247.0 231.0 224.0 221.0 221.0 231.0 234.0 215.0 224.0 232.0 246.0 228.0 225.0 236.0 226.0 230.0 221.0 219.0 236.0 200.0 206.0 224.0 227.0
246.0 241.0 219.0 207.0 214.0 219.0 205.0 227.0 228.0 225.0 244.0 256.0 252.0 241.0 204.0 225.0 224.0 196.0 184.0 226.0 232.0 197.0 235.0 250.0 239.0 243.0 235.0 244.0 241.0 240.0 227.0 231.0 234.0 236.0 225.0 233.0 208.0 177.0 243.0 225.0 248.0 227.0 214.0 276.0 260.0 266.0 263.0 251.0 261.0
243.0 241.0 223.0 232.0 226.0 240.0 234.0 257.0 247.0 240.0 246.0 244.0 221.0 248.0 165.0 305.0 235.0 227.0 232.0 242.0 202.0 242.0 213.0 236.0 245.0 245.0 259.0 256.0 236.0 247.0 256.0 244.0 236.0 256.0 264.0 264.0 268.0 276.0 260.0 238.0 234.0 223.0 245.0 225.0 233.0 245.0 229.0 233.0 239.0
203.0 187.0 165.0 172.0 157.0 120.0 164.0 166.0 174.0 140.0 162.0 178.0 216.0 95.0 67.0 464.0 56.0 179.0 183.0 197.0 176.0 133.0 208.0 203.0 172.0 160.0 182.0 186.0 188.0 195.0 201.0 200.0 195.0 169.0 186.0 184.0 181.0 163.0 162.0 157.0 144.0 183.0 159.0 179.0 200.0 133.0 198.0 162.0 177.0
198.0 162.0 177.0 190.0 152.0 173.0 194.0 181.0 206.0 28.0 104.0 205.0 217.0 258.0 184.0 205.0 166.0 216.0 153.0 197.0 202.0 192.0 152.0 167.0 169.0 162.0 179.0 226.0 172.0 165.0 155.0 215.0 148.0 176.0 88.0 157.0 178.0 206.0 159.0 186.0 185.0 152.0 195.0 188.0 188.0 165.0 193.0 173.0 185.0
183.0 216.0 184.0 172.0 184.0 157.0 154.0 167.0 150.0 183.0 186.0 184.0 185.0 139.0 92.0 213.0 152.0 188.0 200.0 170.0 172.0 159.0 180.0 159.0 143.0 157.0 110.0 118.0 136.0 120.0 119.0 144.0 141.0 166.0 185.0 160.0 170.0 162.0 182.0 175.0 155.0 160.0 173.0 161.0 185.0 146.0 167.0 146.0 143.0
199.0 202.0 205.0 193.0 159.0 182.0 166.0 179.0 149.0 135.0 164.0 196.0 156.0 173.0 150.0 152.0 95.0 167.0 206.0 124.0 191.0 164.0 167.0 176.0 200.0 179.0 192.0 175.0 167.0 185.0 182.0 142.0 108.0 159.0 151.0 151.0 184.0 189.0 160.0 179.0 187.0 148.0 155.0 170.0 178.0 188.0 184.0 137.0 150.0
211.0 189.0 174.0 226.0 226.0 213.0 184.0 278.0 193.0 178.0 185.0 205.0 189.0 202.0 246.0 87.0 156.0 212.0 216.0 203.0 205.0 199.0 185.0 192.0 178.0 176.0 164.0 178.0 161.0 141.0 179.0 178.0 172.0 195.0 219.0 251.0 128.0 174.0 185.0 169.0 162.0 169.0 132.0 179.0 169.0 176.0 207.0 186.0 161.0
181.0 139.0 186.0 172.0 167.0 176.0 167.0 159.0 165.0 148.0 185.0 161.0 139.0 155.0 246.0 208.0 103.0 180.0 162.0 179.0 159.0 155.0 164.0 174.0 173.0 167.0 198.0 207.0 173.0 194.0 180.0 167.0 164.0 163.0 143.0 147.0 173.0 144.0 172.0 188.0 185.0 186.0 178.0 161.0 176.0 186.0 157.0 158.0 171.0
170.0 175.0 209.0 191.0 229.0 211.0 206.0 199.0 208.0 190.0 170.0 185.0 192.0 212.0 188.0 228.0 156.0 19.0 149.0 155.0 199.0 181.0 165.0 191.0 181.0 196.0 197.0 194.0 190.0 173.0 153.0 180.0 136.0 182.0 160.0 162.0 194.0 183.0 174.0 204.0 154.0 174.0 164.0 157.0 212.0 195.0 219.0 163.0 180.0
183.0 202.0 186.0 203.0 155.0 151.0 161.0 163.0 178.0 118.0 171.0 285.0 163.0 78.0 161.0 137.0 160.0 182.0 159.0 157.0 186.0 159.0 117.0 170.0 186.0 191.0 180.0 185.0 262.0 240.0 219.0 193.0 214.0 194.0 230.0 212.0 160.0 201.0 188.0 181.0 197.0 172.0 185.0 206.0 201.0 174.0 173.0 201.0 181.0
167.0 167.0 165.0 176.0 149.0 173.0 177.0 170.0 174.0 169.0 173.0 180.0 185.0 242.0 100.0 80.0 132.0 123.0 137.0 114.0 132.0 155.0 153.0 161.0 174.0 170.0 140.0 175.0 189.0 176.0 178.0 174.0 187.0 182.0 174.0 172.0 166.0 146.0 134.0 239.0 156.0 204.0 171.0 231.0 179.0 180.0 142.0 188.0 173.0
168.0 192.0 172.0 179.0 187.0 172.0 179.0 182.0 180.0 180.0 175.0 175.0 188.0 178.0 167.0 159.0 163.0 240.0 35.0 218.0 130.0 158.0 169.0 159.0 179.0 175.0 158.0 195.0 178.0 202.0 199.0 186.0 167.0 193.0 168.0 175.0 204.0 193.0 212.0 177.0 183.0 171.0 167.0 183.0 185.0 182.0 189.0 191.0 189.0
174.0 203.0 190.0 187.0 146.0 207.0 183.0 152.0 179.0 263.0 165.0 214.0 171.0 221.0 35.0 137.0 190.0 187.0 188.0 179.0 162.0 169.0 139.0 148.0 183.0 214.0 189.0 234.0 173.0 225.0 280.0 124.0 200.0 283.0 258.0 193.0 210.0 251.0 158.0 251.0 168.0 236.0 174.0 258.0 277.0 190.0 183.0 187.0 186.0
167.0 161.0 176.0 177.0 111.0 154.0 211.0 238.0 169.0 220.0 176.0 216.0 206.0 220.0 184.0 213.0 211.0 174.0 183.0 368.0 71.0 198.0 149.0 160.0 153.0 181.0 170.0 176.0 201.0 248.0 246.0 192.0 198.0 202.0 175.0 225.0 208.0 191.0 213.0 183.0 186.0 183.0 161.0 165.0 159.0 178.0 182.0 184.0 170.0
159.0 151.0 192.0 205.0 181.0 217.0 189.0 176.0 161.0 181.0 170.0 185.0 151.0 199.0 213.0 335.0 53.0 192.0 165.0 196.0 179.0 191.0 234.0 202.0 218.0 216.0 224.0 188.0 178.0 210.0 197.0 199.0 200.0 190.0 206.0 188.0 179.0 217.0 176.0 249.0 167.0 149.0 216.0 185.0 206.0 194.0 190.0 187.0 204.0
220.0 196.0 216.0 199.0 231.0 214.0 237.0 224.0 229.0 196.0 241.0 212.0 205.0 218.0 218.0 348.0 217.0 157.0 105.0 148.0 181.0 191.0 226.0 198.0 236.0 204.0 216.0 231.0 232.0 230.0 209.0 213.0 219.0 233.0 214.0 210.0 218.0 201.0 212.0 200.0 230.0 223.0 222.0 221.0 249.0 220.0 226.0 225.0 255.0
210.0 226.0 214.0 219.0 214.0 227.0 231.0 207.0 222.0 215.0 211.0 202.0 217.0 221.0 237.0 204.0 228.0 239.0 438.0 275.0 156.0 73.0 115.0 169.0 187.0 222.0 202.0 229.0 212.0 211.0 227.0 215.0 219.0 246.0 229.0 239.0 243.0 224.0 215.0 219.0 220.0 218.0 213.0 220.0 222.0 242.0 211.0 221.0 211.0
219.0 241.0 216.0 232.0 223.0 209.0 224.0 186.0 198.0 223.0 204.0 210.0 176.0 186.0 217.0 207.0 192.0 209.0 318.0 393.0 306.0 141.0 98.0 126.0 179.0 184.0 204.0 197.0 199.0 184.0 211.0 195.0 220.0 193.0 202.0 199.0 189.0 205.0 209.0 200.0 190.0 201.0 207.0 208.0 229.0 191.0 214.0 214.0 212.0
215.0 209.0 188.0 206.0 206.0 215.0 224.0 205.0 213.0 206.0 379.0 393.0 143.0 174.0 248.0 234.0 210.0 210.0 214.0 229.0 213.0 193.0 200.0 209.0 222.0 206.0 221.0 217.0 222.0 202.0 228.0 202.0 205.0 229.0 240.0 217.0 211.0 204.0 223.0 224.0 227.0 223.0 236.0 249.0 237.0 221.0 242.0 209.0 227.0
240.0 236.0 242.0 217.0 228.0 211.0 229.0 224.0 228.0 236.0 221.0 240.0 239.0 300.0 261.0 154.0 138.0 201.0 226.0 195.0 227.0 230.0 245.0 228.0 262.0 252.0 226.0 249.0 242.0 273.0 234.0 238.0 247.0 249.0 250.0 271.0 225.0 273.0 226.0 242.0 267.0 256.0 276.0 256.0 241.0 251.0 253.0 232.0 261.0
279.0 248.0 268.0 260.0 234.0 254.0 249.0 235.0 238.0 249.0 247.0 252.0 214.0 252.0 232.0 212.0 223.0 232.0 222.0 369.0 363.0 174.0 119.0 251.0 220.0 208.0 217.0 259.0 225.0 231.0 234.0 243.0 255.0 256.0 241.0 238.0 216.0 239.0 229.0 241.0 250.0 235.0 221.0 226.0 244.0 239.0 238.0 223.0 245.0
229.0 244.0 211.0 207.0 224.0 225.0 237.0 219.0 211.0 220.0 256.0 325.0 241.0 96.0 75.0 132.0 210.0 213.0 236.0 201.0 223.0 240.0 240.0 227.0 234.0 242.0 250.0 239.0 241.0 242.0 240.0 239.0 237.0 240.0 265.0 282.0 261.0 310.0 323.0 292.0 306.0 322.0 286.0 306.0 269.0 266.0 264.0 286.0 275.0
266.0 264.0 286.0 275.0 277.0 278.0 285.0 268.0 268.0 259.0 276.0 282.0 267.0 289.0 261.0 280.0 276.0 227.0 284.0 146.0 221.0 222.0 264.0 261.0 279.0 256.0 300.0 248.0 298.0 256.0 231.0 272.0 250.0 218.0 236.0 225.0 237.0 274.0 237.0 225.0 246.0 220.0 211.0 247.0 206.0 217.0 185.0 257.0 212.0
190.0 192.0 187.0 182.0 186.0 189.0 178.0 192.0 183.0 186.0 188.0 178.0 179.0 178.0 194.0 197.0 203.0 194.0 201.0 212.0 68.0 96.0 91.0 145.0 232.0 98.0 87.0 177.0 164.0 101.0 182.0 141.0 166.0 227.0 171.0 182.0 196.0 200.0 188.0 224.0 206.0 231.0 251.0 201.0 181.0 207.0 197.0 193.0 195.0
208.0 193.0 202.0 183.0 187.0 179.0 193.0 198.0 196.0 189.0 181.0 191.0 193.0 196.0 191.0 184.0 187.0 184.0 189.0 187.0 189.0 186.0 183.0 193.0 182.0 265.0 202.0 253.0 237.0 347.0 282.0 206.0 235.0 219.0 182.0 208.0 242.0 252.0 190.0 178.0 180.0 181.0 160.0 166.0 186.0 205.0 190.0 175.0 191.0
205.0 211.0 193.0 213.0 214.0 203.0 191.0 179.0 179.0 185.0 159.0 173.0 198.0 200.0 211.0 212.0 214.0 198.0 193.0 189.0 193.0 202.0 197.0 194.0 188.0 169.0 193.0 227.0 257.0 280.0 385.0 267.0 151.0 272.0 219.0 239.0 243.0 251.0 239.0 205.0 184.0 211.0 195.0 177.0 224.0 220.0 200.0 203.0 185.0
200.0 169.0 189.0 194.0 194.0 197.0 162.0 191.0 164.0 181.0 173.0 174.0 198.0 193.0 173.0 182.0 183.0 182.0 166.0 173.0 192.0 223.0 274.0 463.0 374.0 331.0 357.0 279.0 274.0 185.0 151.0 54.0 113.0 177.0 223.0 188.0 175.0 190.0 196.0 174.0 195.0 201.0 189.0 175.0 179.0 202.0 183.0 206.0 204.0
197.0 207.0 198.0 214.0 198.0 187.0 194.0 197.0 198.0 191.0 193.0 197.0 198.0 219.0 208.0 387.0 121.0 170.0 256.0 243.0 195.0 188.0 82.0 156.0 156.0 160.0 161.0 153.0 182.0 153.0 189.0 195.0 190.0 182.0 197.0 178.0 200.0 193.0 210.0 207.0 200.0 209.0 206.0 205.0 188.0 194.0 190.0 191.0 175.0
177.0 185.0 170.0 183.0 184.0 197.0 180.0 182.0 185.0 180.0 179.0 187.0 186.0 192.0 192.0 188.0 207.0 204.0 196.0 33.0 256.0 409.0 323.0 346.0 370.0 470.0 403.0 402.0 197.0 110.0 157.0 177.0 195.0 203.0 169.0 172.0 206.0 198.0 192.0 201.0 195.0 189.0 176.0 161.0 160.0 209.0 180.0 170.0 190.0
176.0 164.0 158.0 168.0 167.0 168.0 171.0 157.0 166.0 170.0 168.0 186.0 181.0 175.0 197.0 173.0 176.0 153.0 20.0 166.0 214.0 48.0 44.0 162.0 165.0 175.0 165.0 160.0 172.0 179.0 170.0 177.0 186.0 178.0 197.0 189.0 177.0 194.0 188.0 189.0 190.0 182.0 181.0 185.0 198.0 205.0 206.0 202.0 208.0
207.0 186.0 200.0 201.0 195.0 207.0 187.0 189.0 197.0 206.0 202.0 200.0 200.0 210.0 206.0 208.0 205.0 198.0 182.0 191.0 205.0 203.0 224.0 210.0 262.0 39.0 246.0 237.0 258.0 190.0 278.0 261.0 217.0 151.0 164.0 174.0 186.0 183.0 194.0 191.0 188.0 199.0 179.0 195.0 188.0 185.0 199.0 195.0 175.0
179.0 191.0 206.0 192.0 189.0 180.0 194.0 200.0 204.0 195.0 199.0 205.0 15.0 15.0 433.0 475.0 362.0 437.0 273.0 147.0 241.0 234.0 292.0 237.0 235.0 286.0 221.0 223.0 198.0 173.0 239.0 347.0 324.0 272.0 272.0 269.0 287.0 254.0 225.0 200.0 181.0 189.0 76.0 254.0 215.0 222.0 216.0 222.0 227.0
218.0 213.0 204.0 199.0 204.0 206.0 222.0 224.0 211.0 208.0 201.0 187.0 184.0 168.0 123.0 75.0 259.0 172.0 175.0 205.0 198.0 160.0 160.0 171.0 174.0 170.0 160.0 170.0 196.0 196.0 172.0 185.0 175.0 184.0 187.0 207.0 206.0 200.0 194.0 193.0 198.0 212.0 179.0 170.0 156.0 176.0 176.0 174.0 203.0
176.0 189.0 185.0 212.0 214.0 204.0 196.0 210.0 209.0 206.0 175.0 173.0 177.0 175.0 187.0 199.0 188.0 194.0 197.0 183.0 186.0 187.0 65.0 252.0 367.0 254.0 207.0 177.0 204.0 179.0 152.0 170.0 159.0 183.0 179.0 176.0 162.0 169.0 171.0 178.0 188.0 187.0 162.0 207.0 190.0 196.0 212.0 201.0 182.0
212.0 210.0 199.0 215.0 190.0 157.0 180.0 195.0 190.0 186.0 207.0 206.0 199.0 204.0 186.0 196.0 15.0 433.0 362.0 264.0 233.0 222.0 269.0 237.0 229.0 190.0 183.0 235.0 211.0 237.0 232.0 212.0 226.0 214.0 213.0 194.0 193.0 179.0 184.0 211.0 211.0 205.0 226.0 243.0 242.0 239.0 235.0 216.0 211.0
209.0 202.0 207.0 198.0 209.0 209.0 200.0 214.0 206.0 207.0 205.0 212.0 206.0 210.0 206.0 206.0 212.0 217.0 220.0 211.0 213.0 215.0 209.0 219.0 212.0 226.0 227.0 217.0 64.0 15.0 500.0 500.0 500.0 421.0 396.0 301.0 275.0 346.0 225.0 234.0 229.0 242.0 233.0 269.0 218.0 191.0 203.0 206.0 196.0
178.0 181.0 239.0 137.0 262.0 221.0 190.0 202.0 194.0 196.0 189.0 193.0 184.0 193.0 269.0 260.0 154.0 171.0 187.0 196.0 184.0 158.0 167.0 174.0 153.0 152.0 142.0 142.0 147.0 156.0 165.0 161.0 162.0 156.0 158.0 178.0 191.0 206.0 217.0 206.0 198.0 211.0 209.0 211.0 203.0 196.0 205.0 199.0 187.0
191.0 206.0 217.0 206.0 198.0 211.0 209.0 211.0 203.0 196.0 205.0 199.0 187.0 194.0 236.0 127.0 82.0 65.0 18.0 25.0 343.0 268.0 250.0 213.0 206.0 206.0 198.0 196.0 196.0 203.0 200.0 210.0 187.0 194.0 203.0 200.0 198.0 213.0 206.0 208.0 201.0 212.0 206.0 203.0 206.0 204.0 199.0 189.0 202.0
186.0 192.0 196.0 195.0 189.0 188.0 203.0 212.0 215.0 207.0 222.0 217.0 220.0 207.0 201.0 408.0 86.0 237.0 270.0 19.0 74.0 22.0 35.0 126.0 167.0 358.0 274.0 256.0 202.0 235.0 221.0 235.0 205.0 239.0 204.0 201.0 184.0 174.0 160.0 159.0 172.0 192.0 206.0 199.0 199.0 196.0 187.0 183.0 189.0
205.0 203.0 196.0 211.0 203.0 204.0 194.0 186.0 197.0 201.0 198.0 201.0 204.0 211.0 341.0 448.0 323.0 281.0 344.0 231.0 169.0 190.0 122.0 129.0 153.0 170.0 209.0 174.0 196.0 190.0 187.0 195.0 197.0 206.0 210.0 210.0 195.0 186.0 194.0 189.0 207.0 208.0 220.0 206.0 203.0 208.0 213.0 197.0 190.0
203.0 214.0 212.0 210.0 206.0 221.0 208.0 218.0 213.0 200.0 203.0 212.0 216.0 219.0 197.0 210.0 214.0 222.0 321.0 117.0 84.0 15.0 40.0 158.0 28.0 50.0 233.0 227.0 219.0 222.0 192.0 169.0 215.0 186.0 189.0 197.0 198.0 217.0 201.0 198.0 180.0 210.0 227.0 161.0 185.0 179.0 199.0 208.0 209.0
228.0 219.0 221.0 230.0 209.0 191.0 203.0 209.0 219.0 198.0 208.0 198.0 201.0 196.0 196.0 198.0 200.0 217.0 318.0 109.0 73.0 20.0 229.0 235.0 229.0 195.0 216.0 196.0 190.0 220.0 206.0 207.0 218.0 208.0 229.0 211.0 207.0 219.0 217.0 221.0 189.0 200.0 167.0 202.0 189.0 160.0 209.0 214.0 238.0
209.0 199.0 198.0 216.0 213.0 212.0 214.0 219.0 213.0 221.0 203.0 219.0 217.0 207.0 212.0 211.0 209.0 224.0 323.0 140.0 500.0 309.0 150.0 225.0 281.0 188.0 183.0 148.0 143.0 156.0 170.0 195.0 207.0 199.0 239.0 245.0 249.0 237.0 245.0 237.0 239.0 226.0 240.0 224.0 241.0 223.0 214.0 219.0 224.0
218.0 213.0 208.0 210.0 211.0 215.0 215.0 221.0 226.0 228.0 232.0 213.0 213.0 219.0 311.0 176.0 414.0 274.0 203.0 181.0 188.0 237.0 119.0 97.0 220.0 194.0 243.0 186.0 81.0 184.0 196.0 214.0 207.0 198.0 220.0 235.0 278.0 249.0 237.0 267.0 229.0 211.0 197.0 197.0 219.0 227.0 222.0 229.0 232.0
272.0 274.0 263.0 265.0 229.0 226.0 244.0 237.0 269.0 243.0 257.0 247.0 257.0 266.0 210.0 52.0 178.0 20.0 153.0 324.0 279.0 273.0 239.0 250.0 229.0 225.0 229.0 219.0 234.0 249.0 228.0 244.0 245.0 229.0 238.0 239.0 238.0 235.0 239.0 241.0 234.0 225.0 238.0 196.0 270.0 167.0 209.0 265.0 187.0
202.0 242.0 205.0 199.0 185.0 214.0 231.0 249.0 284.0 260.0 219.0 227.0 239.0 243.0 215.0 232.0 224.0 237.0 239.0 349.0 108.0 40.0 37.0 177.0 335.0 238.0 238.0 226.0 272.0 260.0 244.0 243.0 273.0 259.0 250.0 275.0 263.0 281.0 263.0 267.0 297.0 283.0 277.0 273.0 254.0 247.0 250.0 246.0 244.0
254.0 228.0 211.0 221.0 229.0 233.0 250.0 259.0 235.0 239.0 211.0 195.0 235.0 230.0 242.0 351.0 18.0 46.0 19.0 181.0 279.0 292.0 280.0 238.0 221.0 207.0 189.0 187.0 244.0 240.0 240.0 226.0 223.0 230.0 239.0 239.0 222.0 232.0 240.0 232.0 235.0 256.0 230.0 241.0 235.0 196.0 177.0 205.0 237.0
242.0 213.0 228.0 203.0 222.0 240.0 212.0 231.0 218.0 256.0 238.0 226.0 196.0 222.0 216.0 222.0 236.0 229.0 436.0 52.0 175.0 61.0 20.0 43.0 42.0 300.0 282.0 353.0 288.0 227.0 232.0 217.0 250.0 255.0 235.0 235.0 248.0 257.0 260.0 269.0 232.0 216.0 226.0 251.0 268.0 239.0 234.0 206.0 216.0
315.0 145.0 215.0 231.0 269.0 235.0 271.0 258.0 253.0 279.0 206.0 254.0 86.0 127.0 315.0 220.0 202.0 240.0 182.0 151.0 15.0 39.0 258.0 261.0 321.0 244.0 215.0 213.0 222.0 242.0 237.0 240.0 246.0 259.0 272.0 217.0 221.0 251.0 224.0 203.0 220.0 225.0 210.0 215.0 219.0 239.0 255.0 228.0 261.0
206.0 204.0 193.0 229.0 228.0 209.0 217.0 226.0 221.0 217.0 208.0 180.0 210.0 214.0 201.0 201.0 202.0 194.0 198.0 183.0 56.0 38.0 18.0 167.0 153.0 275.0 244.0 178.0 217.0 178.0 196.0 214.0 213.0 210.0 220.0 225.0 211.0 192.0 223.0 191.0 198.0 202.0 200.0 213.0 202.0 194.0 200.0 190.0 190.0
211.0 213.0 209.0 215.0 205.0 228.0 233.0 164.0 186.0 205.0 160.0 175.0 195.0 190.0 190.0 195.0 205.0 213.0 194.0 233.0 197.0 91.0 20.0 111.0 93.0 201.0 261.0 242.0 215.0 172.0 202.0 166.0 173.0 206.0 182.0 215.0 194.0 180.0 188.0 187.0 194.0 196.0 184.0 196.0 177.0 199.0 197.0 207.0 221.0
210.0 193.0 196.0 209.0 204.0 209.0 216.0 209.0 214.0 213.0 225.0 227.0 223.0 228.0 215.0 219.0 220.0 222.0 227.0 221.0 225.0 221.0 217.0 220.0 228.0 210.0 211.0 199.0 180.0 105.0 51.0 204.0 54.0 54.0 19.0 68.0 243.0 257.0 129.0 225.0 211.0 224.0 184.0 214.0 213.0 201.0 230.0 219.0 221.0
213.0 209.0 213.0 210.0 212.0 204.0 207.0 214.0 213.0 208.0 215.0 206.0 211.0 217.0 211.0 194.0 117.0 38.0 124.0 98.0 201.0 118.0 222.0 151.0 196.0 230.0 161.0 110.0 188.0 238.0 236.0 181.0 183.0 198.0 202.0 182.0 193.0 189.0 181.0 193.0 203.0 213.0 206.0 202.0 198.0 200.0 194.0 205.0 199.0
206.0 187.0 208.0 227.0 204.0 205.0 225.0 236.0 221.0 227.0 229.0 253.0 250.0 255.0 229.0 228.0 219.0 228.0 218.0 204.0 204.0 211.0 240.0 227.0 208.0 15.0 230.0 30.0 106.0 41.0 20.0 272.0 258.0 239.0 204.0 255.0 198.0 187.0 228.0 173.0 233.0 235.0 244.0 226.0 231.0 227.0 223.0 224.0 224.0
241.0 203.0 244.0 225.0 220.0 233.0 234.0 230.0 202.0 211.0 218.0 213.0 219.0 208.0 224.0 241.0 205.0 197.0 206.0 210.0 244.0 226.0 238.0 246.0 224.0 195.0 170.0 234.0 254.0 265.0 195.0 245.0 161.0 258.0 184.0 227.0 242.0 240.0 219.0 219.0 234.0 235.0 212.0 220.0 228.0 214.0 205.0 195.0 214.0
243.0 214.0 203.0 204.0 194.0 196.0 198.0 185.0 195.0 190.0 204.0 193.0 213.0 209.0 218.0 218.0 221.0 210.0 215.0 222.0 209.0 224.0 224.0 226.0 218.0 207.0 185.0 94.0 106.0 73.0 258.0 287.0 218.0 210.0 236.0 228.0 215.0 225.0 214.0 228.0 231.0 227.0 230.0 238.0 248.0 226.0 228.0 235.0 226.0
216.0 218.0 216.0 203.0 215.0 222.0 208.0 221.0 211.0 205.0 221.0 224.0 219.0 224.0 214.0 232.0 236.0 238.0 246.0 239.0 212.0 172.0 15.0 61.0 194.0 303.0 134.0 122.0 302.0 245.0 263.0 224.0 218.0 246.0 203.0 210.0 212.0 211.0 203.0 211.0 209.0 214.0 214.0 214.0 224.0 219.0 212.0 228.0 211.0
185.0 181.0 178.0 188.0 184.0 192.0 173.0 181.0 184.0 178.0 194.0 178.0 295.0 378.0 161.0 185.0 221.0 222.0 210.0 215.0 216.0 238.0 215.0 213.0 203.0 197.0 170.0 189.0 178.0 205.0 184.0 174.0 170.0 167.0 154.0 159.0 177.0 170.0 159.0 163.0 153.0 163.0 166.0 158.0 169.0 161.0 152.0 158.0 160.0
203.0 208.0 212.0 217.0 193.0 190.0 180.0 190.0 182.0 205.0 209.0 218.0 187.0 199.0 196.0 192.0 197.0 366.0 278.0 113.0 178.0 156.0 196.0 160.0 182.0 176.0 179.0 171.0 186.0 190.0 175.0 185.0 180.0 177.0 184.0 166.0 177.0 179.0 176.0 169.0 179.0 173.0 174.0 175.0 177.0 174.0 167.0 175.0 168.0
202.0 192.0 197.0 198.0 195.0 180.0 186.0 198.0 198.0 181.0 197.0 185.0 184.0 153.0 177.0 260.0 265.0 206.0 188.0 201.0 212.0 205.0 218.0 218.0 207.0 192.0 197.0 189.0 186.0 200.0 170.0 183.0 194.0 180.0 187.0 184.0 164.0 173.0 185.0 189.0 192.0 196.0 180.0 187.0 176.0 190.0 190.0 183.0 189.0
193.0 190.0 210.0 198.0 177.0 183.0 183.0 199.0 184.0 201.0 110.0 233.0 192.0 247.0 200.0 322.0 301.0 187.0 247.0 237.0 224.0 212.0 205.0 198.0 197.0 190.0 196.0 211.0 205.0 183.0 195.0 209.0 188.0 179.0 173.0 186.0 187.0 191.0 183.0 182.0 191.0 186.0 180.0 173.0 189.0 168.0 167.0 164.0 160.0
180.0 185.0 181.0 194.0 190.0 179.0 205.0 197.0 184.0 196.0 186.0 183.0 126.0 362.0 167.0 168.0 204.0 202.0 297.0 200.0 236.0 239.0 231.0 256.0 225.0 188.0 207.0 202.0 204.0 220.0 200.0 222.0 206.0 208.0 210.0 202.0 198.0 198.0 198.0 180.0 183.0 188.0 198.0 181.0 184.0 186.0 189.0 167.0 166.0
