54580.0 54590.0 54610.0 54610.0 54640.0 54640.0 54660.0 54680.0 54680.0 54700.0 54710.0 54730.0 54750.0 54750.0 54780.0 54820.0 54830.0 54860.0 54860.0 54880.0 54870.0 54890.0 54920.0 54920.0 54940.0 54940.0 54960.0 54980.0 54990.0 55010.0 55010.0 55040.0 55040.0 55060.0 55080.0 55070.0 55090.0 55110.0 55110.0 55130.0 55140.0 55160.0 55160.0 55180.0 55180.0 55200.0 55210.0 55210.0 55230.0 55230.0 55250.0 55270.0 55270.0 55290.0
55270.0 55270.0 55290.0 55290.0 55310.0 55300.0 55320.0 55330.0 55320.0 55340.0 55340.0 55370.0 55390.0 55380.0 55390.0 55390.0 55410.0 55430.0 55440.0 55450.0 55460.0 55470.0 55460.0 55460.0 55460.0 55470.0 55480.0 55480.0 55490.0 55490.0 55510.0 55520.0 55520.0 55530.0 55530.0 55550.0 55550.0 55570.0 55580.0 55590.0 55610.0 55620.0 55630.0 55650.0 55650.0 55660.0 55690.0 55690.0 55710.0 55710.0 55720.0 55730.0 55720.0 55730.0
55710.0 55720.0 55730.0 55720.0 55730.0 55730.0 55740.0 55740.0 55760.0 55780.0 55790.0 55800.0 55810.0 55820.0 55820.0 55830.0 55830.0 55830.0 55840.0 55840.0 55850.0 55850.0 55860.0 55860.0 55870.0 55880.0 55880.0 55900.0 55900.0 55910.0 55920.0 55930.0 55940.0 55940.0 55960.0 55960.0 55970.0 55970.0 55980.0 55990.0 55990.0 55990.0 55990.0 55990.0 55990.0 55980.0 55960.0 55950.0 55940.0 55920.0 55910.0 55900.0 55900.0 55900.0
55920.0 55920.0 55910.0 55920.0 55910.0 55910.0 55910.0 55910.0 55910.0 55910.0 55910.0 55910.0 55900.0 55900.0 55900.0 55900.0 55910.0 55910.0 55920.0 55920.0 55920.0 55930.0 55940.0 55940.0 55950.0 55950.0 55940.0 55940.0 55940.0 55940.0 55940.0 55940.0 55930.0 55920.0 55910.0 55900.0 55900.0 55900.0 55900.0 55900.0 55890.0 55890.0 55890.0 55890.0 55890.0 55880.0 55860.0 55860.0 55850.0 55850.0 55840.0 55840.0 55830.0 55830.0
55830.0 55830.0 55830.0 55830.0 55830.0 55830.0 55830.0 55830.0 55820.0 55820.0 55810.0 55810.0 55810.0 55810.0 55810.0 55810.0 55820.0 55820.0 55830.0 55830.0 55840.0 55850.0 55850.0 55850.0 55850.0 55850.0 55850.0 55850.0 55850.0 55850.0 55850.0 55850.0 55860.0 55850.0 55850.0 55850.0 55840.0 55840.0 55840.0 55840.0 55840.0 55840.0 55830.0 55830.0 55830.0 55830.0 55830.0 55840.0 55840.0 55850.0 55850.0 55860.0 55870.0 55880.0
55860.0 55870.0 55880.0 55890.0 55900.0 55900.0 55900.0 55900.0 55900.0 55890.0 55890.0 55880.0 55880.0 55880.0 55880.0 55880.0 55880.0 55870.0 55860.0 55860.0 55860.0 55860.0 55860.0 55860.0 55850.0 55850.0 55860.0 55860.0 55860.0 55860.0 55860.0 55870.0 55870.0 55870.0 55870.0 55880.0 55880.0 55880.0 55880.0 55880.0 55880.0 55870.0 55870.0 55870.0 55870.0 55870.0 55870.0 55880.0 55880.0 55880.0 55890.0 55890.0 55890.0 55890.0
70010.0 70020.0 70030.0 70030.0 70050.0 70070.0 70070.0 70090.0 70100.0 70120.0 70140.0 70160.0 70180.0 70180.0 70190.0 70200.0 70200.0 70210.0 70230.0 70230.0 70250.0 70270.0 70280.0 70310.0 70330.0 70360.0 70380.0 70380.0 70380.0 70360.0 70340.0 70350.0 70360.0 70360.0 70370.0 70370.0 70370.0 70380.0 70380.0 70370.0 70380.0 70390.0 70390.0 70410.0 70420.0 70410.0 70400.0 70400.0 70390.0 70400.0 70400.0 70410.0 70430.0 70430.0
72500.0 72500.0 72500.0 72510.0 72510.0 72510.0 72500.0 72500.0 72500.0 72500.0 72490.0 72490.0 72480.0 72480.0 72470.0 72460.0 72450.0 72440.0 72430.0 72420.0 72410.0 72390.0 72380.0 72390.0 72410.0 72410.0 72430.0 72440.0 72450.0 72470.0 72470.0 72480.0 72480.0 72480.0 72490.0 72490.0 72490.0 72490.0 72480.0 72470.0 72470.0 72470.0 72480.0 72490.0 72490.0 72500.0 72490.0 72470.0 72450.0 72430.0 72410.0 72410.0 72420.0 72430.0
65150.0 65150.0 65160.0 65160.0 65160.0 65170.0 65170.0 65170.0 65170.0 65180.0 65190.0 65190.0 65190.0 65190.0 65190.0 65190.0 65190.0 65180.0 65180.0 65180.0 65180.0 65190.0 65190.0 65190.0 65190.0 65190.0 65190.0 65190.0 65190.0 65200.0 65200.0 65200.0 65210.0 65210.0 65210.0 65220.0 65220.0 65230.0 65230.0 65230.0 65240.0 65240.0 65250.0 65250.0 65250.0 65250.0 65250.0 65260.0 65260.0 65260.0 65270.0 65270.0 65270.0 65270.0
63760.0 63760.0 63760.0 63760.0 63750.0 63750.0 63750.0 63740.0 63730.0 63710.0 63710.0 63700.0 63680.0 63670.0 63660.0 63670.0 63660.0 63660.0 63650.0 63640.0 63640.0 63620.0 63620.0 63610.0 63600.0 63590.0 63590.0 63570.0 63560.0 63560.0 63550.0 63540.0 63530.0 63530.0 63520.0 63520.0 63500.0 63490.0 63480.0 63480.0 63470.0 63470.0 63450.0 63440.0 63440.0 63440.0 63430.0 63440.0 63450.0 63450.0 63460.0 63460.0 63460.0 63460.0
63380.0 63380.0 63380.0 63390.0 63390.0 63400.0 63410.0 63410.0 63420.0 63420.0 63430.0 63430.0 63430.0 63430.0 63430.0 63430.0 63430.0 63430.0 63430.0 63440.0 63440.0 63440.0 63440.0 63440.0 63440.0 63440.0 63440.0 63440.0 63440.0 63440.0 63440.0 63440.0 63440.0 63440.0 63450.0 63460.0 63460.0 63470.0 63470.0 63480.0 63480.0 63480.0 63480.0 63470.0 63460.0 63460.0 63460.0 63460.0 63460.0 63460.0 63450.0 63450.0 63440.0 63440.0
63500.0 63500.0 63500.0 63490.0 63490.0 63490.0 63480.0 63480.0 63480.0 63480.0 63480.0 63480.0 63480.0 63480.0 63480.0 63480.0 63480.0 63480.0 63480.0 63480.0 63480.0 63480.0 63480.0 63480.0 63470.0 63480.0 63480.0 63490.0 63500.0 63500.0 63510.0 63500.0 63500.0 63490.0 63480.0 63460.0 63460.0 63450.0 63440.0 63430.0 63430.0 63420.0 63410.0 63410.0 63410.0 63400.0 63390.0 63380.0 63380.0 63370.0 63370.0 63370.0 63370.0 63370.0
63330.0 63330.0 63340.0 63350.0 63370.0 63380.0 63390.0 63410.0 63420.0 63430.0 63440.0 63450.0 63460.0 63470.0 63480.0 63490.0 63500.0 63510.0 63510.0 63510.0 63510.0 63510.0 63510.0 63500.0 63500.0 63500.0 63500.0 63510.0 63510.0 63510.0 63500.0 63490.0 63490.0 63480.0 63480.0 63470.0 63450.0 63440.0 63430.0 63420.0 63410.0 63410.0 63410.0 63410.0 63410.0 63410.0 63400.0 63400.0 63400.0 63400.0 63410.0 63410.0 63420.0 63430.0
250920.0 250930.0 250920.0 250930.0 250930.0 250930.0 250940.0 250940.0 250950.0 250960.0 250950.0 250960.0 250970.0 250970.0 250980.0 250990.0 250990.0 251000.0 251010.0 251020.0 251030.0 251050.0 251080.0 251080.0 251100.0 251120.0 251140.0 251140.0 251150.0 251170.0 251180.0 251190.0 251200.0 251190.0 251190.0 251190.0 251180.0 251130.0 251110.0 251100.0 251080.0 251050.0 251000.0 250940.0 250900.0 250870.0 250850.0 250850.0 250870.0 250880.0 250880.0 250890.0 250900.0 250910.0
250910.0 250910.0 250920.0 250920.0 250920.0 250920.0 250930.0 250930.0 250940.0 250940.0 250940.0 250940.0 250940.0 250940.0 250940.0 250940.0 250940.0 250940.0 250940.0 250950.0 250950.0 250950.0 250950.0 250950.0 250950.0 250980.0 250940.0 250890.0 250900.0 250920.0 250930.0 250930.0 250930.0 250930.0 250930.0 250930.0 250930.0 250920.0 250920.0 250920.0 250920.0 250920.0 250920.0 250930.0 250930.0 250940.0 250950.0 250950.0 250960.0 250960.0 250960.0 250950.0 250910.0 250790.0
249470.0 249470.0 249470.0 249470.0 249460.0 249460.0 249460.0 249460.0 249450.0 249450.0 249450.0 249450.0 249470.0 249450.0 249430.0 249460.0 249460.0 249460.0 249450.0 249450.0 249450.0 249450.0 249450.0 249480.0 249490.0 249510.0 249510.0 249530.0 249530.0 249540.0 249540.0 249540.0 249530.0 249520.0 249520.0 249510.0 249500.0 249490.0 249480.0 249470.0 249470.0 249460.0 249450.0 249450.0 249440.0 249430.0 249430.0 249430.0 249430.0 249430.0 249430.0 249430.0 249430.0 249430.0
249440.0 249440.0 249440.0 249440.0 249440.0 249440.0 249440.0 249440.0 249440.0 249440.0 249440.0 249440.0 249450.0 249400.0 249320.0 249280.0 249270.0 249260.0 249240.0 249200.0 249180.0 249170.0 249190.0 249200.0 249220.0 249240.0 249260.0 249270.0 249290.0 249300.0 249320.0 249340.0 249370.0 249370.0 249390.0 249410.0 249410.0 249420.0 249430.0 249430.0 249430.0 249440.0 249440.0 249440.0 249450.0 249450.0 249450.0 249440.0 249440.0 249440.0 249440.0 249440.0 249440.0 249450.0
249440.0 249440.0 249440.0 249440.0 249440.0 249450.0 249450.0 249450.0 249450.0 249460.0 249460.0 249460.0 249460.0 249470.0 249380.0 249380.0 249390.0 249400.0 249410.0 249420.0 249430.0 249440.0 249440.0 249450.0 249450.0 249450.0 249450.0 249450.0 249450.0 249450.0 249440.0 249440.0 249440.0 249440.0 249440.0 249440.0 249440.0 249440.0 249440.0 249440.0 249440.0 249430.0 249430.0 249430.0 249430.0 249430.0 249430.0 249430.0 249430.0 249430.0 249440.0 249440.0 249440.0 249440.0
249430.0 249430.0 249430.0 249440.0 249440.0 249440.0 249440.0 249440.0 249440.0 249440.0 249440.0 249440.0 249440.0 249460.0 249440.0 249400.0 249350.0 249340.0 249340.0 249350.0 249370.0 249390.0 249400.0 249410.0 249410.0 249420.0 249420.0 249420.0 249420.0 249420.0 249420.0 249420.0 249420.0 249420.0 249420.0 249420.0 249420.0 249420.0 249420.0 249420.0 249420.0 249420.0 249430.0 249430.0 249440.0 249440.0 249440.0 249440.0 249440.0 249440.0 249440.0 249440.0 249440.0 249440.0
249450.0 249450.0 249450.0 249450.0 249450.0 249450.0 249450.0 249450.0 249450.0 249450.0 249450.0 249460.0 249460.0 249480.0 249420.0 249360.0 249360.0 249360.0 249370.0 249380.0 249390.0 249390.0 249400.0 249400.0 249400.0 249410.0 249410.0 249410.0 249410.0 249420.0 249420.0 249420.0 249430.0 249430.0 249430.0 249440.0 249440.0 249440.0 249450.0 249450.0 249450.0 249440.0 249430.0 249400.0 249370.0 249330.0 249270.0 249220.0 249200.0 249190.0 249200.0 249220.0 249230.0 249230.0
249060.0 249060.0 249050.0 249050.0 249050.0 249060.0 249060.0 249060.0 249060.0 249060.0 249060.0 249060.0 249070.0 249070.0 249070.0 249080.0 249090.0 249060.0 249030.0 249030.0 249040.0 249050.0 249060.0 249070.0 249070.0 249080.0 249080.0 249070.0 249070.0 249060.0 249060.0 249050.0 249050.0 249050.0 249050.0 249040.0 249040.0 248970.0 248890.0 248840.0 248780.0 248720.0 248720.0 248680.0 248590.0 248540.0 248540.0 248490.0 248410.0 248370.0 248330.0 248330.0 248290.0 248260.0
45640.0 45650.0 45640.0 45650.0 45640.0 45650.0 45660.0 45660.0 45670.0 45670.0 45670.0 45680.0 45680.0 45680.0 45680.0 45680.0 45680.0 45710.0 45710.0 45710.0 45730.0 45720.0 45720.0 45720.0 45720.0 45710.0 45720.0 45720.0 45710.0 45710.0 45700.0 45710.0 45720.0 45730.0 45740.0 45750.0 45760.0 45780.0 45800.0 45810.0 45820.0 45820.0 45830.0 45850.0 45860.0 45870.0 45880.0 45890.0 45900.0 45900.0 45910.0 45910.0 45920.0 45930.0
46790.0 46790.0 46800.0 46800.0 46800.0 46810.0 46810.0 46810.0 46810.0 46810.0 46810.0 46810.0 46800.0 46800.0 46800.0 46790.0 46790.0 46800.0 46810.0 46810.0 46770.0 46730.0 46710.0 46710.0 46700.0 46690.0 46680.0 46670.0 46670.0 46680.0 46680.0 46690.0 46700.0 46700.0 46710.0 46710.0 46720.0 46730.0 46730.0 46740.0 46750.0 46760.0 46770.0 46780.0 46790.0 46800.0 46800.0 46800.0 46810.0 46810.0 46810.0 46820.0 46820.0 46830.0
46820.0 46820.0 46810.0 46810.0 46810.0 46810.0 46810.0 46810.0 46810.0 46800.0 46800.0 46800.0 46790.0 46790.0 46790.0 46780.0 46780.0 46780.0 46780.0 46790.0 46790.0 46780.0 46780.0 46800.0 46800.0 46800.0 46800.0 46790.0 46790.0 46780.0 46780.0 46770.0 46760.0 46760.0 46760.0 46760.0 46760.0 46760.0 46760.0 46750.0 46750.0 46750.0 46740.0 46740.0 46740.0 46750.0 46750.0 46760.0 46760.0 46760.0 46760.0 46770.0 46770.0 46780.0
48440.0 48470.0 48500.0 48510.0 48530.0 48550.0 48550.0 48550.0 48540.0 48530.0 48530.0 48530.0 48530.0 48550.0 48550.0 48560.0 48560.0 48560.0 48560.0 48560.0 48560.0 48570.0 48570.0 48560.0 48560.0 48570.0 48570.0 48570.0 48580.0 48590.0 48590.0 48600.0 48610.0 48610.0 48600.0 48600.0 48600.0 48600.0 48600.0 48590.0 48580.0 48570.0 48570.0 48560.0 48560.0 48550.0 48550.0 48550.0 48550.0 48560.0 48570.0 48570.0 48580.0 48600.0
47170.0 47160.0 47160.0 47160.0 47160.0 47160.0 47170.0 47180.0 47190.0 47190.0 47180.0 47180.0 47190.0 47180.0 47200.0 47210.0 47220.0 47240.0 47270.0 47270.0 47280.0 47280.0 47280.0 47290.0 47290.0 47300.0 47320.0 47320.0 47330.0 47340.0 47350.0 47350.0 47360.0 47370.0 47380.0 47390.0 47400.0 47400.0 47410.0 47430.0 47450.0 47450.0 47450.0 47440.0 47440.0 47450.0 47470.0 47480.0 47500.0 47500.0 47510.0 47520.0 47520.0 47530.0
48570.0 48570.0 48570.0 48570.0 48570.0 48570.0 48560.0 48560.0 48560.0 48550.0 48550.0 48540.0 48530.0 48520.0 48510.0 48510.0 48500.0 48510.0 48520.0 48520.0 48550.0 48560.0 48550.0 48560.0 48560.0 48550.0 48530.0 48520.0 48510.0 48510.0 48510.0 48520.0 48520.0 48530.0 48540.0 48540.0 48550.0 48540.0 48540.0 48540.0 48550.0 48560.0 48560.0 48560.0 48560.0 48550.0 48550.0 48550.0 48550.0 48540.0 48520.0 48510.0 48510.0 48510.0
48420.0 48420.0 48430.0 48430.0 48430.0 48430.0 48430.0 48430.0 48430.0 48430.0 48430.0 48440.0 48440.0 48440.0 48440.0 48450.0 48460.0 48460.0 48460.0 48450.0 48460.0 48470.0 48500.0 48470.0 48430.0 48430.0 48450.0 48470.0 48480.0 48490.0 48500.0 48500.0 48500.0 48500.0 48500.0 48490.0 48490.0 48490.0 48500.0 48500.0 48510.0 48520.0 48520.0 48520.0 48520.0 48520.0 48530.0 48530.0 48530.0 48530.0 48540.0 48540.0 48540.0 48530.0
48590.0 48590.0 48580.0 48580.0 48570.0 48550.0 48530.0 48530.0 48530.0 48540.0 48540.0 48540.0 48530.0 48530.0 48500.0 48460.0 48400.0 48360.0 48330.0 48280.0 48270.0 48280.0 48300.0 48320.0 48340.0 48340.0 48350.0 48350.0 48360.0 48360.0 48360.0 48360.0 48370.0 48380.0 48390.0 48410.0 48420.0 48420.0 48430.0 48430.0 48440.0 48450.0 48460.0 48470.0 48480.0 48480.0 48480.0 48470.0 48460.0 48450.0 48450.0 48440.0 48440.0 48450.0
48450.0 48440.0 48430.0 48430.0 48430.0 48430.0 48430.0 48440.0 48440.0 48440.0 48440.0 48440.0 48440.0 48440.0 48430.0 48420.0 48410.0 48420.0 48420.0 48410.0 48400.0 48410.0 48420.0 48420.0 48410.0 48410.0 48410.0 48420.0 48430.0 48440.0 48450.0 48450.0 48460.0 48460.0 48470.0 48480.0 48490.0 48500.0 48510.0 48520.0 48510.0 48500.0 48500.0 48490.0 48490.0 48490.0 48480.0 48470.0 48470.0 48480.0 48490.0 48500.0 48500.0 48500.0
48500.0 48500.0 48490.0 48490.0 48480.0 48470.0 48460.0 48460.0 48450.0 48450.0 48450.0 48450.0 48450.0 48440.0 48430.0 48430.0 48430.0 48430.0 48430.0 48440.0 48460.0 48420.0 48320.0 48250.0 48180.0 48140.0 48120.0 48120.0 48130.0 48150.0 48180.0 48220.0 48260.0 48280.0 48310.0 48330.0 48350.0 48360.0 48370.0 48370.0 48380.0 48390.0 48410.0 48430.0 48460.0 48490.0 48520.0 48550.0 48570.0 48600.0 48620.0 48620.0 48620.0 48620.0
65190.0 65200.0 65200.0 65210.0 65210.0 65200.0 65200.0 65200.0 65190.0 65190.0 65180.0 65180.0 65170.0 65170.0 65160.0 65150.0 65160.0 65160.0 65150.0 65150.0 65150.0 65160.0 65170.0 65170.0 65190.0 65200.0 65210.0 65220.0 65230.0 65240.0 65250.0 65260.0 65270.0 65280.0 65290.0 65290.0 65300.0 65300.0 65310.0 65310.0 65310.0 65320.0 65320.0 65320.0 65320.0 65330.0 65330.0 65330.0 65330.0 65330.0 65330.0 65330.0 65330.0 65320.0
65280.0 65280.0 65290.0 65290.0 65290.0 65280.0 65280.0 65280.0 65290.0 65290.0 65290.0 65290.0 65290.0 65300.0 65300.0 65290.0 65290.0 65290.0 65280.0 65270.0 65260.0 65250.0 65240.0 65230.0 65220.0 65220.0 65210.0 65200.0 65200.0 65200.0 65190.0 65200.0 65200.0 65210.0 65210.0 65220.0 65220.0 65220.0 65220.0 65220.0 65220.0 65220.0 65220.0 65230.0 65230.0 65240.0 65240.0 65250.0 65250.0 65260.0 65260.0 65270.0 65280.0 65280.0
65300.0 65310.0 65310.0 65310.0 65310.0 65320.0 65320.0 65320.0 65320.0 65320.0 65320.0 65330.0 65320.0 65320.0 65310.0 65310.0 65310.0 65310.0 65310.0 65300.0 65300.0 65300.0 65300.0 65300.0 65290.0 65300.0 65300.0 65300.0 65310.0 65310.0 65310.0 65320.0 65320.0 65320.0 65320.0 65320.0 65310.0 65310.0 65300.0 65300.0 65300.0 65300.0 65290.0 65290.0 65290.0 65290.0 65290.0 65290.0 65290.0 65290.0 65290.0 65290.0 65290.0 65290.0
65300.0 65300.0 65300.0 65310.0 65310.0 65310.0 65310.0 65310.0 65310.0 65310.0 65310.0 65300.0 65300.0 65320.0 65310.0 65320.0 65320.0 65310.0 65300.0 65290.0 65290.0 65290.0 65280.0 65280.0 65280.0 65280.0 65290.0 65290.0 65290.0 65280.0 65280.0 65280.0 65280.0 65270.0 65270.0 65260.0 65250.0 65250.0 65240.0 65240.0 65240.0 65240.0 65240.0 65240.0 65250.0 65250.0 65260.0 65260.0 65270.0 65280.0 65290.0 65300.0 65310.0 65320.0
65310.0 65310.0 65310.0 65310.0 65310.0 65310.0 65310.0 65310.0 65310.0 65330.0 65330.0 65330.0 65340.0 65330.0 65330.0 65330.0 65320.0 65320.0 65320.0 65310.0 65310.0 65300.0 65310.0 65310.0 65310.0 65310.0 65320.0 65320.0 65320.0 65310.0 65310.0 65300.0 65300.0 65280.0 65270.0 65270.0 65250.0 65240.0 65240.0 65220.0 65220.0 65210.0 65190.0 65190.0 65180.0 65170.0 65170.0 65160.0 65160.0 65150.0 65140.0 65130.0 65130.0 65120.0
64200.0 64190.0 64180.0 64160.0 64150.0 64140.0 64130.0 64120.0 64110.0 64090.0 64090.0 64080.0 64080.0 64080.0 64080.0 64090.0 64100.0 64080.0 64070.0 64040.0 64020.0 64020.0 64010.0 64000.0 63990.0 63980.0 63960.0 63960.0 63940.0 63940.0 63930.0 63910.0 63890.0 63890.0 63890.0 63890.0 63890.0 63890.0 63900.0 63900.0 63900.0 63900.0 63900.0 63910.0 63920.0 63930.0 63930.0 63930.0 63930.0 63930.0 63930.0 63930.0 63920.0 63920.0
63870.0 63870.0 63880.0 63880.0 63890.0 63890.0 63900.0 63910.0 63910.0 63920.0 63930.0 63930.0 63930.0 63940.0 63950.0 63950.0 63960.0 63970.0 63970.0 63960.0 63960.0 63950.0 63950.0 63950.0 63950.0 63950.0 63960.0 63960.0 63960.0 63960.0 63960.0 63950.0 63950.0 63940.0 63940.0 63940.0 63950.0 63950.0 63950.0 63950.0 63950.0 63950.0 63940.0 63930.0 63940.0 63930.0 63930.0 63920.0 63910.0 63890.0 63880.0 63860.0 63860.0 63830.0
63800.0 63800.0 63800.0 63810.0 63810.0 63810.0 63810.0 63810.0 63810.0 63810.0 63810.0 63800.0 63790.0 63790.0 63800.0 63800.0 63790.0 63790.0 63800.0 63790.0 63780.0 63780.0 63770.0 63780.0 63780.0 63780.0 63770.0 63770.0 63770.0 63770.0 63760.0 63760.0 63760.0 63760.0 63760.0 63760.0 63750.0 63750.0 63750.0 63740.0 63730.0 63710.0 63710.0 63700.0 63680.0 63670.0 63660.0 63670.0 63660.0 63660.0 63650.0 63640.0 63640.0 63620.0
253880.0 253870.0 253870.0 253870.0 253860.0 253850.0 253850.0 253840.0 253830.0 253810.0 253800.0 253800.0 253770.0 253760.0 253770.0 253770.0 253770.0 253750.0 253730.0 253710.0 253700.0 253690.0 253680.0 253680.0 253680.0 253670.0 253660.0 253640.0 253640.0 253630.0 253620.0 253610.0 253600.0 253590.0 253570.0 253570.0 253560.0 253560.0 253560.0 253560.0 253560.0 253560.0 253550.0 253540.0 253540.0 253520.0 253520.0 253500.0 253490.0 253490.0 253490.0 253490.0 253490.0 253500.0
253390.0 253380.0 253390.0 253380.0 253370.0 253370.0 253370.0 253360.0 253360.0 253350.0 253340.0 253340.0 253330.0 253320.0 253320.0 253310.0 253320.0 253290.0 253250.0 253240.0 253230.0 253230.0 253240.0 253260.0 253280.0 253280.0 253280.0 253260.0 253250.0 253230.0 253210.0 253200.0 253190.0 253180.0 253170.0 253170.0 253160.0 253160.0 253150.0 253150.0 253140.0 253140.0 253140.0 253140.0 253140.0 253140.0 253140.0 253140.0 253140.0 253130.0 253130.0 253130.0 253130.0 253140.0
252950.0 252950.0 252950.0 252950.0 252950.0 252950.0 252950.0 252950.0 252950.0 252950.0 252950.0 252960.0 252960.0 252970.0 252970.0 252990.0 252990.0 253000.0 253000.0 253000.0 252990.0 253000.0 253000.0 253020.0 253020.0 253020.0 253030.0 253030.0 253030.0 253030.0 253030.0 253030.0 253030.0 253020.0 253020.0 253020.0 253010.0 253010.0 253010.0 253020.0 253020.0 253020.0 253020.0 253010.0 253020.0 253020.0 253010.0 253010.0 253010.0 253010.0 253010.0 253010.0 253010.0 253010.0
252000.0 251990.0 251990.0 251990.0 251980.0 251990.0 251990.0 251990.0 251990.0 251990.0 251990.0 251990.0 251990.0 251990.0 251990.0 252000.0 252010.0 252010.0 252010.0 252010.0 252010.0 252010.0 252010.0 252010.0 252010.0 252010.0 252000.0 252000.0 252000.0 251990.0 251990.0 251990.0 251990.0 251990.0 251990.0 252000.0 252000.0 252010.0 252010.0 252010.0 252010.0 252010.0 252000.0 252000.0 252000.0 251990.0 251990.0 251990.0 251970.0 251940.0 251920.0 251910.0 251900.0 251900.0
251370.0 251360.0 251360.0 251350.0 251340.0 251330.0 251330.0 251320.0 251310.0 251300.0 251280.0 251270.0 251260.0 251260.0 251260.0 251260.0 251260.0 251250.0 251250.0 251240.0 251240.0 251240.0 251230.0 251230.0 251210.0 251210.0 251190.0 251170.0 251170.0 251150.0 251140.0 251130.0 251120.0 251120.0 251110.0 251110.0 251110.0 251110.0 251100.0 251100.0 251100.0 251100.0 251110.0 251110.0 251110.0 251110.0 251110.0 251120.0 251120.0 251120.0 251120.0 251120.0 251120.0 251120.0
70450.0 70450.0 70450.0 70460.0 70470.0 70480.0 70500.0 70510.0 70520.0 70540.0 70550.0 70560.0 70560.0 70570.0 70580.0 70540.0 70520.0 70540.0 70560.0 70570.0 70570.0 70570.0 70570.0 70570.0 70570.0 70560.0 70550.0 70550.0 70550.0 70550.0 70550.0 70550.0 70550.0 70550.0 70550.0 70550.0 70550.0 70550.0 70550.0 70550.0 70560.0 70560.0 70560.0 70560.0 70550.0 70550.0 70550.0 70560.0 70560.0 70560.0 70550.0 70550.0 70540.0 70540.0
70560.0 70560.0 70560.0 70550.0 70550.0 70540.0 70540.0 70530.0 70520.0 70520.0 70470.0 70360.0 70240.0 70150.0 70100.0 70080.0 70080.0 70100.0 70130.0 70160.0 70180.0 70190.0 70200.0 70210.0 70220.0 70240.0 70250.0 70260.0 70270.0 70280.0 70290.0 70300.0 70310.0 70330.0 70340.0 70360.0 70370.0 70370.0 70370.0 70380.0 70380.0 70390.0 70390.0 70390.0 70390.0 70390.0 70390.0 70400.0 70410.0 70410.0 70410.0 70410.0 70420.0 70420.0
70400.0 70400.0 70400.0 70410.0 70410.0 70420.0 70420.0 70430.0 70430.0 70430.0 70430.0 70440.0 70450.0 70460.0 70480.0 70510.0 70520.0 70510.0 70520.0 70530.0 70530.0 70530.0 70530.0 70530.0 70540.0 70540.0 70550.0 70550.0 70550.0 70550.0 70560.0 70560.0 70570.0 70560.0 70550.0 70540.0 70530.0 70510.0 70500.0 70490.0 70490.0 70490.0 70490.0 70490.0 70480.0 70480.0 70480.0 70480.0 70480.0 70490.0 70490.0 70490.0 70490.0 70480.0
70690.0 70690.0 70700.0 70700.0 70710.0 70720.0 70730.0 70740.0 70750.0 70760.0 70760.0 70760.0 70760.0 70750.0 70750.0 70740.0 70750.0 70750.0 70730.0 70720.0 70720.0 70710.0 70710.0 70710.0 70700.0 70700.0 70700.0 70690.0 70700.0 70700.0 70700.0 70710.0 70710.0 70710.0 70710.0 70710.0 70710.0 70710.0 70710.0 70710.0 70710.0 70720.0 70730.0 70730.0 70740.0 70740.0 70730.0 70720.0 70720.0 70720.0 70730.0 70740.0 70750.0 70760.0
70670.0 70680.0 70690.0 70700.0 70710.0 70710.0 70710.0 70710.0 70710.0 70710.0 70720.0 70720.0 70730.0 70750.0 70750.0 70760.0 70780.0 70820.0 70820.0 70800.0 70780.0 70770.0 70770.0 70770.0 70770.0 70770.0 70760.0 70760.0 70760.0 70760.0 70760.0 70750.0 70760.0 70760.0 70760.0 70750.0 70740.0 70740.0 70750.0 70760.0 70770.0 70770.0 70770.0 70770.0 70770.0 70760.0 70740.0 70730.0 70720.0 70720.0 70720.0 70720.0 70720.0 70720.0
70690.0 70690.0 70690.0 70690.0 70680.0 70690.0 70690.0 70700.0 70700.0 70710.0 70710.0 70710.0 70710.0 70720.0 70720.0 70680.0 70670.0 70680.0 70690.0 70690.0 70690.0 70700.0 70700.0 70710.0 70720.0 70720.0 70720.0 70720.0 70710.0 70720.0 70720.0 70720.0 70720.0 70720.0 70720.0 70720.0 70720.0 70720.0 70720.0 70710.0 70700.0 70700.0 70690.0 70680.0 70670.0 70660.0 70660.0 70650.0 70650.0 70640.0 70630.0 70620.0 70610.0 70600.0
70600.0 70620.0 70620.0 70610.0 70610.0 70610.0 70600.0 70610.0 70620.0 70630.0 70640.0 70650.0 70660.0 70670.0 70670.0 70660.0 70670.0 70700.0 70700.0 70670.0 70660.0 70680.0 70690.0 70710.0 70710.0 70720.0 70730.0 70740.0 70760.0 70770.0 70780.0 70790.0 70800.0 70810.0 70810.0 70820.0 70810.0 70810.0 70810.0 70800.0 70800.0 70800.0 70790.0 70790.0 70790.0 70780.0 70780.0 70780.0 70780.0 70770.0 70770.0 70760.0 70760.0 70750.0
70670.0 70660.0 70660.0 70660.0 70660.0 70660.0 70660.0 70660.0 70660.0 70660.0 70660.0 70660.0 70680.0 70680.0 70690.0 70710.0 70720.0 70720.0 70710.0 70690.0 70680.0 70680.0 70680.0 70680.0 70690.0 70690.0 70690.0 70690.0 70700.0 70700.0 70700.0 70700.0 70700.0 70710.0 70700.0 70680.0 70670.0 70660.0 70650.0 70650.0 70650.0 70640.0 70640.0 70630.0 70630.0 70630.0 70630.0 70630.0 70630.0 70630.0 70630.0 70630.0 70630.0 70630.0
69120.0 69110.0 69090.0 69090.0 69090.0 69100.0 69100.0 69090.0 69090.0 69080.0 69070.0 69070.0 69060.0 69070.0 69080.0 69080.0 69100.0 69100.0 69100.0 69080.0 69060.0 69060.0 69050.0 69040.0 69030.0 69010.0 69010.0 69010.0 69010.0 69000.0 68990.0 68980.0 68980.0 68980.0 68980.0 68970.0 68970.0 68970.0 68970.0 68970.0 68970.0 68970.0 68960.0 68950.0 68940.0 68930.0 68940.0 68940.0 68950.0 68950.0 68950.0 68950.0 68950.0 68950.0
68910.0 68910.0 68910.0 68910.0 68900.0 68890.0 68890.0 68880.0 68870.0 68860.0 68850.0 68830.0 68830.0 68840.0 68840.0 68850.0 68850.0 68870.0 68880.0 68880.0 68880.0 68880.0 68870.0 68870.0 68880.0 68880.0 68890.0 68890.0 68880.0 68870.0 68870.0 68870.0 68860.0 68870.0 68870.0 68870.0 68870.0 68860.0 68860.0 68860.0 68870.0 68870.0 68870.0 68880.0 68890.0 68900.0 68910.0 68920.0 68920.0 68940.0 68960.0 68960.0 68970.0 68970.0
68990.0 68990.0 68980.0 68970.0 68950.0 68950.0 68950.0 68960.0 68980.0 68990.0 68980.0 68980.0 68980.0 68990.0 69010.0 69020.0 69030.0 69020.0 69010.0 68990.0 68980.0 68970.0 68970.0 68970.0 68970.0 68960.0 68960.0 68940.0 68920.0 68900.0 68880.0 68860.0 68850.0 68840.0 68820.0 68820.0 68820.0 68810.0 68810.0 68810.0 68820.0 68820.0 68840.0 68850.0 68850.0 68840.0 68860.0 68880.0 68920.0 68970.0 68990.0 69010.0 69040.0 69100.0
70790.0 70790.0 70800.0 70800.0 70800.0 70820.0 70830.0 70830.0 70830.0 70830.0 70840.0 70830.0 70830.0 70820.0 70810.0 70810.0 70810.0 70810.0 70810.0 70820.0 70830.0 70840.0 70840.0 70830.0 70830.0 70820.0 70820.0 70820.0 70810.0 70810.0 70810.0 70810.0 70810.0 70800.0 70810.0 70810.0 70810.0 70800.0 70800.0 70810.0 70820.0 70830.0 70840.0 70840.0 70850.0 70850.0 70850.0 70840.0 70840.0 70850.0 70860.0 70870.0 70880.0 70890.0
70810.0 70820.0 70830.0 70820.0 70810.0 70800.0 70790.0 70790.0 70790.0 70790.0 70790.0 70790.0 70790.0 70790.0 70790.0 70790.0 70810.0 70810.0 70800.0 70800.0 70800.0 70800.0 70810.0 70820.0 70830.0 70830.0 70830.0 70830.0 70820.0 70820.0 70820.0 70810.0 70810.0 70820.0 70820.0 70830.0 70830.0 70830.0 70830.0 70830.0 70830.0 70830.0 70840.0 70850.0 70860.0 70860.0 70860.0 70850.0 70860.0 70860.0 70870.0 70870.0 70870.0 70870.0
257120.0 257100.0 257100.0 257090.0 257080.0 257080.0 257070.0 257060.0 257050.0 257040.0 257040.0 257030.0 257030.0 257030.0 257030.0 257030.0 257060.0 257070.0 257060.0 257050.0 257050.0 257040.0 257040.0 257040.0 257030.0 257030.0 257030.0 257030.0 257020.0 257010.0 257010.0 257000.0 257000.0 257000.0 257000.0 257000.0 257000.0 257000.0 257000.0 257000.0 257000.0 257000.0 257000.0 257000.0 256990.0 256990.0 256980.0 256980.0 256970.0 256970.0 256970.0 256960.0 256960.0 256960.0
256250.0 256240.0 256240.0 256230.0 256220.0 256230.0 256220.0 256220.0 256210.0 256210.0 256200.0 256190.0 256190.0 256180.0 256170.0 256170.0 256160.0 256170.0 256180.0 256170.0 256140.0 256160.0 256170.0 256160.0 256160.0 256140.0 256140.0 256120.0 256120.0 256110.0 256090.0 256080.0 256070.0 256070.0 256060.0 256050.0 256040.0 256030.0 256030.0 256020.0 256020.0 256010.0 255990.0 255990.0 255980.0 255980.0 255970.0 255970.0 255960.0 255960.0 255960.0 255950.0 255950.0 255940.0
255740.0 255730.0 255730.0 255720.0 255710.0 255700.0 255690.0 255700.0 255690.0 255690.0 255680.0 255670.0 255670.0 255660.0 255650.0 255650.0 255640.0 255660.0 255600.0 255540.0 255500.0 255510.0 255520.0 255530.0 255540.0 255540.0 255530.0 255530.0 255520.0 255520.0 255500.0 255500.0 255480.0 255470.0 255460.0 255450.0 255440.0 255440.0 255430.0 255430.0 255420.0 255410.0 255410.0 255400.0 255400.0 255400.0 255390.0 255400.0 255390.0 255370.0 255360.0 255360.0 255350.0 255340.0
254800.0 254800.0 254790.0 254780.0 254780.0 254770.0 254770.0 254760.0 254760.0 254750.0 254740.0 254770.0 254730.0 254740.0 254750.0 254710.0 254710.0 254660.0 254660.0 254650.0 254640.0 254630.0 254620.0 254620.0 254610.0 254600.0 254600.0 254590.0 254580.0 254580.0 254580.0 254580.0 254570.0 254570.0 254570.0 254560.0 254550.0 254550.0 254550.0 254550.0 254550.0 254550.0 254550.0 254550.0 254550.0 254550.0 254550.0 254550.0 254550.0 254560.0 254560.0 254560.0 254560.0 254560.0
254080.0 254080.0 254080.0 254070.0 254070.0 254070.0 254070.0 254070.0 254070.0 254070.0 254070.0 254070.0 254060.0 254060.0 254060.0 254060.0 254080.0 254090.0 254090.0 254090.0 254100.0 254100.0 254090.0 254090.0 254090.0 254080.0 254080.0 254080.0 254080.0 254080.0 254080.0 254070.0 254070.0 254070.0 254070.0 254070.0 254070.0 254070.0 254070.0 254070.0 254070.0 254070.0 254070.0 254070.0 254070.0 254070.0 254070.0 254070.0 254070.0 254070.0 254070.0 254070.0 254070.0 254070.0
254070.0 254070.0 254070.0 254070.0 254070.0 254070.0 254070.0 254070.0 254070.0 254070.0 254070.0 254070.0 254070.0 254080.0 254080.0 254070.0 254080.0 254070.0 254070.0 254100.0 253970.0 253970.0 253990.0 254010.0 254040.0 254040.0 254040.0 254020.0 254020.0 254020.0 254020.0 254020.0 254020.0 254030.0 254030.0 254030.0 254030.0 254030.0 254040.0 254040.0 254040.0 254040.0 254050.0 254050.0 254050.0 254050.0 254060.0 254060.0 254060.0 254060.0 254070.0 254070.0 254070.0 254070.0
253550.0 253550.0 253550.0 253560.0 253560.0 253550.0 253550.0 253550.0 253550.0 253550.0 253550.0 253580.0 253580.0 253580.0 253580.0 253600.0 253610.0 253600.0 253590.0 253580.0 253580.0 253570.0 253570.0 253560.0 253550.0 253540.0 253540.0 253530.0 253530.0 253530.0 253530.0 253520.0 253520.0 253520.0 253530.0 253530.0 253530.0 253530.0 253530.0 253530.0 253530.0 253540.0 253540.0 253540.0 253540.0 253540.0 253540.0 253540.0 253540.0 253530.0 253530.0 253520.0 253520.0 253520.0
253540.0 253540.0 253530.0 253530.0 253520.0 253520.0 253520.0 253520.0 253510.0 253510.0 253510.0 253500.0 253500.0 253500.0 253490.0 253490.0 253500.0 253520.0 253530.0 253540.0 253530.0 253530.0 253530.0 253520.0 253520.0 253520.0 253520.0 253520.0 253510.0 253510.0 253520.0 253520.0 253520.0 253520.0 253510.0 253510.0 253510.0 253510.0 253510.0 253510.0 253510.0 253510.0 253510.0 253510.0 253520.0 253520.0 253520.0 253520.0 253530.0 253570.0 253560.0 253580.0 253590.0 253590.0
61830.0 61830.0 61830.0 61830.0 61830.0 61830.0 61830.0 61840.0 61840.0 61850.0 61850.0 61850.0 61850.0 61850.0 61850.0 61850.0 61850.0 61850.0 61850.0 61850.0 61840.0 61850.0 61860.0 61890.0 61910.0 61930.0 61930.0 61890.0 61830.0 61770.0 61720.0 61690.0 61680.0 61680.0 61680.0 61700.0 61710.0 61720.0 61720.0 61730.0 61730.0 61730.0 61730.0 61730.0 61730.0 61740.0 61740.0 61750.0 61760.0 61770.0 61780.0 61780.0 61800.0 61800.0
61870.0 61870.0 61870.0 61880.0 61880.0 61880.0 61880.0 61880.0 61880.0 61890.0 61890.0 61890.0 61890.0 61890.0 61890.0 61890.0 61890.0 61890.0 61880.0 61880.0 61880.0 61880.0 61870.0 61870.0 61870.0 61870.0 61860.0 61870.0 61890.0 61910.0 61920.0 61910.0 61900.0 61900.0 61900.0 61900.0 61900.0 61900.0 61890.0 61890.0 61880.0 61890.0 61890.0 61880.0 61880.0 61870.0 61870.0 61860.0 61850.0 61850.0 61840.0 61840.0 61830.0 61830.0
61870.0 61860.0 61860.0 61850.0 61850.0 61850.0 61840.0 61850.0 61840.0 61840.0 61840.0 61840.0 61840.0 61840.0 61830.0 61830.0 61830.0 61820.0 61820.0 61820.0 61820.0 61820.0 61820.0 61820.0 61820.0 61810.0 61810.0 61810.0 61820.0 61820.0 61820.0 61820.0 61820.0 61810.0 61810.0 61810.0 61810.0 61810.0 61820.0 61820.0 61820.0 61830.0 61830.0 61830.0 61830.0 61830.0 61830.0 61820.0 61820.0 61820.0 61820.0 61820.0 61830.0 61830.0
61850.0 61850.0 61850.0 61850.0 61850.0 61850.0 61850.0 61850.0 61860.0 61870.0 61870.0 61880.0 61870.0 61870.0 61870.0 61860.0 61860.0 61850.0 61850.0 61850.0 61850.0 61840.0 61840.0 61840.0 61840.0 61840.0 61840.0 61840.0 61840.0 61840.0 61840.0 61850.0 61860.0 61870.0 61870.0 61870.0 61870.0 61870.0 61860.0 61860.0 61850.0 61850.0 61840.0 61830.0 61830.0 61830.0 61830.0 61820.0 61820.0 61810.0 61800.0 61800.0 61800.0 61800.0
62270.0 62270.0 62270.0 62270.0 62260.0 62260.0 62260.0 62260.0 62260.0 62260.0 62260.0 62260.0 62250.0 62240.0 62240.0 62230.0 62220.0 62210.0 62220.0 62230.0 62240.0 62240.0 62240.0 62250.0 62250.0 62250.0 62250.0 62260.0 62270.0 62260.0 62260.0 62250.0 62240.0 62220.0 62210.0 62210.0 62200.0 62190.0 62190.0 62180.0 62170.0 62160.0 62160.0 62160.0 62150.0 62150.0 62150.0 62150.0 62150.0 62150.0 62160.0 62170.0 62170.0 62170.0
62170.0 62170.0 62170.0 62180.0 62180.0 62180.0 62180.0 62180.0 62170.0 62180.0 62180.0 62190.0 62190.0 62190.0 62190.0 62180.0 62180.0 62180.0 62180.0 62180.0 62180.0 62180.0 62190.0 62220.0 62250.0 62290.0 62320.0 62340.0 62340.0 62320.0 62300.0 62300.0 62320.0 62320.0 62320.0 62310.0 62300.0 62290.0 62280.0 62270.0 62250.0 62230.0 62220.0 62210.0 62190.0 62180.0 62170.0 62170.0 62170.0 62170.0 62170.0 62170.0 62160.0 62160.0
62260.0 62260.0 62270.0 62270.0 62270.0 62270.0 62270.0 62270.0 62270.0 62270.0 62270.0 62270.0 62260.0 62260.0 62250.0 62250.0 62250.0 62240.0 62240.0 62240.0 62240.0 62250.0 62260.0 62270.0 62280.0 62280.0 62280.0 62280.0 62290.0 62290.0 62280.0 62270.0 62260.0 62250.0 62240.0 62230.0 62210.0 62200.0 62200.0 62200.0 62190.0 62190.0 62190.0 62200.0 62200.0 62200.0 62200.0 62190.0 62190.0 62180.0 62180.0 62180.0 62180.0 62180.0
62410.0 62420.0 62440.0 62450.0 62460.0 62470.0 62480.0 62480.0 62490.0 62490.0 62490.0 62490.0 62500.0 62500.0 62500.0 62500.0 62500.0 62500.0 62500.0 62500.0 62500.0 62500.0 62500.0 62500.0 62500.0 62510.0 62540.0 62570.0 62580.0 62590.0 62580.0 62550.0 62530.0 62520.0 62520.0 62530.0 62530.0 62530.0 62520.0 62510.0 62490.0 62480.0 62470.0 62460.0 62450.0 62440.0 62430.0 62420.0 62420.0 62410.0 62410.0 62410.0 62410.0 62400.0
62460.0 62460.0 62460.0 62460.0 62460.0 62460.0 62460.0 62460.0 62460.0 62460.0 62460.0 62460.0 62460.0 62450.0 62380.0 62320.0 62260.0 62180.0 62150.0 62130.0 62120.0 62120.0 62130.0 62140.0 62150.0 62160.0 62170.0 62180.0 62200.0 62220.0 62250.0 62260.0 62270.0 62270.0 62280.0 62280.0 62290.0 62290.0 62310.0 62320.0 62330.0 62340.0 62360.0 62380.0 62390.0 62390.0 62400.0 62400.0 62400.0 62400.0 62410.0 62410.0 62410.0 62410.0
62660.0 62660.0 62660.0 62650.0 62650.0 62650.0 62650.0 62650.0 62640.0 62650.0 62660.0 62670.0 62680.0 62700.0 62720.0 62740.0 62780.0 62790.0 62790.0 62790.0 62770.0 62750.0 62740.0 62730.0 62720.0 62720.0 62700.0 62700.0 62680.0 62670.0 62660.0 62660.0 62650.0 62650.0 62640.0 62640.0 62630.0 62620.0 62610.0 62590.0 62590.0 62590.0 62580.0 62580.0 62580.0 62590.0 62600.0 62610.0 62620.0 62620.0 62630.0 62630.0 62640.0 62650.0
62620.0 62630.0 62630.0 62630.0 62630.0 62630.0 62630.0 62630.0 62630.0 62630.0 62630.0 62640.0 62640.0 62650.0 62650.0 62650.0 62650.0 62650.0 62650.0 62650.0 62650.0 62650.0 62640.0 62660.0 62690.0 62700.0 62720.0 62710.0 62710.0 62700.0 62690.0 62690.0 62690.0 62690.0 62690.0 62690.0 62690.0 62690.0 62690.0 62690.0 62690.0 62690.0 62680.0 62680.0 62680.0 62670.0 62670.0 62660.0 62660.0 62650.0 62650.0 62650.0 62660.0 62660.0
62690.0 62690.0 62690.0 62690.0 62690.0 62690.0 62680.0 62680.0 62670.0 62650.0 62650.0 62640.0 62640.0 62640.0 62620.0 62620.0 62630.0 62660.0 62700.0 62720.0 62710.0 62690.0 62660.0 62640.0 62610.0 62590.0 62580.0 62560.0 62550.0 62540.0 62530.0 62530.0 62530.0 62530.0 62540.0 62550.0 62560.0 62570.0 62560.0 62560.0 62550.0 62530.0 62520.0 62500.0 62470.0 62460.0 62440.0 62430.0 62410.0 62400.0 62400.0 62400.0 62400.0 62410.0
62420.0 62430.0 62430.0 62440.0 62440.0 62440.0 62440.0 62450.0 62450.0 62460.0 62460.0 62460.0 62460.0 62460.0 62460.0 62460.0 62460.0 62460.0 62460.0 62460.0 62460.0 62460.0 62460.0 62460.0 62470.0 62470.0 62460.0 62460.0 62460.0 62450.0 62470.0 62450.0 62410.0 62380.0 62360.0 62330.0 62340.0 62340.0 62350.0 62360.0 62380.0 62390.0 62400.0 62410.0 62420.0 62430.0 62430.0 62440.0 62440.0 62450.0 62450.0 62470.0 62490.0 62530.0
61470.0 61480.0 61490.0 61520.0 61510.0 61480.0 61480.0 61490.0 61490.0 61480.0 61460.0 61450.0 61450.0 61450.0 61450.0 61480.0 61530.0 61500.0 61470.0 61440.0 61430.0 61420.0 61410.0 61410.0 61410.0 61430.0 61440.0 61450.0 61450.0 61450.0 61450.0 61450.0 61440.0 61440.0 61440.0 61440.0 61440.0 61440.0 61430.0 61420.0 61420.0 61410.0 61400.0 61390.0 61390.0 61380.0 61380.0 61370.0 61370.0 61360.0 61360.0 61360.0 61350.0 61360.0
61440.0 61430.0 61420.0 61420.0 61410.0 61400.0 61390.0 61390.0 61380.0 61380.0 61370.0 61370.0 61360.0 61360.0 61360.0 61350.0 61360.0 61370.0 61370.0 61360.0 61340.0 61310.0 61270.0 61250.0 61260.0 61270.0 61280.0 61290.0 61300.0 61300.0 61310.0 61310.0 61320.0 61330.0 61330.0 61340.0 61350.0 61350.0 61360.0 61360.0 61360.0 61370.0 61360.0 61360.0 61360.0 61360.0 61360.0 61350.0 61350.0 61350.0 61350.0 61350.0 61350.0 61350.0
61320.0 61320.0 61320.0 61320.0 61310.0 61310.0 61310.0 61300.0 61300.0 61290.0 61290.0 61280.0 61280.0 61280.0 61280.0 61310.0 61340.0 61350.0 61360.0 61350.0 61320.0 61270.0 61190.0 61060.0 60940.0 60860.0 60810.0 60810.0 60820.0 60840.0 60860.0 60880.0 60890.0 60900.0 60910.0 60930.0 60940.0 60960.0 60990.0 61020.0 61050.0 61090.0 61120.0 61140.0 61160.0 61190.0 61200.0 61220.0 61240.0 61260.0 61270.0 61280.0 61300.0 61300.0
61370.0 61380.0 61380.0 61390.0 61390.0 61390.0 61390.0 61390.0 61390.0 61400.0 61400.0 61400.0 61400.0 61410.0 61410.0 61410.0 61420.0 61440.0 61460.0 61470.0 61480.0 61480.0 61490.0 61490.0 61500.0 61500.0 61500.0 61490.0 61490.0 61480.0 61480.0 61470.0 61470.0 61460.0 61450.0 61440.0 61430.0 61420.0 61420.0 61420.0 61410.0 61410.0 61400.0 61390.0 61390.0 61380.0 61370.0 61370.0 61370.0 61360.0 61360.0 61360.0 61350.0 61340.0
61320.0 61320.0 61320.0 61320.0 61320.0 61320.0 61320.0 61310.0 61310.0 61310.0 61310.0 61310.0 61310.0 61320.0 61320.0 61330.0 61330.0 61330.0 61330.0 61340.0 61350.0 61350.0 61350.0 61340.0 61310.0 61280.0 61240.0 61190.0 61150.0 61140.0 61160.0 61180.0 61200.0 61210.0 61230.0 61230.0 61240.0 61250.0 61250.0 61260.0 61270.0 61270.0 61280.0 61280.0 61290.0 61290.0 61300.0 61310.0 61320.0 61330.0 61330.0 61340.0 61360.0 61350.0
61570.0 61570.0 61560.0 61540.0 61530.0 61530.0 61520.0 61520.0 61530.0 61530.0 61540.0 61540.0 61550.0 61560.0 61560.0 61570.0 61580.0 61590.0 61590.0 61600.0 61630.0 61660.0 61690.0 61680.0 61650.0 61630.0 61620.0 61620.0 61620.0 61620.0 61610.0 61600.0 61590.0 61580.0 61570.0 61560.0 61550.0 61550.0 61550.0 61550.0 61550.0 61550.0 61550.0 61560.0 61570.0 61570.0 61560.0 61560.0 61550.0 61540.0 61530.0 61520.0 61520.0 61520.0
63480.0 63480.0 63480.0 63480.0 63480.0 63480.0 63480.0 63480.0 63480.0 63480.0 63480.0 63490.0 63490.0 63490.0 63490.0 63490.0 63490.0 63500.0 63500.0 63520.0 63540.0 63560.0 63570.0 63560.0 63560.0 63540.0 63520.0 63520.0 63530.0 63520.0 63520.0 63510.0 63500.0 63500.0 63490.0 63490.0 63480.0 63480.0 63480.0 63480.0 63480.0 63470.0 63470.0 63460.0 63460.0 63460.0 63450.0 63450.0 63450.0 63450.0 63440.0 63440.0 63440.0 63430.0
63510.0 63510.0 63510.0 63510.0 63510.0 63500.0 63500.0 63500.0 63490.0 63490.0 63490.0 63490.0 63490.0 63490.0 63490.0 63520.0 63540.0 63560.0 63570.0 63580.0 63570.0 63550.0 63530.0 63520.0 63490.0 63480.0 63480.0 63470.0 63480.0 63490.0 63490.0 63490.0 63490.0 63490.0 63490.0 63490.0 63490.0 63480.0 63480.0 63480.0 63480.0 63480.0 63480.0 63480.0 63490.0 63490.0 63490.0 63490.0 63490.0 63480.0 63480.0 63470.0 63470.0 63470.0
63440.0 63430.0 63420.0 63410.0 63410.0 63410.0 63410.0 63410.0 63410.0 63420.0 63420.0 63430.0 63430.0 63440.0 63440.0 63440.0 63460.0 63460.0 63440.0 63400.0 63360.0 63340.0 63340.0 63350.0 63370.0 63390.0 63410.0 63430.0 63440.0 63450.0 63460.0 63470.0 63470.0 63470.0 63470.0 63480.0 63480.0 63490.0 63490.0 63490.0 63490.0 63490.0 63500.0 63500.0 63510.0 63520.0 63520.0 63520.0 63530.0 63540.0 63540.0 63540.0 63540.0 63530.0
63470.0 63470.0 63470.0 63480.0 63480.0 63480.0 63480.0 63480.0 63470.0 63470.0 63460.0 63470.0 63470.0 63480.0 63480.0 63480.0 63480.0 63480.0 63470.0 63470.0 63510.0 63560.0 63590.0 63600.0 63610.0 63590.0 63580.0 63570.0 63550.0 63550.0 63540.0 63540.0 63540.0 63530.0 63530.0 63520.0 63510.0 63500.0 63500.0 63500.0 63490.0 63490.0 63500.0 63500.0 63510.0 63510.0 63510.0 63520.0 63520.0 63520.0 63530.0 63540.0 63550.0 63560.0
63790.0 63800.0 63810.0 63810.0 63820.0 63830.0 63840.0 63850.0 63850.0 63850.0 63850.0 63870.0 63870.0 63890.0 63910.0 63920.0 63950.0 64000.0 64040.0 64060.0 64070.0 64050.0 64030.0 64010.0 64000.0 63990.0 63990.0 63990.0 63990.0 63980.0 63970.0 63960.0 63940.0 63930.0 63940.0 63930.0 63930.0 63920.0 63930.0 63940.0 63940.0 63940.0 63940.0 63950.0 63960.0 63960.0 63970.0 63980.0 63980.0 64000.0 64000.0 64000.0 64000.0 64010.0
64130.0 64140.0 64150.0 64150.0 64170.0 64160.0 64170.0 64180.0 64180.0 64180.0 64190.0 64190.0 64190.0 64190.0 64200.0 64210.0 64210.0 64220.0 64220.0 64240.0 64280.0 64320.0 64340.0 64350.0 64310.0 64240.0 64150.0 64090.0 64040.0 64020.0 64030.0 64050.0 64060.0 64070.0 64080.0 64090.0 64090.0 64090.0 64090.0 64090.0 64100.0 64100.0 64110.0 64110.0 64110.0 64120.0 64120.0 64120.0 64130.0 64130.0 64140.0 64140.0 64150.0 64150.0
65190.0 65210.0 65230.0 65230.0 65220.0 65210.0 65200.0 65190.0 65190.0 65190.0 65190.0 65200.0 65200.0 65210.0 65210.0 65220.0 65230.0 65270.0 65310.0 65360.0 65380.0 65390.0 65380.0 65370.0 65350.0 65340.0 65330.0 65320.0 65300.0 65280.0 65260.0 65250.0 65250.0 65250.0 65250.0 65260.0 65260.0 65270.0 65270.0 65260.0 65270.0 65270.0 65270.0 65280.0 65280.0 65290.0 65290.0 65290.0 65280.0 65270.0 65260.0 65260.0 65250.0 65250.0
53980.0 53980.0 53990.0 53990.0 53980.0 53980.0 53980.0 53980.0 53990.0 53980.0 53990.0 53990.0 53990.0 54000.0 54000.0 54000.0 54000.0 54010.0 54010.0 54010.0 54020.0 54040.0 54060.0 54080.0 54090.0 54080.0 54050.0 54030.0 54020.0 54000.0 54000.0 53990.0 53980.0 53980.0 53970.0 53970.0 53970.0 53970.0 53970.0 53970.0 53970.0 53970.0 53970.0 53970.0 53970.0 53970.0 53980.0 53990.0 54000.0 54000.0 54000.0 54000.0 54000.0 54000.0
54150.0 54150.0 54150.0 54150.0 54150.0 54140.0 54130.0 54130.0 54130.0 54140.0 54140.0 54140.0 54130.0 54130.0 54130.0 54120.0 54120.0 54120.0 54110.0 54110.0 54110.0 54100.0 54100.0 54110.0 54140.0 54140.0 54140.0 54130.0 54120.0 54110.0 54110.0 54110.0 54120.0 54120.0 54120.0 54130.0 54130.0 54130.0 54130.0 54130.0 54130.0 54130.0 54130.0 54130.0 54130.0 54130.0 54130.0 54130.0 54130.0 54130.0 54120.0 54120.0 54120.0 54120.0
54100.0 54100.0 54100.0 54090.0 54090.0 54090.0 54080.0 54080.0 54070.0 54070.0 54060.0 54060.0 54060.0 54060.0 54060.0 54070.0 54070.0 54070.0 54080.0 54080.0 54090.0 54090.0 54100.0 54100.0 54100.0 54110.0 54110.0 54110.0 54120.0 54130.0 54140.0 54150.0 54180.0 54200.0 54210.0 54210.0 54190.0 54160.0 54150.0 54160.0 54170.0 54170.0 54170.0 54170.0 54170.0 54170.0 54160.0 54160.0 54150.0 54150.0 54140.0 54140.0 54140.0 54140.0
54120.0 54120.0 54120.0 54120.0 54120.0 54120.0 54110.0 54110.0 54110.0 54110.0 54110.0 54110.0 54110.0 54110.0 54100.0 54100.0 54100.0 54110.0 54130.0 54140.0 54140.0 54130.0 54130.0 54120.0 54120.0 54110.0 54110.0 54110.0 54110.0 54120.0 54120.0 54120.0 54110.0 54120.0 54130.0 54140.0 54150.0 54150.0 54150.0 54150.0 54150.0 54150.0 54140.0 54140.0 54130.0 54130.0 54130.0 54130.0 54140.0 54140.0 54140.0 54140.0 54140.0 54140.0
54480.0 54480.0 54500.0 54500.0 54510.0 54520.0 54520.0 54530.0 54540.0 54540.0 54550.0 54560.0 54560.0 54570.0 54580.0 54580.0 54590.0 54610.0 54620.0 54620.0 54640.0 54660.0 54660.0 54670.0 54680.0 54680.0 54710.0 54730.0 54760.0 54800.0 54830.0 54840.0 54840.0 54810.0 54810.0 54810.0 54810.0 54810.0 54820.0 54810.0 54820.0 54810.0 54810.0 54810.0 54800.0 54800.0 54790.0 54790.0 54790.0 54790.0 54780.0 54790.0 54780.0 54790.0
55620.0 55630.0 55640.0 55650.0 55650.0 55660.0 55670.0 55680.0 55690.0 55700.0 55700.0 55700.0 55700.0 55700.0 55700.0 55700.0 55700.0 55710.0 55710.0 55710.0 55700.0 55700.0 55690.0 55680.0 55680.0 55700.0 55710.0 55720.0 55720.0 55710.0 55700.0 55700.0 55700.0 55700.0 55710.0 55720.0 55730.0 55730.0 55730.0 55730.0 55730.0 55740.0 55740.0 55740.0 55750.0 55750.0 55750.0 55760.0 55760.0 55760.0 55760.0 55760.0 55760.0 55760.0
55790.0 55810.0 55810.0 55830.0 55850.0 55850.0 55870.0 55880.0 55890.0 55880.0 55890.0 55900.0 55900.0 55900.0 55900.0 55910.0 55910.0 55920.0 55920.0 55920.0 55920.0 55920.0 55920.0 55910.0 55900.0 55900.0 55890.0 55890.0 55900.0 55910.0 55930.0 55940.0 55930.0 55930.0 55920.0 55920.0 55910.0 55910.0 55910.0 55910.0 55920.0 55920.0 55920.0 55930.0 55930.0 55930.0 55940.0 55940.0 55940.0 55950.0 55950.0 55950.0 55960.0 55960.0
56540.0 56530.0 56530.0 56530.0 56520.0 56520.0 56520.0 56530.0 56540.0 56550.0 56560.0 56550.0 56560.0 56560.0 56570.0 56580.0 56580.0 56590.0 56600.0 56600.0 56610.0 56610.0 56620.0 56650.0 56730.0 56780.0 56790.0 56770.0 56720.0 56680.0 56650.0 56640.0 56650.0 56660.0 56680.0 56690.0 56710.0 56720.0 56730.0 56730.0 56740.0 56740.0 56740.0 56740.0 56740.0 56740.0 56730.0 56730.0 56730.0 56730.0 56730.0 56730.0 56730.0 56730.0
63400.0 63390.0 63390.0 63390.0 63390.0 63390.0 63390.0 63390.0 63380.0 63370.0 63370.0 63380.0 63400.0 63410.0 63420.0 63440.0 63430.0 63430.0 63430.0 63420.0 63410.0 63420.0 63430.0 63430.0 63440.0 63440.0 63450.0 63440.0 63440.0 63430.0 63430.0 63430.0 63430.0 63440.0 63440.0 63440.0 63440.0 63440.0 63430.0 63430.0 63420.0 63420.0 63420.0 63410.0 63410.0 63410.0 63420.0 63420.0 63420.0 63420.0 63420.0 63430.0 63430.0 63430.0
63420.0 63420.0 63420.0 63420.0 63420.0 63420.0 63420.0 63420.0 63420.0 63420.0 63420.0 63420.0 63430.0 63430.0 63440.0 63460.0 63490.0 63490.0 63480.0 63450.0 63420.0 63400.0 63370.0 63360.0 63350.0 63340.0 63330.0 63330.0 63330.0 63340.0 63350.0 63370.0 63380.0 63390.0 63410.0 63420.0 63430.0 63440.0 63450.0 63460.0 63470.0 63480.0 63490.0 63500.0 63510.0 63510.0 63510.0 63510.0 63510.0 63510.0 63500.0 63500.0 63500.0 63500.0
63430.0 63430.0 63420.0 63410.0 63400.0 63390.0 63390.0 63380.0 63380.0 63370.0 63370.0 63370.0 63360.0 63340.0 63340.0 63360.0 63370.0 63380.0 63370.0 63370.0 63360.0 63360.0 63350.0 63350.0 63350.0 63360.0 63360.0 63370.0 63370.0 63380.0 63380.0 63380.0 63390.0 63390.0 63400.0 63410.0 63410.0 63420.0 63420.0 63430.0 63430.0 63430.0 63430.0 63430.0 63430.0 63430.0 63430.0 63430.0 63440.0 63440.0 63440.0 63440.0 63440.0 63440.0
63480.0 63470.0 63460.0 63460.0 63460.0 63460.0 63460.0 63460.0 63450.0 63450.0 63440.0 63440.0 63440.0 63460.0 63460.0 63460.0 63460.0 63470.0 63450.0 63440.0 63420.0 63410.0 63410.0 63410.0 63440.0 63460.0 63470.0 63480.0 63490.0 63490.0 63490.0 63490.0 63500.0 63500.0 63490.0 63500.0 63500.0 63500.0 63490.0 63490.0 63490.0 63480.0 63480.0 63480.0 63480.0 63480.0 63480.0 63480.0 63480.0 63480.0 63480.0 63480.0 63480.0 63480.0
63410.0 63410.0 63410.0 63400.0 63390.0 63380.0 63380.0 63370.0 63370.0 63370.0 63370.0 63370.0 63360.0 63370.0 63380.0 63390.0 63390.0 63380.0 63370.0 63370.0 63380.0 63380.0 63390.0 63390.0 63390.0 63390.0 63390.0 63380.0 63380.0 63380.0 63390.0 63390.0 63390.0 63400.0 63400.0 63410.0 63420.0 63420.0 63420.0 63420.0 63420.0 63410.0 63400.0 63400.0 63400.0 63400.0 63400.0 63410.0 63410.0 63420.0 63420.0 63420.0 63420.0 63410.0
