0.078605 0.04955557 0.04930413 0.06546387 0.0659266 0.06571233 0.06793026 0.05979541 0.04988823 0.003209916 -0.01715849 -0.02552502 -0.004468626 0.0305675 0.07040571 0.07256799 0.06267659 0.02277568 -0.01584441 -0.04354652 -0.002215644 0.02019037 0.0100232 0.02756315 0.04750544 0.04163641 0.03888748 0.08626897 0.1250047 0.1296319 0.1037548 0.02367494 -0.02600758 -0.01727597 -0.02236482 -0.00692668 0.01384184 0.02104263 0.03433016 0.01061288 -0.006637625 0.00806493 0.007694348 0.01950764 0.02315332 0.03836058 0.04530926 0.04528589
0.06453963 0.02371454 -0.0437673 -0.05670094 -0.02965684 0.009514028 0.05530992 0.07438464 0.01555727 -0.02591243 -0.008576157 0.02299477 0.0458755 0.03448885 0.01857227 -0.002453261 0.01234572 0.007864418 -0.01135379 -0.03548091 -0.05173339 -0.04908929 -0.04415922 -0.05696205 -0.04952551 -0.05932296 -0.06212356 -0.05285173 -0.05649809 -0.06065339 -0.04467526 -0.02789149 -0.04979308 -0.05584412 -0.04542413 -0.03674378 -0.06766161 -0.07234638 -0.09228684 -0.1021053 -0.09015917 -0.07147038 -0.0643831 -0.05768282 -0.06195977 -0.06486171 -0.0704463 -0.07498252
-0.0704463 -0.07498252 -0.06512844 -0.07311761 -0.07944929 -0.07643323 -0.07028136 -0.06659339 -0.07222255 -0.0727502 -0.06570868 -0.05697178 -0.03889899 -0.03273553 -0.05033787 -0.06361225 -0.05594651 -0.04515627 -0.05589904 -0.05043295 -0.04834976 -0.04547612 -0.04483362 -0.04518783 -0.04669192 -0.04896824 -0.04426746 -0.02055046 -0.007269227 -0.009511737 -0.01459343 -0.02264429 -0.03157181 -0.04432349 -0.04491724 -0.03924179 -0.03710316 -0.02962737 -0.02217894 -0.01401099 -0.01703817 -0.02103739 -0.01557987 -0.008754354 0.01384634 0.03182928 0.03269886 0.01996281
0.02103765 0.008368893 -8.66e-05 -0.004792221 -0.01102982 -0.01676109 -0.01900768 -0.02813737 -0.03109694 -0.03711107 -0.01783483 -0.01167371 -0.007378077 -0.00297505 -0.002660849 -0.01257729 -0.02144476 -0.02894199 -0.03224078 -0.02695464 -0.02605684 -0.02388356 -0.02223598 -0.0213095 -0.01819462 -0.006017895 0.000483155 -0.005675407 -0.02196672 -0.02514298 -0.01229081 -0.02582934 -0.009137332 -0.0151773 0.001165017 0.01476843 0.03597706 0.05516034 0.05643148 0.05059295 0.04101154 0.01805734 0.01432051 0.006698661 0.009554069 0.00931996 0.01062308 0.001311401
0.01137842 0.01150999 0.01989471 0.02072351 0.01902581 0.0129011 0.01181038 0.000156873 -0.0199443 -0.02330013 -0.02010933 0.01584495 0.02499988 0.02706154 0.01598565 -0.003509995 -0.01400867 -0.02373082 -0.0263718 -0.02587561 -0.01166574 -0.006992489 -0.01305897 -0.006867324 0.002383453 0.001260596 0.01465362 0.02304802 0.0223968 0.01465901 0.007895173 0.002872894 -0.002832093 -0.01096816 -0.01475179 -0.0165631 -0.003060863 0.0164111 0.03398291 0.04000302 0.03167799 0.0240387 0.003127503 -0.000640737 -0.01064578 0.002832972 0.02156931 0.03232254
0.05941927 0.06554474 0.06189997 0.05403924 0.03401886 0.02731008 0.004558266 0.001950051 0.003626838 0.01127125 0.01775045 0.03174086 0.03639451 0.03585024 0.03658896 0.03551108 0.03656757 0.03995375 0.04660627 0.05058065 0.04066976 0.02269116 0.01409528 0.0182482 0.02292003 0.03708295 0.03500061 0.02277909 0.01651095 0.01264984 0.01481679 0.01254328 0.008699352 0.01894196 0.0170678 0.01896163 0.01160588 0.001364582 0.01003387 0.0223203 0.04829107 0.04747787 0.04487472 0.04598503 0.05334681 0.06367759 0.06648684 0.06018566
-5.490092e-05 0.02803049 0.03401688 0.03209671 0.03377431 0.03722129 0.04047211 0.04102548 0.02955452 0.02347249 0.04964633 0.08182029 0.05764511 0.03443401 0.05119072 0.07071207 0.08264674 0.0763685 0.08435752 0.09297312 0.08949748 0.08974715 0.076071 0.080215 0.05032801 0.06511013 0.04122157 0.02105157 0.01603882 0.03007022 0.04871256 0.06822854 0.1072581 0.1009049 0.1117383 0.1160892 0.1162329 0.1098524 0.1461986 0.1197507 0.09984617 0.1030798 0.1203375 0.09386984 0.09194414 0.09245582 0.07967255 0.06522408
0.01868315 0.008630702 0.01036479 0.02199945 0.04333388 0.05563346 0.05273803 0.04532215 0.06674424 0.09533896 0.07506031 0.06622779 0.08427591 0.07980525 0.08214434 0.06458288 0.08331894 0.1119962 0.1455308 0.1606271 0.1555657 0.1504934 0.1708566 0.177018 0.1725273 0.1645564 0.1573557 0.1529557 0.1661312 0.210966 0.2104064 0.2146403 0.2124425 0.2036657 0.1797043 0.1807428 0.1808515 0.190253 0.1837249 0.1711561 0.1253766 0.122245 0.1147277 0.1178671 0.1889836 0.2087214 0.2038081 0.1560031
-0.07525698 -0.07099096 -0.07130215 -0.07049952 -0.07476539 -0.06760961 -0.05982233 -0.06219212 -0.05323233 -0.05965211 -0.07326273 -0.07410391 -0.07233702 -0.07196766 -0.0727874 -0.08591226 -0.09177617 -0.08682299 -0.077824 -0.07082153 -0.06448145 -0.06559318 -0.06878698 -0.07307535 -0.07567716 -0.06872004 -0.0706961 -0.05728242 -0.04998793 -0.0468968 -0.04788759 -0.07782507 -0.0881594 -0.08952227 -0.08374818 -0.07527572 -0.06919534 -0.0593965 -0.05336896 -0.05726014 -0.05330016 -0.04679738 -0.04025101 -0.03596466 -0.03043322 -0.03344113 -0.04556615 -0.03044218
-0.0617816 -0.05653369 -0.05948581 -0.06675421 -0.07566017 -0.07938293 -0.0878767 -0.08609302 -0.0763238 -0.05937394 -0.0519004 -0.04849734 -0.05338162 -0.06737513 -0.07188231 -0.08253706 -0.08222148 -0.07328501 -0.06131551 -0.06114806 -0.06839782 -0.06914906 -0.07903802 -0.08118425 -0.07759556 -0.06927782 -0.07575535 -0.07848231 -0.08115508 -0.0764172 -0.07287781 -0.0699498 -0.06242021 -0.05720143 -0.05152884 -0.04123938 -0.03849405 -0.04661798 -0.06150599 -0.06950408 -0.07500145 -0.07322635 -0.07273296 -0.0714654 -0.07000982 -0.06588314 -0.05499484 -0.05415269
-0.05446145 -0.03838502 -0.03044582 -0.02771187 -0.0323396 -0.04765652 -0.05632524 -0.05334276 -0.05543463 -0.05679353 -0.06373396 -0.06680252 -0.0744577 -0.07436027 -0.07812915 -0.07792852 -0.07806633 -0.07351919 -0.06493866 -0.05685528 -0.05097171 -0.0548621 -0.05959058 -0.06171474 -0.06137941 -0.05570207 -0.05731446 -0.05784079 -0.05760148 -0.06163219 -0.06525901 -0.0585381 -0.0580613 -0.05468013 -0.05108812 -0.04939851 -0.05783055 -0.05684838 -0.05568603 -0.05557637 -0.06498989 -0.06941742 -0.06442971 -0.05288252 -0.05766499 -0.0641316 -0.06072668 -0.05817319
-0.05833049 -0.0630971 -0.06665977 -0.07211629 -0.06488111 -0.0595819 -0.05677428 -0.05979614 -0.06876417 -0.07220668 -0.07810924 -0.07177299 -0.06956965 -0.06713428 -0.0581444 -0.04502631 -0.04715784 -0.0500124 -0.04547073 -0.04025174 -0.04382129 -0.03430045 -0.03972009 -0.0483228 -0.05189204 -0.0552661 -0.05748382 -0.06109638 -0.0625156 -0.05434055 -0.05293208 -0.05741377 -0.05558733 -0.04482621 -0.04240063 -0.03552012 -0.03534724 -0.04155924 -0.04534308 -0.04520707 -0.04331647 -0.04257551 -0.04050117 -0.03762237 -0.02883708 -0.02910989 -0.03842025 -0.03447461
-0.08091722 -0.06714185 -0.05337177 -0.03429848 -0.02862697 -0.02687183 -0.0291798 -0.03417588 -0.03960744 -0.03186947 -0.03854347 -0.03998831 -0.03783994 -0.03451503 -0.03411206 -0.03352899 -0.03361256 -0.03614269 -0.04324984 -0.0395628 -0.03394152 -0.03794201 -0.0376524 -0.03517227 -0.03335635 -0.03226215 -0.03111606 -0.03189293 -0.02977852 -0.02342077 -0.02572757 -0.02707422 -0.03161111 -0.03411483 -0.02883107 -0.02594973 -0.03170426 -0.0320575 -0.03535307 -0.03365828 -0.03548608 -0.03960919 -0.04335779 -0.04098986 -0.03123427 -0.03278789 -0.0266693 -0.02639097
-0.004043254 -0.002254704 -0.00459173 -0.001409749 0.0004378816 0.001295716 0.001737959 0.007841993 0.01530831 0.007977061 0.006464756 0.002617107 0.002586505 0.001467728 0.00148313 0.003038584 0.001089492 5.60111e-05 0.00182239 -0.0006826873 0.2050083 0.3548381 0.1075808 -0.07793579 -0.168743 -0.1826776 -0.1568542 -0.0529505 0.002666192 0.008457751 0.005428897 0.009340412 0.009362684 0.00775897 0.007061854 7.403791e-05 -9.618583e-05 0.003578712 -0.002229007 -0.004856452 -0.001936419 0.005245222 0.006272828 0.003562639 -0.001068951 0.0003431378 -0.002831138 -0.002758542
0.01218063 0.01204381 0.01187013 0.0100961 0.008317956 0.0001986601 -0.004785151 -0.003611367 -0.003157094 -0.004381925 0.002559793 0.0001230693 -0.005035383 -0.003465431 -0.001983025 -0.003804549 -0.008215484 -0.004740989 -0.002926071 -0.002440515 -0.001464652 0.000204558 -0.0003322935 1.392218e-05 0.01072702 0.6932605 0.5238364 -0.09550644 -0.2728224 -0.338757 -0.2817042 -0.2125177 -0.1289838 -0.0635926 -0.02007295 -0.004284829 8.243611e-05 -0.0007478915 -0.008420467 -0.01558213 -0.01553048 -0.01507709 -0.01797319 -0.01403482 -0.001414963 -0.004211693 -0.007864227 -0.01531003
0.0207367 0.02585568 0.02717513 0.02351386 0.02643749 0.01538815 0.007333532 0.005755649 0.005244544 0.005707633 0.01390653 0.310801 0.5091519 0.2842312 -0.138775 -0.1465505 -0.04770862 -0.01552527 0.01575192 0.01943722 0.02528284 0.02758852 0.03339858 0.03390604 0.03186626 0.01886845 0.005847493 -0.003449892 -0.01040053 -0.007316201 -0.002378562 -0.001321681 0.005282282 0.00448887 0.006934307 0.00629979 0.002590926 0.0005055286 0.0006809467 -0.0005463978 -0.0006611368 -0.003232806 0.0002593575 0.002862247 0.00193397 0.006405414 0.002237479 -0.00301768
0.01755814 0.01576873 0.01609209 0.01287408 0.01933939 0.02095684 0.02071635 0.01832099 0.01611681 0.009671021 0.006796685 0.1105824 0.8017846 0.5693567 0.1390278 -0.1080325 -0.2558423 -0.213392 -0.1376348 -0.06035868 0.002805102 0.007227224 -0.002453052 -0.01380032 -0.0233616 -0.02720488 -0.03001003 -0.02457573 -0.01487373 -0.004604461 0.008577619 0.007658618 0.004916393 -0.002239053 -0.01118625 -0.001950663 -0.006317189 -0.008875855 -0.01179733 -0.009210007 0.004521524 0.001299569 0.005002122 0.004236874 0.007814131 0.004350088 0.003083616 -0.006963716
-0.00117284 0.001348091 0.006941039 0.006973064 0.006153687 0.007313902 0.006602128 0.006984522 -0.00412847 -0.009287649 -0.003886573 0.005491391 0.008199856 0.3463362 -0.1125628 -0.1994346 -0.1399147 -0.08481569 -0.02205976 -0.01616431 -0.01216906 -0.01348016 -0.01632486 -0.02081632 -0.02410774 -0.01842462 -0.01174971 -0.009851527 -0.01127921 -0.007674918 -0.01060896 -0.01176608 -0.01604869 -0.02043184 -0.02108726 -0.0257365 -0.02419407 -0.01837916 -0.01841602 -0.009349045 0.0001116029 0.006273373 -0.007482986 -0.006121902 -0.007896375 0.0003355644 0.006245397 0.00315069
0.006245397 0.00315069 0.003297723 -0.01118339 -0.0164315 -0.007433079 -6.61991e-05 0.005846674 0.00787144 0.01625835 0.01260714 0.002677061 0.05027294 0.5244981 0.2604247 -0.0009946908 -0.1565624 -0.1917245 -0.1556281 -0.08874886 -0.01538356 0.001745229 0.01537955 0.02356946 0.01944189 0.01242191 0.005271958 -0.002570647 -0.004001872 -0.004628513 -0.008595058 -0.008600923 -0.005201521 -0.004880907 -0.005066664 -0.005712649 -0.008374901 -0.01208026 -0.01590109 -0.01835507 -0.01744821 -0.01920764 -0.01318197 -0.01005884 -0.009172334 -0.003257465 -0.004479059 -0.002472458
-0.01886699 -0.02239849 -0.02909408 -0.03371247 -0.03004266 -0.02791595 -0.02951442 -0.0291457 -0.01862547 -0.004555695 0.0004663103 0.006728518 0.2706751 0.3695658 -0.2076564 -0.2074259 -0.03047792 0.003522656 0.01384713 0.01422597 0.008837553 -0.0007567311 -0.0123976 -0.01297202 -0.008121514 -0.005286418 0.0003901139 0.003447683 0.008483529 0.007275576 0.005737836 0.007062395 0.008510545 0.0006381971 -0.003203353 -0.01169198 -0.01600496 -0.01621828 -0.01517675 -0.01090842 -0.01396178 -0.01628312 -0.01312198 -0.02074339 -0.0187018 -0.01320943 -0.009256866 -0.009847002
0.01003689 0.006631526 0.008624527 0.01014806 0.003105825 0.00792988 0.01087856 0.01006544 0.0131813 0.0110707 0.00925833 0.01480095 0.01223432 0.01830119 0.4281097 0.351995 0.07932267 -0.1575394 -0.1890626 -0.1476007 -0.1022037 -0.05860844 -0.03120344 -0.00927023 0.004226675 0.01077955 0.0135562 0.01696286 0.02161486 0.01893614 0.01510877 0.01714783 0.01499415 0.007874556 0.0003213928 -0.002077574 0.001162654 0.003795826 0.01609093 0.02904752 0.02462156 0.02067951 0.02050829 0.02543217 0.03031046 0.02291883 0.02042614 0.02413981
0.06663147 0.08214234 0.1080437 0.08605707 0.08412588 0.09048156 0.1089398 0.09302373 0.09026649 0.08487946 0.08689021 0.08826052 0.05053178 0.05089494 0.06728973 0.06650417 0.5193307 0.4288093 -0.007127454 -0.1062429 -0.1795634 -0.09999681 -0.05159577 -0.01508822 -0.007766673 0.005117358 0.01052845 0.03478483 0.07458934 0.06634163 0.06266431 0.05572773 0.0587247 0.07306818 0.09217551 0.09662235 0.07636791 0.08874688 0.07144765 0.07059879 0.07158752 0.08233871 0.08431245 0.07295191 0.07528179 0.06977793 0.07928445 0.08501653
0.08507201 0.08369952 0.07759237 0.1131936 0.1088261 0.09638214 0.0775713 0.07620414 0.1102235 0.09958175 0.08868707 0.07422788 0.08513363 0.08971801 0.1029216 0.1111061 0.133892 0.6905819 0.3917529 0.07183449 -0.03592775 -0.03311896 -0.01831803 -0.01654431 -0.00239599 0.03865381 0.03702888 0.05811967 0.0663713 0.07603368 0.08572093 0.09051775 0.08257213 0.07079247 0.04086795 0.04541674 0.03684955 0.05106536 0.05441427 0.08128885 0.08754387 0.07824529 0.07354199 0.06448509 0.04774672 0.03647401 0.03455159 0.03507213
0.076662 0.03782799 0.01588521 0.0120309 0.01201696 0.02507552 0.03364864 0.04193097 0.04603041 0.04072856 0.03543425 0.03766686 0.04625449 0.03743321 0.03612266 0.04546278 0.04234762 0.04881452 0.6036754 0.3787071 -0.02195484 -0.2161692 -0.2228786 -0.1344497 -0.06459519 -0.03711239 -0.01450122 0.02181098 0.04322119 0.04924867 0.05519291 0.04595688 0.04735488 0.0594178 0.06080369 0.05583543 0.06948829 0.08220632 0.07585387 0.08431697 0.07971486 0.07860119 0.0654762 0.06330479 0.05859918 0.05541589 0.07136563 0.0806068
0.05473506 0.03987005 0.02676964 0.04585575 0.06271496 0.0833834 0.09742256 0.1145625 0.1227466 0.1125656 0.09540992 0.03767459 0.01608376 0.01818977 0.02010089 0.01481092 0.009007446 0.00456675 0.007892092 0.03322862 0.03889219 0.03789055 0.06294994 0.07894116 0.05931137 0.07411868 0.06370342 0.05287638 0.06829265 0.07361802 0.07904664 0.09287658 0.1039644 0.1229857 0.1286838 0.1220473 0.1099979 0.0779952 0.1048839 0.08240081 0.04394318 0.04073139 0.0555886 0.06470943 0.05809513 0.05287417 0.04458642 0.05484543
0.0584595 0.05420629 0.06227518 0.06223886 0.07106182 0.08215076 0.1034289 0.1044408 0.08333771 0.08972663 0.09287013 0.1072383 0.1231292 0.4767245 0.142153 -0.01743996 -0.1105725 -0.1545921 -0.1087851 -0.03868839 0.008640477 0.04445742 0.0986931 0.1027574 0.08866694 0.06512062 0.05026922 0.06038066 0.06692398 0.07842346 0.09551783 0.09852709 0.1066824 0.05731905 0.05512439 0.04819395 -0.003678476 -0.01002567 0.07075514 0.1057094 0.09858938 0.0675103 0.06512158 0.0891382 0.08940416 0.08937655 0.08946212 0.08088277
0.08013067 0.06495751 0.06189779 0.07479134 0.08004773 0.06104318 0.07170007 0.05448531 0.05972406 0.07216048 0.04052513 0.02396093 0.01003249 0.04761322 0.0953234 0.0967604 0.06355915 0.04081462 0.02196647 0.005443697 -0.4278772 -0.2119819 0.03411546 0.2423961 0.2395039 0.1953474 0.1551651 0.08223174 0.07022583 0.0653467 0.06567282 0.05126258 0.06077554 0.07672984 0.07958278 0.07780677 0.07121409 0.04952351 0.04454903 0.07428937 0.09119723 0.0864114 0.09031967 0.09681798 0.0881146 0.09287467 0.1029244 0.1139398
0.1315068 0.1101784 0.1402151 0.1452563 0.1359559 0.1192999 0.1114337 0.1199784 0.1126643 0.113371 0.1195649 0.1063986 0.08108612 0.1121935 0.1200804 0.1383617 0.1465194 0.1214345 0.1032382 0.06512772 -0.4716412 -0.5544772 -0.2892736 0.07938462 0.3231428 0.3857644 0.3608955 0.2920184 0.1938291 0.09903339 0.06587328 0.05363711 0.06548936 0.08347423 0.07772861 0.07061059 0.06217259 0.05652452 0.08703005 0.1113552 0.1078474 0.0886541 0.08049151 0.04711647 0.02386492 0.02744804 0.03434489 0.07333987
0.05743183 0.06553531 0.05159711 0.08194243 0.08165181 0.1014239 0.06211238 0.08453522 0.04457237 0.02745432 0.0247016 0.04699082 0.03945206 -0.2045077 -0.04278616 0.06198728 0.1702694 0.1943764 0.1911053 0.2041403 0.1491148 0.07222211 0.02460834 0.006003862 0.03612562 0.035588 0.01083682 0.03257395 0.06321453 0.1079575 0.06065708 0.01874529 0.02760585 0.05784536 0.06296839 0.06622743 0.0587809 0.05832712 0.06350103 0.07469928 0.07139914 0.09025363 0.06128538 0.1141411 0.1021633 0.07977914 0.07366487 0.06871983
0.07788932 0.06962304 0.07361047 0.04764247 0.0747827 0.09456749 0.1068168 0.09788714 0.1209374 0.1008262 0.08889573 0.08444867 0.101708 0.105819 0.08011563 0.05828362 -0.2116321 -0.07832633 0.08184358 0.1540868 0.1936322 0.2134371 0.2307622 0.1607476 0.1078037 0.07724807 0.03669042 0.03842754 0.02796526 0.05352016 0.06207393 0.08893301 0.1031989 0.116794 0.1291549 0.06864027 0.03897512 0.06717107 0.07634035 0.09493252 0.1074881 0.09816407 0.1003004 0.1273839 0.1224043 0.08394615 0.02263185 0.03315195
0.06463234 0.0670382 0.04044619 0.04507719 0.08380071 0.07620257 0.05836901 0.03275988 -0.01565537 -0.008167573 0.03294769 0.03292792 0.06469709 0.05529804 0.05776605 0.04374385 0.04927242 0.07532766 0.07431261 -0.4910197 -0.5896398 -0.1226799 0.1728394 0.2681783 0.2457061 0.1611651 0.1043235 0.08627154 0.03388276 0.03398576 0.04307579 0.0711174 0.06528202 0.02179773 0.03141502 0.06199086 0.09353358 0.07069165 0.08862942 0.1150677 0.08029268 0.08754319 0.1075255 0.1243359 0.1228671 0.1461694 0.1501321 0.1570672
-0.05128533 -0.04542287 -0.0516734 -0.05616007 -0.0591619 -0.07200398 -0.07590219 -0.07050525 -0.0777955 -0.0809558 -0.08407433 -0.07577412 -0.07762122 -0.08782691 -0.09281989 -0.08528209 -0.08533037 -0.2711906 -0.1126446 -0.03709308 0.01031178 0.02729001 0.0233275 -0.007485893 -0.02929955 -0.04609393 -0.04507064 -0.05021858 -0.04984698 -0.05730271 -0.06419826 -0.05663486 -0.05137521 -0.05199136 -0.04922718 -0.049881 -0.05233039 -0.05963185 -0.06006444 -0.06550858 -0.06787697 -0.06708371 -0.06896392 -0.06572699 -0.06160469 -0.05895121 -0.05865278 -0.05734558
-0.06618476 -0.07370675 -0.07363483 -0.06748058 -0.06540852 -0.05494244 -0.04962571 -0.05155324 -0.05255685 -0.05790625 -0.05379597 -0.0657824 -0.3481765 -0.08965389 0.03999819 0.1170326 0.1125662 0.08857719 0.000457426 -0.04506991 -0.07904982 -0.08665069 -0.08173186 -0.0673303 -0.05170705 -0.0425619 -0.04246558 -0.04367909 -0.04832976 -0.05101744 -0.048578 -0.04467144 -0.03950937 -0.03578291 -0.03929949 -0.04975048 -0.04714238 -0.05188686 -0.0558002 -0.05305405 -0.04751362 -0.04912874 -0.04941559 -0.05016284 -0.04621353 -0.0496302 -0.05355456 -0.05792899
-0.06366656 -0.0592406 -0.06365593 -0.0680282 -0.07156916 -0.06929648 -0.06361387 -0.06068452 -0.0577647 -0.1272704 -0.1842381 -0.07653546 0.0001427604 0.01407231 0.01354185 -0.003428109 -0.01656243 -0.03163002 -0.04327996 -0.05566503 -0.05824183 -0.06217396 -0.06398885 -0.06261445 -0.05381149 -0.05122859 -0.04603191 -0.04365602 -0.04430363 -0.04761827 -0.05271239 -0.04991649 -0.04709413 -0.05294009 -0.05680768 -0.05429025 -0.05457527 -0.06092045 -0.05768375 -0.06081614 -0.0570248 -0.05031521 -0.04733988 -0.05161677 -0.04984122 -0.05242981 -0.05453181 -0.04590409
-0.05295251 -0.04947467 -0.05006328 -0.05468018 -0.05736006 -0.05864815 -0.05148704 -0.05311847 -0.05680057 -0.05174936 -0.04649628 -0.05176917 -0.25911 -0.4954202 -0.1733907 -0.06296436 0.06646621 0.107004 0.09359244 0.07285574 0.03258374 0.001762173 -0.04265826 -0.06690505 -0.08163971 -0.1026366 -0.1036911 -0.09510563 -0.08492209 -0.0704234 -0.05873338 -0.04936981 -0.04319146 -0.04049993 -0.04471108 -0.0495531 -0.0511751 -0.05761728 -0.06644581 -0.07181554 -0.0774792 -0.07254412 -0.0651129 -0.06009344 -0.06268813 -0.06239609 -0.07073633 -0.06351779
-0.06447144 -0.06810652 -0.06888755 -0.06625443 -0.06186427 -0.0574774 -0.05562372 -0.06340107 -0.07030123 -0.2994418 -0.2022966 -0.08083424 0.007348465 0.03016889 0.02253339 -0.005152453 -0.03248831 -0.0710263 -0.07960502 -0.07681386 -0.07560982 -0.0722507 -0.06773728 -0.06472139 -0.07307011 -0.06988852 -0.05565646 -0.03266334 -0.03969526 -0.0471094 -0.0587111 -0.06595843 -0.05787772 -0.05273184 -0.05587212 -0.05401428 -0.05606898 -0.0537194 -0.05673026 -0.04584202 -0.04732795 -0.06726901 -0.06439165 -0.05584144 -0.04510959 -0.03973945 -0.03069261 -0.03579822
-0.05493268 -0.04784271 -0.05300531 -0.06081175 -0.07101651 -0.07172164 -0.08234411 -0.07918836 -0.06830315 -0.0680542 -0.04959901 -0.03097352 -0.5170927 -0.3330758 -0.04534098 0.08735443 0.1259203 0.144514 0.1131529 0.03970626 0.01473345 -0.02682892 -0.07298073 -0.1190621 -0.1308525 -0.1166234 -0.1073234 -0.08743907 -0.06783529 -0.06893506 -0.06196363 -0.06717446 -0.06086612 -0.06731001 -0.06555818 -0.06623075 -0.06531802 -0.06013191 -0.05532557 -0.04989025 -0.0466654 -0.03586289 -0.03413588 -0.04755265 -0.05230629 -0.05227115 -0.04503073 -0.04398938
-0.06826346 -0.06097389 -0.05756104 -0.06729677 -0.07597276 -0.06587008 -0.06214771 -0.05896022 -0.05549655 -0.04509726 -0.0366793 -0.02053392 -0.03408864 -0.4339369 -0.2599948 -0.06627398 0.04778187 0.09024464 0.07973933 0.06220525 0.04175916 0.0147543 -0.01134879 -0.02263699 -0.03374364 -0.04367593 -0.04197893 -0.05039402 -0.06171127 -0.0580281 -0.05783811 -0.05269355 -0.03987047 -0.02432308 -0.02916623 -0.03823673 -0.04089105 -0.0832991 -0.09382694 -0.08114138 -0.08450949 -0.09006163 -0.09851859 -0.09368099 -0.08274543 -0.07834288 -0.08130394 -0.07474485
-0.05898818 -0.05260293 -0.05645026 -0.05658578 -0.04463914 -0.04295595 -0.03927482 -0.04245759 -0.05040234 -0.05687834 -0.06243952 -0.06299609 -0.05816285 -0.5011925 -0.44779 -0.06172703 0.1227229 0.132046 0.09405848 0.05962825 -0.005473434 -0.04245765 -0.06685656 -0.07995366 -0.08973362 -0.08358558 -0.08123752 -0.07680316 -0.0617816 -0.05653369 -0.05948581 -0.06675421 -0.07566017 -0.07938293 -0.0878767 -0.08609302 -0.0763238 -0.05937394 -0.0519004 -0.04849734 -0.05338162 -0.06737513 -0.07188231 -0.08253706 -0.08222148 -0.07328501 -0.06131551 -0.06114806
-0.02570036 -0.02453163 -0.02279833 -0.02266899 -0.02258518 -0.03167357 -0.03676828 -0.04334827 -0.04644191 -0.03063488 -0.01732833 0.3139617 -0.04367348 -0.1339194 -0.08169004 -0.0526235 -0.04036309 -0.02054522 -0.02767262 -0.03984413 -0.04855412 -0.08090888 -0.09325416 -0.08138497 -0.06318048 -0.06065167 -0.05318405 -0.03936977 -0.01993173 -0.007707601 -0.001285544 -0.002262323 -0.006231854 -0.01812967 -0.01828361 -0.01755149 -0.01123246 -0.01279927 -0.02132878 -0.02819689 -0.02684565 -0.024856 -0.01996862 -0.01004284 -0.00872275 -0.009213611 -0.02102772 -0.02900123
-0.01548559 0.001957994 0.01572886 0.02502742 0.03228857 0.02847813 0.01938039 0.008426098 0.001896738 -0.01152014 -0.02228817 -0.02305897 -0.007598156 0.01007517 0.03395612 0.4419999 0.5749021 0.2770873 -0.07765562 -0.1974562 -0.2291543 -0.2004422 -0.1585616 -0.111476 -0.06325132 -0.01592014 -0.005130436 0.008647121 0.01981016 0.01641946 0.007957213 -0.01010992 -0.01690874 -0.01792385 -0.0242196 -0.0227069 -0.01459351 -0.005372752 -0.001251753 0.01098552 0.01052378 0.02212473 0.03740533 0.03643964 0.008837546 -0.0270644 -0.0434913 -0.05328025
-0.05067626 -0.04687921 -0.04650543 -0.04616913 -0.04582407 -0.03673631 -0.03734675 -0.04361355 -0.05032244 -0.06067754 -0.06272288 -0.05232699 -0.03787098 -0.009534074 0.2686494 0.1575082 0.006170642 -0.09809719 -0.06115153 -0.05306987 0.0008135745 0.01840519 0.02609151 0.002047591 -0.006955124 -0.01247571 0.003724792 -0.01050145 -0.02159991 -0.02265401 -0.01162974 -0.007631323 -0.008550211 -0.01401198 -0.02480179 -0.03342403 -0.03713347 -0.02688862 -0.01710087 -0.0133025 -0.02350955 -0.0369225 -0.03786235 -0.02923882 -0.03186931 -0.04115669 -0.04279587 -0.03606664
-0.1180142 -0.1100371 -0.09786115 -0.06032515 -0.03560551 -0.02819434 -0.02120676 -0.02588974 -0.03656053 -0.04434924 -0.04760908 -0.06343673 -0.06972137 -0.06183269 -0.03947949 0.1158056 0.2381276 0.06395716 -0.06282582 -0.1385785 -0.1390854 -0.1212734 -0.09837332 -0.07453685 -0.05411198 -0.04029525 -0.03042666 -0.02487234 -0.01361599 -0.008465691 -0.005934015 -0.005906374 -0.008604511 -0.01150678 -0.01882396 -0.01155815 0.002567067 -0.001190553 -0.03513775 -0.02275565 0.002357029 0.01969346 0.003430931 0.007356659 0.005766413 -0.00340242 -0.01720649 -0.02477
-0.002752662 0.001387996 0.004438038 0.01987009 0.02121441 0.01614052 0.002290764 -0.01050238 -0.01220983 -0.0154632 -0.01702959 -0.01503014 -0.007139769 0.00494654 0.0171833 0.1758005 0.1353853 0.007150516 -0.07464322 -0.1068368 -0.09072724 -0.05601277 -0.03535544 -0.01943134 0.0007456004 0.008806634 0.02020147 0.03715093 0.04396839 0.03272412 0.02295359 0.01776537 0.004145174 -0.002955631 -0.004127956 -0.004768263 -0.01028873 -0.002696099 -0.01295656 -0.01430225 -0.01697171 -0.01056318 -0.004048561 -0.002392058 -0.0007891955 -0.003952322 -0.01143036 -0.02879154
-0.05386245 -0.04834821 -0.0107052 -0.005286152 0.002292163 -0.005251171 -0.01754484 -0.03389158 -0.04702679 -0.06485973 -0.04387896 -0.02356192 -0.01335164 0.05709972 0.6276177 0.176019 0.04274796 -0.05998324 -0.1257124 -0.1561708 -0.1511054 -0.1139604 -0.1065969 -0.0898222 -0.06125059 -0.01994266 0.01149618 -0.004451558 0.002743411 0.03970912 0.03434277 0.03270452 0.01483319 0.02390898 0.02053027 0.02106193 0.03991794 0.03233805 0.007369827 0.02049255 0.01206134 0.02700554 0.02669713 0.02945279 0.01168744 0.03067451 0.02948662 0.03724093
0.02948662 0.03724093 0.0385512 0.02794117 0.03056717 0.03796478 0.03343336 0.04334012 0.093108 0.8244886 0.9277892 0.437301 0.05476728 -0.166586 -0.2082268 -0.1971364 -0.1338705 -0.07467355 -0.05942961 -0.02425067 -0.002168749 0.0350293 0.03414704 0.02655649 0.004047866 -0.02613792 -0.03626013 -0.02916357 -0.00619481 0.001393687 -0.009852547 -0.00303405 -0.003618954 0.01613566 0.005402761 -0.01671982 -0.0110241 0.003482913 -0.01564567 -0.02697915 -0.06006156 -0.0586867 -0.03320482 -0.01738753 -0.006097537 0.001973913 0.01849214 0.01727549
-0.04754932 -0.03407862 -0.04110622 -0.02366482 -0.006302665 -0.007351837 0.009856591 0.01724477 0.01882848 0.01822518 0.02290422 0.007125253 0.02564752 0.01520152 0.3116671 0.18441 0.04122095 -0.04805573 -0.08468986 -0.09912094 -0.0791252 -0.06235393 -0.0511121 -0.04111843 -0.03719024 -0.03590725 -0.05498521 -0.03118006 -0.03979217 -0.0215854 0.0008853651 0.02404087 0.03105873 0.04853273 0.05625949 0.08631157 0.05665109 0.03580603 0.03320143 -0.00158858 0.01810706 0.009248062 0.01671822 0.0243948 0.02278291 0.01751843 0.006620714 0.0190642
0.01373908 0.002712617 -0.01052639 -0.02354274 -0.01840737 -0.005621385 -0.003972191 0.005209321 0.01326717 0.0247181 0.0326746 0.04748549 0.04175009 0.05511092 0.05757675 0.06049546 0.129254 0.1698569 0.09297315 -0.01194356 -0.03059367 -0.03642455 -0.02252796 -0.01782349 4.418596e-06 0.01144561 0.01943558 0.01853735 0.02982886 0.03948107 0.03374297 0.01751195 0.002692292 0.008365232 0.02008928 0.01232333 0.01006064 -0.02801231 -0.007718442 -0.003214872 0.004147596 0.00043396 0.0205452 0.02627988 0.03126864 0.02406207 0.01026731 0.004953375
0.0697742 0.07296056 0.07510842 0.02126655 -0.003814221 -0.01735306 -0.01845875 -0.009095591 0.01205129 0.03469108 0.02677866 0.2424208 0.3852919 0.1991417 0.02392647 -0.09597747 -0.1159536 -0.1079291 -0.1135418 -0.05915191 -0.0379978 -0.006203845 0.0330662 0.04073906 0.02088703 0.01272555 0.0168856 0.004100044 0.007034025 -0.01027817 -0.0180719 -0.02213646 -0.01026178 -0.02362341 -0.01781144 -0.006557413 0.004014956 0.007983215 0.01425834 0.01064349 0.01101565 0.001777577 0.01571902 0.02909441 0.02684347 0.04149071 0.0301317 0.01500494
0.01704995 0.0127663 0.02391589 0.01863134 0.02312558 0.03201099 0.01201347 0.01076831 -0.001566372 0.0178862 0.01495993 0.02656675 0.3887138 0.5764762 0.2863588 0.04500108 -0.1232527 -0.1921973 -0.1691111 -0.1492013 -0.1058663 -0.065177 -0.01438528 0.008315333 0.03508342 0.04030429 0.03511067 0.02275853 0.03816583 0.01084504 0.01808201 0.02126028 0.01347932 0.01590713 0.02035857 0.02659785 0.01144604 0.03078358 0.05013385 0.05291354 0.06664573 0.06387229 0.06911471 0.06754189 0.05359257 0.04273654 0.03932843 0.0384767
0.004970931 0.01838203 -0.01256115 -0.01858201 -0.02077193 -0.001338012 0.002089452 0.04655336 0.04407415 0.05470128 0.02483729 0.01227237 0.003246396 -0.001508803 -0.008966061 0.008240165 0.05394874 0.3752114 0.3688678 0.1529801 0.01179033 -0.05846345 -0.07378084 -0.0846254 -0.08357525 -0.07363356 -0.04243639 -0.04012883 -0.03528402 -0.01847178 0.007437322 -0.02093698 -0.004154393 -0.005368924 -0.0007600641 0.02175172 0.03606507 0.007691823 0.003546568 0.01304773 0.01517881 0.01662283 0.03536306 0.01467485 -0.01208047 0.002153265 0.02247154 0.02007934
0.06075004 0.06303912 0.05889521 0.04326059 0.02493357 0.02555622 0.02799194 0.02211242 0.02449986 0.06395172 0.4291026 0.2981312 0.1244124 0.02831611 -0.04104732 -0.04515241 -0.02699559 6.49268e-05 0.03281905 0.02796681 -0.002702235 -0.009094112 0.03869219 0.04636921 0.02753351 0.03139082 0.03357198 0.04885603 0.05660684 0.01473186 0.01401675 0.02261738 0.02897299 0.06001903 0.05533683 0.06334484 0.0515776 0.03458724 0.02392351 0.02424829 0.01696084 0.01028676 0.01033038 0.003199763 0.004678392 -0.003354951 -0.01006308 0.0002718203
-0.02817862 -0.03081085 -0.01487357 -0.03290952 -0.02888368 -0.01843973 -0.02526636 -0.02334555 -0.02295513 -0.0180171 -0.0073106 -0.006159798 -0.01227677 -0.1466825 -0.1012958 -0.001632162 0.09002706 0.09574832 0.1002805 0.1000205 0.09790026 0.08876827 0.08601569 0.07312496 0.04292388 0.02215662 0.0354817 0.009263837 -0.008732154 0.003046605 0.02167688 0.05600271 0.06755883 0.06541238 0.05828088 0.04964761 0.03731483 0.03786109 0.05939469 0.01137235 0.01318831 0.01575961 0.02323139 0.01360448 -0.0004702903 -0.007952242 -0.009156086 -0.01688579
0.08231632 0.09528776 0.08545873 0.07509562 0.0580771 0.05290847 0.03133477 0.006083214 -0.01061183 -0.009685733 -0.008498498 -0.001362136 -0.005224693 -0.003657382 -0.01741843 -0.0256 -0.01709313 -0.02230482 -0.3336832 -0.1573709 -0.03004054 0.06069271 0.1088312 0.1219351 0.1122919 0.08560812 0.05540242 0.000249784 -0.0185653 -0.03487024 -0.04322713 -0.03438793 -0.00674743 0.0006263017 0.007269964 0.02027879 0.02353556 0.01443245 -0.0005145415 0.001756971 0.01915752 0.02826014 0.04573733 0.04282646 0.04749809 0.06363224 0.04254647 0.02880077
0.04731448 0.04253371 -0.0002305852 -0.04807756 -0.02778108 0.01288067 0.02068969 0.04330291 0.06031632 0.04458828 0.01067215 0.02185946 0.03550422 -0.1869509 -0.1222734 0.004201916 0.04537767 0.08220484 0.07999647 0.07019476 0.05611243 0.01742958 0.01571348 0.009036746 0.004024831 -0.02596257 -0.02513519 -0.04363137 -0.02748871 -0.01701014 -0.0231104 -0.03048476 -0.02364644 -0.03562758 -0.01879047 -0.02224226 0.00646815 0.01253078 0.01849478 0.0376784 0.03995838 0.02841026 0.01313806 0.01051957 -0.008472566 -0.01079631 -0.02748672 -0.11121
0.03763524 0.03814631 0.02645831 0.01382829 0.04264287 0.06205378 0.06377272 0.03208688 0.03661026 0.01907554 0.02379081 0.03992296 0.04707525 0.05363747 0.04952283 0.05892 0.04436347 0.03722577 0.03101704 -0.2984525 -0.1297477 0.02749703 0.08718698 0.1195441 0.1285909 0.129083 0.1146675 0.102002 0.03798495 0.007781133 0.008354653 0.02773642 0.0287921 0.02688563 -0.00488524 0.003228262 0.02193637 0.01788519 0.03164426 0.02908964 0.007796786 0.03659668 0.05002515 0.05529765 0.05168647 0.02795325 0.0190015 0.009593925
0.02921389 0.05565468 0.006516933 0.02036907 0.05593714 0.03849629 0.002533074 1.788674e-05 0.01446058 0.009134672 0.005481489 -0.005378248 -0.006944853 -0.02526513 -0.2397028 -0.5109119 -0.1249434 0.08388529 0.2116798 0.1610657 0.1174763 0.07439055 0.04217462 0.0175631 0.007966097 0.006946535 0.03389107 0.03671649 0.01992764 0.0136886 0.01533144 0.01548727 0.008746311 0.01439556 0.02897462 0.004501509 0.005392976 -0.02014885 -0.01801423 -0.005261186 -0.008509283 -0.02498998 -0.02085261 -0.0176523 -0.01887118 0.0004757123 0.004303092 -0.02097783
-0.01525121 -0.01286995 -0.008983817 -0.006727312 -0.00655897 -0.006664886 -0.007705814 -0.002187042 -0.003786991 -0.005639242 -0.008429503 -0.008362762 -0.01113953 -0.009464144 -0.008773902 -0.08010079 -0.4644724 -0.2381179 0.07848699 0.16493 0.1186746 0.07063252 0.01214367 -0.01983221 -0.03675639 -0.03386456 -0.02806148 -0.02034057 -0.01091727 -0.002939072 0.002465809 0.0004826658 -0.001083472 -0.004718326 -0.008593832 -0.01351598 -0.0214258 -0.02521168 -0.02860602 -0.02809009 -0.03071655 -0.03219506 -0.03558844 -0.02893248 -0.02786546 -0.02624445 -0.02747043 -0.03000646
-0.01906133 -0.02053558 -0.01882364 -0.01434042 -0.01092113 -0.008748774 -0.00495558 -0.003264719 -0.001399733 -0.003156979 -0.007570568 -0.003286635 -0.00398583 -0.00999927 -0.0170245 -0.0190543 -0.01752936 -0.3888164 -0.6146778 -0.2090847 0.1019205 0.1651628 0.1468755 0.1149134 0.05839952 0.005187702 -0.01914489 -0.02141517 -0.02509521 -0.02372177 -0.02793816 -0.02736031 -0.02217023 -0.0269927 -0.02478689 -0.02099683 -0.01696597 -0.006237357 -0.0003671766 -0.001982747 -0.005778024 -0.009699011 -0.0128036 -0.02085073 -0.02231243 -0.02042279 -0.02137962 -0.02255706
-0.02770659 -0.02510355 -0.0125848 -0.01032497 -0.005072764 -0.0009959246 0.0004246348 0.003096034 0.0005118544 -0.003820509 -0.003390682 -0.006320818 -0.007532465 -0.01372851 -0.02091839 -0.0187977 -0.01692086 -0.2412078 -0.7501921 -0.3891408 -0.05568083 0.1894877 0.2189873 0.1672996 0.09723655 0.03028561 -0.02407542 -0.04734408 -0.04499082 -0.03052629 -0.01855963 -0.009419876 -0.01152917 -0.01492705 -0.01482184 -0.000426349 0.004771755 0.004518826 0.0006295231 -0.005251157 -0.01043799 -0.01113288 -0.01080418 -0.01569964 -0.01420072 -0.009706928 -0.002753678 -0.001335897
0.001538258 0.002769149 0.007090888 0.001131556 -0.002950999 -0.001633125 -0.002229223 -0.003100344 -0.006746651 -0.1054048 -0.5403723 -0.00502159 0.1406067 0.1123266 0.02171881 -0.02013791 -0.008836771 0.006200475 0.003650533 -0.003365443 -0.01658114 -0.01125317 -0.001059615 0.00841786 0.01421758 0.0203268 0.009986208 0.005927939 0.005053872 0.008117183 0.01571542 0.01149179 0.004719529 -0.0008149563 -0.005417712 -0.006224088 -0.002628202 0.0001796228 0.003902142 0.006109891 0.01036863 0.01248706 0.006661589 0.001597392 -0.002273598 -0.006720471 -0.003074922 0.001247899
-0.02159886 -0.0171677 -0.004215274 0.007837315 0.01683912 0.01295663 0.02005501 0.01775775 0.01340137 0.002482431 -0.005378641 -0.002393958 -0.004648113 -0.005851238 -0.009683236 -0.2989552 -0.1696608 0.01496723 0.06937496 0.08509236 0.07129127 0.04582001 0.02369661 0.006070374 0.000696127 -0.004211396 -0.008465908 -0.007272652 -0.006442829 -0.008210048 0.005091378 0.0048026 0.0009367596 0.003183433 0.005983321 0.009228794 0.007030483 0.002930227 -0.002890503 0.0007286899 -0.0005907223 -0.006950437 0.0005299536 0.01134185 0.007302319 0.01669347 0.01049192 0.019987
0.007952565 0.006775428 -0.001104355 -0.001712053 -0.002791144 -0.002676023 0.0032003 0.01202983 0.0185738 0.02360529 0.02281615 0.02295486 0.02545593 0.02654859 0.0281106 0.02619977 0.0188218 0.01210524 -0.7417527 -0.301743 0.1097175 0.2690273 0.2564363 0.06431868 -0.006683657 -0.01305967 0.009612692 0.01133586 0.008532812 0.01377751 0.02494872 0.009435641 -0.001367118 -0.01138669 -0.01399431 -0.005652892 -0.001327285 0.00262159 0.003707811 0.002811992 0.01176605 0.01437602 0.01876138 0.02287489 0.02299334 0.02254584 0.02621926 0.02194135
0.02055955 0.02155714 0.02218617 0.01877343 0.01856547 0.0185129 0.02026162 0.02139956 0.02032369 0.02716378 0.03062571 0.02197042 -0.2088696 -0.5083241 -0.1650593 0.1198677 0.2385828 0.2546898 0.1928174 0.1359056 0.07611146 0.02860328 -0.004467594 -0.007002027 -0.01150343 -0.0148985 -0.003763965 0.0002802037 0.008327233 0.01151029 0.01187069 0.01336686 0.01618537 0.02827634 0.03211585 0.0329685 0.02778937 0.02415445 0.0157977 -0.0001326595 -0.020501 -0.03817885 -0.0514819 -0.04599922 -0.0284412 -0.003735125 0.02173285 0.05390507
0.02173285 0.05390507 0.05975119 0.06279295 0.05423048 0.04578697 0.03452073 0.03198979 0.03952359 0.04172717 0.02960243 0.02870039 0.03261872 0.03844472 0.04634478 0.04914767 -0.2881603 -0.6144114 -0.2887643 0.3379147 0.3773034 0.3283463 0.2267628 0.141118 0.05259588 -0.07097811 -0.06470842 0.0003947947 0.02338748 0.04239244 0.04576798 0.06779012 0.06311874 0.06320953 0.03093234 0.02708521 0.0272116 0.03629476 0.04234784 0.04186587 0.04103447 0.0367219 0.03778706 0.0455653 0.04381517 0.03088821 0.01965769 0.004657147
0.0002359799 0.009109068 0.02123273 0.02181412 0.02217317 0.02518952 0.03405293 0.05182336 0.06233692 0.05548417 0.04418866 0.0423881 0.03883216 0.03792597 0.02613779 0.0203341 0.02095205 0.02619904 0.02918646 0.02988369 0.1248009 0.3393663 0.3526289 0.1637274 -0.01113537 -0.4003812 -0.4403365 -0.3712774 -0.3001541 -0.132284 -0.03181996 0.07240747 0.08319119 0.05021114 0.003548485 -0.03537953 -0.06906724 -0.06376762 -0.0498865 -0.05963005 -0.02857902 0.03747966 0.05698369 0.06007094 0.0389877 -8.475049e-05 -0.03333481 -0.04376129
0.01185828 0.008396796 0.007355896 0.01337174 0.02003931 0.01230731 0.004140215 -0.00691357 -0.01699149 -0.0183256 -0.01577916 -0.01677909 -0.007234362 -0.002363469 -0.003767336 -9.993118e-05 -0.003574646 -0.01097111 -0.0163717 -0.01835824 -0.01981465 -0.01521464 -0.009066931 -0.001831054 0.0647098 0.3269694 0.1902723 -0.06706772 -0.1929365 -0.1994904 -0.2035872 -0.07993039 -0.06559501 -0.08456603 -0.08962589 -0.1364544 -0.1739879 -0.1486264 -0.09206945 -0.07679383 -0.05664084 -0.01832612 -0.01478781 -0.02585238 -0.02580828 -0.0213798 -0.022753 -0.02853009
-0.009149681 -0.01217764 -0.01691294 -0.02028607 -0.0212175 -0.02392326 -0.02262096 -0.03285016 -0.02886603 -0.02040477 -0.02475912 -0.006516167 -0.01783717 -0.02039655 -0.007131231 -0.004139998 -0.009962652 -0.007297253 -0.01650116 -0.04164587 -0.05739131 -0.06038326 -0.04776248 -0.05103121 -0.03796282 -0.02279828 -0.01388853 0.03031668 0.01441943 -0.00786985 -0.05588361 0.00398894 -0.03631697 -0.0494139 -0.08031853 -0.1045745 -0.115559 -0.09473789 -0.06604493 -0.03841849 -0.03497926 -0.01182162 -0.02384107 -0.03170617 -0.02424562 -0.02095267 -0.01025099 -0.01692417
-0.00657179 0.004338094 0.0005152965 -0.008924914 -0.01983036 -0.03781492 -0.05061691 -0.03159765 -0.02391046 -0.009032235 0.002950782 -0.0006336718 -0.01442113 -0.02486891 -0.0306018 -0.01785567 0.0005307837 -0.004530162 0.002949774 0.004187268 -0.001807014 -0.006179826 0.08163235 0.06160277 0.04449757 -0.03148461 -0.06671188 -0.1473438 -0.1828502 -0.1547339 -0.09651873 -0.09583433 -0.1238577 -0.07785662 -0.03203485 -0.04385698 -0.05624827 -0.06607015 -0.05325764 -0.03571441 -0.02121922 -0.008445342 0.002872842 -0.001040956 -0.03755556 -0.04057084 -0.05006411 -0.0415855
0.03069885 0.04112922 0.04512701 0.04377958 0.04321309 0.03823161 0.04113628 0.03922055 0.03319302 0.02256123 0.004417522 -0.004005921 0.01283343 0.06634533 0.1165006 0.06531446 0.07043661 -0.04425418 -0.1218356 -0.09449991 -0.1692904 -0.2161032 -0.2115302 -0.1484894 -0.07289376 -0.007720144 0.01581963 0.0304129 0.01952427 0.01811239 0.01099203 0.02683408 0.03507187 0.0181789 -0.01269055 -0.03058713 -0.02774421 -0.005342678 -0.001096228 -0.003059919 0.008239922 0.0121551 0.0172733 0.03002627 0.03671 0.03527384 0.01503778 -0.004465435
0.01698555 0.0325534 0.03436768 0.01572645 0.004071035 -0.03541619 -0.009378734 0.02701959 0.04193434 0.04508615 0.04575611 0.0436806 0.02093027 0.005207211 -8.255502e-05 0.004182511 0.005078045 0.006564558 0.02009238 0.156108 0.2324873 0.3296888 0.286058 0.03498175 -0.2615334 -0.5010813 -0.4735667 -0.3861553 -0.1727453 -0.05881007 -0.0001834553 -0.004702708 -0.005670815 -0.002250327 -0.01086333 -0.02543556 -0.04314026 -0.05291459 -0.05574225 -0.05098432 -0.03879176 -0.03098836 -0.0122116 -0.02832203 -0.06751804 -0.05650453 -0.04127244 -0.03576368
0.006915588 -0.01735679 -0.0212057 -0.04059304 -0.05009281 -0.04699601 -0.04082903 -0.02982295 -0.04085343 -0.04942947 -0.06321473 -0.0560083 -0.04508608 -0.03650203 -0.03013097 -0.02600514 -0.01967137 0.00218123 0.173364 0.05989571 0.0007438966 -0.07999404 -0.1725852 -0.2273759 -0.2127751 -0.1551955 -0.1030671 -0.05193157 -0.0360957 -0.005633871 -0.003594265 -0.00815826 -0.01684634 -0.02390432 -0.01780029 -0.001192106 0.008014742 -0.008794894 -0.021188 -0.01430327 -0.02633896 -0.03072572 -0.03348723 -0.02624083 -0.01057513 0.006431308 0.0304034 0.01335438
0.03730579 0.02204817 -0.00195101 -0.01115531 0.004276685 0.008248982 0.02744622 0.03209365 0.02302689 0.005280372 0.00526595 0.007204111 0.01674119 0.03019448 0.02488508 0.02998304 0.04338093 0.04138811 0.02725423 0.009561945 -0.001293007 -0.006782 0.01092148 0.07397768 0.512616 0.2731569 0.02153897 -0.1928793 -0.2188408 -0.329706 -0.3128505 -0.226772 -0.0418701 0.03577894 0.02907714 0.03740016 0.02193067 -0.0002929726 -0.01518102 -0.01641391 -0.01456531 -0.006099311 -0.01203038 -0.0294127 -0.03337041 -0.03708605 -0.02663183 -0.01958145
-0.007159609 0.004774087 0.01197075 0.02131121 0.02561409 0.02292581 0.01808883 0.004839937 -0.001710737 -0.001989435 0.0002809102 0.0002588143 0.2451362 0.6840122 0.4624717 0.01155655 -0.1639424 -0.226564 -0.2776562 -0.2010981 -0.07084578 -0.003590434 0.0677553 0.1226701 0.1116592 0.05167718 0.01217786 -0.05007669 -0.06967941 -0.07085934 -0.06089954 -0.06485068 -0.08724621 -0.1132616 -0.1224462 -0.09461202 -0.05275025 0.005851055 0.01823238 0.03934769 0.02437461 0.009915137 -0.00572355 -0.01412207 -0.01607488 -0.01814144 -0.007854647 0.0003941176
-0.0163241 -0.01215553 0.002042238 0.002080821 0.003460533 -0.006460833 -0.02170322 -0.02046926 0.002387728 0.01517994 0.02623524 0.02850638 0.02426349 0.02514884 0.06276554 0.2070014 0.09742722 -0.02622938 -0.1299503 -0.1717266 -0.1304628 -0.07078945 -0.03722353 -0.04858632 -0.02732689 -0.02352281 -0.01264513 -0.03213077 -0.02581899 0.003171549 0.04291006 0.05071204 0.02027181 0.002006794 -0.002423858 -0.01374052 -0.01578484 -0.008740792 0.006757235 0.005924582 0.004258513 0.01927146 0.03494445 0.03057788 0.02084142 -0.04287328 -0.04437376 -0.03064569
-0.01088459 -0.03194022 -0.036109 -0.04421591 -0.0568794 -0.05115002 -0.0430482 -0.05758688 -0.06119559 -0.05956572 -0.02823811 -0.01386784 -0.01688205 -0.01607667 -0.02160321 -0.02953021 -0.03526397 -0.03647316 -0.02578742 -0.0246861 -0.02769039 -0.01561292 0.1743838 0.06874207 -0.01297624 -0.1327629 -0.1846884 -0.1836501 -0.1679071 -0.112641 -0.0502996 -0.009038392 0.005910275 -0.0006263999 -0.01559784 -0.03167554 -0.03458286 -0.0388645 -0.04182087 -0.04020085 -0.04332601 -0.03499219 -0.02300923 -0.01979528 -0.02341559 -0.03455974 -0.03595402 -0.02582544
0.00303266 -0.003464248 -0.01434982 -0.02331294 -0.03096766 -0.03322281 -0.03379651 -0.03593468 -0.02215688 -0.014492 -0.01022089 -0.02717504 -0.03853408 -0.0455749 -0.03793585 0.113843 0.2858304 0.0926775 -0.1780516 -0.2602798 -0.3234461 -0.2891549 -0.2078521 -0.1347825 -0.0769579 -0.05901103 -0.06083294 -0.07260559 -0.1030432 -0.09122722 -0.07778426 -0.04837674 -0.02483985 -0.003697497 0.007137151 0.005326624 -0.01007173 -0.01984566 -0.03688886 -0.04188719 -0.03727577 -0.04306221 -0.04732781 -0.03188299 -0.01025444 0.007313134 0.02421316 0.01738925
-0.008981334 -0.00759638 -0.002097681 0.008550334 0.02000218 0.02194485 0.01600671 0.01004113 0.006486069 0.01086782 0.0192315 0.01925866 0.02516826 0.02665935 0.0275842 0.02236682 0.02394945 0.01522977 0.01344258 0.02243539 0.02342839 0.02545179 0.02638044 0.03505699 0.03654568 0.04040377 0.04050961 0.04357986 0.1928367 0.4134141 0.311105 0.1295115 -0.1721292 -0.3094254 -0.2740841 -0.1847537 -0.03170488 0.03330469 0.00396543 -0.02972861 -0.04022635 0.0002370972 0.009147441 -0.0282056 -0.03871419 -0.02996142 -0.02684448 -0.02787543
0.02238007 0.03276493 0.01070408 -0.2544168 0.09519213 0.2057973 0.1266623 -0.007425498 -0.004393567 0.0154308 0.03474103 0.06853439 0.06820755 0.07142009 0.02926248 -0.01092434 -0.02966641 0.1698764 0.1397433 0.002164485 -0.01035033 0.008034487 0.03249113 0.00537251 -0.007348523 -0.007352775 0.01806312 0.04444775 0.05786701 0.06783769 0.06386661 0.04312264 0.0206802 0.007008174 0.0009865279 -0.009730431 -0.02161902 -0.03031118 -0.02704976 -0.03431333 -0.0223267 0.004262875 0.02182977 0.02041645 0.00906792 -0.007552612 -0.01122823 -0.01499016
-0.02161902 -0.03031118 -0.02704976 -0.03431333 -0.0223267 0.004262875 0.02182977 0.02041645 0.00906792 -0.007552612 -0.01122823 -0.01499016 -0.007259387 0.0004181968 -0.05333595 -0.2405377 -0.1557982 0.1373542 0.2490129 0.2466158 0.1582834 0.05720302 -0.009652128 -0.03866038 -0.04530725 -0.04159742 -0.02166212 -0.006861336 0.007962111 0.01964596 0.02062548 0.02726512 0.0333204 0.0302165 0.01956214 0.01943886 0.01691706 0.01107587 0.007180786 0.006645428 0.008532933 0.007132429 0.007026716 0.009883325 0.01549458 0.02864104 0.03569286 0.04117344
0.006235993 0.006633351 -0.003495411 -0.005725923 0.006829802 0.02659057 0.02962475 0.02318815 0.009702757 0.001146222 -0.01816459 -0.02857861 -0.03234158 -0.03585447 -0.2527396 -0.2888919 -0.1216075 0.06617358 0.1805785 0.2458952 0.2379007 0.2889431 0.314222 0.2341798 0.1730573 0.09198751 0.01972431 0.0008358785 -0.02855208 -0.08281034 -0.09233772 -0.04187042 0.008705579 0.04020304 0.06630136 0.08840696 0.07951789 0.05686172 0.03274212 -0.004587968 -0.04242234 -0.04521081 -0.04172228 -0.02408653 -0.01070284 0.005846144 0.01359702 0.005728291
0.005105074 0.009008622 0.01618509 0.01614284 0.01337738 0.01302921 0.01408632 0.01630595 0.01817328 0.01540607 0.01074624 0.001035499 -0.002424342 -0.008027741 -0.1046426 -0.1833215 -0.1837016 -0.05827222 -0.01429196 0.1005654 0.1818107 0.2604712 0.2845904 0.2646111 0.2239955 0.1902158 0.1593575 0.1250138 0.08938114 0.04753302 0.03058257 0.007364335 -0.00281266 -0.0008978773 0.009609682 0.02004359 0.02626858 0.02912287 0.03372729 0.04079198 0.03890379 0.03574937 0.03427294 0.04212112 0.03857945 0.009782528 -0.001201438 -0.0006183595
0.03708135 0.04009145 0.03576664 0.04494126 0.05767929 0.05617306 0.04686572 0.0390409 0.04126767 0.05218165 0.05396311 0.04464301 0.03955035 0.03298933 0.0330728 0.03489269 -0.002328335 -0.01058846 -0.03197844 -0.02701189 0.03285407 0.09158002 0.06970391 0.02258067 0.03838338 0.0436479 0.02628168 -0.008128427 -0.04119811 -0.05019522 -0.04395576 -0.02936117 -0.0291139 -0.01601315 -0.01145543 -0.01008445 -0.005651223 -0.01379386 -0.03670307 -0.03812823 -0.04050918 -0.03442044 -0.03858497 -0.04370571 -0.02516926 -0.02801632 -0.04556255 -0.05422293
0.06366473 0.05369034 0.0375048 0.01949132 0.013668 0.03319921 0.04411171 0.05003497 0.0440506 0.04492897 0.04247867 0.04492751 0.03554048 0.03169937 0.02762024 0.03027626 0.03087063 0.01272609 -0.2726608 -0.1114907 0.116328 0.2777162 0.2016123 0.1136741 0.05445825 -0.002521945 0.004329791 0.01140974 0.006546545 0.01180104 0.01983922 0.02283849 0.02126193 0.01038302 -0.00352586 0.0282382 0.02809051 0.02242959 0.02563969 0.04556932 0.04940281 0.05717669 0.01387462 0.009839892 0.0439169 0.04741608 0.04953638 0.04430698
0.01531842 0.02069343 0.01301194 0.006262557 0.0005786833 0.001085738 0.00452582 0.005199364 0.002502323 0.0004139954 -0.006922779 -0.006930412 0.008551677 0.02286894 0.03251295 0.03317823 0.03075312 -0.03925792 -0.09205954 -0.1985055 -0.1240621 0.04831093 0.2172903 0.2287356 0.2076509 0.1723085 0.1779244 0.1477229 0.1278211 0.133784 0.1219767 0.1087159 0.06930808 0.01769986 0.01072092 0.01441788 0.03395999 0.03737956 0.05046071 0.06155339 0.07294412 0.04968198 0.02278167 0.0165728 0.02583067 0.03872293 0.05224457 0.06177352
0.02033552 0.02638829 0.02915 0.02696328 0.02081803 0.02033724 0.02362592 0.02853348 0.02596238 0.02477612 0.01866142 0.01687092 0.009423701 -0.01526478 -0.1329882 -0.1004401 -0.2065715 -0.1809067 0.009483587 0.1810455 0.2783022 0.2701608 0.2274346 0.2358824 0.2275627 0.1780435 0.09144783 0.09162335 0.0893775 0.08543149 0.06249785 0.04898546 0.05503639 0.05434759 0.04727121 0.04949515 0.0437177 0.0581316 0.05844643 0.0625451 0.06953841 0.08405516 0.08994088 0.08602592 0.07506579 0.06881212 0.0586353 0.04928829
0.0820462 0.08124203 0.08226263 0.07710847 0.08437864 0.08669639 0.08433115 0.0872787 0.06330366 0.05177344 0.04634169 0.06193817 0.07123102 0.0340781 -0.09281532 -0.02982679 0.08636713 0.1720786 0.1236292 0.09184302 0.03418503 0.0111828 0.007503569 0.006469706 -0.007275765 -0.008302521 0.01218986 0.02703502 0.02282065 0.01498618 0.01306475 0.005801823 0.0001772727 -0.003716052 -0.004761918 -0.02339903 -0.01742714 -0.02272302 -0.01948386 -0.01889643 -0.01869895 -0.0005606984 0.02168142 0.007291361 0.01399949 -0.001159724 -0.01072296 0.02455862
0.02258013 0.02779906 0.01799288 0.0192885 0.02293831 0.04089098 0.04408513 0.04168939 0.03091879 0.0009926716 -0.0112822 0.007475135 0.01213494 0.007175946 0.01669323 0.02705433 0.03795034 0.02618062 -0.01714224 -0.2895747 -0.1415787 0.05760939 0.1875204 0.1825518 0.1255561 0.10514 0.06796353 0.03399367 -0.004254033 -0.03224415 -0.04660951 -0.03537998 -0.01406625 0.006996005 0.01082773 -0.00389455 -0.01772944 -0.02059682 -0.01867272 -0.0282905 -0.03237517 -0.01462159 0.01467486 0.04278748 0.04654286 0.04873948 0.05097236 0.04327936
0.00254497 -0.008389801 -0.01818371 -1.255695e-06 0.03046711 0.04523363 0.04434045 0.03609787 0.01562519 0.007913635 0.01206065 0.008795106 0.03057366 0.02397763 0.0118695 -0.01117505 -0.243521 0.03549445 0.1541941 0.1871866 0.1306613 0.09030866 0.04453534 0.009027049 -0.02320509 -0.04864437 -0.02793814 -0.005436061 -0.003795799 -0.004774354 0.002528199 0.01538643 0.02168939 0.0192363 0.007599771 -0.00921285 -0.02161589 -0.03536142 -0.04552098 -0.04483078 -0.03325186 0.001829985 0.0129352 0.001609826 -0.002919667 0.01241171 0.01682881 0.008072553
0.0200056 0.01499853 0.00569881 0.01470972 0.04352452 0.05067101 0.05192772 0.04137065 0.03688655 -8.180644e-05 -0.02431054 -0.02416057 0.001704384 0.01822845 0.03154674 0.03702877 0.03498624 0.01534871 -0.1696951 -0.1791952 -0.1746334 0.02882273 0.2402427 0.4368501 0.3690372 0.2278076 0.1289818 0.02895018 -0.04262386 -0.06005137 -0.0313551 0.01244299 0.03542512 0.04478369 0.05908049 0.07434153 0.07912612 0.04294779 0.01446981 0.01069064 0.03921182 0.06233608 0.07701667 0.07805759 0.07371654 0.07472955 0.06364392 0.04180378
-0.05370173 0.002134605 0.03863383 0.08539707 0.06773518 0.06182285 0.05675577 0.05483696 0.03387253 0.0272534 0.0347093 -0.01124714 0.02594381 0.06710294 0.06928794 0.0439748 -0.1521761 -0.1200516 -0.05080304 0.1962477 0.2186267 0.1965679 0.1722728 0.09933913 0.05895812 0.05062159 0.03358912 0.01494208 0.004052415 0.01276445 0.02525746 0.001686268 0.01409652 0.04110461 0.04195737 0.03292182 0.04936419 0.03942248 0.03289971 0.04505041 0.05922642 0.04540524 0.001474368 -0.03800798 -0.03889877 -0.04078428 -0.04106748 -0.03111994
0.04199627 0.02808246 0.02128182 0.02713355 0.02846561 0.02702946 0.01883239 0.02150237 0.03083403 0.04144 0.04359376 0.04714392 0.04070828 0.03302827 0.03040874 0.02659243 0.0162728 0.01475781 0.01181874 0.06198089 0.147694 0.0626981 -0.04642298 -0.07095902 -0.02472266 -0.07115547 0.003818847 -0.005379608 0.05362233 0.01761769 -0.002691294 0.05542013 0.0495711 0.06182653 0.07521196 0.03875541 0.004816487 -0.01734105 -0.01621228 0.000396651 0.01263221 0.03550944 0.0424852 0.05036213 0.04768227 0.04701241 0.05402152 0.06452082
0.05370758 0.05457513 0.07508527 0.07946446 0.08621652 0.07579819 0.07869652 0.05926714 0.0359146 0.0371954 0.02740421 0.03548259 0.03767246 0.03218551 0.03697838 0.04833351 0.0529255 0.08232139 0.08392221 0.0876442 0.1064932 0.1725707 0.05007416 0.009995569 -0.0005696377 0.03844006 0.06154848 0.06948253 0.07930922 0.07699166 0.07227808 0.06301105 0.07263718 0.09182641 0.09895635 0.08608934 0.08831181 0.08466225 0.07734707 0.06723592 0.06211568 0.065897 0.0597396 0.06314033 0.07382688 0.07470511 0.05815084 0.06392708
0.03497593 0.03760802 0.03857967 0.0338232 0.03068989 0.02580818 0.02005052 0.02061265 0.01668858 0.01912972 0.02504796 0.02731507 0.02928419 0.02345811 0.02363831 0.02360116 0.02430273 0.02351972 0.02220891 0.02220741 0.02314739 0.0299153 0.03515596 0.04537804 0.04346042 0.04086021 0.03983056 0.03725614 0.1798015 0.05967498 -0.01756468 -0.005684247 0.00546191 0.060308 0.168995 0.1525816 0.1155814 0.06161505 -0.02243437 -0.03336153 -0.02745394 0.008901661 0.002907413 0.01682177 0.04134807 0.05438208 0.05414409 0.06377238
0.01481703 0.01931192 0.01873962 0.03033287 0.03590661 0.04131144 0.03638986 0.03357367 0.03073248 0.03053906 0.02910809 0.03109334 0.03536918 0.03513622 0.03615872 0.03545361 0.1092347 0.07136776 0.07798368 0.06362657 -0.03517679 -0.01570258 -0.06907815 -0.0488563 -0.01892262 0.05479615 0.1252596 0.03943187 -0.002659437 0.00468546 0.0213971 0.07593101 0.09050111 0.06884497 0.07160836 0.07237557 0.04559363 0.03166306 0.02074668 0.02843775 0.04984362 0.06344748 0.08140866 0.08612894 0.08012613 0.07323789 0.05985995 0.05988647
0.06911843 0.06931005 0.06042796 0.04736299 0.04489637 0.05803331 0.06497982 0.07605043 0.07617273 0.06708009 0.05203351 0.05663419 0.06169559 0.0586176 0.05337766 0.04518924 0.03709204 0.0423334 0.0466904 0.05878608 0.06439817 0.05173128 0.03545003 0.03452431 0.2378469 -0.0599018 0.03491376 0.06081845 0.1038937 0.1542166 0.1422372 0.06404407 -0.003727611 -0.02190109 -0.03660335 -0.03427536 0.005388089 0.03345862 0.001323671 -0.006197209 0.003158409 0.01101541 0.02823106 0.03718321 0.02872221 0.02670141 0.01613848 0.007440519
0.06106757 0.08121357 0.07559255 0.08468147 0.07691526 0.06397691 0.04769316 0.04692809 0.05642658 0.05770568 0.0576207 0.07312126 0.06276765 0.04590079 0.04102992 0.04440909 0.04961202 0.04984919 0.04764952 0.06958351 0.07228843 0.0665691 0.05552907 0.05678856 0.05834928 0.03848587 0.0321787 0.03729359 0.04989871 0.02746165 0.0394116 0.02319985 0.05908105 0.0296134 0.02230126 0.02340789 0.02058468 0.0334865 0.04802519 0.05808334 0.05257192 0.05302229 0.04682743 0.0324587 0.02229395 0.02011302 0.01220517 0.02689584
0.01976018 0.01608445 0.02876013 0.04811475 0.06925773 0.08027484 0.06264041 0.05456003 0.0488281 0.05708638 0.05513662 0.04482897 0.04041007 0.04169815 0.05001619 0.05611818 0.05795331 0.05814892 0.05701948 0.04637153 0.04137946 0.02884226 0.03267287 0.04332352 0.05815072 0.06360321 0.07584284 0.1776099 0.006567783 -0.005143614 0.02419255 0.007065211 -0.009286487 6.11881e-05 0.01146817 0.02831784 0.04830512 0.06281394 0.04788319 0.03636042 0.03111622 0.0263939 0.02709917 0.02796371 0.03505564 0.0490145 0.05167075 0.04832159
0.04213502 0.03889716 0.02547792 0.01916215 0.01928018 0.01955227 0.02411911 0.03822039 0.04483234 0.04922932 0.04925087 0.05306953 0.0458063 0.04210163 0.04687924 0.06046867 0.05793958 0.03191344 0.02532374 0.02784332 0.02595069 0.02661683 0.01286359 0.09498418 0.002719748 -0.01276293 0.01726972 0.028302 0.03582232 0.07865725 0.09974886 0.07964294 0.07732765 0.08429775 0.09102163 0.09611049 0.07015885 0.03361387 0.035638 0.03516783 0.04335795 0.04368767 0.0397239 0.05292098 0.05394462 0.06334812 0.05326631 0.03790369
-0.04450824 -0.05346127 -0.04770316 -0.03823846 -0.02654164 -0.01978804 -0.02512011 -0.02790811 -0.03203611 -0.03447172 -0.03476162 -0.05638395 -0.215662 -0.2709247 -0.08552288 0.04829517 0.1137114 0.05735433 0.01183768 0.006826641 -0.03158863 -0.06661205 -0.08505397 -0.08067904 -0.07748108 -0.06328184 -0.05347039 -0.04995793 -0.05668002 -0.05916945 -0.06176437 -0.05244665 -0.05674452 -0.07175108 -0.09292442 -0.09733977 -0.1000295 -0.09880893 -0.09161714 -0.08578026 -0.06787658 -0.06505036 -0.0540609 -0.04263773 -0.03685231 -0.04044125 -0.04494368 -0.0467021
-0.08315689 -0.08553898 -0.07647192 -0.0575698 -0.03695992 -0.02817282 -0.02878945 -0.03470459 -0.04446554 -0.04908137 -0.04538653 -0.04784552 -0.0465903 -0.04229504 -0.03532151 -0.02863854 -0.01828616 -0.2104969 -0.05930524 0.07311092 0.106303 0.1389879 0.1135639 0.06868963 0.02524303 -0.01841758 -0.07036836 -0.07604421 -0.08091722 -0.06714185 -0.05337177 -0.03429848 -0.02862697 -0.02687183 -0.0291798 -0.03417588 -0.03960744 -0.03186947 -0.03854347 -0.03998831 -0.03783994 -0.03451503 -0.03411206 -0.03352899 -0.03361256 -0.03614269 -0.04324984 -0.0395628
-0.07620862 -0.06926527 -0.05790613 -0.04517428 -0.02775065 -0.02616583 -0.03389153 -0.03853913 -0.03818949 -0.05446721 -0.006069202 -0.09044653 -0.09349374 -0.09029962 -0.03775197 -0.06060573 -0.04755831 -0.03167357 -0.02112871 -0.02638713 -0.03086739 -0.050352 -0.05439543 -0.05950634 -0.05939929 -0.07128482 -0.07144908 -0.05446145 -0.03838502 -0.03044582 -0.02771187 -0.0323396 -0.04765652 -0.05632524 -0.05334276 -0.05543463 -0.05679353 -0.06373396 -0.06680252 -0.0744577 -0.07436027 -0.07812915 -0.07792852 -0.07806633 -0.07351919 -0.06493866 -0.05685528 -0.05097171
-0.06941742 -0.06442971 -0.05288252 -0.05766499 -0.0641316 -0.06072668 -0.05817319 -0.05995345 -0.05342682 -0.05221416 -0.05259989 -0.05477078 -0.06074035 -0.1018669 -0.2438326 -0.05992638 -0.01403487 0.1013062 0.1050586 0.0666706 0.008996757 -0.1453076 -0.1750658 -0.1673777 -0.1380907 -0.1012118 -0.08484883 -0.06447039 -0.04642867 -0.04048379 -0.04700921 -0.04767374 -0.05833049 -0.0630971 -0.06665977 -0.07211629 -0.06488111 -0.0595819 -0.05677428 -0.05979614 -0.06876417 -0.07220668 -0.07810924 -0.07177299 -0.06956965 -0.06713428 -0.0581444 -0.04502631
-0.04520707 -0.04331647 -0.04257551 -0.04050117 -0.03762237 -0.02883708 -0.02910989 -0.03842025 -0.03447461 -0.03378779 -0.03583073 -0.03285909 -0.2025455 -0.3473962 -0.1939907 0.1524129 0.1603428 0.1269446 -0.06527942 -0.13877 -0.1223103 -0.09914067 -0.03643366 0.02099758 0.02891856 0.0188465 -0.005857336 -0.02929795 -0.05747178 -0.07196357 -0.06681956 -0.06967535 -0.06211816 -0.05835488 -0.06336231 -0.0627027 -0.06185711 -0.06018563 -0.06034373 -0.05641705 -0.05560267 -0.05025575 -0.05431863 -0.05115169 -0.04982791 -0.05261717 -0.05741567 -0.0556123
