0.04485091 -0.01869398 0.3606155 0.2498635 0.09156787 0.1289957 -0.32539 -0.3187458 -0.2944534 0.008793116 0.1077191 -0.19193 0.3149922 0.2959011 -0.2328775 -0.3337113 -0.4006656 -0.2439388 -0.1793594 0.03085636 0.4490293 0.4660446 0.3846307 -0.02326235 -0.1731371 -0.1425857 0.3149722 0.4777864 -0.09118851 -0.01933523 0.05478535 -0.03931881 -0.2320338 -0.1745414 -0.08717741 0.08367047 -0.1517243 -0.2828399 -0.5377326 -0.2211989 0.2033221 0.4882725 0.1444962 0.2407833 0.013246 -0.01874364 -0.009254535 -0.1208472 -0.1779365 -0.04204915 -0.4903685
-0.04204915 -0.4903685 -0.1500509 0.1026662 0.01820241 0.2147313 0.1855052 0.1824175 0.1547287 -0.1984655 -0.04120215 0.2998628 0.2252628 0.08482612 -0.01664739 0.009007456 -0.1808544 -0.04732318 -0.1168827 -0.1089443 -0.1089112 -0.04745352 -0.001498967 -0.09962076 -0.06352834 0.1929786 0.06514899 0.04037067 0.08572569 -0.1278528 0.05542339 0.1119851 0.1152041 -0.1848692 -0.1177332 -0.09978011 0.2301632 0.01382867 -0.05093377 0.0210668 0.07462197 0.02397516 -0.001148917 0.04518231 -0.02390533 0.08963809 -0.1426683 -0.1365776 0.03450476 0.1084797 0.1922174
-0.1426683 -0.1365776 0.03450476 0.1084797 0.1922174 0.1594994 0.1324649 0.03877243 0.0192338 0.1005297 0.01510061 -0.1597194 0.08113425 0.2148131 -0.05218353 -0.09548071 -0.03855901 -0.1283414 -0.05508856 0.1056218 0.06031694 0.1309269 0.04618257 0.05549378 -0.02244131 -0.02784296 0.03329255 0.03175367 0.03299785 -0.05433543 -0.01434119 0.01217402 -0.006886331 0.08083507 0.02634384 0.04309567 -0.02044077 -0.000620548 -0.08474699 -0.004924214 -0.02254248 0.03203422 0.0975076 -0.03797508 -0.04456725 0.03398861 -0.007212854 0.07613463 -0.02478446 -0.05349952 0.02481652
0.06198039 -0.007061561 0.005535882 -0.09496702 -0.0433117 0.09132585 0.02741764 0.02635279 -0.01117799 0.02511542 -0.04287061 -0.05333273 0.02834589 0.06979729 0.01406344 0.08462238 -0.003497589 0.007266663 0.1082678 0.01524019 -0.01864903 0.07960001 0.2135376 -0.02422755 -0.01060526 -0.1473346 -0.1265786 -0.0888487 0.05802067 0.1534491 0.05274701 0.2067161 -0.06747405 -0.07865162 -0.08635814 -0.05690687 0.05698452 -0.008676143 -0.2491294 -0.2221361 -0.1797051 0.07973918 0.3268548 0.1982124 0.1681186 -0.05206371 -0.007074839 0.008458485 0.1005979 0.0927518 0.006337999
0.006337999 -0.08376385 0.1340221 0.01846406 0.01394013 0.09732977 -0.07083044 -0.09720078 -0.1777581 -0.02646082 0.01764186 0.2632762 -0.000494818 -0.05184589 0.03585146 -0.07349408 -0.148823 -0.07348163 -0.03865918 -0.05238723 0.02073694 0.09000579 0.005432051 -0.06059321 0.1086066 -0.07296836 -0.05790165 -0.09712958 0.05487721 -0.08050574 -0.02032006 0.0395305 0.05947797 -0.1040283 -0.02733685 -0.03203456 0.0681086 0.04184633 0.1500885 -0.02076771 0.02063162 0.07906014 -0.01257623 0.03527935 0.1759387 0.01320741 0.09266122 0.1293161 0.1197127 0.01788897 -0.02132022
0.1197127 0.01788897 -0.02132022 -0.08558439 -0.07058641 -0.002373845 0.1048405 -0.1455812 -0.0587686 0.03330723 0.04754942 0.01866785 0.09917673 0.1331426 0.06237741 -0.05232782 -0.04391994 -0.009091948 -0.04151947 -0.01015239 0.07108655 0.04969129 -0.1139382 0.0233585 0.003924454 0.07833739 0.02519531 0.005664857 -0.03959987 0.06523073 0.04831104 -0.1215465 0.007516958 -0.04331542 0.04283847 0.1194652 -0.009941835 -0.1266014 -0.09275991 -0.01306681 0.2884895 0.08242998 -0.1078712 -0.1410915 0.08028497 0.06436604 0.06537301 0.03387415 -0.1614648 -0.09551058 0.1107984
-0.1448678 0.0187705 0.09287012 -0.1011085 0.007522762 0.07513349 0.222395 0.3314337 0.05245755 0.03456108 -0.4198264 -0.2573066 0.0664766 0.1213106 -0.08507899 -0.2934546 0.05479678 0.1358931 0.2529171 0.1062359 0.09929407 0.2944314 0.1343534 -0.06646997 -0.8887308 -0.3390536 -0.5194253 0.02315968 0.1148386 0.06236678 0.06878805 0.1239743 0.1086815 0.03762294 -0.0627046 0.01720864 0.3359413 0.009137916 -0.05151387 0.3517231 0.4142066 -0.4709353 0.0802738 -0.2262612 0.0895253 0.02665035 0.1428538 -0.1109269 0.1264802 -0.300256 0.1467205
0.01017632 0.1052587 -0.08030981 -0.1153939 -0.004209634 -0.1750922 -0.008589008 0.2507207 -0.03451075 -0.03344873 -0.1387142 -0.05412234 0.2191686 0.06190208 -0.1288021 -0.09252585 0.1837754 -0.1223507 -0.2401652 0.01562755 -0.3601503 -0.1762745 0.282506 0.3384293 0.05854973 0.2904916 -0.4749748 0.1841658 0.2964569 -0.1296616 -0.3033057 -0.1916149 -0.1404269 0.09445442 0.3154414 0.02520311 -0.4976329 -0.3465523 0.1402898 -0.3745103 0.4044941 0.2542252 -0.18762 0.332112 -0.2702413 0.03587443 -0.2581594 -0.346521 -0.3012955 0.4742412 0.7943673
0.009526771 -0.08318269 0.008420257 0.02648195 -0.1180371 -0.08943099 -0.02622022 -0.01409773 -0.09177572 -0.006799467 0.0241745 -0.004452364 -0.01420332 0.05799392 -0.03243748 -0.0204435 0.05617196 0.09509265 0.04879058 0.0424385 0.042948 -0.0399126 -0.1887621 -0.02276456 -0.04177269 0.129906 0.04896354 0.1530512 -0.1174688 0.02779495 0.01203843 -0.0420429 -0.0002836842 -0.08272938 0.0703342 0.07308436 0.01953696 -0.04181333 0.01029332 -0.01356373 0.01301516 0.1356505 -0.08207066 -0.03165446 0.05324502 -0.05556835 -0.03452964 -0.03102386 0.03858634 0.1353226 -0.5103454
-0.01578058 0.09338289 0.04538318 -0.003832681 0.02617133 0.003487864 -0.1928396 -0.1238204 -0.009885602 -0.02548148 0.05692965 0.0740068 0.02544463 0.001182134 -0.05225826 -0.02996988 -0.01373648 -0.1473739 -0.0442375 -0.01505558 0.002270301 0.1329359 -0.06356821 0.05553253 0.05026747 0.05868164 -0.03247768 -0.1022534 -0.01560972 0.02377741 0.059292 0.1737524 0.05505406 -0.00373569 0.03347631 -0.007171597 0.1085345 -0.07775465 -0.06928608 0.0885534 -0.08628848 -0.04755362 -0.1367126 -0.04848264 -0.03195933 0.07668459 0.01216335 -0.05018518 0.03687743 -0.07099037 0.05346223
-0.07078581 -0.1584083 -0.06125722 -0.06247396 -0.0173387 0.1427659 0.1780488 0.08546316 0.05303811 -0.02400964 -0.1683911 -0.1011463 -0.02501598 -0.05355224 0.08730247 -0.00979669 0.1159886 0.05744969 -0.09182449 -0.1316446 -0.05396931 0.008087102 -0.01510131 0.01877766 0.03752385 0.05088355 0.02503953 0.0564446 -0.001411128 0.01634149 -0.005943234 -0.0005015209 0.0986698 0.04591712 -0.0605959 -0.02953004 0.1311221 -0.06589423 -0.1528703 -0.03812699 -0.05791559 -0.05876401 -0.03303786 -0.04135573 0.04041453 0.01199987 0.04351425 -0.0617758 0.01353499 0.006180963 -0.08488862
-0.08127461 -0.06654803 -0.03010768 -0.04701883 -0.0278338 0.009188141 0.0588382 -0.02092027 -0.03775493 -0.03503061 0.008282065 0.09528621 0.03435017 -0.02664666 -0.01513306 -0.04288073 0.0903227 -0.009404178 -0.008982913 0.02198087 0.02184652 0.09702536 0.06962299 -0.09438869 0.005819409 0.005004331 -0.02272073 -0.0185659 -0.006780737 0.0815003 0.01988232 -0.127006 -0.0677892 0.02171454 0.0565732 0.05981388 0.001230132 0.08920377 0.01954416 -0.06728455 -0.04019116 -0.0159073 0.05562898 0.1024754 0.1151629 0.03282508 -0.06067403 -0.1179987 -0.07263077 -0.02672679 -0.002246432
0.1488305 0.1244278 -0.01252257 -0.1515273 -0.05593926 0.02331423 -0.04052097 -0.02743089 -0.01284699 0.04779546 0.01368711 0.1509497 0.08581041 0.05732919 -0.02904746 -0.01760694 -0.008873653 -0.05801468 -0.02924817 -0.02976687 0.02156802 0.06866636 0.04523213 0.01787161 0.001546722 -0.05147255 -0.02912716 -0.008732347 -0.04776246 -0.0004932483 -0.003047761 0.09703853 0.03977404 -0.001122722 0.003061075 -0.1166021 -0.1017452 -0.00803295 -0.01010345 0.04608001 -0.08128232 -0.005229825 0.049041 -0.1019917 0.004994024 0.02544714 0.1074342 -0.05118776 -0.07487527 0.04993441 -0.05552204
-0.03888134 -0.0300478 0.0594746 0.06147438 0.2254795 -0.02573572 -0.1003076 -0.07760089 -0.02557769 -0.1338585 -0.09546122 -0.1026695 -0.02988137 0.07786458 0.0466446 0.1673245 -0.08901531 -0.09665 0.0945361 0.1348244 5.053944 -1.084778 -2.314501 -2.151963 -0.9888695 -0.08731085 0.2586464 0.6744763 0.1144491 -0.116887 -0.1638557 -0.118757 -0.1387125 0.02971138 0.06324865 -0.05396766 0.007694238 -0.02381569 0.05349436 0.1262707 -0.02113088 -0.01581724 0.02856709 0.05408826 -0.01207837 0.177388 -0.02016727 -0.03397739 -0.1204863 -0.1486837 0.07774632
0.006853891 0.03257372 0.008660804 0.0550998 -0.08996423 0.0658033 0.08737969 -0.04008409 -0.002010859 0.009732849 0.0142207 0.02036646 0.04736571 -0.0891331 0.06780631 -0.01635743 0.08096083 -0.09202114 -0.03451003 -0.1041486 -0.06565117 0.05015447 0.009247625 0.02022675 0.4013487 3.180785 -1.906181 -2.999917 -2.059257 -0.6862451 0.6554199 1.119921 1.406492 0.6755865 0.2337741 0.01509385 -0.1156939 -0.1591643 -0.2100637 -0.06192265 -0.006140693 -0.1649054 -0.1135048 -0.04776756 -0.02727753 -0.02168239 -0.03658304 -0.1176884 -0.02806723 0.1116933 -0.08106709
-0.009360978 -0.03574093 -0.05748649 0.0598244 0.05342246 -0.05947034 -0.02530139 0.01427401 0.00694099 0.005912136 0.3198584 5.632721 -0.6094635 -2.099326 -1.474442 0.4746222 0.5465156 0.5223985 0.0981165 -0.07276145 -0.1034807 -0.029476 0.03716046 -0.02783599 -0.08518524 -0.0488687 -0.1255041 0.08600086 -0.004943859 0.03666209 -0.003671603 0.03167615 -0.06045201 0.007400944 0.08257326 -0.01879969 0.08952276 0.1002714 -0.04339528 0.1510376 -0.01093664 -0.05939882 -0.04910629 -0.04558947 -0.08290286 -0.02914072 0.009958842 -0.1296829 0.1001107 -0.08499609 0.04022139
0.02527569 -0.01305026 0.04816504 -0.05016478 0.03962555 0.06084488 -0.05792001 -0.07432714 -0.01675244 0.04489643 -0.04061006 4.710512 1.66047 -1.794669 -3.257579 -3.004707 -0.9050253 -0.2753086 1.085482 1.210516 1.018665 0.6048625 0.3012472 -0.04220703 -0.01262548 -0.2338196 -0.3761486 -0.1489991 -0.1662808 -0.1843338 0.004374051 0.1092929 0.08956756 0.064424 0.151639 -0.01270378 -0.07477491 -0.06897484 -0.1018368 0.04568128 -0.0114294 -0.1170602 0.08897338 -0.05666501 -0.002900189 -0.04351388 0.006183919 0.05539894 0.05436812 -0.06766874 0.1948511
0.05436812 -0.06766874 0.1948511 -0.05534547 -0.007728925 0.0399411 -0.08935004 -0.04207643 -0.127607 0.04370733 -0.0766056 0.1419996 0.09561347 -1.36928 -1.621347 -0.7939263 0.5324523 0.8601953 0.5949097 -0.01271771 -0.01383374 -0.1010393 -0.07114653 -0.09958996 0.123395 -0.03148298 0.02791345 -0.0071832 0.02606768 -0.1454705 0.06512207 -0.02514813 -0.01222204 0.05145549 0.03501906 0.0437695 -0.07841571 -0.03579784 -0.1497141 0.09717277 -0.01631669 -0.03797312 -0.01664872 0.006044102 -0.006403038 -0.06071715 0.04374079 0.1645769 0.09338303 0.06729796 -0.132537
0.04374079 0.1645769 0.09338303 0.06729796 -0.132537 0.04117436 0.02408649 -0.002248583 -0.03630476 0.07434521 0.1355075 -0.03760765 2.111691 2.292785 -1.704823 -2.747969 -1.493891 -0.790545 0.4009923 0.686165 0.8979463 0.6527351 0.3015275 0.1511457 -0.04528661 -0.2025127 -0.2874347 -0.1499895 -0.2019905 -0.08258784 -0.05989796 -0.02672956 -0.01189186 0.01999335 0.06556123 -0.05688671 -0.04564169 -0.08852891 0.04422867 -0.1255362 0.1030891 0.06537099 0.129904 0.07374819 -0.05745627 0.06763007 -0.04993092 0.06256875 -0.03320481 -0.07954524 -0.03422592
-0.2109392 -0.1508687 -0.04654125 -0.07286955 0.0291266 -0.04106136 -0.003429142 -0.02194983 0.1450571 0.01083478 0.08511632 6.401733 -2.109034 -1.975093 0.536676 1.027506 0.6009593 0.3285029 0.2230892 -0.02455026 -0.2591064 -0.3328066 -0.0481061 -0.250425 0.04175525 -0.1127438 0.05228243 0.09324106 0.006263934 0.1242272 -0.0967961 -0.08107596 0.02863262 -0.1260013 -0.05432035 -0.180114 0.08696166 0.1017848 -0.04892574 0.0652613 0.07661405 -0.09656203 0.09730712 0.2127766 0.1647563 -0.0386323 -0.06078713 -0.03488054 -0.01367762 -0.00828582 -0.04820071
-0.02353068 -0.07230189 -0.04405307 0.02576735 0.0208937 0.03566698 0.03285745 0.1274214 -0.02942531 -0.03133875 -0.06101887 0.04952367 -0.04972094 0.2424555 3.90751 -1.485468 -2.537185 -1.367081 -0.2429758 0.1194602 0.5850102 0.6906357 0.5177001 0.2486883 -0.1963959 -0.2036639 0.02039506 -0.06990152 0.0773683 0.02673967 0.0852749 0.01120165 0.00100487 -0.03069659 0.0487695 -0.04034358 -0.03502529 0.05472138 0.07673362 -0.02367319 0.1252306 0.0938754 0.02659576 -0.06942604 -0.08680633 -0.06083093 0.01119522 0.02758321 0.09375514 -0.00254395 0.11633
0.2969876 0.01925062 0.02746654 -0.1445881 0.3210515 0.3720033 -0.01700513 0.1434866 0.4370668 0.1661867 0.01180292 0.06076218 0.02363248 -0.2312368 -0.09733117 -0.3002193 3.923463 -2.081868 -2.666001 -1.625326 0.1019409 0.8853443 0.5896571 0.4314892 0.2171668 0.256068 -0.2619863 -0.08612738 -0.07983042 0.07970311 0.02020558 -0.05837689 -0.03798202 -0.09007722 -0.1178685 0.0533753 0.2164661 -0.06371615 0.1026948 -0.01109335 0.2802855 0.02173589 -0.03059344 0.2001143 0.0721004 -0.04757585 -0.08124421 -0.2145763 -0.278763 -0.250269 0.1831508
0.02957481 0.2623219 -0.1335397 -0.286989 -0.1054387 0.1211988 0.2785729 0.06882364 0.0617799 0.06685604 0.1710483 0.0913707 -0.09847083 -0.2518584 -0.1282941 -0.03313997 0.146502 -0.7456836 -2.757594 -1.78341 -0.3316314 0.3768982 0.6637357 0.3806359 0.5059686 -0.02579938 -0.1057962 -0.04422506 0.1294764 -0.06475008 0.01865713 -0.02500754 -0.0427791 0.07058706 0.06922226 -0.1098509 0.003053546 0.06942856 0.09526645 0.05585357 0.06270374 0.01373733 -0.04906798 0.03647138 -0.005339687 0.03092905 -0.01404256 -0.03478333 0.01681196 0.01965669 0.04615298
-0.006405271 -0.2111015 0.1001124 -0.1073546 0.1237577 0.09442716 -0.01629291 -0.143781 -0.0725319 -0.03561575 0.008024771 0.08930058 0.09921278 -0.1170224 -0.1288249 0.07025757 0.06047858 -0.0210648 1.459028 -2.048502 -2.101235 -1.259902 0.2343586 0.6176985 0.5825383 0.4203072 0.1258549 0.1153671 0.009066902 -0.07067681 -0.1013655 -0.04171638 -0.1801315 -0.09991966 -0.1065317 -0.03597278 -0.07155548 0.2064431 0.08927859 -0.01041241 0.09887407 0.0249611 0.0646707 0.0436168 0.08141945 -0.1823607 0.1893863 -0.2791275 -0.05176431 -0.07125233 -0.1457881
0.08283032 -0.04041994 -0.06011913 -0.03169763 0.0291004 0.02413617 0.1254847 0.2073158 0.1231856 0.009435536 -0.2006865 -0.08530033 0.0398023 0.05763328 0.06596129 0.05439517 0.1059607 0.03150404 0.1173069 -0.1677331 -0.3187394 0.07686838 0.4702592 0.01422547 -0.1728337 0.09505764 -0.1829769 -0.267778 -0.08480497 -0.1492741 -0.1246823 0.1114351 0.08367091 -0.05708944 0.007524006 -0.2770897 -0.1272581 -0.1363989 0.3640783 0.2254658 0.3512655 0.3514248 0.1312188 0.1683172 -0.2800179 -0.172269 -0.2010805 -0.07046187 -8.548549e-05 0.0154705 3.283086
0.09333717 -0.0690444 -0.01313181 -0.30518 -0.1950506 0.1900416 -0.04511401 -0.1785247 0.1634128 0.1280392 -0.1128888 1.529716 -0.7321054 -2.318986 -2.06226 -1.443979 0.1108828 0.7487181 0.5978693 0.3369171 0.04813938 0.03494142 -0.07105038 -0.04785712 -0.1796927 -0.05997768 0.2525207 0.09285008 -0.01279816 0.008457854 -0.2529019 -0.01173871 0.01773517 0.2726055 0.1502363 -0.7035965 0.03614673 0.07823876 0.5136054 0.137745 -0.001241718 -0.1282613 -0.2477878 -0.04381979 -0.06860722 0.17593 0.08198107 -0.07270872 -0.1375894 0.1243796 0.1450423
-0.4702238 -0.3325782 0.4782523 0.06000844 0.09353169 -0.1971083 0.04838677 0.05830785 0.2039541 -0.04391127 0.1275527 0.07138784 -0.04943275 -0.2781076 0.09082948 0.2393916 -0.1534565 0.2103147 -0.06979103 0.01253848 1.722138 -1.550299 -1.770986 -0.3999604 0.3590499 0.1942795 0.4581652 0.3458641 0.1612468 0.3443439 -0.1954385 -0.3337984 -0.1162894 0.1391101 0.03239547 0.1033002 0.01251301 -0.1180284 0.09965608 -0.1285113 -0.2259622 -0.08453335 0.04283351 0.3511147 0.06780465 -0.2808959 -0.2010202 0.07010784 0.1314382 0.802568 0.356672
-0.6842191 -0.6141884 0.1997291 0.2523666 0.4085918 -0.0405417 -0.002287878 0.09297041 0.02442661 0.1047453 0.09782171 0.2305441 0.2470422 -0.5211472 -0.1152939 -0.1653883 0.03581618 0.007567276 0.02860878 0.1248463 4.953529 -1.706028 -3.355729 -2.457519 -0.7653883 0.281895 0.8575816 0.700492 0.5020505 0.3615278 0.1488736 -0.07371061 -0.1777727 -0.02292619 -0.3016462 -0.158132 -0.03718114 0.1754225 0.08932711 0.263265 0.0008209252 -0.09005091 -0.004298247 -0.2783691 0.0502523 0.0426459 -0.2922118 0.01404387 0.04532715 0.2266533 0.1333835
0.02719633 0.1115761 0.2417707 0.330322 0.2314702 -0.09177201 0.1599741 0.02860189 -0.01889029 -0.1123313 -0.07856507 0.03134985 1.007968 0.7447355 -1.212205 -1.491535 -0.4786484 -0.152826 0.1523784 0.6890044 0.4206661 0.1355549 -0.3292021 -0.236371 -0.0481039 -0.1094307 0.05809544 0.1327463 0.2033731 0.3652284 0.05022128 -0.3467358 0.1361582 -0.1996379 0.1762644 0.208256 -0.1188705 0.01611154 -0.001047994 0.1032864 -0.0006133998 -0.1178948 -0.1267075 -0.2200603 0.1512021 -0.1565199 0.1789622 0.5580076 0.475133 -0.3911947 -0.04752692
-0.6081449 0.07231849 -0.1540868 0.1800106 0.7411429 0.07824937 -0.06477211 -0.2118315 -0.3644333 -0.5959585 0.409009 0.1418671 0.5327627 0.2485853 -0.2772232 0.2563262 -0.2349571 -1.062788 -0.9372773 -0.2028766 -0.07941346 0.5838494 0.4476452 0.1616467 0.2157211 0.1311319 0.1691989 -0.4607098 -0.08163423 0.08109514 0.2450903 0.05170748 0.05799788 0.2438093 0.4790121 -0.3366433 -0.4337755 -0.2642141 -0.2111536 0.2692874 0.2113422 0.2729497 0.4979395 0.1204359 -0.04419616 0.3129105 -0.3592617 0.3367917 0.2154642 -0.3326905 0.1709458
0.1709458 -0.105996 0.1096631 0.1183771 -0.2325806 -0.4091978 0.1172316 0.2204541 0.4294655 0.429993 0.1279754 -0.1202469 -0.1363157 -0.3108194 -0.2018465 -0.1014345 0.04378745 0.3708306 -0.1121652 3.976856 -2.168304 -2.929988 -1.225593 -0.1891792 0.3026316 0.6921334 0.2423837 0.6599991 0.3848763 0.2290334 -0.05881563 -0.2503697 -0.6711496 -0.2702163 0.008603998 -0.006970034 -0.2017813 -0.01265225 0.2094651 -0.1260825 0.1027934 0.2408237 0.3937684 0.1436445 0.408607 0.2740397 -0.02853826 -0.2503796 -0.1159671 -0.1274167 0.210495
-0.005388512 -0.02093952 0.04910798 0.009535762 0.004408769 -0.01921557 -0.08898747 0.006843804 -0.04518208 -0.02017676 0.1272415 -0.009970237 -0.000705525 -0.01018658 -0.07064077 0.08923509 0.1336614 0.1760209 -1.306787 -0.8111067 -0.343514 0.06325585 0.2514287 0.1780333 0.1292537 0.06854215 0.07242484 0.09515422 0.05877789 -0.06527261 0.009993749 0.01883672 -0.05825704 0.004091251 0.01298075 0.08034225 0.08300175 0.1539479 -0.06148547 0.1087763 0.004979699 -0.02234574 -0.04000544 -0.02256001 -0.02749813 -0.01881931 -0.01640768 0.04691212 0.04917026 0.007440195 0.01478634
-0.02889393 0.0229978 0.03598516 -0.0001111601 0.01622196 -0.03289003 0.04887447 -0.002808413 0.03748218 0.1053726 0.009512383 -0.007738654 -0.01728387 0.1241199 -0.9860268 -1.798077 -1.050282 -0.01605199 0.2672888 0.4291515 0.282795 0.2295037 0.07465331 -0.04081431 -0.01460838 0.04465815 0.008776802 -0.01004724 0.09513436 -0.05698126 0.02628245 0.08856277 0.006285241 0.120884 0.09637453 0.05865954 -0.009251811 -0.1535305 0.03582514 -0.01027155 -0.07064368 0.1086986 0.08708588 -0.01524776 0.06224238 0.1284712 0.09289979 0.04152999 0.05382089 -0.03734531 -0.03460186
0.02965182 -0.097014 -0.01978114 0.07806039 0.02913094 0.06075186 0.002192077 0.05126856 0.06020701 2.572132 -0.8488643 -1.143329 -0.5079495 -0.138128 0.1093699 0.1655119 0.2430736 0.1830022 0.0565707 0.002189549 -0.02370296 -0.05405717 0.04776469 -0.009676036 -0.02404808 -0.0349893 -0.001308389 -0.009176139 0.02921702 0.02587428 -0.04190147 0.06211634 0.03572131 -0.01415604 0.06423686 -0.01192126 0.03434997 -0.03958947 -0.06777827 -0.01993968 -0.05186039 0.05975804 -0.01902103 0.00774614 0.01875355 0.1128983 -0.01179262 0.03818141 0.04655568 0.03091013 -0.04566886
0.09271537 -0.07482634 0.03025405 0.04666332 0.01106625 -0.04172308 -0.03836003 -0.01355841 0.01312868 -0.08443452 -0.01215949 0.0651731 5.254989 -0.6970989 -2.023041 -1.638972 -0.7956554 -0.1718484 0.387044 0.3387425 0.3591742 0.3316092 0.1204792 0.1847194 -0.009841066 0.08730029 -0.05525329 -0.06287607 -0.001882797 -0.04356263 -0.02205819 0.03835999 -0.03752568 0.02755357 -0.03551968 0.0401838 -0.02287386 -0.02880815 -0.06979533 0.08209091 0.05529251 0.07583967 0.1642006 -0.08123796 -0.0446941 -0.09979687 0.008633997 -0.05846804 -0.001973614 0.08001195 0.05584666
0.06587583 0.03194324 0.009941087 0.03330145 0.05475044 -0.09688399 0.0101801 -0.1093982 1.888403 -0.429151 -0.8514359 -0.2192375 0.1590837 0.2501549 0.1592305 0.3158267 0.1884425 0.02025109 0.02113721 -0.03914436 -0.02237447 -0.04903987 -0.0358242 0.03420387 -0.02637933 -0.05558939 0.02066031 0.08743592 -0.03439372 0.06041822 0.07331946 -0.04054926 -0.07217693 0.05146844 -0.018465 0.03559209 0.09946667 0.06597086 0.04859518 0.05357865 -0.04409136 0.06451539 0.02644357 -0.2172034 -0.03234628 0.04617606 0.09165443 0.10541 0.1593608 -0.09273727 -0.06097378
0.07085005 0.1645798 0.03915333 -0.103919 -0.1230052 -0.1275113 0.2133283 -0.03853482 0.0637779 -0.03657027 0.08405089 0.07539945 1.901872 -0.8006598 -2.058432 -0.8596559 -0.2996067 0.3164037 0.392055 0.4069293 0.275353 0.106522 0.09945028 -0.1724646 -0.1421941 -0.08080268 -0.126674 0.1384954 0.004867684 0.02044763 0.02092496 0.03883303 0.06909499 0.105488 0.1175785 0.04025733 -0.04883316 -0.0102195 -0.09485815 -0.09556917 -0.1368137 0.005952383 0.08116587 0.04503782 0.027379 0.001359087 -0.06469073 0.03038251 0.127922 0.1840172 0.01583545
-0.08881845 -0.02785305 -0.1462075 -0.0445289 -0.05208177 0.05942203 0.009576312 0.01131418 0.2274458 0.02790468 0.03529442 -0.04145744 0.04835157 0.8735285 -1.133672 -1.486785 -0.9576724 -0.3215011 -0.0137313 0.4128827 0.3913825 0.3837086 0.1799975 0.08756214 -0.04930676 0.01338099 -0.1525257 -0.0697103 -0.06056119 -0.0131849 0.0275153 -0.08276475 0.04282684 -0.0243355 -0.04165316 0.08249517 -0.008534891 -0.1199504 -0.03613302 0.06488539 0.03046429 -0.0442177 -0.01329046 0.04768578 0.07551345 0.004112418 -0.07856973 0.01700341 -0.0750184 -0.08680493 -0.06841852
0.0772906 -0.03497153 -0.05560435 -0.1323676 0.01342182 -0.01232581 -0.02884676 0.04305537 -0.02662747 -0.06131565 -0.04262859 -0.02597642 0.02528734 4.970446 -0.8916979 -2.049107 -1.263749 -0.3217009 0.1987188 0.4597155 0.5171572 0.2964823 0.3184828 0.2731763 0.1995668 0.05075664 0.07922693 -0.01874904 -0.08757521 -0.01578058 0.09338289 0.04538318 -0.003832681 0.02617133 0.003487864 -0.1928396 -0.1238204 -0.009885602 -0.02548148 0.05692965 0.0740068 0.02544463 0.001182134 -0.05225826 -0.02996988 -0.01373648 -0.1473739 -0.0442375 -0.01505558 0.002270301 0.1329359
0.04241245 -0.07903496 0.03622232 0.02289915 0.08559717 -0.1137829 -0.02233279 -0.111101 0.104009 0.005286495 -0.02839912 2.117941 1.770738 -0.5071278 -0.4299445 -0.02923993 -0.0439043 0.2713832 0.05155477 0.008405087 0.02747673 0.05861535 -0.01034199 -0.1125306 0.06108893 0.02152536 -0.08680742 -0.07600082 0.01064125 0.1267887 0.05066504 -0.2566599 -0.1678934 0.0007188602 0.0008927635 0.02793488 -0.08634811 -0.1217096 -0.1139147 -0.07518201 0.03713505 0.1071474 0.1021582 -0.01928454 0.02498471 -0.01103645 -0.2376816 -0.1173716 -0.2383839 -0.008568511 -0.1685389
0.001990561 0.07532039 -0.02598913 0.163123 0.0144878 -0.05982278 0.08276549 -0.05306016 -0.06615916 0.08072267 -0.06620741 -0.08516765 0.0411421 -0.03877388 -5.16271 1.31754 2.564923 2.049289 0.8571171 -0.3333595 -0.5239503 -0.7718877 -0.5511127 -0.1727458 -0.1018452 -0.1513115 -0.1421538 0.117011 -0.04630085 -0.06558279 -0.1067921 0.1164425 0.1469676 0.04959658 -0.05690406 -0.1090774 -0.1986435 -0.06348514 0.20663 0.2018039 0.1939952 0.1617285 0.05805827 -0.03613486 -0.08536709 -0.03354943 -0.1178005 0.1022113 0.05182138 -0.1631908 -0.05277912
-0.04764061 -0.02946645 -0.05351431 0.1587419 0.06197291 0.01172695 -0.01058064 -0.1301043 -0.168097 -0.1017342 -0.05359437 -0.06992122 -0.08104894 -0.178731 -0.8087191 1.48963 0.9146051 0.05207682 -0.1148544 -0.07824817 0.1202945 0.2559006 -0.05475694 -0.05959899 -0.06174526 -0.2084367 0.08474159 0.08419646 0.03383194 -0.1553158 -0.01591199 -0.02548258 -0.0005654736 -0.157999 -0.08830349 0.007337378 0.06187113 0.03565876 0.05049848 0.02612579 -0.008891523 0.000633599 0.08458956 -0.08072168 -0.05956133 -0.1743018 -0.1024284 0.260828 0.2312025 0.07933174 -0.2119029
0.05358823 -0.0472059 0.05647093 0.07430834 -0.000799683 0.01103028 -0.001667402 -0.1380834 -0.150048 -0.06570849 -0.150005 -0.01624056 0.121156 0.1550013 0.05874846 -3.356555 1.018258 1.422127 0.9329411 -0.06450754 -0.2458064 -0.3765216 -0.3001089 -0.2311876 -0.09046629 0.004308385 0.01267853 0.1286761 0.1878278 0.03527338 -0.01982913 -0.06253743 -0.06043782 -0.02019961 0.09809503 -0.0740658 0.05528084 -0.2311077 0.006335642 -0.0567217 0.03638032 -0.1624984 -0.05857328 -0.03926011 -0.08280111 -0.06451066 0.04183415 -0.06476335 -0.08319339 -5.995961 0.9556333
0.06150356 0.02533936 0.08498593 0.04100515 0.09237428 -0.003386675 0.059632 0.01455393 -0.07324701 -0.05816984 -0.02353141 -0.03987294 0.01852707 -0.0566369 -2.170357 1.047276 0.912577 0.3076364 -0.1268318 -0.003173883 -0.1663227 -0.06659259 -0.2389632 -0.3017585 -0.1047019 -0.2024562 0.02796525 0.07018522 0.185479 0.2698414 0.1660113 0.1164959 0.0002767248 -0.05560689 -0.05904758 -0.04732919 0.0556496 0.009064585 -0.08794852 0.004928667 0.1432964 -0.1485765 -0.003103722 -0.002200608 0.09583773 -0.05780181 -0.132131 -0.06225623 0.08988886 -0.1391943 -0.1167919
-0.1475395 0.09151213 -0.4388984 0.2248966 0.05078782 -0.2670952 0.1141719 0.04504838 0.1242185 -0.06572321 0.03403471 -0.09923644 -0.01751532 -0.6783357 -2.920739 3.090005 1.84785 0.01831525 -0.05182503 -0.3827606 -0.3626138 -0.3115508 -0.495142 -0.09127343 0.07807326 0.2948482 0.1579991 -0.2679312 -0.4493429 0.05758828 0.2257385 0.1612755 -0.01092797 -0.09586639 -0.2649041 0.3113263 0.1602632 0.07205998 0.02866854 -0.05598078 -0.03537482 -0.2952372 0.08079556 0.05002028 0.08840688 -0.002271682 -0.04103718 -0.02587239 0.1558029 0.05440642 0.05870053
-0.04103718 -0.02587239 0.1558029 0.05440642 0.05870053 -0.1887131 -0.09678974 0.2483435 -1.710343 -4.876403 2.516387 4.304654 2.968332 0.5584429 -0.2966851 -0.6679457 -0.9558134 -0.6864857 -0.5227375 -0.5829048 -0.1602588 0.2522828 0.1838825 0.2629287 0.2126309 0.4228815 -0.1077488 -0.1556082 0.05980691 0.01629141 -0.05465454 -0.1436479 0.1458826 0.06901189 -0.08672526 0.1093576 -0.1115629 0.1548858 0.1239862 0.243394 0.3770233 -0.08711822 -0.216674 -0.1601332 -0.1226183 -0.05238567 0.06688903 -0.03395648 -0.1308341 0.007727388 0.2112403
-0.2267347 -0.1679453 0.3575355 0.01948161 0.2173016 0.1433327 0.1382372 0.01175702 0.01063656 -0.06870807 -0.2000597 -0.2949332 -0.2955524 -0.1599684 -1.048968 1.338186 1.499829 0.9473771 0.2566415 -0.1124445 -0.3585941 -0.3287123 -0.2281222 0.1418328 -0.01369413 0.2139141 0.01639746 0.2491078 0.08031145 -0.2513814 -0.4613818 -0.1822383 0.2825897 0.01622216 0.03147443 0.09108029 -0.2197344 0.1364759 0.1070741 -0.03838578 -0.2008245 -0.2204944 -0.1981757 0.1540464 0.4446993 0.05712977 0.01853268 0.1331546 0.04856993 -0.1238502 -0.2185296
0.02617043 0.1038342 -0.05356394 0.02008516 0.3014897 0.0124731 -0.2381937 0.08178174 -0.07133044 -0.03283987 -0.01749763 0.03458703 -0.08401415 0.03429605 0.2529858 0.08426841 -3.856306 1.362776 1.716037 0.8181177 0.2432068 -0.06937563 -0.3625233 -0.3585348 -0.2013241 -0.1876653 0.0194575 -0.02211618 0.05267196 0.05270478 0.04014746 0.1196344 0.06684604 -0.06316867 0.00124658 -0.02695364 -0.06290381 -0.0463962 0.3580525 -0.04013555 -0.09722139 0.06095755 -0.04621648 -0.3424909 -0.2291561 0.1673058 0.1279984 0.2831926 0.1476539 -0.4043695 0.3376907
-0.1366295 -0.08646005 0.03398081 -0.05673518 0.01510612 -0.09496316 -0.5281665 0.2469977 0.1474946 0.2817745 0.08425239 -5.630735 1.856868 1.898231 1.727984 0.2329689 0.02620703 -0.2281965 -0.1075206 0.02425131 -0.4778269 0.1021508 -0.05190856 0.0644439 -0.0606234 0.1626255 0.06689338 -0.08185788 0.1516462 -0.1979921 -0.02928012 0.2612385 -0.1986177 -0.01913826 0.09650754 0.1289406 0.539389 -0.09204847 0.08136776 -0.1891099 0.09794933 0.04050004 -0.2173409 -0.03360597 0.2153138 -0.07012485 -0.1688001 0.001314534 0.3444238 0.04225386 0.007630955
0.09152717 0.1083438 0.03072987 0.01083334 -0.1748903 0.02220363 0.06584374 0.2784515 0.0412241 0.04496655 -0.02702786 0.1048642 -6.339499 -0.5735738 2.72949 2.209699 1.054618 0.1609159 -0.4578134 -0.6484643 -0.601677 -0.5493718 -0.3158969 -0.1971156 -0.03009621 -0.085306 0.1230733 0.1903158 0.1942347 -0.07839851 0.2140683 0.09970281 0.1590597 0.06567475 0.07908012 0.2503981 -0.09170248 -0.1168212 0.1004306 -0.2065817 -0.1956679 -0.05616181 -0.01782966 0.06782813 0.0288089 0.03718448 0.175431 -0.01588714 -0.001828104 0.3245459 0.1315205
0.1203888 0.08472466 0.145021 -0.02631445 0.1159001 -0.03399676 0.004280612 0.00476099 -0.01319239 -0.1203631 -0.01522579 -0.03499763 -0.04957076 -0.08597142 -0.02215174 -0.4296955 -0.1399651 -3.810663 1.510568 2.526037 1.372262 0.2899726 -0.1840675 -0.4954316 -0.4835349 -0.2291764 -0.2833191 -0.1875596 0.3620887 -0.4830792 0.2556593 -0.236683 -0.1264464 0.03348698 -0.006373448 0.01746956 -0.03955735 -0.1215988 -0.09115524 0.1084493 -0.00170505 0.09508102 0.393778 0.03650477 -0.1102878 0.1294196 0.1644352 0.1276638 -0.2458839 -0.02658849 -0.1161036
-0.1715052 -0.0284858 -0.1012047 -0.02357248 0.3491338 0.04429097 0.2311413 0.1813698 -0.2028306 0.01230517 -4.146704 1.671691 2.282767 1.720469 0.07634058 -0.4769367 -0.5045148 -0.0480992 -0.2570026 -0.2062778 -0.4480923 0.2028224 0.07635016 -0.5080392 0.02975565 -0.2510861 0.6594652 0.5106933 -0.1673368 0.001857911 -0.05870996 -0.1669812 -0.06114771 0.4603596 -0.1246099 0.1059101 0.1921198 -0.06628265 -0.1117862 -0.04746906 0.02846863 -0.1783008 -0.05280044 0.1128918 0.3480289 0.08132213 -0.007107932 -0.0384277 -0.08934394 -0.1442743 -0.01356748
0.1040001 -0.0009155243 -0.01625493 -0.2564365 -0.119564 -0.005216163 -0.08315056 0.02253241 -0.06559239 0.07895905 0.09470371 -0.09599822 -0.2280647 -4.447577 0.9993933 1.573919 0.8620705 0.4750454 -0.4497927 -0.5276592 -0.1297076 -0.1275877 -0.2819373 0.02247971 -0.007983973 0.03459675 -0.1228029 0.2085685 0.2058413 0.03363547 0.005817869 0.1209095 0.1825659 -0.009168682 0.04221698 0.2106237 0.105588 -0.1437487 -0.1275216 -0.0494873 0.6257251 -0.2411454 0.166903 -0.04621863 -0.1175219 0.2620787 0.4505886 -0.1894252 0.01931037 0.01191079 0.187134
-0.1401442 -0.1437965 0.03388439 -0.01840642 -0.1205872 0.06411643 -0.1143439 0.2791699 0.1752658 -0.07491925 -0.02711909 -0.08326504 -0.09005626 0.07594018 -0.008404072 0.09220245 0.09314404 -2.140255 1.50906 1.012689 0.7883831 0.08631853 -0.2532146 -0.139073 -0.4743131 -0.05115751 -0.211059 0.1598766 0.06796711 0.2161704 0.01808199 0.1745022 -0.15731 -0.02440003 -0.03131491 -0.1213574 -0.006957675 -0.1418119 0.02763556 0.05172377 0.05379682 0.1068484 -0.2009651 -0.1347135 -0.1218795 0.06763639 0.1970494 -0.02669089 0.2589338 0.2359784 0.1518411
-0.008080471 -0.06606615 0.277891 -0.4462179 -0.08204788 0.0297979 -0.7071494 -0.03597591 0.1608831 -0.03724165 -0.2433366 -0.2180487 0.5452186 -1.417643 1.736867 0.6650235 0.07242511 0.02759497 -0.2197354 -0.4137995 -0.07232964 -0.3389291 -0.1113081 0.1860193 0.3162154 -0.07901257 -0.1623858 -0.1322218 0.2701498 -0.2327557 -0.4940478 0.4696966 0.2715232 0.005180668 -0.08309275 -0.09063867 -0.5847585 -0.5848764 0.1896142 -0.05782923 0.618229 0.5123733 0.1502473 0.163229 -0.3436501 -0.08931292 -0.2216475 -0.3003831 0.2694289 0.3963616 0.001773808
-0.00973984 0.1615834 0.03638156 0.0191624 0.1004051 -0.4242043 0.05118404 -0.02281496 0.2783124 -0.02294322 0.2227203 0.003036807 -0.02585586 -0.07083441 0.1584331 -0.1849791 0.003825839 0.05158539 -0.04794287 -1.667189 1.598574 1.178983 1.16296 0.4273051 -0.2344842 -0.4120823 -0.18841 -0.004875555 -0.0586634 -0.1137984 -0.3607503 0.02821023 -0.162648 -0.02108978 0.2596868 -0.07655647 -0.2325154 0.1283312 -0.02982832 0.168268 -0.3160123 0.2483923 0.1621692 0.3218395 0.2142038 0.05655114 0.2228428 -0.2122264 -0.1827055 -0.6350492 0.04037113
-0.6684349 0.08831254 -0.1831383 0.185238 0.3981379 0.04559693 -0.03933148 -0.08721486 0.2336735 -0.06487504 -0.14803 -0.04778228 0.2587888 0.05504382 -5.759793 1.40769 2.686925 0.8151478 0.2828251 0.4071719 -0.296281 -0.3608085 -0.2212671 -0.1903154 -0.1739357 -0.1134213 -0.09757897 0.1659915 -0.04055366 -0.1133959 0.1036939 0.002520824 0.000167671 -0.04742542 -0.1157612 0.1195277 -0.1276599 -0.1336684 0.2644797 0.381023 0.01272038 -0.1548781 -0.2155176 -0.3379777 -0.1872139 0.1188776 0.003940106 0.1303343 -0.1871512 0.05815922 -0.4072188
0.04572021 -0.05921474 -0.02317982 0.01442433 -0.05123447 0.07025909 -0.0841462 0.08095032 0.02850545 -0.08027135 0.0179125 0.02028304 -0.04391545 -0.1322696 0.001059774 -3.191451 0.2676598 2.311046 1.587417 0.5507756 -0.1739013 -0.2795775 -0.4828779 -0.6690047 -0.4389731 -0.2353561 0.177472 -0.06075802 0.1181511 0.01195685 -0.06423457 0.09864125 -0.02768825 -0.03789376 0.0116159 0.001765911 0.06357092 0.01650656 0.0903415 -0.02711227 -0.09599705 -0.1188865 -0.0303494 -0.1085329 -0.001416231 -0.09375554 -0.07245713 -0.1439795 -0.07427302 -0.05688497 0.02276088
0.0325231 0.1217418 -0.007660661 0.08663996 0.0202006 -0.05319121 -0.01999385 0.1004531 0.03963077 -0.01557971 -0.1533564 -0.006422513 0.06201337 -0.0003618337 0.03787828 0.09909695 -0.05852855 -6.078316 -0.4000283 3.28723 2.541135 1.046353 0.08572595 -0.1797748 -0.6461023 -0.8211985 -0.6360279 -0.3256059 -0.08748934 -0.006939634 0.144062 0.1914445 0.1417515 0.04799592 -0.03211078 -0.006871212 0.009946812 -0.07566749 0.07079181 0.1009887 0.04738944 -0.07213902 -0.02339143 -0.01137708 -0.1040203 -0.06648669 -0.1335986 0.01052461 -0.02540158 0.0665983 0.07905113
-0.08955929 -0.1801542 -0.01361165 -0.005671864 0.1112672 -0.08576754 0.02304502 -0.05750541 0.06372881 0.02458438 0.008898382 -0.04595222 -0.04292904 -0.0937978 0.1100847 -0.08520433 -6.496758 -2.027987 2.287071 3.519498 1.80843 0.5230404 -0.2675597 -0.8227652 -0.8891089 -0.6419025 -0.5227872 -0.2933848 0.005727392 0.02322834 0.1219753 -0.004181517 -0.01861086 0.1751714 -0.05189659 0.1357337 0.1003185 0.009749316 0.05449495 -0.1490848 -0.06449098 -0.03342135 -0.01423512 -0.02289562 0.09058961 0.06670292 -0.01980679 0.05130851 0.03723473 -0.0785943 0.02541596
0.06132289 -0.06079708 0.01595321 -0.04025052 -0.07079571 0.01537636 0.02595852 -0.008964242 -0.1035322 -3.915628 -2.817979 2.866536 0.3117256 -0.5012228 -0.5141483 -0.3813225 0.04437257 0.05801262 0.03170414 -0.03205135 -0.05926071 0.009878572 -0.01043871 0.02404675 -0.02494359 -0.1862249 0.04678547 0.05302406 0.05332769 0.09269971 -0.06608776 -0.1475004 -0.007810808 0.01769584 0.05038394 -0.03019072 -0.05056925 0.03902309 -0.03978498 -0.07647443 -0.06771887 -0.005263225 -0.08339868 -0.05791767 -0.03443259 0.02053121 0.06991113 0.01534694 -0.114126 0.005077144 -0.05930413
-0.1175698 0.1007487 0.1636183 0.02602244 -0.02162965 -0.09540001 -0.1499372 -0.08449158 -0.02156916 0.1134413 0.1839758 0.05188615 0.1322402 0.1028107 -0.09712558 -2.977475 1.254847 1.574836 1.061543 0.4035735 -0.2500637 -0.2434642 -0.3399288 -0.5345185 -0.278297 -0.1760623 0.05315622 0.1325585 0.09411786 0.09219531 0.07799585 -0.03207816 0.1200283 0.006523325 -0.06082434 -0.04595201 -0.09608375 -0.1774886 -0.07256587 0.04019181 -0.1080286 -0.06285779 0.06877823 0.04520747 0.1975596 -0.06941245 0.09366789 -0.07647055 -0.01617038 -0.04848487 -0.0326681
-0.04935041 0.189511 0.04439742 0.06685093 0.05316265 -0.07275195 -0.08351582 -0.05168232 -0.1025414 -0.0423306 -0.0006321091 -0.004619184 0.02303021 0.09947741 -0.1401434 0.04313216 0.1814572 0.1191387 -4.646223 3.241599 3.198297 1.245218 0.02653493 -1.222929 -1.186788 -0.5454387 0.08433262 0.08802174 0.1062052 0.1657953 -0.02600134 0.08569966 -0.01973716 -0.2002592 0.08582284 0.04759635 -0.02043557 0.02918733 0.07157174 -0.1370323 0.004997353 0.02903938 -0.04305673 -0.0788141 -0.08891637 -0.1111563 -0.04626343 -0.08107318 -0.1022131 0.05117957 0.005305222
-3.998261e-05 -0.08385297 0.06327538 -0.08514041 -0.02790122 0.03453573 -0.1086637 -0.09826471 -0.1116315 0.1110012 -0.08500532 -0.1150141 -6.160251 1.53453 2.896802 2.493926 1.038789 0.1604467 -0.5322162 -0.5982417 -0.7625097 -0.6184239 -0.329508 -0.009595364 0.08040722 0.1042552 0.1051307 0.1114881 0.05564052 -0.1111918 0.009138443 -0.1374431 -0.09459107 0.04075501 0.09046555 0.08030422 0.1364913 -0.05447879 -0.1591652 -0.1567423 -0.1561946 -0.05187482 0.09091953 -0.04867959 -0.0002448157 0.1538054 0.09964262 0.0910309 0.006272517 0.008670398 -0.07125033
0.09964262 0.0910309 0.006272517 0.008670398 -0.07125033 -0.07868154 0.04981788 -0.05471666 0.04809522 -0.03835848 -0.09304537 0.01282266 0.01763602 -0.006542493 0.02178932 -0.1021952 -5.834207 0.9354839 2.615499 1.20236 0.1686895 -0.2805054 -0.6209646 -0.7341158 -0.4274672 -0.1406807 -0.1033249 -0.189405 -0.1547986 -0.1240465 0.1443551 -0.02737275 -0.1064357 -0.131205 0.01314291 0.01039897 0.2007149 -0.06862168 0.05545866 0.1509489 -0.0810362 -0.1058966 0.1284741 0.1002687 -0.09634034 0.1345545 -0.09095344 -4.011919 2.884 1.411677 -0.5097165
0.03660012 -0.07294599 -0.1189631 -0.1620444 0.00809205 0.01380101 0.05718229 0.056229 -0.01841609 0.03161833 -0.04095586 0.02480995 -0.0599608 0.06255685 -0.05365241 -0.04769447 0.02223582 0.1099824 0.05675422 0.02739176 0.311687 0.6788434 -0.3066666 -0.422203 -0.2386142 0.1515645 0.4581212 0.2075218 0.007777079 -0.2610304 0.05164278 -0.6619347 0.07872907 0.1576876 0.1386196 0.1249049 -0.05225526 -0.03750108 0.2201052 0.1859716 0.3632346 0.000690617 -0.1089851 -0.0177133 -0.1348372 -0.104347 -0.122711 -0.06353148 0.001720794 -0.01492651 0.02927145
0.004687389 -0.01135242 -0.05448875 0.09584163 0.07571346 0.03869673 0.0178533 -0.01643385 0.0004983508 0.01590134 -0.005845469 -0.04172248 0.03393701 0.07279059 0.01104333 0.0009600683 0.02250385 -0.008864538 0.01708103 -0.04461984 -0.04806166 -0.06464726 -0.02353151 0.03317415 -0.04575104 0.6512209 -1.026902 0.4778091 -1.241334 -0.01600016 0.8452603 0.3133337 0.400665 0.2445467 -0.3813541 -0.3352918 -0.1033317 0.2137316 -0.1324059 -0.05800682 0.08719031 -0.007280496 -0.04220833 -0.1046515 -0.004163269 0.03426458 0.1383899 -0.0630594 0.0583295 0.03615732 -0.02841097
-0.1023866 -0.01120633 0.1133054 0.05770887 -0.02910762 -0.0674032 -0.008602271 -0.0268982 0.1062356 -0.006588223 0.05696882 0.08212227 -0.2782055 -0.03979202 -0.1037342 0.09536709 0.1557973 0.3093619 -0.1414355 -0.1330678 -0.08118466 -0.009632609 0.1579796 -0.09687212 -0.04024911 0.2611122 0.4852698 -0.4171309 -0.05301222 0.07405379 0.2549046 0.4175683 0.4403602 0.1191563 -0.4325646 -0.2076684 -0.2303554 -0.1114144 0.06818154 0.2648525 0.1861905 0.2681532 0.09947868 -0.1242518 -0.07749261 0.0235815 0.2093322 -0.01781094 -0.05175821 0.05763816 -0.004322353
-6.823616e-05 0.1140798 -0.01318745 0.1123746 -0.04209131 -0.1820452 -0.08337534 -0.04292434 -0.0004602874 -0.08462502 0.08601757 0.1031358 0.1058181 0.02003293 0.1303772 0.04095951 0.07720973 -0.1615469 -0.06298965 -0.09445763 -0.08884407 -0.3105513 0.2281641 -0.9048404 0.07473306 0.4935766 0.1655597 -0.01583867 0.1259026 -0.05807178 -0.05624634 -0.2130217 -0.04510448 -0.5022284 0.06316766 0.1169492 0.1780355 0.05225474 0.1003341 -0.03891715 0.02561885 -0.1172179 -0.1694586 0.1181366 0.03479481 0.1656865 -0.3401945 -0.03459847 0.2759158 0.1977619 -0.04401523
-0.02744807 -0.05602771 0.03989252 0.01631066 0.02420777 0.09747346 0.01765451 -0.02505312 0.05843156 -0.03978078 0.006432071 0.02566906 0.2691993 0.5003251 -0.02984151 0.05190984 -0.4692644 -0.180482 -0.5853313 -0.2457679 -0.08804321 0.6592876 0.7546984 0.5587208 -0.01419914 -0.3729557 -0.4521633 -0.3420649 -0.05288751 0.1658549 0.02614067 0.2305333 0.1389137 -0.0114837 -0.1291631 0.146119 0.0415738 -0.08158337 0.04298452 0.09514699 0.08507262 0.05624951 0.01730944 -0.03501989 -0.2351581 -0.1650984 0.04616047 0.2096092 0.08497936 0.02183004 -0.1837227
0.0401631 0.08618863 0.1362068 0.1177566 0.03056696 -0.09457287 -0.06960442 -0.0172416 -0.05094817 -0.02937745 0.03897368 0.08386289 0.06480981 0.009822829 0.04195556 0.04636166 -0.03975759 0.01704011 1.625603 -0.1959685 -0.1431977 -0.200783 -0.849851 0.4051547 -0.2296919 0.3201064 -0.3532145 0.4408722 0.5657094 0.119641 -0.0981506 -0.1010362 -0.1002311 -0.05593765 -0.3784859 0.1279203 0.2030389 0.0453241 -0.01723209 0.007420903 -0.07628848 -0.009039422 -0.07936219 -0.04891781 -0.05489788 0.2468658 0.2208788 0.0306581 -0.05425879 -0.05334569 -0.08961557
0.08928925 0.2474713 0.3490748 0.0274138 -0.09431275 -0.05442757 -0.07915795 -0.06697162 -0.04545677 -0.02117351 0.06408316 -0.04758161 -0.09730341 0.04305499 0.07134152 -0.08430476 0.06794057 0.06247703 -0.1479245 -0.3882488 0.09632991 0.2986602 0.5548251 0.1724024 0.2754335 -0.01013551 -0.1565441 -0.4437811 -0.1810143 -0.1178678 0.2007116 0.2252502 0.06650599 0.0795424 -0.09224913 0.04683262 -0.1102387 -0.01349025 0.01678455 -0.01875329 0.02504045 0.1370994 0.04315475 -0.0439098 -0.009822122 -0.01905517 0.01881715 -0.1361648 0.002714175 -0.03040254 -0.05495117
-0.04398331 0.02505026 -0.2009068 -0.05576293 -0.04318823 0.1836216 0.08671194 -0.09191108 0.008360014 -0.05944268 0.09444705 0.03399794 -0.03233995 -0.06477801 -0.07235119 0.03012778 -0.01963613 -0.1106238 -0.002154345 -0.057443 0.01590865 0.05912761 0.105896 -0.09022363 0.972905 0.1187269 -0.4970079 -0.81639 0.3382785 0.07801595 -0.00202718 0.04173425 0.2960346 0.1056511 -0.2322614 -0.1209583 -0.13755 -0.1411609 0.071424 0.1678569 0.01003918 -0.04376885 -0.1721064 0.05612705 -0.1275527 0.07042208 0.2051041 0.2227508 0.1365709 -0.1002899 -0.008767667
-0.146971 -0.03160027 -0.04290916 0.08457366 0.04059171 0.01620768 0.02020059 0.09549633 0.1095029 0.07255048 -0.003678469 -0.3170759 2.524835 2.609013 1.115334 0.8176091 0.6377388 -1.369086 -1.204755 -0.5499988 -0.08629078 -0.140006 0.3476226 0.6618025 0.4822435 0.08532978 0.07039664 -0.07418706 0.07649782 -0.1434912 -0.007244117 0.02469981 0.2128528 -0.07131522 0.03520603 0.07053445 0.1479291 0.2123272 0.1421624 0.01458431 -0.1466631 -0.2248229 -0.09638861 -0.1043613 -0.02876001 -0.01069643 0.01562915 0.02341258 -0.06478389 0.01744542 0.02387435
-0.0254615 -0.01797202 0.00459685 0.02440865 -0.03032888 -0.03971014 0.0536911 0.03193559 0.1170376 -0.008481024 -0.003269555 0.05892921 0.08379932 -0.02835649 -0.2264297 1.059242 -0.700853 -0.4418543 -0.1427722 0.160936 0.3424482 0.03817394 0.1350823 -0.01126755 -0.0700357 -0.0932502 0.08258134 0.04099118 -0.1277233 -0.1561133 -0.007597868 0.02169556 -0.09738316 -0.1925285 -0.1393021 0.04782705 0.1661628 0.08076087 0.1344356 0.0396884 -0.1803546 -0.06797118 0.03469325 -0.005443397 -0.08612803 -0.007161669 0.1142335 0.03928853 0.0229578 0.1807532 0.01256506
0.05720609 0.003981939 0.0347678 -0.1474567 -0.04538614 0.2566788 0.0777602 -0.08608995 -0.0702123 -0.04176502 0.08059646 -0.04870898 -0.1055847 -0.075463 -0.06547296 -0.04250639 0.06018157 -0.01405529 0.03150665 0.2593828 0.01927963 0.05671252 2.236965 0.7607372 -2.479086 -0.8438637 0.0184373 0.4132974 0.683158 0.4549995 0.4343818 -0.04124836 -0.1424745 -0.04721321 -0.1945643 -0.03368576 0.01434143 0.01924025 0.05287249 0.08545297 0.03138072 -0.07239674 0.05922618 0.2010508 -0.0351656 -0.09724807 -0.1966192 -0.07571062 0.08994544 -0.01552263 -0.00846663
0.06585034 0.1019604 0.1239768 0.1972387 0.1837395 -0.01546373 -0.3131153 -0.006791485 0.1289408 0.04176258 -0.1960259 -0.03010316 0.1592899 0.1685106 -0.1132245 1.302216 0.2894989 -1.43616 -0.08276077 0.02792141 0.0258737 0.1815036 0.6086644 0.566166 0.3340577 0.1214953 -0.1147075 -0.4751437 -0.2577773 -0.1207448 0.0188153 0.2393826 -0.04706152 -0.004059352 0.01437621 -0.0694855 -0.08033896 -0.08530344 0.005960673 0.05680574 0.02146499 -0.02115468 -0.01012662 -0.04364922 0.01516733 0.006329278 -0.07230159 0.05139708 0.1387877 0.09240983 0.1366038
0.02762371 -0.001708361 -0.02600606 -0.01345356 -0.04253347 0.03771544 -0.01420296 0.00937908 0.06005041 0.03166427 0.05579088 0.06445411 -0.03978696 -0.04234112 -0.06456546 0.02882421 -0.02273996 -0.00724243 0.05607621 0.05127707 0.03163745 -0.03309069 0.0582185 -0.06425729 -0.07546832 -0.04137675 0.03354194 0.04996702 1.981501 2.184074 -2.229018 -0.9397305 -0.1727031 1.418638 -0.5108771 0.2816257 0.4018382 0.3673284 0.544137 -0.104096 -0.3914327 -0.466852 -0.2238397 -0.1650744 0.05480395 -0.2904048 0.03161483 0.1307005 0.1998203 0.1138553 0.05639815
-0.07987455 0.005126622 0.2955606 1.04244 -0.221343 -0.1705511 -0.5152764 0.1427773 0.1648249 0.1336511 0.1006619 0.0128201 0.1365284 -0.1788972 -1.033337 0.5773624 -0.1333529 0.01298397 -0.5762758 -0.111812 0.06997457 0.0283839 0.123022 0.02572286 0.05264149 -0.06086474 -0.03184224 0.02721574 0.024217 -0.01202596 0.01632071 0.02414588 0.0316667 0.1147534 0.1332651 -0.05091235 -0.01630597 0.02071627 -0.08570555 -0.1276333 0.008875584 0.05112501 0.09121434 0.06440688 0.003704029 0.08311096 -0.04687139 -0.08613648 0.002855801 -0.1236345 0.1936989
-0.05091235 -0.01630597 0.02071627 -0.08570555 -0.1276333 0.008875584 0.05112501 0.09121434 0.06440688 0.003704029 0.08311096 -0.04687139 -0.08613648 0.002855801 -0.1236345 0.1936989 0.1715813 -0.4205914 -0.163606 -0.1780443 -0.09735759 0.1279478 0.2489899 0.2071788 0.1555771 0.1124763 0.0563387 0.02085696 -0.07764775 -0.07109249 -0.06089573 -0.046652 0.03783357 -0.06205925 0.0311621 0.07860865 0.03625013 0.07176659 0.007585105 -0.06796538 -0.03415419 -0.01785894 0.01361247 -0.0370842 -0.04197228 -0.002573705 -0.1063011 -0.05744545 -0.08108448 -0.07490989 0.01078044
-0.05778655 0.06105899 0.0642412 0.08073124 -0.01295481 0.01288731 -0.1262799 0.03519579 -0.0922739 0.0488328 -0.04677302 0.02608157 -0.01854813 -0.02569869 -0.3576971 -0.03737201 -0.2829515 0.09818548 0.2220087 -0.09424339 0.130929 -0.3462959 -0.8029841 -0.08479606 0.6671981 0.6126148 0.3304473 0.2295818 -0.387174 -0.2153836 -0.4483533 0.1182003 -0.1451452 -0.05390205 0.1984211 0.2742384 0.3295738 0.1247555 -0.002881574 -0.2015386 -0.3021331 -0.02880065 0.09846333 0.1393464 0.09486204 0.05375499 0.0069774 -0.01873127 0.008982767 0.02561958 0.03566023
-0.008338989 0.05303688 0.00791923 0.02090244 0.04704572 -0.0003317638 0.03308965 -0.03559403 -0.03879657 -0.003395183 0.02057968 0.01889737 0.01565373 -0.01623983 -1.208032 0.1169485 0.5617737 0.7910216 0.3466422 0.4836306 -0.06278248 -0.5165204 -0.07803527 -0.1545918 -0.3742114 -0.3099066 -0.1575046 0.2268155 0.2653288 0.5067952 0.3016465 0.0007722932 -0.0005037709 -0.04024363 -0.05373416 -0.182667 -0.1037217 -0.04273137 -0.05236278 -0.03985367 0.01171692 0.2122694 0.005717688 -0.004979079 0.121031 -0.2131022 -0.1157261 0.05631065 0.1243472 -0.0327519 -0.1320644
-0.01192067 -0.09739571 0.03754572 0.0686922 0.1186119 0.08162254 -0.04183259 -0.01008794 -0.05268336 -0.09396296 0.05602133 0.05698749 0.06217321 0.03048013 -0.01609071 -0.0006315207 0.1735521 -0.4281854 0.1445432 0.121484 0.2529467 -0.1144917 -0.5658186 0.06327651 0.8231805 0.1950437 0.03943229 -0.06874251 0.01660798 -0.2215625 -0.03466176 -0.1166201 -0.1469571 0.08211351 -0.03089535 -0.05415326 -0.06588134 0.0174167 0.02892825 0.01991556 -0.05523365 0.04868124 0.08338716 -0.02693547 -0.1595785 -0.1431078 -6.490923e-05 -0.06625967 0.3373143 -0.2557264 0.02792961
-0.03143807 -0.08720992 -0.08162534 0.01202658 0.05235924 -0.001955425 0.1014271 -0.08675508 -0.005005995 0.005564565 0.006656458 0.1313865 0.05353545 -0.005695106 0.0396724 0.106238 0.05438222 -0.01721463 -0.2368765 0.03417011 0.3295288 0.1148512 -0.3381841 -0.2010927 0.07154725 0.1720947 0.09991134 0.1244129 0.04041653 -0.02354778 0.05818829 -0.09330869 0.05380772 -0.03058695 -0.03906394 -0.03802086 0.02948264 -0.1240214 -0.1005142 -0.03579843 0.11954 0.02707947 -0.1124161 -0.005001018 0.3389064 0.07354326 -0.1408676 0.01263907 -0.06605283 -0.09227703 -0.09685753
0.01682221 -0.08299761 0.002659536 0.04436805 -0.06723715 0.04029739 0.08967863 0.03388934 0.0382949 0.05297006 -0.01755675 -0.02749041 -0.009100604 -0.07400613 -0.05972942 -0.009755777 0.0186008 -0.9361696 0.4104887 -0.2700078 0.2820616 1.2309 -0.2505176 -0.5813413 -0.3347801 -0.4272131 0.1628558 0.6509777 -0.1601658 -0.3578809 -0.2442278 0.01624666 0.1533575 -0.08626045 -0.180163 -0.2262912 -0.03821357 0.03229001 0.1071051 0.1626091 -0.1312225 0.01816681 0.04674222 0.03837854 -0.04500557 -0.1165433 -0.03548362 0.04981764 -0.02900499 -0.05198774 -0.04011307
-0.0472163 -0.03915786 -0.0003597889 0.07549047 0.02208207 -0.07191534 0.01191925 -0.06645354 0.003509101 0.03647032 0.09541549 0.1228347 0.02916162 -0.02587253 -0.8671778 0.32037 0.537755 -0.2362602 0.1022586 0.6202638 -0.2591167 -0.3386782 -0.2148313 -0.008540953 -0.2678058 0.06048578 0.09647053 0.3274491 0.04602251 -0.1996954 -0.06938865 0.08750317 0.2100578 0.01632077 0.1088115 0.0177799 0.01897161 -0.3156223 -0.3184359 0.005469884 0.1187516 0.1616808 0.1043705 0.04020026 -0.03430005 -0.02499955 0.0482448 0.04531931 -0.03582985 -0.02144914 0.06833625
-0.1119659 -0.07471386 -0.05474589 -0.04310826 -0.02057026 -0.08254895 0.08134881 0.02360351 -0.08021914 -0.03420487 0.00771791 -0.03152577 0.106296 -0.1649004 0.9677781 -0.7240503 -0.9133345 -0.02413835 -0.1393768 -0.2253507 -0.1448019 0.0868315 0.1552609 0.1616862 0.1351805 0.3597766 -0.02820544 -0.05473294 -0.05401573 -0.006248753 -0.05873356 -0.01389537 0.07486261 0.02430009 0.1143375 -0.02918102 0.09076988 -0.06206449 0.01257342 -0.08977412 -0.1800989 0.1061968 0.09690879 0.01695988 0.1199393 0.2231893 -0.01986767 -0.1317632 -0.1313098 0.08759725 -0.01479725
-0.1319288 -0.07327008 0.022913 0.2560993 0.006762143 0.07342643 -0.06054114 -0.1096796 -0.1106712 -0.1123939 -0.00122362 0.06931639 0.09337294 -0.05274338 -0.06462546 0.08668517 0.0257901 0.1070061 0.2071635 1.238492 -0.1129189 0.5565625 0.3374155 -0.07859769 -0.4519922 -0.1171484 -0.1269376 0.07992402 -0.04726397 0.2255615 0.4511673 0.1510812 -0.06952059 0.1205882 0.1317524 -0.03151837 -0.2215419 -0.06463205 -0.02325577 0.006319467 0.0202277 0.004647267 0.06500112 0.1516581 0.04864413 -0.05008837 -0.1117121 0.1122229 -0.07001575 -0.07055711 0.0444481
-0.01909942 -0.08251613 0.04516826 0.05114393 0.07901926 0.04136587 -0.06068566 -0.1034092 -0.2026376 0.03408711 -0.07293574 0.03026416 0.09556897 0.03949687 -0.04718615 -0.324503 1.296678 0.647895 -0.4483044 -0.2142883 -0.44375 -0.8156734 -0.1278001 0.1077578 0.3129238 0.3627598 0.3646758 0.2710717 0.01544963 -0.173828 -0.1890332 -0.07427325 -0.09404764 -0.02723242 -0.05468176 0.07951248 0.003233529 0.07622185 0.07637724 0.04627934 -0.1180311 -0.0159594 -0.04777225 0.1003656 -0.04134929 0.07262895 0.1192902 -0.040979 -0.06809037 0.07801367 -0.1231181
-0.06647009 0.1164592 0.03010962 0.1018621 -0.07096314 -0.1730108 0.002279864 0.1263085 0.0718692 -0.03358782 -0.08870818 0.06820025 0.08212256 -0.01063443 -0.03462746 -0.07130864 -0.02076744 0.002542361 -0.5105767 1.111597 0.3764464 -0.46397 -0.2066087 -0.07042052 -0.2191386 -0.7701687 -0.1542986 -0.08503192 0.2342034 0.2916097 0.1514054 0.2205123 -0.1041003 -0.1228067 -0.09379786 -0.03570723 -0.001225634 -0.03293641 0.03222274 0.09795754 0.07373726 0.001214102 -0.1806123 -0.1275929 -0.0838209 0.1848807 0.1749067 0.1865811 0.04549838 -0.1163884 -0.2264238
-0.221153 0.04743841 -0.001151596 0.3528109 -0.008641339 0.1050891 0.1632214 0.04723011 -0.08776388 0.4656621 -0.02472628 -0.08781157 -0.05668249 -0.2007145 -0.4370731 0.1258952 0.8186259 0.1598045 0.8456108 -0.1410662 -1.375651 -0.2759168 -0.01540432 0.1147116 0.2749096 0.7943797 0.4190666 0.2222318 0.3136391 0.05980911 -0.1341209 0.01230093 -0.1710048 0.1573406 0.00858746 -0.2038891 -0.2093362 -0.1449445 -0.2211352 0.01453405 0.1404899 0.02416178 0.1549306 -0.005410244 0.1308622 -0.04444202 0.05207785 0.2161585 -0.1874388 -0.03734212 0.3066547
-0.002203379 0.01415514 -0.02370791 -0.01359395 0.02783482 0.05442222 0.07790062 -0.09706092 -0.1047959 -0.1543607 0.06543654 -0.02548176 -0.1297207 0.03765202 -0.01492528 -0.06257343 0.04154395 -0.05990873 0.1383043 1.653819 -0.05633721 -1.356324 -1.03354 -0.1045988 0.3724501 0.3350846 0.002583705 -0.01916684 0.3944129 -0.1073275 -0.04307396 -0.1996563 -0.2856066 -0.1762491 0.04159848 0.2191916 -0.0235293 0.03809731 0.1786959 0.1194348 0.1277432 0.1933467 0.04799061 -0.1302956 -0.07952491 -0.1058379 -0.2237646 0.02556548 -0.06576739 0.1719712 -0.01760074
0.03441959 0.06633883 0.01685658 -0.01323309 -0.1753659 -0.1934869 -0.1331437 0.1063772 0.1281814 0.220797 0.287714 -0.09249139 -0.07172654 -0.1123965 -0.04827088 -0.1333347 -0.257763 0.004551385 -0.03030619 0.3967238 0.6859763 -0.732905 -1.072567 -1.222795 -0.2334704 0.5366412 0.7941112 0.2140325 0.3227785 0.04440543 -0.237382 -0.1283295 0.09927063 0.0943316 -0.09165836 0.0560839 -0.02067745 0.02249672 0.08442288 -0.04709221 0.03800951 0.06710558 0.01808477 -0.1395538 -0.09665806 -0.0504819 0.003563639 0.124324 -0.04338566 -0.009176091 0.06386814
-0.0404106 0.0640913 0.02175073 -0.03054925 -0.07492264 -0.006672077 0.006173734 -0.05479967 -0.06734207 -0.02486072 -0.03117263 0.07971181 0.02422354 0.05187918 0.0813313 0.02101651 0.003416004 -0.02016114 -0.01841133 -0.06402875 -0.08062839 0.03311679 0.02479688 -0.05202381 0.09165794 0.05775944 0.09605774 0.2942531 0.02598428 -0.2089996 -2.223022 -0.8381323 -0.1195243 -0.05741898 -0.5160234 0.5801145 0.268356 0.559182 0.1151856 0.190852 0.4493543 0.02926777 -0.1130548 -0.2264512 0.03569683 -0.1858264 -0.07693098 0.09359692 -0.005953619 0.268392 0.1888654
-0.006065474 -0.04777238 0.02178563 0.02622534 -0.006690596 0.02822542 0.02231484 0.02294453 0.004034236 -0.002403686 0.01379252 0.06818486 0.02581162 -0.02715197 0.01413906 0.2194294 0.8967275 0.5012524 0.2741863 -2.165222 -1.654183 -0.2432299 0.4515066 0.6039101 0.573359 0.2962592 0.3029474 0.06760869 -0.2181308 -0.206356 0.16793 0.1449332 -0.1159723 0.04536206 0.07769699 -0.01057552 -0.05145295 -0.05386615 -0.03534568 0.07267235 -0.01315819 -0.011994 0.003523987 -0.01172677 0.05824336 -0.005955487 -0.05067633 0.04534636 0.01715644 -0.006406603 0.002197367
0.1489628 -0.09490233 0.0674923 -0.1593882 -0.0602443 0.1037688 0.05902978 -0.1957214 0.05575222 -0.07934379 0.02050076 -0.04526053 -0.06442592 -0.1085804 0.004618599 0.001723822 0.02257207 -0.02515729 0.01259277 0.04981554 0.08600067 -0.00309676 -0.1652506 -0.0181149 0.3307334 0.2082878 0.5412489 -1.211941 -1.622314 -0.007760509 0.3981925 0.2801911 0.222667 0.2247226 0.2790405 -0.2421808 0.2697734 0.3675475 -0.1327225 0.2071576 -0.4772354 0.01666711 0.09136267 0.1161637 0.1228106 0.1113899 0.01670159 -0.02850051 -0.07728236 0.01407263 -0.05073916
0.03612397 0.2238003 0.02185727 0.03176947 -0.1039945 -0.1395606 -0.1282983 -0.0001045908 0.1109707 0.1309413 0.007058124 -0.05912624 -0.04718181 -0.1044375 -0.0706315 0.1735826 0.133653 -0.111315 0.02264463 -0.1291098 0.1086759 -0.0295777 0.01820524 0.02245367 1.314274 -0.8346416 0.4247103 -0.566584 -0.15363 -0.3077291 -0.3184934 0.1161288 -0.07740253 0.09054442 0.01451703 0.2515303 0.1693071 0.1699857 0.03635596 -0.05984866 -0.1136227 -0.03912195 -0.09317224 -0.1138264 -0.02341975 0.1091132 0.06570663 0.02187457 0.1417406 -0.0326701 0.14588
-0.04007156 -0.0313381 -0.002736188 -0.06508757 -0.05698391 0.1169502 0.003348043 0.0943099 -0.09729113 0.08445138 -0.05315325 -0.146514 0.07511396 -0.002501518 0.01082549 0.0091148 0.09944705 -0.04620311 -0.06568474 0.0005523229 0.05044231 0.005079473 0.1133325 -0.02687796 -0.03170032 0.03260593 0.9434142 -0.1363142 -0.2962974 -0.7169476 0.01885333 -0.3528197 0.1018092 0.2545789 0.2220624 0.1544297 0.1144905 0.01003417 -0.1249797 -0.03889645 -0.131269 -0.05129637 0.01390781 0.009201116 0.08821583 0.06479272 0.02038202 0.2140342 0.1242348 -0.002058616 -0.06178365
-0.03955733 0.05647605 -0.0515965 -0.1221585 0.06896151 -0.02149749 -0.1701684 -0.02467659 -0.08707973 0.1007574 0.3011076 0.205259 0.00398186 0.004547251 -0.0713352 -0.1337149 -0.192984 -0.02092117 -0.1196445 -0.06836057 0.06428278 0.4984278 2.457048 0.2348728 -2.087641 -1.387012 0.1215797 0.568941 -0.05430998 0.371341 0.3315827 0.1749503 0.07872643 -0.1929796 0.1008612 0.08769774 -0.01137163 -0.2164313 0.06497842 0.0288903 -0.1001037 0.01134846 0.2824709 -0.03700006 -0.08799443 0.09347799 -0.0442063 0.09810796 0.006125547 -0.02141582 0.006470672
-0.01177525 -0.005862942 -0.05575674 0.005355385 -0.05196889 0.09935833 0.001307758 0.1013987 0.6942291 0.0759512 -1.929673 2.474667 -2.056705 -1.225672 0.1141847 0.1175937 0.6506578 0.5595739 0.04203035 -0.07638474 -0.09862339 -0.1521637 -0.0459114 -0.1360101 0.0342422 0.1018835 0.006602336 0.1534909 0.1344939 -0.006104857 0.0147534 -0.1324509 0.03004549 0.1363503 0.02893793 0.05550468 0.0005556667 -0.02400484 0.008232013 0.09748208 -0.02769324 -0.05621652 0.07397606 -0.01117877 -0.03159992 -0.01160907 0.05245898 -0.03562924 -0.0860479 0.02686829 0.06618679
-0.1821386 0.005716806 0.1052335 0.1125482 0.09084046 0.07605959 -0.006603907 -0.1075588 -0.1090997 0.06141617 -0.04621211 0.08237874 0.06154639 0.1097672 0.02388553 -0.001396298 0.04653035 1.347013 -1.382879 -1.133706 -0.3743251 -0.2182218 0.1548098 0.05265163 0.1684252 0.2665036 0.1644729 0.1007318 0.1488305 0.1244278 -0.01252257 -0.1515273 -0.05593926 0.02331423 -0.04052097 -0.02743089 -0.01284699 0.04779546 0.01368711 0.1509497 0.08581041 0.05732919 -0.02904746 -0.01760694 -0.008873653 -0.05801468 -0.02924817 -0.02976687 0.02156802 0.06866636 0.04523213
-0.003228452 -0.07680804 0.006646928 0.1214087 -0.01333466 -0.04504325 0.05536084 0.04217333 -0.002486095 0.1111561 -0.09327929 -0.4124238 -1.04744 -1.180226 -0.8737911 0.04673662 0.1649854 0.2283747 0.1902794 0.2856371 0.2312912 0.1136007 0.1208374 -0.04156284 -0.0123491 -0.07972945 -0.1171695 -0.07078581 -0.1584083 -0.06125722 -0.06247396 -0.0173387 0.1427659 0.1780488 0.08546316 0.05303811 -0.02400964 -0.1683911 -0.1011463 -0.02501598 -0.05355224 0.08730247 -0.00979669 0.1159886 0.05744969 -0.09182449 -0.1316446 -0.05396931 0.008087102 -0.01510131 0.01877766
-0.05876401 -0.03303786 -0.04135573 0.04041453 0.01199987 0.04351425 -0.0617758 0.01353499 0.006180963 -0.08488862 -0.008627309 0.3244202 -0.3768192 -0.9785815 -0.8742753 -0.3781649 0.6347772 0.03628779 -0.2487168 -0.06589299 0.09189869 0.1140863 0.1665717 0.02117229 0.02775343 0.009183805 0.02869855 0.03136245 0.04777467 0.03524672 -0.08127461 -0.06654803 -0.03010768 -0.04701883 -0.0278338 0.009188141 0.0588382 -0.02092027 -0.03775493 -0.03503061 0.008282065 0.09528621 0.03435017 -0.02664666 -0.01513306 -0.04288073 0.0903227 -0.009404178 -0.008982913 0.02198087 0.02184652
-0.04019116 -0.0159073 0.05562898 0.1024754 0.1151629 0.03282508 -0.06067403 -0.1179987 -0.07263077 -0.02672679 -0.002246432 0.0995656 2.078475 -0.307492 -1.42822 -1.168181 -0.3300253 -0.001556403 0.4312874 0.2487037 0.1688509 0.1998945 -0.423844 -0.1873284 0.106317 0.1414162 0.2909125 0.1883134 0.151596 0.08965099 -0.07284896 -0.09793397 0.0464794 -0.07329528 0.04515996 -0.04987939 -0.04736025 0.06803739 0.1033604 -0.003111584 0.1296807 -0.06119323 -0.021224 -0.01767712 -0.05322535 -0.03756054 0.03735147 -0.003473717 -0.1875775 0.1215131 0.05889006
