-1.679341 -1.667884 -1.642108 -1.628648 -1.624738 -1.622101 -1.636505 -1.665322 -1.665615 -1.652503 -1.640012 -1.626436 -1.627372 -1.641947 -1.663486 -1.675594 -1.686354 -1.700995 -1.718207 -1.727141 -1.726689 -1.709593 -1.693904 -1.687582 -1.699004 -1.712839 -1.693756 -1.672996 -1.65981 -1.670082 -1.674379 -1.668416 -1.661217 -1.660017 -1.65797 -1.65703 -1.66404 -1.670723 -1.674228 -1.684641 -1.689372 -1.677559 -1.663581 -1.647548 -1.645152 -1.658229 -1.656557 -1.654665 -1.647808 -1.66122 -1.683165
-1.66122 -1.683165 -1.678279 -1.653312 -1.653042 -1.655833 -1.669232 -1.692303 -1.692294 -1.686261 -1.673449 -1.669068 -1.672739 -1.67567 -1.673463 -1.673341 -1.678155 -1.680157 -1.684555 -1.687425 -1.685489 -1.688378 -1.687655 -1.683104 -1.683138 -1.685158 -1.684652 -1.684212 -1.680363 -1.669219 -1.666038 -1.669172 -1.669591 -1.672779 -1.677323 -1.681317 -1.673032 -1.676426 -1.680052 -1.676293 -1.669885 -1.678156 -1.679937 -1.678524 -1.682886 -1.682919 -1.684237 -1.68139 -1.681048 -1.684929 -1.680327
-1.684237 -1.68139 -1.681048 -1.684929 -1.680327 -1.674293 -1.674973 -1.67304 -1.670705 -1.669975 -1.671507 -1.675521 -1.675385 -1.68053 -1.679127 -1.666293 -1.662165 -1.664933 -1.667565 -1.669639 -1.672702 -1.668503 -1.667675 -1.668288 -1.672564 -1.673621 -1.673943 -1.671481 -1.671122 -1.678259 -1.678401 -1.678864 -1.677319 -1.67592 -1.673306 -1.674306 -1.674021 -1.673854 -1.671683 -1.674842 -1.674495 -1.672845 -1.669639 -1.663875 -1.65964 -1.655413 -1.653731 -1.654719 -1.65625 -1.654441 -1.653797
-1.66723 -1.667587 -1.671268 -1.67161 -1.671563 -1.673018 -1.671748 -1.672271 -1.671657 -1.672344 -1.676258 -1.676612 -1.676986 -1.679557 -1.68296 -1.680529 -1.683082 -1.678168 -1.676108 -1.678079 -1.675184 -1.675176 -1.67484 -1.672132 -1.673589 -1.673278 -1.684754 -1.697856 -1.700961 -1.704426 -1.701624 -1.696069 -1.693297 -1.69946 -1.698346 -1.692526 -1.691885 -1.691277 -1.694126 -1.700042 -1.706093 -1.700524 -1.691482 -1.68715 -1.687846 -1.68852 -1.689654 -1.687802 -1.68129 -1.677403 -1.667737
-1.667737 -1.661328 -1.660713 -1.656817 -1.648068 -1.643247 -1.644727 -1.64022 -1.641841 -1.647453 -1.650275 -1.640217 -1.634873 -1.635784 -1.641786 -1.642102 -1.641472 -1.642208 -1.643638 -1.640116 -1.638916 -1.634843 -1.631229 -1.631551 -1.630063 -1.629359 -1.632883 -1.637254 -1.636625 -1.637009 -1.637188 -1.639463 -1.638645 -1.642134 -1.643309 -1.650176 -1.650196 -1.648172 -1.645488 -1.639463 -1.644951 -1.650089 -1.654464 -1.659496 -1.663708 -1.667663 -1.671325 -1.676679 -1.679577 -1.676366 -1.674886
-1.679577 -1.676366 -1.674886 -1.675306 -1.672163 -1.670599 -1.666635 -1.662459 -1.664091 -1.663309 -1.665891 -1.663043 -1.658286 -1.653606 -1.650606 -1.649819 -1.650799 -1.652708 -1.65352 -1.652903 -1.653507 -1.654424 -1.655286 -1.656834 -1.660822 -1.662468 -1.66087 -1.660098 -1.660854 -1.658638 -1.655196 -1.656427 -1.656659 -1.655446 -1.651696 -1.643202 -1.634084 -1.633121 -1.63231 -1.629081 -1.628995 -1.627931 -1.633297 -1.641368 -1.65325 -1.661991 -1.663344 -1.66303 -1.663716 -1.668508 -1.672255
-1.421945 -1.408429 -1.411344 -1.417435 -1.422723 -1.418388 -1.404031 -1.40644 -1.412105 -1.409853 -1.427915 -1.431919 -1.418642 -1.412716 -1.402265 -1.41868 -1.41139 -1.417609 -1.400571 -1.387949 -1.419656 -1.407538 -1.383475 -1.381291 -1.390839 -1.361533 -1.36862 -1.381957 -1.395378 -1.410975 -1.417826 -1.414182 -1.420495 -1.422454 -1.426513 -1.426109 -1.432475 -1.43951 -1.42316 -1.411059 -1.403353 -1.393777 -1.399917 -1.415056 -1.421629 -1.42358 -1.431319 -1.440019 -1.438677 -1.425864 -1.424693
-1.697711 -1.690451 -1.687415 -1.684288 -1.676037 -1.674324 -1.682498 -1.695092 -1.694773 -1.681387 -1.685179 -1.702114 -1.705026 -1.691469 -1.69734 -1.701419 -1.697699 -1.700173 -1.701284 -1.700018 -1.717922 -1.725022 -1.718935 -1.709087 -1.716753 -1.712558 -1.723184 -1.722824 -1.704306 -1.701205 -1.707331 -1.713541 -1.718014 -1.710818 -1.685701 -1.674272 -1.681924 -1.691285 -1.708691 -1.719034 -1.730093 -1.722586 -1.696282 -1.699481 -1.6967 -1.688517 -1.710674 -1.732239 -1.731698 -1.717644 -1.703367
-1.789071 -1.785369 -1.786216 -1.788021 -1.787918 -1.787755 -1.787672 -1.788208 -1.784239 -1.777617 -1.775052 -1.77632 -1.775618 -1.774255 -1.776725 -1.775922 -1.776519 -1.779265 -1.7776 -1.775382 -1.77473 -1.775316 -1.778289 -1.777161 -1.777674 -1.772855 -1.773048 -1.775816 -1.778206 -1.777659 -1.779765 -1.781301 -1.779402 -1.778507 -1.776107 -1.777005 -1.772346 -1.769629 -1.770986 -1.766834 -1.766004 -1.765596 -1.765985 -1.765947 -1.767406 -1.7664 -1.76567 -1.767223 -1.765205 -1.766025 -1.769293
-1.886627 -1.886418 -1.885826 -1.886351 -1.886236 -1.885066 -1.884618 -1.884856 -1.887406 -1.886725 -1.888751 -1.888944 -1.890023 -1.889051 -1.890381 -1.889309 -1.888958 -1.888025 -1.888123 -1.889235 -1.890841 -1.890085 -1.890564 -1.889023 -1.891528 -1.890528 -1.891931 -1.890049 -1.890347 -1.889396 -1.889939 -1.886461 -1.88753 -1.886084 -1.887097 -1.885072 -1.884081 -1.883859 -1.884274 -1.883788 -1.886275 -1.888284 -1.890757 -1.888914 -1.88996 -1.889893 -1.886808 -1.886223 -1.884927 -1.881849 -1.882334
-1.888417 -1.889065 -1.893962 -1.893919 -1.894257 -1.893708 -1.895163 -1.894006 -1.894828 -1.89496 -1.894546 -1.891726 -1.890022 -1.889188 -1.885425 -1.885703 -1.885251 -1.887116 -1.889119 -1.887971 -1.887129 -1.887528 -1.888608 -1.887397 -1.889393 -1.886947 -1.888472 -1.887782 -1.88839 -1.889593 -1.889579 -1.886676 -1.885192 -1.885386 -1.884779 -1.884316 -1.88456 -1.884396 -1.885733 -1.885962 -1.885307 -1.885864 -1.887205 -1.887287 -1.889111 -1.890836 -1.889658 -1.890544 -1.887743 -1.889108 -1.889191
-1.88765 -1.885411 -1.887438 -1.888 -1.887763 -1.887803 -1.888341 -1.888325 -1.893422 -1.893866 -1.896369 -1.898401 -1.904569 -1.904855 -1.905394 -1.900965 -1.897436 -1.893875 -1.892865 -1.888861 -1.886082 -1.884289 -1.8848 -1.885273 -1.884941 -1.886778 -1.887143 -1.886885 -1.885891 -1.886682 -1.894494 -1.896128 -1.89743 -1.895497 -1.896351 -1.895024 -1.896271 -1.894431 -1.894548 -1.893746 -1.892597 -1.892322 -1.890685 -1.891204 -1.890445 -1.893042 -1.89474 -1.895295 -1.896693 -1.898633 -1.898172
-1.902994 -1.901106 -1.898878 -1.897696 -1.899784 -1.893765 -1.891446 -1.892672 -1.892924 -1.893599 -1.892774 -1.892307 -1.891604 -1.892877 -1.892954 -1.893642 -1.895127 -1.894806 -1.895006 -1.896766 -1.896147 -1.896537 -1.897839 -1.900438 -1.899636 -1.898674 -1.899421 -1.897979 -1.899737 -1.901175 -1.902949 -1.903683 -1.904993 -1.901728 -1.90279 -1.900832 -1.896542 -1.891938 -1.889679 -1.890877 -1.892404 -1.893458 -1.892011 -1.890812 -1.887758 -1.888433 -1.89037 -1.893135 -1.891907 -1.890158 -1.890455
-0.3308881 -0.3306625 -0.328779 -0.3295027 -0.3295496 -0.3302457 -0.3299447 -0.3273384 -0.3267729 -0.3273198 -0.3279968 -0.3273352 -0.3263432 -0.3245171 -0.3245825 -0.3246497 -0.3247772 -0.3238469 -0.3206693 -0.3186513 -0.271302 -0.1783547 -0.2918315 -0.3159705 -0.3113033 -0.3043967 -0.3119791 -0.322071 -0.3210814 -0.3193643 -0.3196903 -0.315819 -0.3142099 -0.313192 -0.312842 -0.3128205 -0.3112364 -0.3118064 -0.3073106 -0.3067361 -0.3086731 -0.3035159 -0.3053316 -0.3070297 -0.3097325 -0.3129359 -0.3157802 -0.3200721 -0.3182191 -0.3181997 -0.3168114
-0.3136463 -0.3130593 -0.3124078 -0.3127744 -0.3130385 -0.3136929 -0.3112351 -0.3134559 -0.3103568 -0.3103986 -0.3081953 -0.3086146 -0.309077 -0.3098668 -0.3116758 -0.312707 -0.3150006 -0.3177707 -0.3166954 -0.3171212 -0.3151342 -0.3163187 -0.3149493 -0.3164748 -0.3134508 0.001849061 -0.04370396 -0.2932983 -0.3020871 -0.2865021 -0.2736489 -0.2955276 -0.3098038 -0.312182 -0.311788 -0.30638 -0.3025335 -0.297703 -0.296712 -0.2971885 -0.2956595 -0.2972407 -0.2966796 -0.296943 -0.2948855 -0.2944647 -0.2967362 -0.2944478 -0.2937846 -0.2954342 -0.2974466
-0.8561921 -0.8542735 -0.8535789 -0.8527216 -0.8535753 -0.8537231 -0.8533488 -0.8552191 -0.8577392 -0.8568102 -0.8556199 -0.7630125 -0.6191243 -0.7439634 -0.8475889 -0.8602833 -0.8562691 -0.8553759 -0.8558041 -0.8546079 -0.8543819 -0.8553554 -0.8510692 -0.8485714 -0.8477958 -0.8455935 -0.8451943 -0.8471711 -0.8461317 -0.8456576 -0.8466806 -0.847428 -0.8486434 -0.8488023 -0.8501432 -0.8521847 -0.8526474 -0.8532363 -0.85374 -0.8553017 -0.8553298 -0.8565329 -0.858017 -0.8589756 -0.859651 -0.859951 -0.857663 -0.8584269 -0.8594258 -0.8593277 -0.859579
-0.8524315 -0.8511828 -0.8523215 -0.8526698 -0.8523122 -0.8523893 -0.8527443 -0.8523973 -0.8497629 -0.850572 -0.85124 -0.8258428 -0.3655786 -0.4121694 -0.6199949 -0.73655 -0.8220409 -0.8392532 -0.8187276 -0.8376848 -0.8620327 -0.8641544 -0.8642344 -0.8649285 -0.8639578 -0.861661 -0.8599924 -0.8574552 -0.8564158 -0.8567573 -0.8474702 -0.846527 -0.846209 -0.8428665 -0.8408589 -0.8382958 -0.8404414 -0.8385859 -0.8368295 -0.8400057 -0.8378199 -0.8382962 -0.8380194 -0.8361607 -0.8361612 -0.8328263 -0.8349309 -0.8310976 -0.8326188 -0.8312717 -0.8341697
-0.8326188 -0.8312717 -0.8341697 -0.8302138 -0.8340053 -0.8343171 -0.8364974 -0.8364417 -0.8380725 -0.8400391 -0.8431353 -0.8452193 -0.8461758 -0.5822871 -0.7976398 -0.8268191 -0.831525 -0.8375397 -0.8520481 -0.8515949 -0.8562123 -0.8595251 -0.860726 -0.8593728 -0.859641 -0.8582212 -0.8557652 -0.856011 -0.8550943 -0.8550748 -0.8571859 -0.855961 -0.8548594 -0.8559151 -0.85405 -0.8549739 -0.8535007 -0.8552058 -0.8539206 -0.8505373 -0.843434 -0.8431141 -0.8425362 -0.8404192 -0.8404561 -0.8390402 -0.8378757 -0.8405983 -0.8378792 -0.8368673 -0.8372775
-0.8378757 -0.8405983 -0.8378792 -0.8368673 -0.8372775 -0.843947 -0.843338 -0.8459238 -0.8414254 -0.839404 -0.8418757 -0.8413795 -0.8320528 -0.4955464 -0.5493897 -0.7268849 -0.8071281 -0.8377004 -0.842546 -0.8532296 -0.8607596 -0.8609055 -0.8559667 -0.8573663 -0.8587235 -0.8588838 -0.8596325 -0.863049 -0.8616766 -0.8609949 -0.8644725 -0.8605626 -0.864324 -0.8640749 -0.862042 -0.8639597 -0.8643566 -0.8665152 -0.8661077 -0.8685346 -0.8670722 -0.8690385 -0.866182 -0.8678858 -0.8652025 -0.8637114 -0.8660482 -0.865092 -0.8668138 -0.8643707 -0.867465
-0.8698295 -0.868152 -0.8621565 -0.8615761 -0.8574585 -0.858018 -0.8585343 -0.8603417 -0.8624973 -0.8633368 -0.8640397 -0.7559209 -0.5142919 -0.7996604 -0.8248337 -0.8556397 -0.859136 -0.8586702 -0.8618211 -0.8612068 -0.8637392 -0.8639213 -0.8619683 -0.8638235 -0.8603545 -0.8592884 -0.8570491 -0.8543623 -0.8553892 -0.8517606 -0.8510329 -0.8524245 -0.8498614 -0.8491812 -0.8502582 -0.8471076 -0.8472549 -0.8473998 -0.8459567 -0.849419 -0.8485801 -0.8573522 -0.8651252 -0.8608947 -0.8672293 -0.8687494 -0.8660605 -0.8648326 -0.8634896 -0.8617872 -0.8611322
-0.8832844 -0.8803105 -0.8776916 -0.8786287 -0.8773048 -0.8762485 -0.877423 -0.8774824 -0.8758909 -0.8771103 -0.8771449 -0.8790315 -0.8812227 -0.8794293 -0.7059299 -0.6812569 -0.8183758 -0.8769398 -0.8786952 -0.8793177 -0.8828548 -0.8905714 -0.8889395 -0.8893352 -0.8858631 -0.884401 -0.8832284 -0.8839962 -0.884112 -0.8829052 -0.8839579 -0.8843886 -0.8844386 -0.884798 -0.8856279 -0.8857253 -0.8832703 -0.8837959 -0.8858044 -0.8848105 -0.8875616 -0.8842986 -0.8863877 -0.8860747 -0.8900242 -0.8907803 -0.8894975 -0.890093 -0.890592 -0.891709 -0.8923626
-1.782652 -1.783046 -1.7825 -1.779809 -1.776001 -1.769361 -1.792821 -1.788308 -1.766479 -1.763625 -1.764676 -1.768421 -1.766904 -1.77314 -1.773078 -1.771235 -1.676974 -1.663926 -1.769691 -1.787167 -1.769268 -1.783468 -1.783165 -1.784078 -1.781612 -1.775361 -1.762874 -1.761376 -1.765044 -1.771748 -1.77291 -1.769767 -1.770187 -1.769837 -1.775488 -1.788008 -1.785817 -1.790026 -1.78827 -1.786084 -1.792987 -1.798949 -1.796211 -1.793385 -1.799351 -1.788303 -1.786873 -1.782674 -1.785578 -1.789708 -1.789379
-1.784894 -1.787005 -1.79305 -1.782975 -1.803083 -1.804138 -1.796206 -1.799935 -1.81008 -1.802369 -1.789491 -1.782567 -1.783015 -1.781067 -1.784263 -1.784749 -1.784286 -1.934021 -2.22628 -2.37917 -2.34556 -2.254046 -2.175325 -2.117575 -2.103179 -2.10551 -2.106737 -2.102235 -2.104829 -2.109046 -2.104904 -2.095447 -2.095353 -2.091235 -2.079461 -2.081017 -2.094132 -2.10815 -2.101459 -2.101688 -2.097388 -2.093408 -2.098721 -2.098847 -2.098817 -2.097332 -2.097113 -2.092291 -2.069309 -2.030434 -2.000371
-1.572941 -1.574428 -1.569507 -1.570824 -1.573587 -1.571262 -1.565805 -1.567374 -1.567235 -1.566779 -1.567765 -1.565377 -1.556342 -1.556671 -1.560292 -1.561239 -1.560963 -1.563653 -1.439521 -1.49235 -1.577875 -1.573914 -1.558617 -1.580264 -1.581585 -1.578495 -1.57331 -1.573648 -1.566855 -1.557155 -1.556751 -1.564348 -1.569394 -1.570535 -1.564421 -1.561664 -1.563615 -1.566544 -1.564558 -1.565637 -1.564583 -1.563143 -1.566666 -1.563293 -1.557765 -1.551167 -1.534223 -1.53487 -1.54925 -1.552901 -1.551971
-1.461646 -1.455698 -1.450954 -1.445739 -1.443363 -1.440396 -1.431247 -1.425706 -1.430305 -1.42731 -1.439865 -1.466197 -1.468305 -1.463206 -1.462945 -1.464114 -1.467863 -1.465312 -1.469341 -1.469868 -1.466451 -1.458508 -1.449066 -1.443782 -1.43901 -1.443941 -1.441162 -1.44176 -1.44156 -1.441292 -1.438277 -1.427692 -1.430369 -1.452973 -1.451941 -1.444799 -1.458884 -1.468025 -1.464657 -1.455658 -1.453291 -1.446709 -1.444271 -1.44293 -1.444937 -1.450535 -1.4417 -1.443636 -1.445765 -1.439469 -1.441277
-1.544177 -1.546932 -1.542512 -1.541137 -1.560661 -1.586248 -1.583226 -1.589633 -1.585991 -1.57461 -1.561788 -1.544357 -1.40768 -1.487168 -1.539391 -1.548624 -1.536945 -1.543597 -1.545697 -1.535736 -1.537444 -1.540877 -1.548636 -1.556559 -1.556927 -1.555312 -1.540116 -1.543664 -1.549044 -1.55307 -1.568378 -1.580389 -1.569588 -1.566798 -1.571341 -1.59216 -1.601138 -1.575895 -1.562165 -1.565183 -1.573504 -1.57813 -1.580097 -1.574993 -1.564854 -1.554968 -1.561825 -1.558073 -1.553728 -1.556172 -1.561299
-1.457571 -1.467394 -1.462203 -1.461394 -1.460445 -1.456306 -1.460715 -1.459802 -1.458335 -1.449785 -1.44135 -1.433581 -1.433183 -1.422342 -1.40979 -1.432397 -1.455106 -1.457687 -1.456818 -1.450292 -1.510182 -1.501373 -1.452015 -1.44714 -1.450015 -1.447645 -1.433375 -1.442381 -1.447632 -1.44842 -1.450871 -1.449364 -1.452968 -1.458032 -1.453289 -1.446819 -1.451788 -1.45842 -1.460084 -1.470589 -1.469499 -1.458609 -1.456017 -1.457463 -1.468237 -1.467652 -1.466384 -1.463474 -1.458836 -1.444421 -1.451128
-1.483087 -1.469107 -1.459148 -1.458023 -1.449324 -1.452873 -1.455664 -1.454417 -1.458292 -1.454665 -1.457113 -1.440132 -1.435929 -1.437886 -1.442488 -1.432446 -1.424934 -1.424233 -1.430716 -1.433887 -1.51384 -1.582111 -1.450715 -1.410578 -1.463827 -1.477598 -1.451554 -1.439584 -1.437396 -1.444498 -1.417714 -1.414028 -1.40599 -1.408163 -1.414526 -1.40871 -1.396168 -1.39984 -1.41251 -1.417835 -1.426693 -1.437892 -1.446998 -1.444305 -1.442731 -1.449312 -1.44752 -1.449937 -1.453058 -1.46021 -1.44839
-1.46821 -1.478209 -1.479843 -1.469853 -1.460295 -1.456615 -1.46815 -1.471471 -1.472503 -1.481781 -1.476466 -1.466655 -1.474784 -1.633337 -1.663121 -1.614914 -1.564915 -1.554206 -1.521855 -1.467424 -1.457252 -1.455259 -1.455442 -1.451484 -1.437506 -1.445638 -1.457995 -1.456837 -1.438863 -1.436492 -1.449173 -1.477679 -1.477433 -1.473273 -1.449414 -1.442527 -1.447258 -1.447815 -1.458324 -1.461044 -1.470146 -1.461705 -1.469115 -1.469793 -1.46156 -1.468582 -1.461385 -1.451595 -1.436054 -1.448931 -1.446921
-1.444849 -1.457645 -1.463096 -1.454832 -1.451904 -1.451502 -1.453427 -1.448843 -1.464635 -1.4605 -1.466505 -1.474664 -1.455869 -1.460664 -1.477152 -1.469237 -1.474281 -1.462379 -1.465251 -1.485659 -1.485516 -1.461162 -1.451197 -1.464636 -1.459353 -1.44622 -1.468724 -1.461778 -1.448257 -1.442081 -1.439526 -1.467036 -1.468418 -1.448648 -1.429479 -1.435275 -1.434131 -1.441958 -1.464702 -1.461218 -1.458019 -1.453839 -1.442908 -1.455225 -1.459765 -1.46724 -1.47286 -1.475317 -1.479721 -1.479448 -1.472574
-1.472574 -1.475926 -1.458982 -1.44391 -1.448354 -1.458987 -1.460873 -1.463078 -1.462521 -1.455237 -1.464884 -1.43447 -1.439398 -1.436748 -1.433145 -1.430684 -1.43006 -1.454909 -1.463255 -1.57273 -1.615854 -1.444333 -1.43702 -1.473772 -1.474527 -1.463761 -1.465321 -1.455155 -1.43243 -1.42818 -1.418617 -1.430463 -1.440766 -1.444231 -1.454373 -1.449964 -1.441129 -1.437512 -1.440953 -1.442882 -1.43693 -1.441118 -1.451283 -1.45948 -1.457699 -1.459196 -1.457687 -1.464909 -1.459921 -1.463733 -1.467961
-1.758844 -1.760415 -1.759071 -1.762726 -1.762118 -1.760054 -1.759591 -1.757956 -1.75542 -1.755385 -1.756166 -1.758673 -1.758288 -1.761506 -1.760075 -1.760679 -1.762136 -1.793792 -1.76333 -1.760883 -1.761755 -1.760269 -1.761455 -1.763019 -1.762405 -1.763149 -1.763558 -1.761433 -1.7618 -1.759799 -1.76054 -1.758042 -1.758438 -1.757436 -1.759177 -1.75861 -1.759056 -1.759652 -1.759322 -1.759692 -1.758933 -1.759976 -1.758234 -1.75637 -1.757234 -1.75622 -1.757466 -1.755422 -1.756167 -1.755763 -1.756901
-1.76587 -1.76561 -1.765864 -1.763893 -1.764645 -1.762023 -1.761871 -1.758263 -1.758022 -1.757297 -1.760126 -1.759328 -1.757927 -1.761412 -1.835419 -1.768683 -1.770036 -1.763906 -1.766577 -1.76417 -1.763857 -1.765656 -1.766245 -1.76593 -1.764998 -1.764914 -1.763319 -1.762513 -1.761242 -1.762104 -1.759911 -1.760888 -1.76078 -1.759245 -1.758016 -1.757091 -1.757736 -1.758253 -1.759977 -1.759849 -1.759526 -1.760426 -1.75912 -1.760191 -1.758518 -1.759498 -1.758277 -1.75901 -1.75584 -1.755715 -1.753379
-1.758273 -1.759152 -1.75954 -1.760956 -1.759279 -1.760547 -1.760097 -1.760211 -1.761265 -1.766654 -1.789676 -1.756696 -1.761494 -1.757965 -1.760629 -1.759169 -1.760211 -1.758725 -1.75931 -1.758792 -1.760024 -1.76065 -1.761657 -1.760753 -1.761227 -1.76057 -1.761763 -1.761889 -1.761649 -1.761874 -1.761517 -1.762664 -1.762337 -1.762219 -1.760633 -1.761936 -1.761254 -1.761137 -1.759743 -1.760342 -1.759849 -1.760729 -1.761042 -1.759439 -1.759611 -1.758269 -1.759472 -1.756832 -1.757254 -1.756967 -1.75563
-1.756514 -1.756104 -1.756633 -1.755683 -1.755714 -1.756449 -1.757085 -1.756883 -1.75755 -1.757069 -1.757551 -1.757283 -1.746326 -1.800175 -1.802109 -1.749602 -1.762662 -1.755962 -1.756626 -1.755888 -1.757229 -1.757757 -1.759547 -1.760487 -1.762654 -1.760989 -1.761123 -1.761064 -1.76018 -1.761753 -1.759152 -1.759206 -1.757431 -1.758248 -1.758508 -1.759246 -1.759457 -1.759261 -1.762356 -1.761754 -1.76216 -1.760864 -1.759746 -1.759882 -1.759978 -1.757092 -1.755107 -1.756954 -1.756627 -1.759369 -1.759884
-1.882353 -1.880535 -1.879395 -1.87966 -1.880089 -1.881084 -1.878171 -1.880828 -1.911294 -1.900014 -1.879139 -1.872848 -1.871266 -1.873688 -1.876194 -1.879926 -1.884384 -1.889155 -1.887372 -1.887633 -1.88638 -1.889617 -1.885777 -1.886019 -1.885197 -1.885945 -1.883699 -1.882583 -1.884419 -1.882575 -1.881165 -1.877925 -1.878193 -1.87924 -1.87841 -1.876156 -1.876985 -1.87758 -1.875679 -1.878504 -1.878962 -1.879525 -1.883101 -1.881925 -1.881183 -1.88099 -1.878014 -1.880369 -1.878858 -1.882198 -1.88541
-1.887383 -1.886685 -1.890755 -1.891679 -1.892278 -1.889773 -1.883175 -1.881072 -1.8783 -1.874695 -1.87509 -1.874032 -1.87598 -1.923337 -1.880849 -1.884297 -1.890118 -1.887742 -1.893606 -1.881867 -1.87419 -1.867886 -1.869915 -1.868385 -1.867512 -1.866393 -1.864262 -1.860838 -1.862746 -1.858855 -1.859256 -1.858018 -1.85905 -1.864468 -1.87018 -1.87696 -1.880182 -1.882454 -1.886182 -1.890981 -1.893998 -1.892567 -1.89308 -1.892402 -1.891764 -1.891426 -1.890884 -1.890016 -1.889879 -1.888165 -1.888768
-1.885677 -1.887937 -1.890927 -1.891171 -1.895948 -1.893043 -1.895005 -1.891167 -1.892473 -1.893033 -1.888127 -1.886135 -1.88886 -1.932003 -1.930873 -1.88293 -1.889119 -1.885531 -1.887888 -1.887872 -1.887049 -1.885895 -1.885596 -1.88618 -1.892967 -1.891451 -1.89361 -1.891259 -1.889944 -1.889336 -1.887214 -1.888114 -1.887365 -1.885437 -1.889962 -1.890275 -1.893643 -1.896385 -1.897935 -1.898889 -1.898682 -1.900798 -1.898965 -1.897433 -1.892951 -1.893727 -1.890708 -1.889911 -1.893835 -1.895299 -1.896333
-1.889656 -1.88979 -1.889298 -1.886869 -1.887754 -1.886758 -1.891526 -1.890703 -1.89161 -1.891863 -1.88951 -1.888887 -1.886211 -1.911208 -1.99811 -1.918489 -1.917222 -1.907285 -1.903221 -1.898659 -1.89783 -1.894109 -1.893364 -1.890861 -1.890427 -1.889256 -1.889225 -1.887438 -1.888057 -1.886627 -1.886418 -1.885826 -1.886351 -1.886236 -1.885066 -1.884618 -1.884856 -1.887406 -1.886725 -1.888751 -1.888944 -1.890023 -1.889051 -1.890381 -1.889309 -1.888958 -1.888025 -1.888123 -1.889235 -1.890841 -1.890085
1.187265 1.185654 1.187564 1.187237 1.189639 1.193384 1.19213 1.19621 1.20211 1.209923 1.208069 1.12299 1.213299 1.187642 1.212595 1.21429 1.219233 1.226451 1.221411 1.219454 1.223256 1.209652 1.202805 1.195721 1.188081 1.181426 1.177842 1.17626 1.172899 1.166968 1.168554 1.1738 1.176794 1.177908 1.178435 1.175864 1.176407 1.181877 1.183014 1.181991 1.180497 1.178088 1.178756 1.180128 1.1824 1.18509 1.189905 1.195191 1.200334 1.201066 1.196807
1.189582 1.190052 1.193154 1.191776 1.193725 1.188279 1.184905 1.181258 1.173168 1.168664 1.164227 1.164334 1.165142 1.165842 1.107931 1.034807 1.098451 1.149866 1.152195 1.166366 1.169833 1.1766 1.187373 1.189896 1.186594 1.182015 1.183176 1.186051 1.189866 1.193871 1.199811 1.204172 1.20428 1.201955 1.199289 1.195113 1.197856 1.197199 1.200812 1.207098 1.207542 1.216108 1.213624 1.208943 1.211362 1.208703 1.209865 1.208659 1.20356 1.200106 1.199978
1.17814 1.179876 1.180485 1.178355 1.177862 1.179248 1.17843 1.177791 1.1787 1.178478 1.178586 1.182116 1.182396 1.180577 1.174355 1.182282 1.181228 1.184344 1.193374 1.193185 1.18853 1.188465 1.184421 1.182615 1.180582 1.18081 1.18514 1.181174 1.178978 1.180212 1.181492 1.180838 1.185229 1.188772 1.186042 1.186428 1.185322 1.187238 1.18889 1.186258 1.184114 1.185753 1.185184 1.184066 1.184701 1.18376 1.184933 1.185676 1.185592 1.190819 1.186366
0.7145548 0.7094876 0.707173 0.7060549 0.7070652 0.7081451 0.7037594 0.7036183 0.7057354 0.7070304 0.7096438 0.7154984 0.7116464 0.7067736 0.7077131 0.7264845 0.7305725 0.7089952 0.7084441 0.6994954 0.7016305 0.705225 0.7078787 0.7101932 0.712917 0.7148072 0.7139267 0.713868 0.711618 0.7110191 0.7111526 0.7078571 0.7087611 0.7065057 0.7052256 0.7402401 0.9302338 1.178025 1.683789 1.980329 2.077106 2.088742 2.08978 2.0899 2.090135 2.089712 2.088127 2.085478 2.082708 2.056869 1.932282
2.079139 2.079555 2.079572 2.07997 2.079233 2.078888 2.07492 2.077406 2.076654 2.074803 2.074919 2.071255 2.069143 2.069635 2.078781 2.0825 2.066113 2.062047 2.056986 2.061277 2.064518 2.064698 2.06822 2.077143 2.0795 2.081298 2.08135 2.080682 2.080582 2.083943 2.084385 2.085617 2.086303 2.087241 2.088009 2.090741 2.091257 2.092514 2.092536 2.086082 2.079137 2.075108 2.071891 2.072203 2.074885 2.074661 2.07002 2.069562 2.06901 2.067802 2.066086
1.577709 1.572165 1.570274 1.570861 1.566989 1.553978 1.558389 1.561435 1.566236 1.56358 1.567365 1.564627 1.588074 1.577624 1.269769 1.545801 1.554305 1.575531 1.583902 1.582205 1.573452 1.56887 1.58143 1.587275 1.582391 1.583259 1.583224 1.586803 1.590267 1.593899 1.601233 1.59411 1.586189 1.5812 1.583316 1.580237 1.579867 1.575764 1.578366 1.572111 1.57504 1.570051 1.574737 1.576337 1.57583 1.575788 1.583675 1.576022 1.58075 1.57289 1.570696
1.583675 1.576022 1.58075 1.57289 1.570696 1.574156 1.576117 1.580715 1.56619 1.17285 1.04078 1.385836 1.559148 1.536581 1.536084 1.537303 1.550249 1.557574 1.568882 1.576743 1.566309 1.56946 1.571549 1.569268 1.574941 1.574703 1.580126 1.569467 1.563037 1.563991 1.569146 1.555737 1.559859 1.545505 1.564365 1.566824 1.572329 1.569688 1.570767 1.569311 1.559365 1.561831 1.567744 1.568523 1.566062 1.569516 1.57357 1.572561 1.571865 1.568007 1.576172
1.572827 1.578427 1.586806 1.572576 1.577024 1.573077 1.57049 1.56958 1.563317 1.560113 1.563804 1.568905 1.57114 1.57558 1.432141 1.507915 1.566449 1.568657 1.577521 1.573982 1.566857 1.562374 1.565793 1.561338 1.560566 1.558915 1.544646 1.540668 1.54163 1.544275 1.548669 1.561675 1.562203 1.572956 1.575888 1.565445 1.564184 1.567487 1.568021 1.567322 1.56813 1.571627 1.564226 1.567385 1.568887 1.566588 1.569309 1.567175 1.560199 1.554937 1.554774
1.565885 1.575533 1.576744 1.586265 1.585326 1.571033 1.570107 1.575764 1.574287 1.558141 1.561628 1.567825 1.579625 1.574117 1.578362 1.569271 1.529074 1.443715 1.542574 1.546466 1.564761 1.574962 1.565936 1.56127 1.567489 1.567766 1.571438 1.566181 1.567025 1.565483 1.564478 1.555052 1.545568 1.539743 1.546749 1.562832 1.565957 1.562405 1.57839 1.572218 1.581697 1.578236 1.572882 1.569876 1.572255 1.576984 1.565647 1.568217 1.561806 1.550279 1.555802
1.579881 1.591689 1.594422 1.585623 1.585388 1.582445 1.594641 1.583911 1.571097 1.572573 1.56914 1.545601 1.515108 1.544636 1.567103 1.576121 1.582589 1.573413 1.570226 1.576204 1.572597 1.572806 1.572477 1.572467 1.563654 1.568756 1.567442 1.553914 1.56287 1.562529 1.571618 1.575255 1.581456 1.592712 1.568911 1.561618 1.581542 1.577652 1.581748 1.56523 1.555726 1.562038 1.563091 1.568841 1.57845 1.569946 1.569258 1.568874 1.570837 1.565731 1.560467
1.57143 1.568099 1.56421 1.563112 1.563977 1.567494 1.565113 1.56492 1.567165 1.569727 1.563648 1.56189 1.507958 1.357501 1.534755 1.546853 1.555318 1.550035 1.537379 1.542816 1.550589 1.555913 1.56578 1.56777 1.569127 1.575212 1.583954 1.584749 1.584499 1.58219 1.58056 1.573985 1.56919 1.564143 1.56506 1.566274 1.566415 1.570232 1.575484 1.574846 1.574749 1.576026 1.570795 1.57379 1.572799 1.570016 1.564072 1.560496 1.574158 1.589101 1.585084
1.565663 1.566774 1.587766 1.578729 1.582856 1.5835 1.584798 1.583642 1.582734 1.579035 1.570572 1.570432 1.571197 1.572505 1.564049 1.563004 1.550607 1.38403 1.255073 1.455016 1.503319 1.55289 1.551969 1.56489 1.565307 1.576205 1.581193 1.57664 1.575037 1.559986 1.577163 1.56213 1.56533 1.555931 1.568878 1.574284 1.577052 1.570114 1.571811 1.567855 1.562485 1.558932 1.568498 1.576428 1.585026 1.576509 1.575431 1.578739 1.579752 1.577182 1.568358
1.574045 1.582893 1.574827 1.576101 1.562589 1.556844 1.558336 1.566102 1.555346 1.553069 1.473122 1.520871 1.55703 1.569045 1.571523 1.559617 1.564776 1.571378 1.570697 1.584024 1.560544 1.545834 1.548413 1.552841 1.566253 1.5795 1.582187 1.602105 1.617567 1.604663 1.587551 1.587723 1.579315 1.584813 1.584079 1.570755 1.570472 1.573164 1.568984 1.56999 1.571381 1.561478 1.571339 1.569516 1.571687 1.568901 1.5693 1.566741 1.569883 1.570914 1.574661
1.603908 1.605118 1.606577 1.597427 1.600315 1.606922 1.608431 1.606436 1.610039 1.60648 1.609756 1.605892 1.601504 1.661241 1.687728 1.60854 1.610312 1.606195 1.596162 1.57889 1.592601 1.59042 1.595021 1.603348 1.600344 1.59273 1.594451 1.611314 1.599078 1.598511 1.605965 1.611584 1.620375 1.620068 1.611336 1.61799 1.606686 1.590325 1.597929 1.607396 1.608762 1.607703 1.613191 1.620625 1.607133 1.60466 1.597187 1.600533 1.60262 1.606237 1.609779
1.599036 1.60391 1.604741 1.608969 1.617085 1.608161 1.612137 1.612719 1.612524 1.603842 1.606465 1.603047 1.60459 1.603349 1.599674 1.597919 1.598875 1.616837 1.621781 1.611622 1.608321 1.615015 1.60427 1.60505 1.595666 1.600187 1.601897 1.603049 1.60629 1.607658 1.601973 1.604879 1.603176 1.602195 1.605342 1.60661 1.610147 1.607582 1.599878 1.600757 1.602369 1.602984 1.607935 1.602475 1.608651 1.604287 1.604273 1.602049 1.600592 1.605646 1.603013
1.595045 1.60879 1.611532 1.606895 1.595715 1.604518 1.605043 1.600447 1.599077 1.607165 1.604226 1.598727 1.598753 1.527403 1.450824 1.491077 1.56156 1.588277 1.593968 1.584281 1.592884 1.588365 1.587574 1.595024 1.599412 1.610581 1.61239 1.613437 1.61458 1.62129 1.619327 1.601931 1.611576 1.615529 1.61156 1.598852 1.606455 1.596912 1.57855 1.606809 1.597019 1.600172 1.609953 1.604017 1.598511 1.600782 1.599365 1.614269 1.65464 1.725788 1.759178
1.558416 1.558208 1.560562 1.557418 1.540849 1.553955 1.576562 1.585398 1.581177 1.580937 1.578044 1.581248 1.581817 1.57805 1.574228 1.569111 1.573664 1.571754 1.573356 1.598135 1.587947 1.573102 1.574927 1.574451 1.566925 1.567839 1.560608 1.563089 1.575122 1.58618 1.577753 1.573535 1.569839 1.571133 1.573192 1.571981 1.572784 1.569366 1.570918 1.576645 1.570223 1.56605 1.566888 1.56474 1.568351 1.573393 1.568759 1.566067 1.57339 1.567976 1.568595
1.536557 1.550108 1.564205 1.56968 1.578978 1.578996 1.58029 1.562908 1.564562 1.558628 1.557088 1.557193 1.555022 1.56815 1.542824 1.465774 1.433437 1.523909 1.566132 1.57919 1.578812 1.581125 1.576185 1.579733 1.580989 1.579539 1.569781 1.573096 1.567372 1.56763 1.571173 1.574853 1.575962 1.572202 1.563571 1.57249 1.569893 1.579897 1.575751 1.569469 1.578672 1.579306 1.577244 1.569699 1.573048 1.571351 1.573538 1.573249 1.576981 1.559423 1.558482
3.050252 3.048881 3.050376 3.048794 3.049024 3.049931 3.047934 3.049978 3.048749 3.050552 3.047846 3.049677 3.048443 3.051041 3.049116 3.056376 -3.127473 3.088794 3.043619 3.057178 3.0589 3.054996 3.050618 3.046763 3.04751 3.044908 3.046966 3.048555 3.051337 3.052507 3.052086 3.053536 3.052512 3.054165 3.053579 3.055985 3.056656 3.054676 3.054657 3.05555 3.054312 3.054832 3.055521 3.056776 3.056418 3.05717 3.055545 3.057233 3.058211 3.05715 3.058277
3.057632 3.058079 3.059109 3.058155 3.058316 3.056522 3.057435 3.056712 3.058729 3.057848 3.058561 3.059026 3.057221 3.058362 3.059242 3.058366 3.058404 -3.090624 -2.870932 -3.056324 3.098796 3.077456 3.07062 3.063167 3.058225 3.053251 3.049719 3.05365 3.052525 3.054718 3.053567 3.054064 3.056683 3.058051 3.055777 3.058123 3.055954 3.055024 3.056517 3.053683 3.052111 3.052094 3.051484 3.050467 3.052999 3.049931 3.052433 3.051014 3.050776 3.048298 3.046998
3.04821 3.04708 3.047082 3.048136 3.045449 3.043622 3.043061 3.042104 3.040523 3.042538 3.040917 3.043478 3.043224 3.046763 3.047085 3.048631 3.135251 -2.616688 -2.657508 -2.82514 -2.949878 -2.994176 -3.017454 -3.034779 -3.049292 -3.049162 -3.049961 -3.048361 -3.050721 -3.051045 -3.047161 -3.046032 -3.048197 -3.051437 -3.051345 -3.052442 -3.052056 -3.050529 -3.048379 -3.047033 -3.047241 -3.044174 -3.042467 -3.044863 -3.043746 -3.042376 -3.040669 -3.042952 -3.042065 -3.042797 -3.043587
-2.901794 -2.901924 -2.903596 -2.90622 -2.906057 -2.907024 -2.90742 -2.907559 -2.906749 -2.885152 -2.629803 -2.860126 -2.889628 -2.89744 -2.904657 -2.908963 -2.912581 -2.911852 -2.909955 -2.907611 -2.908538 -2.907973 -2.909907 -2.909475 -2.908007 -2.90565 -2.906572 -2.906658 -2.905444 -2.904595 -2.901809 -2.900095 -2.899529 -2.899143 -2.897376 -2.896844 -2.898624 -2.899616 -2.899643 -2.898241 -2.898291 -2.899102 -2.900857 -2.898893 -2.898513 -2.897399 -2.896965 -2.898103 -2.898724 -2.898926 -2.899076
-2.905918 -2.908055 -2.907185 -2.90753 -2.908794 -2.911022 -2.914153 -2.910981 -2.910705 -2.911875 -2.911477 -2.909766 -2.911092 -2.907161 -2.907258 -2.791061 -2.812931 -2.896875 -2.899789 -2.904448 -2.907203 -2.910658 -2.911164 -2.913117 -2.909733 -2.905559 -2.899903 -2.897007 -2.896423 -2.897208 -2.891906 -2.895056 -2.895119 -2.893732 -2.894305 -2.893203 -2.892752 -2.891588 -2.891771 -2.89079 -2.891796 -2.890807 -2.890695 -2.889942 -2.892187 -2.889448 -2.888936 -2.888017 -2.888025 -2.890251 -2.888246
-2.890503 -2.893849 -2.893543 -2.896399 -2.900754 -2.902964 -2.902594 -2.903835 -2.904507 -2.905248 -2.908047 -2.911376 -2.91016 -2.908951 -2.908419 -2.909644 -2.908554 -2.910428 -2.516868 -2.574142 -2.753361 -2.823123 -2.854189 -2.89688 -2.910557 -2.906415 -2.899471 -2.901587 -2.905269 -2.9062 -2.9021 -2.895284 -2.89447 -2.895692 -2.89678 -2.897347 -2.898475 -2.89756 -2.899962 -2.898994 -2.904043 -2.904402 -2.906989 -2.906917 -2.91002 -2.90779 -2.908331 -2.908273 -2.907091 -2.906326 -2.90409
-2.417421 -2.419304 -2.421378 -2.424512 -2.426661 -2.42626 -2.4274 -2.42808 -2.426352 -2.427077 -2.424919 -2.424928 -2.392479 -2.256587 -2.401534 -2.432024 -2.414584 -2.401685 -2.413197 -2.418197 -2.426258 -2.429274 -2.425969 -2.424842 -2.421529 -2.41475 -2.414505 -2.407475 -2.409824 -2.407657 -2.409752 -2.407708 -2.407473 -2.405607 -2.401131 -2.395421 -2.388228 -2.382246 -2.375857 -2.374878 -2.376294 -2.376873 -2.381819 -2.385134 -2.388935 -2.394691 -2.397832 -2.396231 -2.396602 -2.3957 -2.395922
-2.397832 -2.396231 -2.396602 -2.3957 -2.395922 -2.397146 -2.399071 -2.401762 -2.399778 -2.39998 -2.401684 -2.401259 -2.400977 -2.400877 -2.401136 -2.399774 -2.391582 -2.316935 -2.399004 -2.388974 -2.371585 -2.388902 -2.407023 -2.416373 -2.416154 -2.406679 -2.403177 -2.403078 -2.403355 -2.405007 -2.411537 -2.40521 -2.406346 -2.41763 -2.422289 -2.424017 -2.425935 -2.421439 -2.425075 -2.42415 -2.425426 -2.424925 -2.424612 -2.427539 -2.429987 -2.427622 -2.426144 -2.253978 -2.453154 -2.423352 -2.396349
-0.118419 -0.1169926 -0.1165269 -0.1172539 -0.1171219 -0.1176156 -0.1145559 -0.1133966 -0.1135711 -0.1127406 -0.1120281 -0.1110407 -0.1111218 -0.1122643 -0.1091184 -0.1096863 -0.1086866 -0.1072818 -0.105838 -0.1024821 -0.09782583 -0.05957796 -0.1277316 -0.1142933 -0.1190129 -0.2074426 -0.2082236 -0.1742247 -0.1726698 -0.1789005 -0.1508636 -0.1561764 -0.126892 -0.1189403 -0.1288839 -0.1206102 -0.1123167 -0.1115871 -0.1089184 -0.1007471 -0.07822399 -0.0627234 -0.06489284 -0.08027623 -0.08356241 -0.0940548 -0.100182 -0.1026613 -0.103924 -0.108115 -0.1090836
-0.09905649 -0.1008874 -0.09966598 -0.1008005 -0.103842 -0.1060414 -0.1046106 -0.1048098 -0.1050939 -0.1048944 -0.106205 -0.1029893 -0.1025085 -0.1021958 -0.1032754 -0.1056248 -0.1069792 -0.1063319 -0.1071199 -0.1105672 -0.1093266 -0.1115375 -0.109681 -0.1107516 -0.05969384 0.07372071 0.04407158 -0.01426631 -0.009495478 -0.02362553 -0.06711792 -0.07507209 -0.07971568 -0.09400997 -0.100294 -0.09012523 -0.08289224 -0.09263613 -0.1171602 -0.1115914 -0.1117954 -0.1177631 -0.120378 -0.111983 -0.1059074 -0.1110153 -0.1138794 -0.1135158 -0.1163835 -0.1203608 -0.1175764
-0.1100265 -0.106745 -0.1095234 -0.1071533 -0.1047133 -0.1061948 -0.1127412 -0.1154835 -0.1171336 -0.1205415 -0.119343 -0.1251587 -0.1165132 -0.1111954 -0.1078716 -0.1017533 -0.09635463 -0.09673843 -0.1142699 -0.1122236 -0.1134021 -0.110314 -0.1079831 -0.1237981 -0.1278998 -0.1149098 -0.06489428 -0.05230012 -0.01650815 -0.02674879 -0.07087746 -0.07739307 -0.05264163 -0.07943588 -0.07359347 -0.08171889 -0.08634141 -0.09466185 -0.1015637 -0.1025544 -0.1063154 -0.1107475 -0.1038237 -0.1006234 -0.1106748 -0.1109718 -0.1168111 -0.1197936 -0.1198252 -0.1182784 -0.1175324
-0.1179053 -0.1208006 -0.1183195 -0.113365 -0.1174999 -0.1259466 -0.1321146 -0.1251337 -0.1230191 -0.1215231 -0.1219631 -0.1213827 -0.1189522 -0.1189318 -0.1260318 -0.126075 -0.1197071 -0.1226317 -0.1248278 -0.1217873 -0.1158907 -0.1133978 -0.02087964 0.06621619 0.0320624 0.06156375 0.05194156 -0.0007110342 -0.09259085 -0.1373324 -0.1736396 -0.1695801 -0.14904 -0.1249075 -0.1198764 -0.1189492 -0.1205578 -0.1210336 -0.1211797 -0.1146353 -0.1156499 -0.1198897 -0.1249579 -0.1187203 -0.115967 -0.1137549 -0.1141653 -0.1102841 -0.1073581 -0.1129682 -0.1144573
-0.1100423 -0.1077136 -0.1012886 -0.1006386 -0.1059146 -0.1071941 -0.106245 -0.1085439 -0.1086312 -0.1102788 -0.111782 -0.1113485 -0.08353339 0.02192178 0.09667096 0.01111932 -0.07446862 -0.09418777 -0.09565007 -0.08988914 -0.1211632 -0.1675548 -0.1738475 -0.1748589 -0.1670118 -0.1490657 -0.1385238 -0.1382983 -0.1351186 -0.1225205 -0.1152564 -0.1207147 -0.1180689 -0.1242516 -0.1254778 -0.1218097 -0.1198523 -0.1187121 -0.1163046 -0.1124865 -0.1105691 -0.1121432 -0.1194834 -0.1168599 -0.1196636 -0.1207983 -0.1309059 -0.1266571 -0.1276972 -0.1305504 -0.1258863
-0.1292401 -0.1284576 -0.1283288 -0.1293406 -0.1290044 -0.1275775 -0.1261581 -0.1303791 -0.1271032 -0.1278926 -0.1272123 -0.124203 -0.1241887 -0.1218605 -0.1209506 -0.1171867 -0.1135498 -0.1114119 -0.05137465 0.1227505 0.3034828 0.3359355 0.2987904 0.2809747 0.2629707 0.196031 0.1440685 0.05143746 0.01915167 0.0276752 0.03212609 0.0394047 0.04572029 0.03078361 0.03451036 0.04887776 0.03992903 0.0383123 0.04116115 0.03548756 0.02947491 0.02835366 0.02058648 0.02464323 0.03217026 0.03658584 0.03416946 0.0369272 0.03786485 0.03706796 0.04614294
0.03923354 0.04211248 0.04473998 0.04100485 0.04014284 0.04612746 0.04643662 0.04066992 0.04003973 0.04134056 0.04289557 0.04485759 0.0483893 0.04889384 0.05075496 0.04844586 0.04931861 0.04378624 -0.02486707 0.004604343 0.04259825 -0.0304662 -0.05259436 -0.01342628 0.01600323 0.02125088 0.02549556 0.03534305 0.04314698 0.04395939 0.03897625 0.04370967 0.04308862 0.04963014 0.04818256 0.04575589 0.04529447 0.04391841 0.0454167 0.03990438 0.03661194 0.03840126 0.03910064 0.04478614 0.0525931 0.05382542 0.05525605 0.05435082 0.05848902 0.06008289 0.06460456
0.0519622 0.05116612 0.0446947 0.04721132 0.04453078 0.04788606 0.05088899 0.04451342 0.04425568 0.04627487 0.04611507 0.04589 0.05157172 0.05130186 0.05130479 0.05038628 0.04800633 0.04364197 0.04279576 0.04146175 0.0419393 0.04651469 0.0565731 0.06988872 0.0795878 0.1518447 0.09645353 0.09313785 0.09359417 0.07381506 0.06070227 0.04657481 0.04080939 0.03138729 0.03746269 0.04644247 0.04207172 0.04365624 0.04737112 0.05070369 0.05105753 0.04594345 0.04726587 0.04346094 0.04170905 0.04733475 0.04401606 0.04210564 0.04345069 0.03611424 0.03797473
0.03329 0.03809959 0.03580647 0.035648 0.03222078 0.03171757 0.03455715 0.03551687 0.03823208 0.0367596 0.03814495 0.04462861 0.1757786 0.9356928 1.506454 1.873287 1.943671 1.784971 1.729211 1.67019 1.657891 1.655172 1.677613 1.675145 1.683013 1.668239 1.655009 1.644643 1.631529 1.653283 1.66842 1.56241 1.41362 1.264863 1.111159 0.9181398 0.7200418 0.475375 0.3173487 0.1022121 -0.09452646 -0.1505734 -0.0991995 -0.09779714 -0.09650657 -0.09306901 -0.09075192 -0.08720957 -0.08547048 -0.08535405 -0.08453713
-0.08889775 -0.09012962 -0.09208185 -0.09591485 -0.1004426 -0.1008684 -0.09495147 -0.08957637 -0.09182812 -0.09348423 -0.09408762 -0.09866201 -0.09745929 -0.1057028 -0.1112483 -0.07872505 -0.04994439 -0.09611619 -0.1048902 -0.08583489 -0.0905358 -0.1040994 -0.1143278 -0.1153857 -0.1129164 -0.1166302 -0.1219404 -0.1208366 -0.1051555 -0.1011982 -0.1003457 -0.09805101 -0.1003883 -0.1070256 -0.1018588 -0.09996446 -0.09867939 -0.1024513 -0.09949978 -0.09884236 -0.09344223 -0.08783384 -0.1015715 -0.1088599 -0.1041109 -0.1089438 -0.1070851 -0.09950678 -0.09773882 -0.1051018 -0.1043209
0.01012248 0.01409979 0.01081555 0.01172169 0.01663464 0.01796137 0.01492985 0.01282718 0.01265552 0.009722997 0.00770937 -9.745828e-05 -0.001269815 -0.001663311 -0.001212819 0.001454592 0.003289698 0.003391082 0.007617953 0.00450502 0.0007755234 0.006787269 0.06973079 0.1873678 0.177653 0.1000615 0.03606673 0.01269756 0.002920287 -0.008351322 -0.007741502 -0.007749379 -0.01029154 -0.005935889 -0.01070788 -0.01362823 -0.01094998 -0.006670586 -0.004194037 0.0001133904 0.001879341 -0.002370376 0.006264872 0.01480365 0.01044551 0.0139243 0.01043665 0.008876229 0.007105608 0.0001630772 -0.002209901
0.02646357 0.02418013 0.02761419 0.02923868 0.01591262 0.0009485083 0.003503674 0.009636526 0.01096293 0.01149743 0.01442895 0.01569041 0.01495036 0.01018251 0.003090233 0.08128779 0.2229924 0.1614106 0.06857934 0.03914895 0.0332886 0.02997632 0.02892235 0.01829406 0.003454452 0.01412201 0.01340092 0.00404815 0.0149452 0.00889261 0.01051356 0.01117298 0.01013227 0.008281524 0.007480258 0.002317929 -0.0002168171 0.001977937 0.005580124 0.007602329 0.01323107 0.01840627 0.01195566 0.01454301 0.01143961 0.008830635 -0.002543393 -0.006033781 -0.004545603 -0.003595799 -0.002519554
4.729231e-05 0.0001758658 -0.0004181871 -0.0007962419 -0.003104155 -0.003593268 -0.005407947 -0.003437072 -0.002131329 -0.004313259 -0.001996214 0.000629123 -0.001967394 -0.001447152 -0.001688851 -0.001344512 -0.003226214 -0.0007356046 0.0001061705 -0.0006861688 0.001221117 0.002420315 0.002322197 -0.0005768389 2.321088e-05 0.0009620194 0.002267119 0.003229468 0.07941604 0.5764085 0.7027772 0.5976329 0.512123 0.4630098 0.4175644 0.4247427 0.4445588 0.4194981 0.4030783 0.3954152 0.3863675 0.3867757 0.3930509 0.3836064 0.373814 0.3650936 0.3656995 0.3630372 0.3599595 0.358193 0.2630216
-2.975662 -2.979153 -2.933059 -2.948558 -2.91872 -2.938085 -2.970543 -2.973702 -2.97908 -2.974325 -2.976852 -2.979157 -2.980623 -2.983391 -2.937361 -2.862735 -2.948712 -2.971256 -2.996211 -2.994313 -3.003217 -3.01169 -3.016051 -3.012568 -3.018607 -3.022457 -3.021408 -3.020286 -3.019066 -3.015018 -3.013021 -3.010131 -3.009934 -3.000402 -2.991432 -2.979394 -2.97033 -2.96485 -2.966228 -2.968177 -2.96431 -2.957075 -2.9591 -2.964425 -2.973651 -2.970723 -2.970753 -2.977808 -2.977144 -2.977734 -3.013124
-2.979394 -2.97033 -2.96485 -2.966228 -2.968177 -2.96431 -2.957075 -2.9591 -2.964425 -2.973651 -2.970723 -2.970753 -2.977808 -2.977144 -2.977734 -3.013124 -3.080663 3.080306 3.046824 -3.136127 -3.034007 -2.991716 -2.981946 -2.978512 -2.977452 -2.97799 -2.978204 -2.976399 -2.973032 -2.971792 -2.970614 -2.970442 -2.968449 -2.968765 -2.969352 -2.970154 -2.967957 -2.967123 -2.969148 -2.970177 -2.96788 -2.967784 -2.968768 -2.971664 -2.973188 -2.973664 -2.974432 -2.971667 -2.964337 -2.9628 -2.964999
-2.857739 -2.858616 -2.854304 -2.853737 -2.849347 -2.846776 -2.845581 -2.839811 -2.839533 -2.841249 -2.838106 -2.836784 -2.837119 -2.84077 -2.815941 -2.770591 -2.875196 -2.847556 -2.906115 -2.963574 -2.984581 -2.994043 -2.988593 -2.957177 -2.892581 -2.836092 -2.827521 -2.832843 -2.833853 -2.841697 -2.846909 -2.837772 -2.834183 -2.845379 -2.847979 -2.85387 -2.85625 -2.854434 -2.853291 -2.849036 -2.844771 -2.843866 -2.845701 -2.844122 -2.842981 -2.844835 -2.845735 -2.841044 -2.840373 -2.840046 -2.839793
-2.841948 -2.8433 -2.841881 -2.841969 -2.840195 -2.839306 -2.842032 -2.845406 -2.843437 -2.841379 -2.840354 -2.839617 -2.839912 -2.836731 -2.80944 -2.723159 -2.752053 -2.779058 -2.775844 -2.802633 -2.822627 -2.865608 -2.887506 -2.894012 -2.909238 -2.908984 -2.893808 -2.888756 -2.879113 -2.867681 -2.861007 -2.860718 -2.858239 -2.855394 -2.848092 -2.849772 -2.858329 -2.858439 -2.856728 -2.853664 -2.846916 -2.840984 -2.845654 -2.844075 -2.844873 -2.845243 -2.851546 -2.85272 -2.854335 -2.856008 -2.84964
-2.843916 -2.845455 -2.845738 -2.847692 -2.845121 -2.844655 -2.846124 -2.850586 -2.851997 -2.853462 -2.848915 -2.845245 -2.843147 -2.845494 -2.847935 -2.850087 -2.856134 -2.965538 2.997599 2.745198 2.519938 2.317081 2.168125 2.075649 2.086383 2.165459 2.251652 2.29766 2.33336 2.339181 2.341991 2.358662 2.355177 2.355444 2.359926 2.366182 2.369719 2.367252 2.361957 2.363135 2.371702 2.377332 2.429244 2.531765 2.669323 2.754296 2.897263 3.001291 3.105121 3.067831 3.065658
-3.006439 -3.008111 -3.010942 -3.016074 -3.018231 -3.019948 -3.017734 -3.017362 -3.014747 -3.016825 -3.013962 -3.012515 -3.01702 -3.020458 -3.018753 -3.012135 -3.006844 -3.008996 -3.037083 -3.04646 -3.093292 -3.069907 -3.025543 -3.026986 -3.026382 -3.015108 -3.020379 -3.01689 -3.009488 -3.012102 -3.011865 -3.010231 -3.010283 -3.007235 -3.010634 -3.009562 -3.006592 -3.00458 -3.008161 -3.016002 -3.017019 -3.013922 -3.018162 -3.028372 -3.024895 -3.010858 -3.006541 -3.000759 -3.000595 -3.015559 -3.019958
-3.112938 -3.114498 -3.112431 -3.111026 -3.10868 -3.10956 -3.108644 -3.107867 -3.106967 -3.108409 -3.109066 -3.109417 -3.109679 -3.108794 -3.105871 -3.104957 -3.10745 -3.105701 -3.102237 -3.064035 -3.08315 -3.095722 -3.06855 -3.090176 -3.129799 3.111764 3.127441 3.136181 3.133348 3.140374 -3.138263 -3.134982 -3.11068 -3.107762 -3.106158 -3.105949 -3.104405 -3.103678 -3.104607 -3.103356 -3.105298 -3.110925 -3.108146 -3.111345 -3.114827 -3.116605 -3.116462 -3.112696 -3.10876 -3.104371 -3.100646
-3.111333 -3.112518 -3.114472 -3.114159 -3.111841 -3.11271 -3.112283 -3.110043 -3.110542 -3.108061 -3.109936 -3.112133 -3.11298 -3.111232 -3.106624 -3.066144 -3.056067 -3.082552 -3.113582 -3.124645 -3.128721 3.122799 3.101106 3.118161 3.127789 -3.127753 3.126823 3.118005 3.134095 -3.14065 -3.133594 -3.128927 -3.125256 -3.120914 -3.098064 -3.087264 -3.098075 -3.102636 -3.100697 -3.11258 -3.119955 -3.122722 -3.121964 -3.118538 -3.117488 -3.116815 -3.115294 -3.114128 -3.11662 -3.113674 -3.112269
-3.10672 -3.106758 -3.109281 -3.112436 -3.118741 -3.121294 -3.117761 -3.108967 -3.103111 -3.104422 -3.099549 -3.09705 -3.092424 -3.107253 3.117846 2.818856 2.473946 2.381141 2.519733 2.607826 2.643675 2.652339 2.661594 2.668053 2.663367 2.667449 2.666074 2.669871 2.674991 2.675447 2.678393 2.679284 2.673856 2.674603 2.677598 2.670856 2.670942 2.672274 2.674371 2.667806 2.664304 2.666987 2.663658 2.676411 2.700037 2.791561 2.874644 2.963885 3.086028 -3.092597 -3.014855
-3.066475 -3.062462 -3.06204 -3.06431 -3.068864 -3.063061 -3.056571 -3.051221 -3.042948 -3.041573 -3.050786 -3.057691 -3.04982 -3.044167 -3.054128 -3.051607 -3.051389 -3.051234 -3.061202 3.113886 2.914277 2.835234 2.840225 2.909931 3.072944 3.098987 3.108473 3.114313 3.123303 3.13066 3.133484 3.133894 3.138443 3.138658 3.138274 3.136441 3.134621 3.13413 3.135854 3.140787 3.138018 3.137481 3.138536 3.135509 3.131238 3.127977 3.129155 3.12815 3.124215 3.118361 3.120048
3.123832 3.12271 3.113556 3.109151 3.113889 3.115873 3.116152 3.118834 3.118234 3.116574 3.114647 3.10381 3.107141 3.117439 3.114094 3.111704 3.079111 2.945735 2.809601 2.760215 2.881893 2.952081 3.025424 3.041122 3.037729 3.037902 3.033656 3.028295 3.034645 3.047234 3.05113 3.050918 3.048393 3.047152 3.048829 3.051592 3.049564 3.047226 3.047853 3.048212 3.048727 3.055001 3.05794 3.053936 3.048586 3.045405 3.045889 3.090416 -3.109685 -3.041414 -3.004345
-3.036284 -3.044117 -3.044595 -3.044872 -3.043654 -3.043487 -3.042255 -3.038855 -3.038271 -3.036939 -3.042994 -3.042769 -3.045439 -3.044372 -3.043459 -3.042362 -3.041313 -3.045411 -3.050906 -3.130426 3.106216 3.064824 2.977309 2.836411 2.839141 2.920798 2.984869 3.041724 3.049741 3.058979 3.0731 3.0862 3.091516 3.090082 3.090401 3.090871 3.0909 3.094158 3.097905 3.097168 3.092557 3.087489 3.094617 3.098011 3.09925 3.095716 3.083569 3.083641 3.090897 3.091286 3.093473
3.082707 3.062253 3.080059 3.096728 3.093593 3.088295 3.09553 3.093601 3.090505 3.078086 3.068992 3.05159 3.024039 3.060271 3.079086 3.050649 2.908137 2.772174 2.68595 2.631047 2.696645 2.790017 2.862405 2.886748 2.887774 2.901557 2.908867 2.907444 2.910598 2.91483 2.914902 2.917531 2.920598 2.914773 2.915497 2.915708 2.907121 2.902228 2.902785 2.908212 2.909141 2.90826 2.914098 2.919173 2.921256 2.918627 2.91975 2.921181 2.917251 2.914977 2.909747
-1.587307 -1.589113 -1.583102 -1.57286 -1.576723 -1.579058 -1.576604 -1.575063 -1.574019 -1.579082 -1.58422 -1.581449 -1.579678 -1.581344 -1.581825 -1.581859 -1.585388 -1.587613 -1.589495 -1.59227 -1.686764 -1.819404 -1.816131 -1.726259 -1.614843 -1.588797 -1.580636 -1.585618 -1.578563 -1.586199 -1.58369 -1.579082 -1.578395 -1.577878 -1.578571 -1.584816 -1.59128 -1.595467 -1.597191 -1.594193 -1.589225 -1.581462 -1.58119 -1.584842 -1.58249 -1.584684 -1.586103 -1.5892 -1.595133 -1.596158 -1.600718
-1.584191 -1.576473 -1.571413 -1.575936 -1.574343 -1.573607 -1.60127 -1.600971 -1.588441 -1.598542 -1.592025 -1.587053 -1.594935 -1.597461 -1.589712 -1.58718 -1.587054 -1.587532 -1.586038 -1.591922 -1.60413 -1.68008 -1.773908 -1.793114 -1.699503 -1.6172 -1.589336 -1.590745 -1.596044 -1.588294 -1.598678 -1.598188 -1.591621 -1.586463 -1.584944 -1.591649 -1.595253 -1.596789 -1.595802 -1.595006 -1.596443 -1.596732 -1.597428 -1.597633 -1.595948 -1.596735 -1.591985 -1.588328 -1.589341 -1.591703 -1.592951
-1.59766 -1.596255 -1.595214 -1.591959 -1.592072 -1.592787 -1.592208 -1.590225 -1.589877 -1.587759 -1.586619 -1.58609 -1.587592 -1.585163 -1.584089 -1.584337 -1.582135 -1.580844 -1.581122 -1.583055 -1.585828 -1.586614 -1.587628 -1.584947 -1.582762 -1.586829 -1.58744 -1.57916 -1.666262 -1.852705 -1.997194 -2.104103 -2.23942 -2.282819 -2.255159 -2.141191 -2.090682 -2.064203 -2.032475 -2.002393 -1.993853 -1.99935 -1.997421 -1.991034 -1.988604 -1.985426 -1.981346 -1.981156 -1.983454 -1.986997 -1.995808
-1.463067 -1.463759 -1.464993 -1.465953 -1.463552 -1.46363 -1.463869 -1.462266 -1.45981 -1.463024 -1.463388 -1.463465 -1.463039 -1.462093 -1.464463 -1.463068 -1.473172 -1.502627 -1.602811 -1.662233 -1.621573 -1.574741 -1.529513 -1.52527 -1.499856 -1.46784 -1.4827 -1.49882 -1.474469 -1.467915 -1.461512 -1.460137 -1.46433 -1.46486 -1.461495 -1.464894 -1.4702 -1.474654 -1.474234 -1.464923 -1.459313 -1.45726 -1.45508 -1.458498 -1.456443 -1.454822 -1.457298 -1.459309 -1.457411 -1.457347 -1.458212
-1.461012 -1.466977 -1.471521 -1.471192 -1.472188 -1.471754 -1.463037 -1.455495 -1.452792 -1.454994 -1.449955 -1.44198 -1.442044 -1.442339 -1.448489 -1.451828 -1.458006 -1.457043 -1.45881 -1.460163 -1.458448 -1.461432 -1.458134 -1.455426 -1.454204 -1.510784 -1.845548 -2.242127 -2.648921 -3.009647 -3.040011 -2.894638 -2.807231 -2.774037 -2.767132 -2.7682 -2.748348 -2.746544 -2.756367 -2.756396 -2.744606 -2.739317 -2.738051 -2.738657 -2.738705 -2.740639 -2.7422 -2.742632 -2.743833 -2.741648 -2.740503
-1.433453 -1.426591 -1.422525 -1.428613 -1.431193 -1.429917 -1.42693 -1.431155 -1.43136 -1.427901 -1.426887 -1.428449 -1.435145 -1.436853 -1.430395 -1.431665 -1.437621 -1.439417 -1.432494 -1.423518 -1.423265 -1.426536 -1.420999 -1.423053 -1.416322 -1.414268 -1.419198 -1.386747 -1.3949 -1.417966 -1.428082 -1.437301 -1.429761 -1.45045 -1.443201 -1.424569 -1.418766 -1.419756 -1.420949 -1.422699 -1.42489 -1.428932 -1.430835 -1.428902 -1.433407 -1.441735 -1.445903 -1.440533 -1.437989 -1.441073 -1.442003
-1.431744 -1.436799 -1.443558 -1.445601 -1.450453 -1.449666 -1.456111 -1.456832 -1.456407 -1.45748 -1.456812 -1.451482 -1.450423 -1.448974 -1.448142 -1.446546 -1.444005 -1.444501 -1.445588 -1.447816 -1.447578 -1.443982 -1.439102 -1.439883 -1.448601 -1.453304 -1.443461 -1.475254 -1.536772 -1.456921 -1.424594 -1.448758 -1.442631 -1.434909 -1.438302 -1.436078 -1.432382 -1.431892 -1.436673 -1.437485 -1.437635 -1.436429 -1.43287 -1.433882 -1.433872 -1.430457 -1.431411 -1.432948 -1.435117 -1.438174 -1.439493
-1.435199 -1.43773 -1.436782 -1.439153 -1.440857 -1.44175 -1.438681 -1.43877 -1.440523 -1.439588 -1.439758 -1.431116 -1.42564 -1.427188 -1.427892 -1.430333 -1.434072 -1.434972 -1.430548 -1.432131 -1.441793 -1.443645 -1.424822 -1.439901 -1.477361 -1.398921 -1.431644 -1.469666 -1.441003 -1.434826 -1.417782 -1.414712 -1.421285 -1.415078 -1.412664 -1.419252 -1.421768 -1.425058 -1.423855 -1.427698 -1.426701 -1.428835 -1.427643 -1.424827 -1.424583 -1.428635 -1.432337 -1.432798 -1.432812 -1.429416 -1.430409
-1.893924 -1.893012 -1.893708 -1.889203 -1.887903 -1.885114 -1.886768 -1.885315 -1.886057 -1.861454 -1.814665 -1.757479 -1.77634 -1.835132 -1.846949 -1.868974 -1.859043 -1.863757 -1.867187 -1.877351 -1.874985 -1.876615 -1.87526 -1.881467 -1.882377 -1.884969 -1.8885 -1.887668 -1.894307 -1.903902 -1.90681 -1.910487 -1.909941 -1.910704 -1.913284 -1.913001 -1.913879 -1.911424 -1.909241 -1.908883 -1.907143 -1.91013 -1.909828 -1.909617 -1.912256 -1.911236 -1.908858 -1.909353 -1.907173 -1.906502 -1.906439
-1.886742 -1.882991 -1.880048 -1.879709 -1.886131 -1.889656 -1.891599 -1.892695 -1.890998 -1.887587 -1.886442 -1.884006 -1.885712 -1.886862 -1.888737 -1.887547 -1.885589 -1.844059 -1.811042 -1.85333 -1.884677 -1.905111 -1.89994 -1.90666 -1.909793 -1.910868 -1.908401 -1.907431 -1.902994 -1.901106 -1.898878 -1.897696 -1.899784 -1.893765 -1.891446 -1.892672 -1.892924 -1.893599 -1.892774 -1.892307 -1.891604 -1.892877 -1.892954 -1.893642 -1.895127 -1.894806 -1.895006 -1.896766 -1.896147 -1.896537 -1.897839
-1.878551 -1.882356 -1.884199 -1.885743 -1.887459 -1.885959 -1.882648 -1.882832 -1.88303 -1.883915 -1.869612 -1.828859 -1.887146 -1.836402 -1.852922 -1.866005 -1.87937 -1.883115 -1.881085 -1.878663 -1.880335 -1.878002 -1.879702 -1.880909 -1.881445 -1.881551 -1.884983 -1.888417 -1.889065 -1.893962 -1.893919 -1.894257 -1.893708 -1.895163 -1.894006 -1.894828 -1.89496 -1.894546 -1.891726 -1.890022 -1.889188 -1.885425 -1.885703 -1.885251 -1.887116 -1.889119 -1.887971 -1.887129 -1.887528 -1.888608 -1.887397
-1.885864 -1.887205 -1.887287 -1.889111 -1.890836 -1.889658 -1.890544 -1.887743 -1.889108 -1.889191 -1.887614 -1.888844 -1.891846 -1.85522 -1.86721 -1.874865 -1.849096 -1.856978 -1.869554 -1.893525 -1.890139 -1.888853 -1.887871 -1.886347 -1.886007 -1.884884 -1.885523 -1.884932 -1.886183 -1.886676 -1.88765 -1.885411 -1.887438 -1.888 -1.887763 -1.887803 -1.888341 -1.888325 -1.893422 -1.893866 -1.896369 -1.898401 -1.904569 -1.904855 -1.905394 -1.900965 -1.897436 -1.893875 -1.892865 -1.888861 -1.886082
-1.892597 -1.892322 -1.890685 -1.891204 -1.890445 -1.893042 -1.89474 -1.895295 -1.896693 -1.898633 -1.898172 -1.898643 -1.907067 -1.879361 -1.887769 -1.869668 -1.886265 -1.868259 -1.869745 -1.881129 -1.876436 -1.875612 -1.866598 -1.868288 -1.876207 -1.878683 -1.878497 -1.877657 -1.876225 -1.878461 -1.877846 -1.881891 -1.883253 -1.885494 -1.888433 -1.889843 -1.890214 -1.889458 -1.889853 -1.888875 -1.892951 -1.891563 -1.892594 -1.893869 -1.893761 -1.89376 -1.893674 -1.891757 -1.890109 -1.891495 -1.891793
