476418664.0 476418668.0 476418672.0 476418675.0 476418678.0 476418683.0 476418688.0 476418694.0 476418699.0 476418704.0 476418709.0 476418713.0 476418716.0 476418718.0 476418720.0 476418722.0 476418724.0 476418727.0 476418730.0 476418731.0 476418731.0 476418730.0 476418729.0 476418727.0 476418725.0 476418723.0 476418721.0 476418720.0 476418719.0 476418721.0 476418724.0 476418728.0 476418733.0 476418736.0 476418738.0 476418739.0 476418740.0 476418740.0 476418740.0 476418740.0 476418740.0 476418739.0 476418737.0 476418735.0 476418733.0 476418732.0 476418731.0 476418731.0
476418732.0 476418732.0 476418734.0 476418734.0 476418732.0 476418730.0 476418727.0 476418726.0 476418725.0 476418724.0 476418723.0 476418722.0 476418721.0 476418721.0 476418724.0 476418727.0 476418729.0 476418732.0 476418735.0 476418739.0 476418742.0 476418743.0 476418745.0 476418746.0 476418747.0 476418747.0 476418747.0 476418747.0 476418747.0 476418746.0 476418746.0 476418746.0 476418746.0 476418747.0 476418747.0 476418748.0 476418748.0 476418748.0 476418748.0 476418746.0 476418744.0 476418743.0 476418741.0 476418737.0 476418736.0 476418735.0 476418733.0 476418731.0
476418735.0 476418733.0 476418731.0 476418728.0 476418726.0 476418723.0 476418721.0 476418717.0 476418714.0 476418711.0 476418708.0 476418703.0 476418700.0 476418697.0 476418693.0 476418690.0 476418686.0 476418683.0 476418681.0 476418677.0 476418675.0 476418672.0 476418669.0 476418667.0 476418664.0 476418662.0 476418659.0 476418657.0 476418653.0 476418650.0 476418648.0 476418646.0 476418645.0 476418643.0 476418642.0 476418640.0 476418637.0 476418635.0 476418633.0 476418630.0 476418627.0 476418624.0 476418621.0 476418618.0 476418615.0 476418613.0 476418611.0 476418610.0
476418678.0 476418680.0 476418683.0 476418686.0 476418689.0 476418691.0 476418695.0 476418697.0 476418698.0 476418700.0 476418702.0 476418704.0 476418705.0 476418706.0 476418707.0 476418708.0 476418710.0 476418710.0 476418711.0 476418711.0 476418711.0 476418710.0 476418709.0 476418708.0 476418707.0 476418706.0 476418705.0 476418703.0 476418701.0 476418700.0 476418698.0 476418695.0 476418692.0 476418686.0 476418683.0 476418680.0 476418677.0 476418675.0 476418673.0 476418672.0 476418672.0 476418673.0 476418673.0 476418674.0 476418674.0 476418675.0 476418675.0 476418676.0
476418677.0 476418677.0 476418678.0 476418678.0 476418679.0 476418680.0 476418680.0 476418681.0 476418682.0 476418682.0 476418681.0 476418680.0 476418679.0 476418679.0 476418678.0 476418678.0 476418678.0 476418677.0 476418677.0 476418675.0 476418674.0 476418672.0 476418671.0 476418668.0 476418666.0 476418662.0 476418661.0 476418658.0 476418656.0 476418654.0 476418652.0 476418651.0 476418649.0 476418647.0 476418644.0 476418642.0 476418639.0 476418636.0 476418633.0 476418631.0 476418629.0 476418627.0 476418625.0 476418624.0 476418622.0 476418620.0 476418618.0 476418617.0
476418615.0 476418616.0 476418617.0 476418619.0 476418621.0 476418623.0 476418625.0 476418626.0 476418627.0 476418629.0 476418629.0 476418629.0 476418629.0 476418630.0 476418630.0 476418630.0 476418631.0 476418632.0 476418633.0 476418635.0 476418636.0 476418638.0 476418639.0 476418640.0 476418641.0 476418642.0 476418643.0 476418644.0 476418646.0 476418647.0 476418648.0 476418650.0 476418650.0 476418651.0 476418651.0 476418652.0 476418652.0 476418651.0 476418651.0 476418650.0 476418649.0 476418648.0 476418648.0 476418648.0 476418648.0 476418649.0 476418650.0 476418651.0
476420144.0 476420141.0 476420138.0 476420135.0 476420132.0 476420129.0 476420125.0 476420123.0 476420120.0 476420116.0 476420111.0 476420107.0 476420103.0 476420097.0 476420092.0 476420087.0 476420082.0 476420076.0 476420071.0 476420067.0 476420065.0 476420063.0 476420062.0 476420061.0 476420061.0 476420060.0 476420059.0 476420057.0 476420055.0 476420052.0 476420047.0 476420042.0 476420038.0 476420035.0 476420033.0 476420031.0 476420029.0 476420028.0 476420026.0 476420025.0 476420025.0 476420026.0 476420029.0 476420032.0 476420035.0 476420037.0 476420040.0 476420041.0
476420116.0 476420113.0 476420108.0 476420103.0 476420096.0 476420092.0 476420088.0 476420082.0 476420073.0 476420064.0 476420056.0 476420051.0 476420046.0 476420039.0 476420032.0 476420026.0 476420019.0 476420011.0 476420003.0 476419997.0 476419989.0 476419982.0 476419977.0 476419969.0 476419964.0 476419959.0 476419955.0 476419951.0 476419947.0 476419942.0 476419939.0 476419937.0 476419935.0 476419936.0 476419937.0 476419938.0 476419939.0 476419941.0 476419944.0 476419948.0 476419953.0 476419956.0 476419960.0 476419963.0 476419967.0 476419971.0 476419978.0 476419983.0
476420301.0 476420299.0 476420292.0 476420287.0 476420283.0 476420279.0 476420275.0 476420271.0 476420266.0 476420264.0 476420263.0 476420262.0 476420260.0 476420258.0 476420257.0 476420257.0 476420256.0 476420254.0 476420252.0 476420250.0 476420248.0 476420247.0 476420245.0 476420244.0 476420244.0 476420244.0 476420244.0 476420243.0 476420243.0 476420242.0 476420242.0 476420242.0 476420242.0 476420243.0 476420242.0 476420242.0 476420241.0 476420240.0 476420239.0 476420238.0 476420237.0 476420237.0 476420236.0 476420234.0 476420233.0 476420231.0 476420231.0 476420231.0
476420473.0 476420476.0 476420479.0 476420481.0 476420484.0 476420490.0 476420492.0 476420493.0 476420494.0 476420494.0 476420495.0 476420497.0 476420500.0 476420502.0 476420504.0 476420505.0 476420505.0 476420505.0 476420506.0 476420506.0 476420507.0 476420509.0 476420510.0 476420510.0 476420510.0 476420510.0 476420509.0 476420507.0 476420504.0 476420499.0 476420493.0 476420487.0 476420480.0 476420474.0 476420469.0 476420466.0 476420464.0 476420464.0 476420464.0 476420465.0 476420466.0 476420467.0 476420469.0 476420468.0 476420467.0 476420465.0 476420465.0 476420463.0
476420476.0 476420478.0 476420480.0 476420483.0 476420484.0 476420487.0 476420489.0 476420490.0 476420493.0 476420495.0 476420498.0 476420501.0 476420504.0 476420506.0 476420507.0 476420508.0 476420508.0 476420508.0 476420507.0 476420506.0 476420506.0 476420506.0 476420506.0 476420505.0 476420504.0 476420503.0 476420503.0 476420502.0 476420501.0 476420501.0 476420501.0 476420500.0 476420500.0 476420498.0 476420497.0 476420496.0 476420493.0 476420491.0 476420490.0 476420489.0 476420487.0 476420486.0 476420485.0 476420484.0 476420483.0 476420483.0 476420483.0 476420484.0
476420508.0 476420511.0 476420512.0 476420514.0 476420514.0 476420515.0 476420516.0 476420518.0 476420519.0 476420519.0 476420519.0 476420519.0 476420518.0 476420516.0 476420514.0 476420511.0 476420509.0 476420506.0 476420503.0 476420501.0 476420499.0 476420497.0 476420494.0 476420492.0 476420489.0 476420487.0 476420486.0 476420484.0 476420480.0 476420474.0 476420472.0 476420470.0 476420468.0 476420466.0 476420464.0 476420462.0 476420460.0 476420458.0 476420457.0 476420456.0 476420454.0 476420453.0 476420452.0 476420451.0 476420450.0 476420450.0 476420450.0 476420450.0
476420519.0 476420520.0 476420519.0 476420519.0 476420518.0 476420517.0 476420517.0 476420517.0 476420516.0 476420516.0 476420515.0 476420514.0 476420513.0 476420511.0 476420509.0 476420507.0 476420504.0 476420501.0 476420499.0 476420497.0 476420495.0 476420493.0 476420492.0 476420492.0 476420492.0 476420491.0 476420490.0 476420490.0 476420489.0 476420488.0 476420488.0 476420488.0 476420488.0 476420488.0 476420488.0 476420487.0 476420486.0 476420485.0 476420485.0 476420485.0 476420485.0 476420485.0 476420484.0 476420484.0 476420484.0 476420484.0 476420484.0 476420484.0
391732217.0 391732218.0 391732218.0 391732220.0 391732221.0 391732222.0 391732223.0 391732225.0 391732226.0 391732227.0 391732228.0 391732230.0 391732233.0 391732235.0 391732238.0 391732241.0 391732243.0 391732245.0 391732248.0 391732250.0 391732252.0 391732253.0 391732250.0 391732245.0 391732241.0 391732238.0 391732237.0 391732242.0 391732254.0 391732262.0 391732269.0 391732270.0 391732274.0 391732275.0 391732278.0 391732281.0 391732284.0 391732285.0 391732287.0 391732288.0 391732289.0 391732290.0 391732290.0 391732290.0 391732290.0 391732290.0 391732290.0 391732290.0
391732283.0 391732282.0 391732281.0 391732279.0 391732279.0 391732277.0 391732277.0 391732277.0 391732277.0 391732277.0 391732276.0 391732275.0 391732274.0 391732273.0 391732272.0 391732270.0 391732269.0 391732268.0 391732267.0 391732267.0 391732265.0 391732265.0 391732264.0 391732264.0 391732265.0 391732264.0 391732259.0 391732242.0 391732233.0 391732226.0 391732221.0 391732221.0 391732225.0 391732230.0 391732236.0 391732240.0 391732242.0 391732245.0 391732246.0 391732246.0 391732247.0 391732248.0 391732248.0 391732250.0 391732253.0 391732256.0 391732257.0 391732260.0
391732289.0 391732288.0 391732288.0 391732288.0 391732287.0 391732287.0 391732287.0 391732287.0 391732287.0 391732286.0 391732286.0 391732286.0 391732286.0 391732286.0 391732284.0 391732282.0 391732282.0 391732281.0 391732279.0 391732277.0 391732275.0 391732272.0 391732267.0 391732266.0 391732267.0 391732268.0 391732269.0 391732270.0 391732273.0 391732274.0 391732274.0 391732274.0 391732274.0 391732274.0 391732273.0 391732273.0 391732272.0 391732271.0 391732270.0 391732268.0 391732267.0 391732265.0 391732264.0 391732263.0 391732262.0 391732261.0 391732261.0 391732260.0
391732251.0 391732250.0 391732250.0 391732251.0 391732251.0 391732251.0 391732251.0 391732252.0 391732253.0 391732254.0 391732254.0 391732255.0 391732257.0 391732257.0 391732256.0 391732254.0 391732250.0 391732248.0 391732247.0 391732248.0 391732253.0 391732256.0 391732259.0 391732263.0 391732264.0 391732265.0 391732264.0 391732262.0 391732260.0 391732259.0 391732254.0 391732254.0 391732255.0 391732255.0 391732256.0 391732255.0 391732254.0 391732254.0 391732252.0 391732251.0 391732250.0 391732247.0 391732246.0 391732245.0 391732242.0 391732241.0 391732240.0 391732240.0
391732240.0 391732240.0 391732241.0 391732241.0 391732242.0 391732242.0 391732243.0 391732244.0 391732246.0 391732249.0 391732251.0 391732252.0 391732255.0 391732256.0 391732254.0 391732253.0 391732253.0 391732256.0 391732261.0 391732264.0 391732264.0 391732265.0 391732266.0 391732267.0 391732269.0 391732269.0 391732270.0 391732271.0 391732271.0 391732273.0 391732274.0 391732276.0 391732277.0 391732279.0 391732281.0 391732282.0 391732282.0 391732283.0 391732284.0 391732284.0 391732284.0 391732284.0 391732284.0 391732283.0 391732283.0 391732282.0 391732282.0 391732280.0
391732283.0 391732282.0 391732282.0 391732280.0 391732280.0 391732279.0 391732277.0 391732275.0 391732273.0 391732272.0 391732270.0 391732268.0 391732267.0 391732265.0 391732264.0 391732261.0 391732257.0 391732250.0 391732245.0 391732240.0 391732236.0 391732235.0 391732236.0 391732237.0 391732238.0 391732239.0 391732240.0 391732240.0 391732240.0 391732239.0 391732239.0 391732239.0 391732240.0 391732241.0 391732242.0 391732242.0 391732243.0 391732244.0 391732245.0 391732246.0 391732247.0 391732248.0 391732249.0 391732250.0 391732251.0 391732253.0 391732254.0 391732255.0
391732271.0 391732272.0 391732272.0 391732273.0 391732274.0 391732274.0 391732274.0 391732274.0 391732272.0 391732270.0 391732269.0 391732268.0 391732268.0 391732269.0 391732264.0 391732259.0 391732257.0 391732259.0 391732260.0 391732262.0 391732262.0 391732262.0 391732261.0 391732259.0 391732258.0 391732257.0 391732256.0 391732254.0 391732253.0 391732253.0 391732253.0 391732253.0 391732253.0 391732253.0 391732253.0 391732252.0 391732252.0 391732251.0 391732251.0 391732252.0 391732253.0 391732253.0 391732254.0 391732255.0 391732256.0 391732256.0 391732255.0 391732255.0
391732257.0 391732257.0 391732257.0 391732257.0 391732257.0 391732257.0 391732256.0 391732255.0 391732255.0 391732255.0 391732254.0 391732254.0 391732254.0 391732253.0 391732254.0 391732254.0 391732254.0 391732252.0 391732250.0 391732248.0 391732247.0 391732246.0 391732246.0 391732246.0 391732246.0 391732245.0 391732244.0 391732242.0 391732240.0 391732239.0 391732238.0 391732238.0 391732237.0 391732237.0 391732237.0 391732238.0 391732239.0 391732239.0 391732239.0 391732238.0 391732238.0 391732238.0 391732239.0 391732239.0 391732240.0 391732239.0 391732240.0 391732241.0
476420458.0 476420459.0 476420459.0 476420460.0 476420461.0 476420461.0 476420461.0 476420462.0 476420463.0 476420464.0 476420466.0 476420467.0 476420469.0 476420471.0 476420473.0 476420475.0 476420478.0 476420488.0 476420507.0 476420516.0 476420528.0 476420533.0 476420535.0 476420534.0 476420531.0 476420528.0 476420525.0 476420521.0 476420516.0 476420510.0 476420505.0 476420500.0 476420490.0 476420484.0 476420480.0 476420475.0 476420472.0 476420469.0 476420467.0 476420466.0 476420463.0 476420460.0 476420458.0 476420457.0 476420455.0 476420452.0 476420451.0 476420449.0
476420427.0 476420425.0 476420424.0 476420422.0 476420422.0 476420420.0 476420418.0 476420418.0 476420415.0 476420414.0 476420412.0 476420410.0 476420408.0 476420406.0 476420403.0 476420401.0 476420398.0 476420396.0 476420403.0 476420417.0 476420430.0 476420434.0 476420436.0 476420434.0 476420432.0 476420429.0 476420426.0 476420423.0 476420421.0 476420421.0 476420418.0 476420417.0 476420417.0 476420417.0 476420417.0 476420418.0 476420417.0 476420416.0 476420417.0 476420415.0 476420415.0 476420417.0 476420418.0 476420421.0 476420424.0 476420426.0 476420429.0 476420434.0
476420466.0 476420467.0 476420468.0 476420469.0 476420470.0 476420470.0 476420470.0 476420470.0 476420470.0 476420470.0 476420470.0 476420470.0 476420470.0 476420470.0 476420469.0 476420469.0 476420468.0 476420467.0 476420469.0 476420476.0 476420490.0 476420501.0 476420508.0 476420509.0 476420506.0 476420503.0 476420498.0 476420492.0 476420484.0 476420479.0 476420473.0 476420467.0 476420463.0 476420458.0 476420454.0 476420449.0 476420443.0 476420438.0 476420433.0 476420429.0 476420425.0 476420423.0 476420420.0 476420417.0 476420414.0 476420411.0 476420408.0 476420405.0
476420168.0 476420159.0 476420153.0 476420147.0 476420143.0 476420138.0 476420134.0 476420131.0 476420130.0 476420129.0 476420130.0 476420132.0 476420134.0 476420136.0 476420137.0 476420138.0 476420137.0 476420136.0 476420133.0 476420130.0 476420126.0 476420122.0 476420118.0 476420115.0 476420108.0 476420103.0 476420099.0 476420093.0 476420089.0 476420084.0 476420081.0 476420076.0 476420072.0 476420067.0 476420065.0 476420063.0 476420063.0 476420064.0 476420066.0 476420069.0 476420073.0 476420077.0 476420079.0 476420081.0 476420084.0 476420085.0 476420087.0 476420088.0
476420433.0 476420431.0 476420431.0 476420429.0 476420429.0 476420428.0 476420427.0 476420428.0 476420428.0 476420430.0 476420430.0 476420432.0 476420434.0 476420439.0 476420447.0 476420455.0 476420462.0 476420467.0 476420467.0 476420465.0 476420462.0 476420459.0 476420455.0 476420453.0 476420450.0 476420448.0 476420446.0 476420442.0 476420440.0 476420437.0 476420434.0 476420433.0 476420432.0 476420431.0 476420430.0 476420429.0 476420429.0 476420428.0 476420425.0 476420423.0 476420420.0 476420419.0 476420418.0 476420416.0 476420415.0 476420414.0 476420414.0 476420414.0
476420142.0 476420144.0 476420145.0 476420147.0 476420149.0 476420151.0 476420155.0 476420156.0 476420159.0 476420161.0 476420164.0 476420165.0 476420167.0 476420168.0 476420168.0 476420169.0 476420170.0 476420172.0 476420173.0 476420174.0 476420173.0 476420166.0 476420154.0 476420135.0 476420128.0 476420123.0 476420122.0 476420124.0 476420125.0 476420127.0 476420129.0 476420129.0 476420129.0 476420128.0 476420128.0 476420127.0 476420126.0 476420125.0 476420124.0 476420122.0 476420120.0 476420117.0 476420115.0 476420114.0 476420111.0 476420110.0 476420109.0 476420107.0
476420127.0 476420124.0 476420121.0 476420119.0 476420119.0 476420120.0 476420121.0 476420121.0 476420122.0 476420123.0 476420123.0 476420124.0 476420124.0 476420124.0 476420123.0 476420125.0 476420128.0 476420131.0 476420135.0 476420138.0 476420133.0 476420124.0 476420108.0 476420088.0 476420075.0 476420071.0 476420073.0 476420078.0 476420087.0 476420094.0 476420102.0 476420106.0 476420110.0 476420116.0 476420121.0 476420125.0 476420130.0 476420135.0 476420138.0 476420142.0 476420151.0 476420156.0 476420161.0 476420164.0 476420167.0 476420170.0 476420172.0 476420174.0
476420172.0 476420171.0 476420170.0 476420168.0 476420166.0 476420165.0 476420164.0 476420163.0 476420163.0 476420162.0 476420160.0 476420157.0 476420153.0 476420148.0 476420140.0 476420133.0 476420123.0 476420118.0 476420114.0 476420113.0 476420116.0 476420121.0 476420125.0 476420128.0 476420130.0 476420131.0 476420132.0 476420131.0 476420130.0 476420130.0 476420130.0 476420131.0 476420132.0 476420133.0 476420132.0 476420132.0 476420131.0 476420130.0 476420129.0 476420128.0 476420127.0 476420126.0 476420124.0 476420123.0 476420122.0 476420122.0 476420122.0 476420123.0
476420126.0 476420125.0 476420125.0 476420124.0 476420124.0 476420122.0 476420121.0 476420120.0 476420120.0 476420120.0 476420121.0 476420122.0 476420124.0 476420124.0 476420125.0 476420125.0 476420123.0 476420119.0 476420109.0 476420102.0 476420095.0 476420092.0 476420093.0 476420098.0 476420104.0 476420109.0 476420115.0 476420119.0 476420122.0 476420124.0 476420125.0 476420126.0 476420126.0 476420128.0 476420129.0 476420132.0 476420133.0 476420134.0 476420135.0 476420136.0 476420137.0 476420140.0 476420143.0 476420147.0 476420151.0 476420156.0 476420161.0 476420165.0
476420172.0 476420174.0 476420176.0 476420177.0 476420179.0 476420182.0 476420184.0 476420188.0 476420191.0 476420194.0 476420195.0 476420196.0 476420195.0 476420195.0 476420196.0 476420197.0 476420197.0 476420198.0 476420199.0 476420200.0 476420194.0 476420180.0 476420165.0 476420152.0 476420146.0 476420142.0 476420142.0 476420143.0 476420144.0 476420145.0 476420144.0 476420142.0 476420141.0 476420137.0 476420135.0 476420129.0 476420124.0 476420120.0 476420115.0 476420111.0 476420105.0 476420102.0 476420096.0 476420091.0 476420087.0 476420082.0 476420078.0 476420075.0
476420246.0 476420245.0 476420245.0 476420248.0 476420250.0 476420252.0 476420253.0 476420254.0 476420254.0 476420255.0 476420255.0 476420256.0 476420258.0 476420259.0 476420260.0 476420261.0 476420261.0 476420259.0 476420257.0 476420254.0 476420251.0 476420250.0 476420248.0 476420247.0 476420243.0 476420243.0 476420243.0 476420243.0 476420243.0 476420243.0 476420243.0 476420244.0 476420244.0 476420245.0 476420245.0 476420247.0 476420248.0 476420249.0 476420250.0 476420251.0 476420251.0 476420251.0 476420251.0 476420250.0 476420249.0 476420249.0 476420250.0 476420251.0
476420253.0 476420251.0 476420250.0 476420248.0 476420246.0 476420245.0 476420242.0 476420239.0 476420237.0 476420234.0 476420231.0 476420230.0 476420230.0 476420225.0 476420217.0 476420210.0 476420200.0 476420197.0 476420195.0 476420200.0 476420205.0 476420209.0 476420213.0 476420216.0 476420218.0 476420221.0 476420223.0 476420224.0 476420226.0 476420227.0 476420227.0 476420228.0 476420230.0 476420232.0 476420235.0 476420238.0 476420239.0 476420241.0 476420243.0 476420243.0 476420244.0 476420246.0 476420247.0 476420247.0 476420248.0 476420248.0 476420249.0 476420250.0
476420256.0 476420256.0 476420256.0 476420256.0 476420255.0 476420255.0 476420254.0 476420253.0 476420253.0 476420252.0 476420250.0 476420247.0 476420244.0 476420242.0 476420241.0 476420239.0 476420238.0 476420238.0 476420238.0 476420239.0 476420240.0 476420240.0 476420241.0 476420241.0 476420241.0 476420241.0 476420241.0 476420241.0 476420242.0 476420243.0 476420243.0 476420244.0 476420245.0 476420246.0 476420247.0 476420248.0 476420249.0 476420250.0 476420252.0 476420253.0 476420254.0 476420255.0 476420255.0 476420256.0 476420256.0 476420256.0 476420256.0 476420256.0
476420258.0 476420258.0 476420257.0 476420257.0 476420257.0 476420257.0 476420256.0 476420256.0 476420257.0 476420257.0 476420257.0 476420258.0 476420259.0 476420258.0 476420253.0 476420249.0 476420243.0 476420238.0 476420233.0 476420230.0 476420230.0 476420232.0 476420234.0 476420237.0 476420240.0 476420245.0 476420248.0 476420250.0 476420251.0 476420251.0 476420252.0 476420252.0 476420253.0 476420253.0 476420255.0 476420257.0 476420259.0 476420262.0 476420265.0 476420266.0 476420267.0 476420271.0 476420273.0 476420274.0 476420274.0 476420273.0 476420272.0 476420270.0
476420525.0 476420526.0 476420526.0 476420526.0 476420526.0 476420527.0 476420529.0 476420531.0 476420533.0 476420533.0 476420531.0 476420527.0 476420521.0 476420516.0 476420512.0 476420510.0 476420510.0 476420509.0 476420508.0 476420508.0 476420507.0 476420506.0 476420504.0 476420501.0 476420498.0 476420496.0 476420493.0 476420489.0 476420487.0 476420486.0 476420484.0 476420482.0 476420480.0 476420479.0 476420477.0 476420476.0 476420475.0 476420473.0 476420471.0 476420469.0 476420467.0 476420466.0 476420464.0 476420462.0 476420460.0 476420458.0 476420456.0 476420456.0
476420504.0 476420503.0 476420503.0 476420501.0 476420500.0 476420498.0 476420497.0 476420494.0 476420491.0 476420488.0 476420484.0 476420480.0 476420476.0 476420472.0 476420464.0 476420452.0 476420443.0 476420437.0 476420431.0 476420427.0 476420428.0 476420433.0 476420439.0 476420445.0 476420449.0 476420452.0 476420455.0 476420457.0 476420459.0 476420460.0 476420461.0 476420462.0 476420463.0 476420465.0 476420467.0 476420468.0 476420469.0 476420470.0 476420470.0 476420470.0 476420470.0 476420471.0 476420471.0 476420472.0 476420473.0 476420474.0 476420476.0 476420478.0
476420515.0 476420516.0 476420515.0 476420514.0 476420512.0 476420511.0 476420509.0 476420508.0 476420506.0 476420505.0 476420504.0 476420503.0 476420502.0 476420500.0 476420497.0 476420493.0 476420489.0 476420485.0 476420482.0 476420482.0 476420484.0 476420485.0 476420489.0 476420492.0 476420496.0 476420500.0 476420502.0 476420505.0 476420507.0 476420511.0 476420513.0 476420516.0 476420520.0 476420524.0 476420528.0 476420537.0 476420541.0 476420546.0 476420548.0 476420550.0 476420552.0 476420553.0 476420553.0 476420554.0 476420553.0 476420553.0 476420553.0 476420552.0
476420479.0 476420478.0 476420476.0 476420476.0 476420474.0 476420473.0 476420473.0 476420473.0 476420473.0 476420473.0 476420473.0 476420473.0 476420473.0 476420472.0 476420470.0 476420462.0 476420456.0 476420450.0 476420445.0 476420442.0 476420441.0 476420442.0 476420444.0 476420447.0 476420451.0 476420456.0 476420461.0 476420465.0 476420470.0 476420473.0 476420476.0 476420479.0 476420481.0 476420484.0 476420490.0 476420492.0 476420493.0 476420494.0 476420494.0 476420495.0 476420497.0 476420500.0 476420502.0 476420504.0 476420505.0 476420505.0 476420505.0 476420506.0
391732609.0 391732610.0 391732611.0 391732613.0 391732615.0 391732617.0 391732618.0 391732619.0 391732621.0 391732626.0 391732629.0 391732632.0 391732626.0 391732604.0 391732599.0 391732598.0 391732598.0 391732601.0 391732605.0 391732608.0 391732611.0 391732617.0 391732620.0 391732624.0 391732628.0 391732637.0 391732642.0 391732647.0 391732652.0 391732655.0 391732658.0 391732661.0 391732663.0 391732665.0 391732667.0 391732668.0 391732669.0 391732670.0 391732671.0 391732672.0 391732674.0 391732675.0 391732676.0 391732676.0 391732677.0 391732676.0 391732674.0 391732674.0
391732625.0 391732626.0 391732627.0 391732628.0 391732628.0 391732628.0 391732627.0 391732626.0 391732625.0 391732623.0 391732622.0 391732621.0 391732620.0 391732619.0 391732619.0 391732619.0 391732617.0 391732613.0 391732605.0 391732597.0 391732592.0 391732588.0 391732586.0 391732586.0 391732586.0 391732588.0 391732590.0 391732591.0 391732593.0 391732594.0 391732595.0 391732595.0 391732596.0 391732597.0 391732599.0 391732600.0 391732602.0 391732604.0 391732606.0 391732608.0 391732610.0 391732611.0 391732612.0 391732610.0 391732608.0 391732605.0 391732603.0 391732600.0
391732649.0 391732648.0 391732647.0 391732646.0 391732646.0 391732646.0 391732645.0 391732644.0 391732643.0 391732642.0 391732641.0 391732641.0 391732642.0 391732643.0 391732644.0 391732643.0 391732641.0 391732633.0 391732627.0 391732626.0 391732626.0 391732628.0 391732628.0 391732629.0 391732627.0 391732625.0 391732623.0 391732621.0 391732616.0 391732611.0 391732609.0 391732607.0 391732605.0 391732602.0 391732599.0 391732597.0 391732595.0 391732594.0 391732593.0 391732593.0 391732592.0 391732591.0 391732591.0 391732590.0 391732588.0 391732587.0 391732587.0 391732587.0
391732313.0 391732314.0 391732316.0 391732317.0 391732318.0 391732319.0 391732320.0 391732320.0 391732320.0 391732321.0 391732321.0 391732322.0 391732323.0 391732325.0 391732327.0 391732330.0 391732332.0 391732333.0 391732333.0 391732333.0 391732333.0 391732332.0 391732332.0 391732333.0 391732334.0 391732335.0 391732337.0 391732339.0 391732341.0 391732344.0 391732346.0 391732347.0 391732349.0 391732351.0 391732355.0 391732358.0 391732360.0 391732362.0 391732364.0 391732366.0 391732371.0 391732376.0 391732376.0 391732376.0 391732376.0 391732373.0 391732372.0 391732368.0
391732375.0 391732375.0 391732376.0 391732378.0 391732378.0 391732379.0 391732379.0 391732378.0 391732378.0 391732378.0 391732379.0 391732380.0 391732380.0 391732382.0 391732383.0 391732383.0 391732381.0 391732377.0 391732373.0 391732371.0 391732369.0 391732371.0 391732373.0 391732376.0 391732380.0 391732384.0 391732387.0 391732391.0 391732393.0 391732394.0 391732393.0 391732393.0 391732391.0 391732390.0 391732388.0 391732387.0 391732386.0 391732384.0 391732382.0 391732381.0 391732380.0 391732378.0 391732378.0 391732378.0 391732378.0 391732378.0 391732378.0 391732379.0
476420831.0 476420834.0 476420837.0 476420839.0 476420841.0 476420842.0 476420844.0 476420846.0 476420848.0 476420853.0 476420857.0 476420864.0 476420871.0 476420879.0 476420883.0 476420882.0 476420878.0 476420871.0 476420866.0 476420862.0 476420858.0 476420858.0 476420859.0 476420863.0 476420868.0 476420874.0 476420881.0 476420887.0 476420893.0 476420899.0 476420905.0 476420908.0 476420911.0 476420915.0 476420918.0 476420921.0 476420923.0 476420925.0 476420926.0 476420927.0 476420928.0 476420929.0 476420930.0 476420931.0 476420933.0 476420934.0 476420935.0 476420937.0
476420935.0 476420937.0 476420938.0 476420939.0 476420941.0 476420942.0 476420945.0 476420947.0 476420948.0 476420947.0 476420944.0 476420934.0 476420920.0 476420902.0 476420891.0 476420882.0 476420876.0 476420875.0 476420874.0 476420874.0 476420875.0 476420876.0 476420875.0 476420873.0 476420871.0 476420868.0 476420866.0 476420865.0 476420865.0 476420865.0 476420866.0 476420866.0 476420866.0 476420865.0 476420864.0 476420863.0 476420863.0 476420861.0 476420861.0 476420860.0 476420859.0 476420859.0 476420861.0 476420863.0 476420864.0 476420867.0 476420868.0 476420871.0
476420854.0 476420852.0 476420852.0 476420853.0 476420854.0 476420856.0 476420858.0 476420859.0 476420861.0 476420863.0 476420864.0 476420864.0 476420865.0 476420865.0 476420864.0 476420861.0 476420857.0 476420851.0 476420846.0 476420843.0 476420841.0 476420841.0 476420841.0 476420841.0 476420842.0 476420844.0 476420846.0 476420849.0 476420854.0 476420859.0 476420864.0 476420870.0 476420875.0 476420882.0 476420886.0 476420889.0 476420891.0 476420893.0 476420893.0 476420895.0 476420897.0 476420898.0 476420900.0 476420902.0 476420903.0 476420905.0 476420907.0 476420910.0
476420861.0 476420861.0 476420861.0 476420862.0 476420863.0 476420864.0 476420866.0 476420868.0 476420872.0 476420874.0 476420878.0 476420880.0 476420882.0 476420884.0 476420885.0 476420886.0 476420885.0 476420884.0 476420881.0 476420878.0 476420875.0 476420873.0 476420873.0 476420873.0 476420874.0 476420874.0 476420875.0 476420875.0 476420876.0 476420876.0 476420875.0 476420874.0 476420873.0 476420872.0 476420871.0 476420869.0 476420868.0 476420867.0 476420867.0 476420868.0 476420868.0 476420868.0 476420869.0 476420869.0 476420868.0 476420868.0 476420866.0 476420865.0
476420909.0 476420908.0 476420906.0 476420904.0 476420902.0 476420901.0 476420901.0 476420903.0 476420904.0 476420907.0 476420910.0 476420912.0 476420912.0 476420907.0 476420897.0 476420885.0 476420879.0 476420874.0 476420871.0 476420870.0 476420870.0 476420871.0 476420872.0 476420873.0 476420873.0 476420873.0 476420873.0 476420873.0 476420872.0 476420871.0 476420871.0 476420871.0 476420870.0 476420870.0 476420871.0 476420871.0 476420873.0 476420873.0 476420874.0 476420875.0 476420875.0 476420876.0 476420876.0 476420877.0 476420877.0 476420877.0 476420876.0 476420875.0
476420860.0 476420860.0 476420859.0 476420859.0 476420859.0 476420858.0 476420858.0 476420858.0 476420858.0 476420859.0 476420860.0 476420860.0 476420860.0 476420858.0 476420851.0 476420843.0 476420831.0 476420821.0 476420815.0 476420813.0 476420814.0 476420816.0 476420822.0 476420826.0 476420830.0 476420834.0 476420837.0 476420841.0 476420843.0 476420845.0 476420848.0 476420851.0 476420854.0 476420858.0 476420862.0 476420866.0 476420869.0 476420873.0 476420875.0 476420878.0 476420879.0 476420880.0 476420881.0 476420882.0 476420882.0 476420882.0 476420881.0 476420880.0
476420813.0 476420814.0 476420814.0 476420816.0 476420818.0 476420819.0 476420822.0 476420825.0 476420827.0 476420830.0 476420831.0 476420832.0 476420833.0 476420834.0 476420835.0 476420836.0 476420837.0 476420838.0 476420835.0 476420830.0 476420823.0 476420816.0 476420812.0 476420807.0 476420805.0 476420804.0 476420804.0 476420805.0 476420807.0 476420810.0 476420814.0 476420817.0 476420821.0 476420824.0 476420828.0 476420832.0 476420836.0 476420841.0 476420844.0 476420847.0 476420850.0 476420853.0 476420856.0 476420858.0 476420862.0 476420867.0 476420871.0 476420875.0
476420901.0 476420901.0 476420902.0 476420901.0 476420901.0 476420901.0 476420901.0 476420901.0 476420902.0 476420904.0 476420904.0 476420900.0 476420895.0 476420888.0 476420881.0 476420874.0 476420868.0 476420865.0 476420862.0 476420860.0 476420858.0 476420857.0 476420857.0 476420857.0 476420857.0 476420857.0 476420857.0 476420858.0 476420858.0 476420857.0 476420857.0 476420857.0 476420859.0 476420860.0 476420862.0 476420863.0 476420863.0 476420862.0 476420860.0 476420859.0 476420858.0 476420855.0 476420853.0 476420851.0 476420850.0 476420849.0 476420847.0 476420846.0
476420980.0 476420981.0 476420981.0 476420982.0 476420983.0 476420984.0 476420986.0 476420988.0 476420991.0 476420994.0 476420996.0 476420999.0 476421002.0 476421006.0 476421012.0 476421021.0 476421029.0 476421035.0 476421039.0 476421043.0 476421045.0 476421046.0 476421046.0 476421046.0 476421045.0 476421043.0 476421042.0 476421040.0 476421038.0 476421037.0 476421036.0 476421036.0 476421035.0 476421033.0 476421031.0 476421028.0 476421025.0 476421021.0 476421017.0 476421013.0 476421010.0 476421006.0 476421001.0 476420997.0 476420993.0 476420990.0 476420987.0 476420984.0
476420983.0 476420984.0 476420983.0 476420981.0 476420978.0 476420975.0 476420971.0 476420967.0 476420964.0 476420960.0 476420957.0 476420954.0 476420949.0 476420946.0 476420942.0 476420939.0 476420937.0 476420934.0 476420933.0 476420936.0 476420940.0 476420944.0 476420948.0 476420950.0 476420951.0 476420951.0 476420949.0 476420947.0 476420945.0 476420944.0 476420944.0 476420944.0 476420946.0 476420948.0 476420951.0 476420953.0 476420956.0 476420958.0 476420961.0 476420966.0 476420970.0 476420973.0 476420977.0 476420981.0 476420983.0 476420986.0 476420988.0 476420989.0
476421019.0 476421021.0 476421023.0 476421025.0 476421028.0 476421032.0 476421035.0 476421038.0 476421040.0 476421040.0 476421040.0 476421039.0 476421038.0 476421037.0 476421036.0 476421037.0 476421038.0 476421038.0 476421037.0 476421034.0 476421031.0 476421026.0 476421021.0 476421016.0 476421010.0 476421006.0 476421003.0 476421000.0 476420998.0 476420996.0 476420995.0 476420993.0 476420993.0 476420994.0 476420994.0 476420996.0 476420999.0 476421000.0 476421002.0 476421002.0 476421002.0 476421000.0 476420997.0 476420995.0 476420992.0 476420988.0 476420984.0 476420979.0
476420877.0 476420878.0 476420878.0 476420879.0 476420880.0 476420881.0 476420882.0 476420882.0 476420884.0 476420884.0 476420885.0 476420887.0 476420888.0 476420889.0 476420889.0 476420890.0 476420889.0 476420889.0 476420889.0 476420889.0 476420891.0 476420895.0 476420899.0 476420903.0 476420905.0 476420907.0 476420907.0 476420907.0 476420905.0 476420901.0 476420898.0 476420894.0 476420892.0 476420888.0 476420885.0 476420883.0 476420881.0 476420879.0 476420878.0 476420877.0 476420877.0 476420876.0 476420875.0 476420875.0 476420873.0 476420872.0 476420869.0 476420867.0
476420846.0 476420849.0 476420851.0 476420853.0 476420854.0 476420854.0 476420854.0 476420854.0 476420855.0 476420855.0 476420855.0 476420855.0 476420855.0 476420854.0 476420855.0 476420858.0 476420869.0 476420881.0 476420893.0 476420901.0 476420907.0 476420908.0 476420907.0 476420904.0 476420901.0 476420900.0 476420897.0 476420894.0 476420893.0 476420890.0 476420888.0 476420886.0 476420884.0 476420881.0 476420877.0 476420873.0 476420869.0 476420865.0 476420859.0 476420856.0 476420853.0 476420849.0 476420844.0 476420842.0 476420840.0 476420838.0 476420836.0 476420835.0
391732779.0 391732778.0 391732777.0 391732775.0 391732774.0 391732773.0 391732772.0 391732771.0 391732770.0 391732769.0 391732769.0 391732768.0 391732768.0 391732767.0 391732767.0 391732766.0 391732762.0 391732757.0 391732743.0 391732734.0 391732726.0 391732727.0 391732731.0 391732736.0 391732741.0 391732745.0 391732749.0 391732751.0 391732752.0 391732753.0 391732754.0 391732755.0 391732755.0 391732755.0 391732755.0 391732755.0 391732754.0 391732754.0 391732754.0 391732755.0 391732756.0 391732757.0 391732759.0 391732761.0 391732762.0 391732764.0 391732766.0 391732769.0
391732744.0 391732744.0 391732743.0 391732743.0 391732742.0 391732742.0 391732741.0 391732741.0 391732740.0 391732740.0 391732739.0 391732739.0 391732738.0 391732737.0 391732737.0 391732737.0 391732736.0 391732736.0 391732734.0 391732724.0 391732706.0 391732695.0 391732686.0 391732679.0 391732679.0 391732682.0 391732687.0 391732696.0 391732701.0 391732707.0 391732712.0 391732715.0 391732718.0 391732720.0 391732723.0 391732725.0 391732727.0 391732729.0 391732731.0 391732733.0 391732735.0 391732737.0 391732739.0 391732741.0 391732743.0 391732746.0 391732748.0 391732750.0
391732776.0 391732777.0 391732778.0 391732779.0 391732779.0 391732780.0 391732779.0 391732779.0 391732778.0 391732778.0 391732777.0 391732777.0 391732776.0 391732776.0 391732776.0 391732776.0 391732776.0 391732776.0 391732774.0 391732765.0 391732750.0 391732724.0 391732710.0 391732699.0 391732694.0 391732694.0 391732700.0 391732705.0 391732711.0 391732716.0 391732720.0 391732723.0 391732726.0 391732728.0 391732731.0 391732734.0 391732736.0 391732738.0 391732740.0 391732743.0 391732746.0 391732749.0 391732752.0 391732755.0 391732757.0 391732759.0 391732760.0 391732762.0
391732764.0 391732764.0 391732764.0 391732764.0 391732765.0 391732765.0 391732765.0 391732765.0 391732764.0 391732764.0 391732762.0 391732738.0 391732708.0 391732699.0 391732700.0 391732712.0 391732716.0 391732722.0 391732724.0 391732726.0 391732729.0 391732730.0 391732730.0 391732731.0 391732734.0 391732737.0 391732739.0 391732742.0 391732745.0 391732748.0 391732751.0 391732753.0 391732757.0 391732759.0 391732761.0 391732763.0 391732765.0 391732767.0 391732769.0 391732771.0 391732773.0 391732775.0 391732776.0 391732778.0 391732779.0 391732780.0 391732782.0 391732782.0
391732746.0 391732748.0 391732749.0 391732751.0 391732755.0 391732760.0 391732765.0 391732767.0 391732771.0 391732774.0 391732776.0 391732779.0 391732781.0 391732782.0 391732784.0 391732785.0 391732783.0 391732776.0 391732769.0 391732763.0 391732760.0 391732759.0 391732761.0 391732763.0 391732766.0 391732768.0 391732771.0 391732773.0 391732774.0 391732775.0 391732775.0 391732776.0 391732776.0 391732777.0 391732777.0 391732777.0 391732778.0 391732779.0 391732780.0 391732781.0 391732782.0 391732782.0 391732782.0 391732782.0 391732782.0 391732782.0 391732782.0 391732781.0
391732777.0 391732777.0 391732776.0 391732775.0 391732774.0 391732773.0 391732772.0 391732771.0 391732770.0 391732770.0 391732769.0 391732768.0 391732767.0 391732766.0 391732765.0 391732764.0 391732764.0 391732763.0 391732760.0 391732738.0 391732709.0 391732684.0 391732664.0 391732670.0 391732682.0 391732692.0 391732696.0 391732700.0 391732701.0 391732703.0 391732707.0 391732709.0 391732712.0 391732715.0 391732718.0 391732721.0 391732724.0 391732727.0 391732730.0 391732733.0 391732735.0 391732738.0 391732740.0 391732743.0 391732746.0 391732748.0 391732751.0 391732754.0
391732767.0 391732768.0 391732769.0 391732770.0 391732771.0 391732771.0 391732772.0 391732772.0 391732772.0 391732773.0 391732774.0 391732774.0 391732774.0 391732767.0 391732751.0 391732732.0 391732716.0 391732703.0 391732693.0 391732693.0 391732696.0 391732701.0 391732707.0 391732711.0 391732715.0 391732718.0 391732720.0 391732723.0 391732725.0 391732727.0 391732729.0 391732731.0 391732734.0 391732736.0 391732738.0 391732740.0 391732742.0 391732745.0 391732748.0 391732751.0 391732754.0 391732756.0 391732757.0 391732757.0 391732756.0 391732755.0 391732753.0 391732750.0
391732753.0 391732750.0 391732749.0 391732747.0 391732747.0 391732746.0 391732746.0 391732745.0 391732745.0 391732745.0 391732746.0 391732745.0 391732745.0 391732745.0 391732745.0 391732745.0 391732744.0 391732736.0 391732724.0 391732683.0 391732669.0 391732662.0 391732663.0 391732666.0 391732674.0 391732695.0 391732702.0 391732713.0 391732716.0 391732723.0 391732730.0 391732735.0 391732737.0 391732742.0 391732749.0 391732752.0 391732757.0 391732760.0 391732762.0 391732765.0 391732765.0 391732769.0 391732772.0 391732776.0 391732778.0 391732779.0 391732782.0 391732782.0
476419922.0 476419922.0 476419921.0 476419920.0 476419918.0 476419918.0 476419918.0 476419919.0 476419920.0 476419920.0 476419921.0 476419921.0 476419922.0 476419922.0 476419923.0 476419924.0 476419926.0 476419927.0 476419929.0 476419930.0 476419933.0 476419935.0 476419938.0 476419942.0 476419945.0 476419949.0 476419952.0 476419953.0 476419953.0 476419951.0 476419951.0 476419949.0 476419947.0 476419948.0 476419949.0 476419950.0 476419953.0 476419954.0 476419955.0 476419958.0 476419959.0 476419960.0 476419960.0 476419960.0 476419959.0 476419959.0 476419958.0 476419956.0
476419929.0 476419928.0 476419927.0 476419926.0 476419926.0 476419926.0 476419926.0 476419926.0 476419926.0 476419926.0 476419926.0 476419926.0 476419925.0 476419925.0 476419925.0 476419925.0 476419925.0 476419925.0 476419926.0 476419926.0 476419926.0 476419926.0 476419925.0 476419925.0 476419926.0 476419927.0 476419927.0 476419928.0 476419928.0 476419928.0 476419932.0 476419936.0 476419940.0 476419943.0 476419945.0 476419945.0 476419945.0 476419945.0 476419945.0 476419945.0 476419946.0 476419946.0 476419947.0 476419948.0 476419949.0 476419951.0 476419952.0 476419954.0
476419910.0 476419907.0 476419904.0 476419901.0 476419899.0 476419898.0 476419896.0 476419895.0 476419894.0 476419893.0 476419892.0 476419892.0 476419890.0 476419890.0 476419890.0 476419890.0 476419890.0 476419891.0 476419892.0 476419891.0 476419890.0 476419890.0 476419890.0 476419891.0 476419892.0 476419893.0 476419893.0 476419894.0 476419896.0 476419897.0 476419900.0 476419903.0 476419906.0 476419908.0 476419909.0 476419910.0 476419910.0 476419911.0 476419912.0 476419915.0 476419917.0 476419923.0 476419924.0 476419926.0 476419927.0 476419929.0 476419932.0 476419934.0
476419953.0 476419954.0 476419954.0 476419953.0 476419953.0 476419953.0 476419952.0 476419951.0 476419950.0 476419950.0 476419950.0 476419950.0 476419950.0 476419950.0 476419950.0 476419950.0 476419948.0 476419947.0 476419945.0 476419943.0 476419940.0 476419938.0 476419935.0 476419933.0 476419930.0 476419930.0 476419929.0 476419929.0 476419930.0 476419929.0 476419927.0 476419924.0 476419919.0 476419915.0 476419913.0 476419912.0 476419912.0 476419913.0 476419913.0 476419914.0 476419914.0 476419914.0 476419914.0 476419914.0 476419913.0 476419913.0 476419913.0 476419913.0
476419909.0 476419910.0 476419910.0 476419911.0 476419912.0 476419913.0 476419913.0 476419914.0 476419914.0 476419914.0 476419914.0 476419914.0 476419913.0 476419913.0 476419914.0 476419914.0 476419913.0 476419912.0 476419911.0 476419912.0 476419914.0 476419919.0 476419927.0 476419931.0 476419936.0 476419936.0 476419933.0 476419929.0 476419927.0 476419926.0 476419927.0 476419928.0 476419930.0 476419932.0 476419933.0 476419935.0 476419936.0 476419937.0 476419938.0 476419938.0 476419938.0 476419938.0 476419938.0 476419936.0 476419935.0 476419934.0 476419932.0 476419932.0
476419932.0 476419931.0 476419930.0 476419929.0 476419929.0 476419929.0 476419928.0 476419926.0 476419924.0 476419921.0 476419917.0 476419915.0 476419914.0 476419913.0 476419912.0 476419911.0 476419911.0 476419910.0 476419909.0 476419908.0 476419907.0 476419907.0 476419905.0 476419902.0 476419896.0 476419892.0 476419887.0 476419885.0 476419883.0 476419885.0 476419889.0 476419892.0 476419895.0 476419898.0 476419898.0 476419900.0 476419901.0 476419902.0 476419904.0 476419906.0 476419907.0 476419910.0 476419911.0 476419912.0 476419914.0 476419916.0 476419918.0 476419921.0
476419924.0 476419928.0 476419930.0 476419933.0 476419935.0 476419937.0 476419938.0 476419939.0 476419940.0 476419941.0 476419941.0 476419942.0 476419943.0 476419944.0 476419945.0 476419946.0 476419947.0 476419947.0 476419949.0 476419950.0 476419953.0 476419956.0 476419957.0 476419958.0 476419958.0 476419956.0 476419954.0 476419951.0 476419948.0 476419947.0 476419948.0 476419949.0 476419949.0 476419949.0 476419950.0 476419951.0 476419953.0 476419953.0 476419954.0 476419956.0 476419958.0 476419960.0 476419962.0 476419964.0 476419965.0 476419965.0 476419964.0 476419964.0
476419931.0 476419930.0 476419928.0 476419927.0 476419926.0 476419927.0 476419927.0 476419928.0 476419928.0 476419928.0 476419929.0 476419929.0 476419930.0 476419930.0 476419931.0 476419932.0 476419933.0 476419934.0 476419935.0 476419936.0 476419938.0 476419939.0 476419940.0 476419942.0 476419942.0 476419943.0 476419940.0 476419938.0 476419936.0 476419934.0 476419934.0 476419936.0 476419939.0 476419942.0 476419944.0 476419946.0 476419947.0 476419947.0 476419948.0 476419948.0 476419948.0 476419948.0 476419948.0 476419948.0 476419949.0 476419950.0 476419953.0 476419955.0
476419907.0 476419905.0 476419904.0 476419904.0 476419905.0 476419906.0 476419907.0 476419908.0 476419909.0 476419911.0 476419912.0 476419913.0 476419913.0 476419911.0 476419900.0 476419885.0 476419869.0 476419857.0 476419856.0 476419860.0 476419869.0 476419877.0 476419883.0 476419886.0 476419886.0 476419883.0 476419879.0 476419873.0 476419869.0 476419864.0 476419860.0 476419856.0 476419853.0 476419851.0 476419851.0 476419852.0 476419854.0 476419856.0 476419857.0 476419858.0 476419857.0 476419856.0 476419855.0 476419853.0 476419851.0 476419851.0 476419850.0 476419850.0
476419975.0 476419975.0 476419976.0 476419978.0 476419979.0 476419980.0 476419982.0 476419983.0 476419984.0 476419986.0 476419988.0 476419990.0 476419991.0 476419992.0 476419993.0 476419993.0 476419993.0 476419992.0 476419992.0 476419991.0 476419990.0 476419990.0 476419989.0 476419987.0 476419986.0 476419984.0 476419982.0 476419980.0 476419977.0 476419974.0 476419972.0 476419969.0 476419965.0 476419962.0 476419959.0 476419958.0 476419957.0 476419957.0 476419957.0 476419957.0 476419957.0 476419957.0 476419957.0 476419957.0 476419958.0 476419958.0 476419958.0 476419959.0
476419987.0 476419987.0 476419987.0 476419987.0 476419988.0 476419989.0 476419991.0 476419991.0 476419991.0 476419991.0 476419990.0 476419989.0 476419987.0 476419985.0 476419984.0 476419982.0 476419979.0 476419977.0 476419974.0 476419972.0 476419970.0 476419967.0 476419963.0 476419959.0 476419951.0 476419940.0 476419932.0 476419928.0 476419927.0 476419928.0 476419929.0 476419929.0 476419927.0 476419924.0 476419922.0 476419919.0 476419916.0 476419914.0 476419912.0 476419910.0 476419909.0 476419907.0 476419905.0 476419904.0 476419903.0 476419903.0 476419903.0 476419904.0
476419967.0 476419969.0 476419971.0 476419974.0 476419977.0 476419980.0 476419980.0 476419981.0 476419981.0 476419981.0 476419982.0 476419983.0 476419983.0 476419983.0 476419983.0 476419981.0 476419973.0 476419965.0 476419961.0 476419960.0 476419961.0 476419965.0 476419969.0 476419975.0 476419979.0 476419981.0 476419981.0 476419980.0 476419979.0 476419978.0 476419978.0 476419978.0 476419978.0 476419978.0 476419977.0 476419976.0 476419976.0 476419975.0 476419975.0 476419974.0 476419974.0 476419975.0 476419975.0 476419976.0 476419976.0 476419976.0 476419977.0 476419978.0
476419983.0 476419985.0 476419987.0 476419988.0 476419989.0 476419991.0 476419993.0 476419995.0 476419997.0 476419998.0 476420000.0 476420001.0 476420003.0 476420004.0 476420006.0 476420007.0 476420007.0 476420008.0 476420008.0 476420009.0 476420009.0 476420009.0 476420010.0 476420010.0 476420010.0 476420010.0 476420010.0 476420010.0 476420011.0 476420008.0 476420002.0 476419989.0 476419979.0 476419972.0 476419971.0 476419972.0 476419974.0 476419977.0 476419978.0 476419978.0 476419976.0 476419972.0 476419968.0 476419964.0 476419963.0 476419961.0 476419962.0 476419964.0
476420094.0 476420090.0 476420087.0 476420081.0 476420067.0 476420054.0 476420053.0 476420062.0 476420066.0 476420066.0 476420064.0 476420061.0 476420058.0 476420055.0 476420054.0 476420050.0 476420038.0 476420018.0 476420011.0 476420018.0 476420028.0 476420035.0 476420037.0 476420038.0 476420039.0 476420039.0 476420039.0 476420040.0 476420040.0 476420040.0 476420040.0 476420039.0 476420039.0 476420038.0 476420037.0 476420036.0 476420037.0 476420037.0 476420037.0 476420038.0 476420039.0 476420041.0 476420042.0 476420044.0 476420046.0 476420048.0 476420051.0 476420053.0
476420037.0 476420037.0 476420037.0 476420038.0 476420039.0 476420041.0 476420042.0 476420044.0 476420046.0 476420048.0 476420051.0 476420053.0 476420057.0 476420060.0 476420064.0 476420066.0 476420069.0 476420071.0 476420076.0 476420082.0 476420091.0 476420098.0 476420102.0 476420104.0 476420106.0 476420107.0 476420108.0 476420110.0 476420111.0 476420113.0 476420116.0 476420118.0 476420120.0 476420122.0 476420125.0 476420127.0 476420128.0 476420130.0 476420131.0 476420133.0 476420134.0 476420135.0 476420136.0 476420137.0 476420138.0 476420139.0 476420139.0 476420140.0
476420152.0 476420162.0 476420166.0 476420169.0 476420173.0 476420182.0 476420185.0 476420188.0 476420190.0 476420192.0 476420194.0 476420195.0 476420195.0 476420188.0 476420181.0 476420174.0 476420173.0 476420175.0 476420178.0 476420181.0 476420183.0 476420184.0 476420184.0 476420184.0 476420185.0 476420185.0 476420185.0 476420183.0 476420180.0 476420176.0 476420171.0 476420166.0 476420161.0 476420155.0 476420148.0 476420142.0 476420136.0 476420131.0 476420125.0 476420117.0 476420112.0 476420105.0 476420099.0 476420093.0 476420090.0 476420084.0 476420079.0 476420076.0
476420028.0 476420028.0 476420028.0 476420029.0 476420029.0 476420030.0 476420031.0 476420032.0 476420033.0 476420034.0 476420035.0 476420036.0 476420038.0 476420039.0 476420041.0 476420039.0 476420035.0 476420031.0 476420026.0 476420022.0 476420021.0 476420022.0 476420026.0 476420032.0 476420039.0 476420047.0 476420052.0 476420056.0 476420058.0 476420058.0 476420057.0 476420057.0 476420055.0 476420056.0 476420055.0 476420055.0 476420056.0 476420056.0 476420057.0 476420057.0 476420057.0 476420057.0 476420057.0 476420057.0 476420057.0 476420057.0 476420058.0 476420058.0
476420068.0 476420068.0 476420066.0 476420065.0 476420064.0 476420063.0 476420062.0 476420062.0 476420060.0 476420059.0 476420059.0 476420057.0 476420056.0 476420055.0 476420054.0 476420052.0 476420050.0 476420047.0 476420043.0 476420041.0 476420038.0 476420036.0 476420033.0 476420030.0 476420027.0 476420023.0 476420017.0 476420011.0 476420007.0 476420003.0 476419999.0 476419997.0 476419994.0 476419991.0 476419990.0 476419986.0 476419984.0 476419981.0 476419977.0 476419973.0 476419971.0 476419967.0 476419965.0 476419963.0 476419961.0 476419961.0 476419960.0 476419958.0
476420018.0 476420017.0 476420018.0 476420018.0 476420019.0 476420020.0 476420021.0 476420022.0 476420023.0 476420024.0 476420025.0 476420026.0 476420027.0 476420028.0 476420029.0 476420030.0 476420031.0 476420032.0 476420033.0 476420034.0 476420036.0 476420037.0 476420038.0 476420043.0 476420048.0 476420051.0 476420054.0 476420055.0 476420056.0 476420056.0 476420056.0 476420056.0 476420057.0 476420058.0 476420059.0 476420061.0 476420063.0 476420064.0 476420066.0 476420068.0 476420072.0 476420074.0 476420076.0 476420078.0 476420080.0 476420081.0 476420083.0 476420086.0
476420217.0 476420213.0 476420210.0 476420207.0 476420203.0 476420200.0 476420196.0 476420192.0 476420187.0 476420184.0 476420180.0 476420176.0 476420171.0 476420167.0 476420164.0 476420160.0 476420154.0 476420150.0 476420143.0 476420136.0 476420126.0 476420117.0 476420107.0 476420098.0 476420094.0 476420089.0 476420083.0 476420078.0 476420073.0 476420069.0 476420065.0 476420061.0 476420057.0 476420054.0 476420053.0 476420052.0 476420051.0 476420051.0 476420050.0 476420049.0 476420049.0 476420048.0 476420048.0 476420048.0 476420047.0 476420047.0 476420048.0 476420048.0
476420128.0 476420130.0 476420132.0 476420133.0 476420134.0 476420136.0 476420137.0 476420138.0 476420139.0 476420139.0 476420140.0 476420139.0 476420139.0 476420138.0 476420137.0 476420135.0 476420131.0 476420128.0 476420126.0 476420123.0 476420122.0 476420121.0 476420122.0 476420122.0 476420122.0 476420121.0 476420119.0 476420117.0 476420114.0 476420112.0 476420110.0 476420108.0 476420105.0 476420102.0 476420099.0 476420097.0 476420096.0 476420095.0 476420095.0 476420095.0 476420094.0 476420093.0 476420092.0 476420091.0 476420091.0 476420090.0 476420089.0 476420089.0
476420083.0 476420084.0 476420085.0 476420086.0 476420087.0 476420090.0 476420091.0 476420092.0 476420093.0 476420094.0 476420095.0 476420096.0 476420097.0 476420098.0 476420101.0 476420105.0 476420109.0 476420111.0 476420111.0 476420111.0 476420109.0 476420107.0 476420104.0 476420101.0 476420099.0 476420096.0 476420093.0 476420091.0 476420090.0 476420088.0 476420087.0 476420085.0 476420084.0 476420083.0 476420081.0 476420080.0 476420079.0 476420077.0 476420076.0 476420076.0 476420075.0 476420074.0 476420072.0 476420070.0 476420069.0 476420068.0 476420067.0 476420067.0
476420130.0 476420130.0 476420130.0 476420129.0 476420128.0 476420127.0 476420126.0 476420127.0 476420127.0 476420127.0 476420127.0 476420126.0 476420125.0 476420123.0 476420122.0 476420122.0 476420121.0 476420120.0 476420120.0 476420119.0 476420120.0 476420120.0 476420122.0 476420124.0 476420129.0 476420131.0 476420132.0 476420132.0 476420130.0 476420128.0 476420126.0 476420123.0 476420120.0 476420118.0 476420116.0 476420116.0 476420116.0 476420116.0 476420117.0 476420117.0 476420117.0 476420117.0 476420116.0 476420115.0 476420115.0 476420115.0 476420114.0 476420114.0
476420060.0 476420060.0 476420059.0 476420059.0 476420059.0 476420060.0 476420061.0 476420063.0 476420065.0 476420067.0 476420068.0 476420069.0 476420070.0 476420071.0 476420072.0 476420073.0 476420073.0 476420073.0 476420076.0 476420080.0 476420087.0 476420092.0 476420096.0 476420097.0 476420097.0 476420094.0 476420090.0 476420086.0 476420083.0 476420081.0 476420080.0 476420080.0 476420080.0 476420080.0 476420080.0 476420080.0 476420080.0 476420079.0 476420078.0 476420077.0 476420077.0 476420076.0 476420076.0 476420076.0 476420075.0 476420075.0 476420075.0 476420075.0
476420091.0 476420093.0 476420093.0 476420095.0 476420097.0 476420099.0 476420101.0 476420103.0 476420104.0 476420106.0 476420107.0 476420109.0 476420110.0 476420111.0 476420112.0 476420114.0 476420115.0 476420116.0 476420117.0 476420118.0 476420118.0 476420120.0 476420123.0 476420130.0 476420135.0 476420141.0 476420146.0 476420150.0 476420151.0 476420150.0 476420149.0 476420147.0 476420145.0 476420144.0 476420144.0 476420144.0 476420144.0 476420144.0 476420144.0 476420143.0 476420141.0 476420140.0 476420139.0 476420139.0 476420138.0 476420137.0 476420133.0 476420130.0
476420063.0 476420058.0 476420053.0 476420048.0 476420044.0 476420040.0 476420037.0 476420034.0 476420032.0 476420032.0 476420034.0 476420037.0 476420041.0 476420045.0 476420050.0 476420054.0 476420058.0 476420061.0 476420065.0 476420070.0 476420077.0 476420084.0 476420089.0 476420093.0 476420093.0 476420089.0 476420084.0 476420075.0 476420067.0 476420057.0 476420048.0 476420041.0 476420035.0 476420030.0 476420024.0 476420021.0 476420017.0 476420016.0 476420014.0 476420011.0 476420009.0 476420007.0 476420003.0 476420000.0 476419994.0 476419988.0 476419983.0 476419978.0
476419918.0 476419921.0 476419923.0 476419926.0 476419928.0 476419930.0 476419931.0 476419933.0 476419934.0 476419936.0 476419937.0 476419938.0 476419940.0 476419943.0 476419945.0 476419949.0 476419951.0 476419953.0 476419955.0 476419956.0 476419959.0 476419964.0 476419967.0 476419969.0 476419971.0 476419970.0 476419968.0 476419964.0 476419961.0 476419957.0 476419954.0 476419951.0 476419948.0 476419945.0 476419943.0 476419941.0 476419939.0 476419938.0 476419937.0 476419935.0 476419932.0 476419930.0 476419926.0 476419923.0 476419920.0 476419917.0 476419915.0 476419913.0
476419869.0 476419869.0 476419869.0 476419868.0 476419869.0 476419869.0 476419871.0 476419873.0 476419875.0 476419877.0 476419879.0 476419879.0 476419879.0 476419879.0 476419878.0 476419877.0 476419875.0 476419874.0 476419872.0 476419871.0 476419870.0 476419870.0 476419870.0 476419872.0 476419874.0 476419874.0 476419873.0 476419871.0 476419869.0 476419868.0 476419867.0 476419866.0 476419865.0 476419863.0 476419862.0 476419861.0 476419860.0 476419861.0 476419861.0 476419862.0 476419862.0 476419863.0 476419864.0 476419864.0 476419865.0 476419866.0 476419867.0 476419868.0
476419912.0 476419913.0 476419913.0 476419913.0 476419914.0 476419914.0 476419914.0 476419915.0 476419914.0 476419914.0 476419913.0 476419912.0 476419911.0 476419910.0 476419909.0 476419909.0 476419907.0 476419906.0 476419905.0 476419903.0 476419902.0 476419900.0 476419898.0 476419897.0 476419895.0 476419894.0 476419893.0 476419892.0 476419892.0 476419894.0 476419897.0 476419900.0 476419902.0 476419902.0 476419902.0 476419902.0 476419902.0 476419902.0 476419901.0 476419900.0 476419898.0 476419895.0 476419893.0 476419890.0 476419888.0 476419885.0 476419884.0 476419882.0
476419896.0 476419895.0 476419893.0 476419891.0 476419890.0 476419888.0 476419887.0 476419886.0 476419885.0 476419884.0 476419883.0 476419881.0 476419881.0 476419880.0 476419879.0 476419878.0 476419877.0 476419877.0 476419878.0 476419880.0 476419882.0 476419882.0 476419882.0 476419879.0 476419876.0 476419872.0 476419870.0 476419867.0 476419865.0 476419864.0 476419861.0 476419858.0 476419855.0 476419853.0 476419852.0 476419851.0 476419850.0 476419850.0 476419849.0 476419849.0 476419848.0 476419847.0 476419846.0 476419845.0 476419846.0 476419846.0 476419846.0 476419847.0
476419921.0 476419921.0 476419922.0 476419922.0 476419922.0 476419923.0 476419922.0 476419922.0 476419923.0 476419923.0 476419923.0 476419924.0 476419925.0 476419926.0 476419928.0 476419929.0 476419932.0 476419934.0 476419935.0 476419937.0 476419939.0 476419941.0 476419943.0 476419945.0 476419947.0 476419949.0 476419953.0 476419957.0 476419961.0 476419963.0 476419963.0 476419963.0 476419961.0 476419958.0 476419954.0 476419950.0 476419944.0 476419940.0 476419936.0 476419931.0 476419927.0 476419924.0 476419919.0 476419914.0 476419910.0 476419905.0 476419902.0 476419900.0
476419900.0 476419900.0 476419900.0 476419899.0 476419900.0 476419900.0 476419901.0 476419902.0 476419902.0 476419903.0 476419903.0 476419904.0 476419905.0 476419906.0 476419907.0 476419908.0 476419908.0 476419908.0 476419908.0 476419908.0 476419909.0 476419909.0 476419910.0 476419912.0 476419913.0 476419914.0 476419915.0 476419916.0 476419917.0 476419918.0 476419918.0 476419919.0 476419919.0 476419919.0 476419920.0 476419920.0 476419921.0 476419920.0 476419920.0 476419919.0 476419920.0 476419921.0 476419922.0 476419924.0 476419925.0 476419926.0 476419927.0 476419927.0
476419913.0 476419912.0 476419910.0 476419908.0 476419906.0 476419904.0 476419902.0 476419901.0 476419900.0 476419900.0 476419900.0 476419899.0 476419899.0 476419898.0 476419898.0 476419897.0 476419897.0 476419897.0 476419897.0 476419897.0 476419898.0 476419898.0 476419899.0 476419898.0 476419898.0 476419898.0 476419899.0 476419901.0 476419906.0 476419908.0 476419910.0 476419912.0 476419914.0 476419915.0 476419915.0 476419914.0 476419912.0 476419912.0 476419911.0 476419910.0 476419909.0 476419908.0 476419907.0 476419906.0 476419905.0 476419903.0 476419902.0 476419900.0
476419918.0 476419919.0 476419919.0 476419919.0 476419919.0 476419918.0 476419917.0 476419917.0 476419915.0 476419914.0 476419913.0 476419912.0 476419911.0 476419911.0 476419909.0 476419909.0 476419908.0 476419907.0 476419907.0 476419906.0 476419905.0 476419904.0 476419902.0 476419901.0 476419898.0 476419895.0 476419891.0 476419887.0 476419882.0 476419879.0 476419876.0 476419874.0 476419874.0 476419873.0 476419872.0 476419873.0 476419874.0 476419877.0 476419878.0 476419879.0 476419880.0 476419880.0 476419880.0 476419880.0 476419881.0 476419881.0 476419881.0 476419882.0
476420464.0 476420465.0 476420466.0 476420466.0 476420467.0 476420468.0 476420470.0 476420472.0 476420473.0 476420475.0 476420478.0 476420480.0 476420481.0 476420482.0 476420482.0 476420481.0 476420481.0 476420481.0 476420481.0 476420481.0 476420481.0 476420481.0 476420483.0 476420485.0 476420489.0 476420491.0 476420494.0 476420496.0 476420498.0 476420501.0 476420502.0 476420504.0 476420507.0 476420508.0 476420511.0 476420513.0 476420513.0 476420513.0 476420512.0 476420511.0 476420510.0 476420508.0 476420505.0 476420503.0 476420500.0 476420498.0 476420496.0 476420495.0
476420484.0 476420484.0 476420483.0 476420483.0 476420482.0 476420481.0 476420480.0 476420480.0 476420480.0 476420480.0 476420479.0 476420479.0 476420478.0 476420477.0 476420476.0 476420475.0 476420474.0 476420473.0 476420472.0 476420471.0 476420472.0 476420476.0 476420482.0 476420489.0 476420503.0 476420513.0 476420519.0 476420520.0 476420519.0 476420519.0 476420518.0 476420517.0 476420517.0 476420517.0 476420516.0 476420516.0 476420515.0 476420514.0 476420513.0 476420511.0 476420509.0 476420507.0 476420504.0 476420501.0 476420499.0 476420497.0 476420495.0 476420493.0
476420469.0 476420467.0 476420464.0 476420461.0 476420457.0 476420456.0 476420456.0 476420455.0 476420456.0 476420457.0 476420457.0 476420458.0 476420460.0 476420463.0 476420464.0 476420464.0 476420463.0 476420461.0 476420461.0 476420461.0 476420461.0 476420464.0 476420465.0 476420467.0 476420470.0 476420472.0 476420475.0 476420476.0 476420478.0 476420480.0 476420483.0 476420484.0 476420487.0 476420489.0 476420490.0 476420493.0 476420495.0 476420498.0 476420501.0 476420504.0 476420506.0 476420507.0 476420508.0 476420508.0 476420508.0 476420507.0 476420506.0 476420506.0
476420486.0 476420485.0 476420484.0 476420483.0 476420483.0 476420483.0 476420484.0 476420484.0 476420484.0 476420484.0 476420483.0 476420483.0 476420483.0 476420483.0 476420481.0 476420477.0 476420473.0 476420469.0 476420468.0 476420470.0 476420475.0 476420481.0 476420487.0 476420496.0 476420503.0 476420506.0 476420508.0 476420509.0 476420508.0 476420507.0 476420505.0 476420504.0 476420504.0 476420505.0 476420505.0 476420508.0 476420511.0 476420512.0 476420514.0 476420514.0 476420515.0 476420516.0 476420518.0 476420519.0 476420519.0 476420519.0 476420519.0 476420518.0
476420453.0 476420452.0 476420451.0 476420450.0 476420450.0 476420450.0 476420450.0 476420450.0 476420451.0 476420451.0 476420452.0 476420453.0 476420453.0 476420454.0 476420454.0 476420451.0 476420447.0 476420443.0 476420446.0 476420452.0 476420457.0 476420463.0 476420468.0 476420471.0 476420474.0 476420476.0 476420480.0 476420485.0 476420490.0 476420497.0 476420503.0 476420508.0 476420510.0 476420512.0 476420514.0 476420517.0 476420521.0 476420523.0 476420526.0 476420527.0 476420530.0 476420531.0 476420531.0 476420531.0 476420530.0 476420530.0 476420530.0 476420530.0
