-0.01854457 -0.1624432 0.1194307 0.2305954 -0.05821173 0.01721892 0.006183012 -0.01084052 -0.1285449 -0.3826869 -0.03018648 -0.008704089 0.3466993 0.2881112 0.1817508 -0.03064852 -0.1372969 -0.6004403 -0.2837505 0.1743777 0.2454276 0.2611352 -0.1341659 0.2250047 0.1206063 -0.1591833 0.05312186 0.5652314 0.3765826 -0.1319615 -0.4831341 -0.5726965 -0.06928813 0.03751964 0.1014637 0.1067872 0.2994094 0.04304582 0.1070641 -0.3133362 -0.1343113 0.2337496 -0.03843064 0.2996893 0.04361891 0.1634701 0.1044408 -0.1105368 0.04901305 -0.09437755 -0.5711996
-0.09437755 -0.5711996 -0.3418148 0.1676407 0.2282996 0.3038615 0.2730749 -0.03942968 -0.5364807 -0.3488357 0.3296615 0.2952962 0.07265165 -0.1277991 -0.1803303 -0.05333879 0.03784318 -0.1190186 -0.1590566 -0.219743 0.04778978 0.05354673 -0.01294741 -0.09291396 0.1544245 -0.1304972 0.01857705 0.1735175 -0.1439517 0.1043187 0.1110481 0.02704347 -0.216752 0.03370939 0.1338316 -0.05895182 -0.2644327 -0.03545362 -0.08825505 -0.04121864 0.1246179 0.1520225 0.02641702 0.1046582 0.05085584 -0.06737845 0.03970874 -0.03294009 -0.01551286 -0.08807359 -0.01116951
0.03970874 -0.03294009 -0.01551286 -0.08807359 -0.01116951 0.06198706 0.05616478 -0.1285154 -0.01029606 0.04201454 0.01769879 0.2041665 0.1446543 -0.08504854 -0.06541339 -0.04922438 0.09071368 0.05535881 -0.07254359 0.005956784 0.09412957 -0.01167615 0.03522068 0.03963639 -0.005574575 0.04214123 -0.05090607 0.07242117 0.2209598 0.0451568 -0.03587433 -0.004815813 -0.0561332 -0.108553 0.01711703 0.03622367 0.02698532 0.01433055 0.09563163 0.07884622 0.008101548 0.009886312 0.003639444 0.03152671 0.1294739 0.2011177 0.09257369 -0.08963988 -0.08909411 -0.0561646 -0.03645128
-0.1149774 -0.1429793 -0.05520722 -0.01105707 -0.003638163 -0.0799222 0.01916147 -0.02854091 -0.1061031 0.02370318 0.147818 0.001300354 0.06278116 0.03223052 0.02028055 -0.1258115 -0.04651462 -0.07242256 0.001542841 0.02205467 0.0203327 0.08280385 -0.1030723 0.02567284 0.06618649 0.1327828 0.02397876 -0.04641755 -0.126573 0.0585129 0.03917126 -0.1062194 0.1813972 -0.08659197 0.06977573 0.1310679 0.1753574 0.192393 0.1391828 0.01518835 -0.03664787 -0.1900019 -0.1159533 0.008211956 -0.07214753 0.01928424 0.1384287 -0.08196358 -0.02807771 -0.02765149 0.06602915
0.06602915 0.1124957 0.06855571 -0.007991568 0.01577981 0.02142627 -0.09540515 -0.1138825 -0.06334624 -0.02802589 0.1021961 0.2397186 0.02906857 0.01475338 -0.08557811 -0.02395102 -0.09871618 -0.04636478 0.2096535 0.1368352 0.01083091 0.02538368 0.04380218 0.08699135 -0.03787454 0.1340711 0.07523016 -0.07880364 -0.03846636 -0.1160373 -0.04674864 -0.001457137 -0.1084497 -0.01580041 0.007089753 0.197132 0.1480742 0.157565 -0.000116384 -0.01916972 -0.1175092 -0.1704305 0.007574433 -0.03661672 0.05469655 0.2306536 0.05272296 0.132709 0.03463422 0.04028928 0.008850017
0.03463422 0.04028928 0.008850017 -0.142148 -0.0605545 -0.1690923 -0.1390296 0.07077478 -0.02604523 0.1642059 0.01409506 0.1495255 0.08807897 -0.0452824 0.07931164 0.001996295 -0.02635545 0.03546413 0.1039296 0.03047226 -0.1521304 -0.2079875 0.09070648 0.03099849 0.09502432 0.04416803 -0.02040998 -0.08359379 -0.01551314 0.01445664 -0.01566725 0.05852468 0.03489191 0.1505356 -0.07189391 0.006831103 -0.08868655 -0.05568134 0.1513798 0.09652382 0.2708935 -0.154244 0.06797422 0.04319791 0.07731216 0.04940549 0.03159611 -0.2192974 -0.2187899 -0.1638507 0.01812384
0.08179352 0.2395223 -0.1799656 0.05830362 0.02240323 -0.05358611 0.1704996 -0.1470489 -0.03669149 0.4594557 -0.2133736 -0.09265125 -0.06329007 0.246976 0.06856047 -0.2001844 0.2766591 0.02402012 -0.04043854 0.02433741 -0.03860915 0.06420275 -0.2734124 0.2038992 -0.2762256 -0.1812475 0.1374922 0.01630807 0.004243925 0.2732901 0.2871331 0.003834039 0.2021519 0.08358842 -0.1947234 0.06539074 0.2123808 -0.4203143 0.06520145 0.01175412 0.09985327 -0.4010572 0.0979532 -0.01187056 -0.2432483 -0.0510451 0.1945665 -0.2088028 0.0009803798 -0.2326977 0.0502054
-0.107782 -0.03342507 0.06705885 0.1103113 0.1788385 0.1589584 -0.1375626 -0.03351665 0.1019256 -0.01973605 -0.08619714 0.03905548 -0.06690858 0.03520994 0.09971047 -0.04202749 0.324944 0.2604508 0.1996273 -0.02631295 0.03117325 -0.03229378 0.06924281 -0.0450159 -0.2192226 -0.08759466 0.05513657 -0.128582 0.09613468 0.1250826 -0.07413217 0.1148677 0.0400088 -0.05597934 -0.05377493 0.2471706 -0.2005397 0.2688949 -0.3239554 0.0007442356 -0.09663483 0.3122984 -0.04241375 0.02233536 0.1001379 0.1328729 0.04639541 -0.759766 -0.1617917 0.4376082 0.409908
0.05025882 0.09963704 0.04358882 -0.02932517 -0.03620698 -0.03618913 0.01078483 0.1057551 0.02050693 -0.04482037 -0.04355288 -0.01095133 -0.03282152 0.02029506 0.05343765 -0.04037425 0.0002586516 -0.04782062 0.009376365 0.005210981 0.1395567 0.04770413 0.07105801 0.08438408 -0.03734528 -0.07561579 -0.1357801 0.06365335 -0.05854773 -0.04469813 0.1226768 0.06984567 0.008171841 -0.01973067 0.05151024 -0.08635709 -0.01837681 0.03082209 0.05439113 0.01439647 0.1036313 0.06508835 -0.03110978 0.04648971 0.02877379 0.002622198 0.05726337 0.09117232 -0.01968016 -0.03723295 0.6485955
0.04016175 -0.06396216 -0.1604038 -0.02656139 0.01262573 0.05177629 -0.06816873 0.09386874 0.1286514 0.04596746 0.04246325 0.0176721 -0.05120898 -0.02942333 -0.03058277 -0.01121548 0.03413477 0.07875638 0.09894829 0.0768926 -0.03892763 0.0205062 -0.05890238 -0.02258822 0.01059705 0.03756179 -0.004384188 -0.05875197 0.1024878 -0.03784099 -0.009963821 -0.006725213 0.07330149 0.08862031 0.05794852 0.1123839 -0.01176547 -0.1231748 -0.09282155 -0.02074359 -0.1075757 -0.03206719 0.04600028 -0.0915882 -0.01868845 0.04786309 0.09755945 0.07213359 0.03082178 0.1183455 0.1363885
0.1584244 0.03508283 0.05047069 -0.01626145 -0.003956784 -0.06993692 -0.06764906 0.03320052 -0.00511438 -0.01128372 -0.007884798 -0.01196489 0.001585081 0.04392723 0.05058894 0.05295262 0.0394028 -0.04917647 0.05650057 -0.04557022 -0.0009926293 0.0105219 0.04990274 0.04195556 0.0022318 0.001840114 0.06378633 -0.02366374 -0.02898035 -0.03845113 -0.03688428 0.06211424 -0.04160786 0.02886232 0.04641701 0.01631491 -0.0124969 0.009992458 -0.02716036 0.04616306 0.0600943 0.06074541 0.07783193 -0.002585935 0.03421911 0.003448752 0.0842504 -0.005596408 -0.02303573 -0.07934998 0.01579577
0.04768913 0.0004966519 0.002646897 -0.07077843 -0.03162748 0.01041838 0.01736496 0.06719787 -0.02886294 0.0386792 -0.02759322 -0.1788319 0.04228192 -0.01918007 0.02732632 0.04522418 -0.00247022 0.02566988 0.05805632 0.0649145 -0.01331587 0.04323285 -0.02235381 -0.0569375 0.09681639 0.04636981 -0.014276 -0.01383414 -0.07199962 0.007259266 0.007290747 -0.01856133 0.08164961 0.02502648 0.0493825 0.07389276 0.07328689 0.02235729 -0.03590373 -0.04765474 0.02159704 0.06039911 -0.009341988 0.03257349 -0.03138182 0.05143927 -0.006502513 -0.01595652 0.06372187 -0.009604632 -0.08646414
0.04991777 0.08128607 0.009785322 0.1278639 0.02406977 0.1103733 0.006350105 -0.03429956 0.03027454 -0.02190518 -0.004911302 0.008999174 -0.02181759 0.06754924 -0.02726361 0.002689293 0.0216128 0.06314619 -0.06829794 0.08487935 -0.03828791 -0.03870907 0.004503248 0.01343652 0.06744965 -0.05300805 0.06646068 0.05923705 0.11087 0.01154586 0.03071479 0.04021247 -0.05080559 0.02190373 0.06170924 0.04498327 -0.009775668 0.03403765 0.06187546 -0.01218543 -0.06749018 0.07488474 -0.05710689 -0.0503425 0.03813488 0.06576548 -0.01633146 -0.04754786 0.0838481 0.03500379 0.0326701
0.009917284 0.05749905 0.02904654 0.01339746 -0.008859821 -0.002525497 0.04590688 -0.002965788 0.02162773 -0.02188215 -0.01533737 -0.0512048 -0.02183966 0.02096403 0.0617118 0.02213583 -0.03645906 -0.05053338 0.03469411 0.06151476 5.182448 -1.609843 -2.079288 -1.501498 -0.4579537 0.1618118 0.339844 0.3229005 0.1349644 -0.009799479 0.02245391 -0.006527918 0.07396378 0.01047013 -0.02727911 0.004516904 0.0287105 0.03556255 -0.01806957 0.02375454 -0.02265477 0.06006397 -0.05187672 -0.0003697731 -0.03598379 -0.009718002 -0.0006458116 -0.07592584 -0.03321996 0.0277667 0.09732258
0.01923505 -0.03280564 0.02807739 -0.008826863 -0.02668665 -0.08234554 0.01797582 0.00931669 0.0234865 0.02095335 0.06821688 0.01472492 -0.02713468 0.02009238 -0.01300011 -0.04781374 0.00109218 -0.002901745 0.0197461 -0.01417131 0.0163306 -0.02524049 0.09859967 0.01489955 0.252498 2.738011 -2.254243 -2.55133 -1.186438 0.04975168 0.6815953 0.5691096 0.5411513 0.3224244 0.1751441 0.08734259 0.07292803 -0.05766157 -0.04965275 -0.03735238 0.009313378 -0.001026047 0.01845281 0.03655774 -0.01388697 -0.01468048 -0.001214505 0.05848985 0.06548654 -0.01768058 0.08466618
0.001609905 0.05687675 -0.03024744 0.01142378 -0.01693078 -0.1208214 -0.02048348 0.00368093 0.03072346 0.02240485 0.1739237 5.320303 -1.513924 -2.006084 -0.6658881 0.3548983 0.3613502 0.2036027 0.1379775 0.0002882956 0.0618401 0.03735907 0.02066807 -0.07033426 -0.09102879 -0.1063331 -0.09856999 -0.03655482 -0.02275687 0.007846497 0.0226983 0.03753224 0.005300607 0.03318299 0.04460523 0.01355916 0.08528854 -0.01917185 -0.02489215 0.02651115 0.01345645 0.04751374 0.01043308 0.01444154 -0.02316331 0.05491164 0.06096658 -0.01918302 -0.09491026 0.02752453 0.03065239
0.03284502 -0.000475307 -0.01057878 -0.02846127 0.02460123 0.08196272 -0.02254243 0.0005043159 -0.04650567 -0.08220164 0.0007788737 3.957653 0.3552311 -2.647012 -2.976132 -2.020259 -0.3701317 0.705884 1.098844 0.2998556 0.09598932 -0.01636655 -0.1315364 -0.110072 -0.02072632 -0.03179437 -0.007588442 0.02798008 0.1265624 0.141671 -0.0151209 -0.01909654 -0.02139856 -0.04770077 0.00833462 0.06932037 -0.06057195 -0.008228654 -0.002151918 0.05154229 0.003175787 -0.0375881 0.02247123 0.006890379 0.02239024 0.06094256 -0.05308412 0.003018037 0.02674159 0.03505016 0.03606543
0.02674159 0.03505016 0.03606543 0.03350335 -0.03526164 0.05211172 -0.04213234 -0.03289431 -0.01024649 -0.01972487 0.05860788 0.01751212 0.1104695 -1.837793 -1.084206 -0.217592 0.5590781 0.5504052 0.1156153 0.08570966 0.03253227 -0.01341002 -0.02100344 -0.02173085 -0.045089 0.005471484 0.007596048 0.007853713 -0.01348033 0.02729569 -0.05955298 -0.05461458 -0.03483699 0.01782559 0.0254784 -0.01952832 0.01793537 0.03420942 0.05613842 -0.0001478132 0.02713225 -0.0337597 -0.08333902 0.06636389 0.04057555 -0.0160486 0.07352862 -0.007213769 -0.03071366 -0.1733723 0.05458416
0.07352862 -0.007213769 -0.03071366 -0.1733723 0.05458416 -0.05220719 0.06801587 0.05211711 0.05349265 0.06825815 -0.04357418 0.009054177 1.833908 0.5885797 -1.853956 -1.675774 -0.6916475 0.003131648 0.5751653 0.4581542 0.2277431 0.1727226 0.07725299 0.01933847 -0.03781821 -0.01932636 -0.05219234 -0.08342952 0.01134114 0.008819908 -0.04347561 0.02982176 -0.0001425559 -0.02568636 0.05223979 -0.04685068 -0.02658572 -0.03351242 -0.04578893 0.01594692 0.04984311 -0.01323004 0.06833941 0.02825811 0.0453894 0.01953461 0.02476831 0.06768385 -0.03278331 -0.01532429 0.0238067
-0.02216819 -0.009837929 -0.07467299 0.01205922 0.0526965 0.008566619 0.005708926 0.03685378 0.03823713 0.02811789 0.02502596 5.979536 -2.269649 -1.29508 0.7767411 0.4107677 0.164664 0.02907889 0.0001721238 -0.03787491 -0.04344252 -0.05524683 0.02023958 0.02669755 0.03228793 0.04021558 0.00144147 0.01924786 0.0224207 -0.03552977 0.0126634 0.006132253 -0.02334923 -0.08909072 -0.06418368 -0.05274079 -0.03226129 0.009970887 0.02464187 -0.04696947 -0.04335575 0.03650186 -0.09414133 -0.008002905 0.06910333 0.05200925 -0.03036874 0.0355966 0.02533805 0.03601401 0.06022012
0.0106691 -0.03637728 0.05006526 0.01029872 -0.05572001 0.1139822 0.02510638 -0.02543683 0.04514951 -0.01015515 0.02944206 0.01751512 0.009708019 0.230835 3.088763 -1.681557 -2.238331 -0.7156709 0.05562991 0.5033869 0.4767165 0.2077774 0.1511139 -0.002416352 -0.02162766 0.06176278 0.04810184 -0.002373202 -0.02806717 0.01675036 0.01710663 0.006365389 -0.02011261 -0.06854768 0.00828955 0.03216796 0.07258523 0.06436644 0.04774591 -0.02222592 -0.03315711 0.01888429 0.09305961 0.01230933 0.04987492 -0.01167803 0.02843316 -8.197152e-05 0.03558247 -0.03788951 0.01205217
0.1318774 0.01282813 0.1908246 -0.2451005 -0.2192313 0.1676383 -0.3018812 0.08751791 0.009518818 -0.1366623 -2.171998e-05 -0.003427211 -0.2034412 0.08008769 0.02906284 0.003932148 3.886019 -2.78822 -2.112722 -0.9628277 0.2799721 0.4244028 0.1994887 0.2520564 0.1437324 0.1375698 0.146809 0.2337779 0.08204149 -0.01068518 -0.09215982 0.05817189 0.01910339 0.1740296 0.2127871 -0.107184 -0.04983568 -0.1738026 0.02153636 -0.06598112 0.120753 0.0745234 -0.128143 -0.0121131 0.007873988 0.1854375 -0.07937751 -0.138646 -0.01736448 0.03723167 0.2366077
0.08244445 0.1236599 -0.1438541 0.2370499 -0.1629234 0.01429249 -0.3853314 0.2384786 -0.06320158 -0.007459816 -0.1048338 -0.189722 0.130771 0.1161026 0.09743174 0.03500953 0.0763671 1.489092 -2.455631 -1.414215 0.05756642 0.3924066 0.02194918 0.11073 0.2659891 0.2502882 -0.1682422 0.1475782 0.1256023 -0.03188993 0.09692164 -0.03147845 -0.0924155 -0.1530063 -0.08212123 0.07770909 -0.05294019 0.1069694 0.08484282 0.2062727 0.0004822421 -0.0601624 -0.04449056 -0.1030667 -0.08597573 -0.02325767 0.02293898 -0.05110585 -0.01318373 0.08171811 0.01033964
-0.1674403 -0.2571329 0.06444643 -0.1208506 0.1648748 0.1149274 0.0255942 0.07258092 0.02534832 -0.1174118 -0.00166202 0.01455616 0.02578867 -0.02231626 0.02774676 0.1085248 -0.02485936 0.01058936 1.527543 -2.509709 -2.37707 -0.8831906 0.7704362 0.5024557 0.4281813 0.1052218 0.2189863 0.2921233 0.06061799 -0.006065083 0.08460765 -0.02014556 -0.008534835 0.03172665 0.02913998 0.03972725 0.1350933 0.02122166 0.02761975 0.1187998 -0.1060696 -0.009538399 -0.1597067 -0.1037038 -0.003648133 0.08866767 0.1602455 0.04388867 -0.01155668 -0.07557665 0.1734327
0.03219939 -0.0992869 -0.04107323 0.1337456 0.06256092 0.1701156 0.1022196 0.1107413 -0.04255026 0.05840403 -0.2863784 -0.3865108 -0.04913026 0.09788057 -0.01434939 -0.01571039 -0.03253338 -0.04872456 0.1281767 0.07591554 0.05585803 0.06291486 0.2847927 0.04863655 -0.2447703 -0.06899 -0.0572645 0.01317847 0.1639922 0.01783755 0.1121608 0.1449777 0.02030297 0.01949165 0.09990164 -0.1611627 -0.1936725 -0.1081794 0.1752569 -0.3050912 -0.1828614 0.1169363 0.1353938 0.09266128 0.0252898 -0.01825728 -0.09887256 0.007139753 0.1316778 -0.06286334 -3.602034
-0.08477052 0.1680938 0.04566589 0.05284526 0.18348 0.05978325 0.07307211 -0.311188 0.1011831 0.1238977 0.03520602 0.881579 -1.881297 -2.460913 -0.9086974 -0.7983643 0.1197112 0.5737337 0.4888015 0.2604583 0.3877312 0.08887038 -0.000882456 -0.1517015 0.004288586 -0.0797847 0.008015074 0.02874756 0.09619138 0.06134442 0.04340953 -0.05360182 -0.3035162 0.02451674 0.04639773 -0.8203915 0.4493851 0.5142371 0.2248401 -0.2076465 -0.1997363 0.1713591 0.08713722 -0.02018486 -0.061578 0.03151536 -0.0247234 -0.0597528 0.1077627 0.08965357 0.06360474
0.2282898 -0.3031865 0.07028542 0.1080708 -0.05505868 -0.08150506 0.01331341 -0.2563181 0.18976 -0.03581315 -0.1933944 -0.2545524 0.006514138 0.3978606 0.2944772 0.04945564 -0.4286274 -0.2570722 -0.09304117 -0.08778749 -1.870818 2.169363 1.718193 0.1973927 -0.1627824 -0.3072377 -0.2725702 -0.3901033 -0.07280153 -0.02993408 0.04481541 0.05417398 0.1827358 -0.008202165 0.02754413 0.07679223 -0.0755107 -0.1375024 0.06899415 0.3060383 -0.007259151 0.08879158 0.05885892 -0.09347589 -0.03935561 0.05717954 0.138741 0.2260895 0.3037468 -0.6027598 -0.2003133
0.1199056 -0.4132015 0.2636983 0.1009653 -0.1912028 0.08066735 -0.1857073 0.08161914 0.03424046 -0.0427378 0.08626585 -0.2368447 0.1498798 0.1708848 0.175359 0.09157086 -0.06476556 -0.1577218 -0.2064017 -0.236148 -5.279074 2.110487 3.219575 2.419425 0.97919 0.05311298 -0.403313 -0.6271658 -0.4840598 -0.628244 -0.2195937 0.2102507 0.03355868 0.1640961 0.1083158 -0.001992239 -0.1077124 0.06371576 0.2931201 0.1749756 -0.1637003 -0.1300991 -0.1341986 -0.2830655 -0.08302553 0.03958158 0.1348081 0.250012 -0.276929 0.1183814 0.2295907
0.3379805 -0.4445308 -0.03134024 0.177876 0.04246233 -0.04190683 -0.06338659 0.2518503 -0.2789402 -0.1285135 -0.009770771 0.272367 -0.7246181 0.009850435 1.193328 0.8020854 0.8126027 0.1051608 0.303626 0.01919388 -0.5114753 -0.4446096 -0.2702567 -0.09900989 0.4177017 -0.2419311 0.04482641 -0.09278069 0.3319867 0.4051239 -0.1298421 -0.2766306 -0.3451418 0.3260938 0.1676189 -0.05784233 -0.0224838 -0.06022095 -0.03774663 0.08815296 -0.0583891 0.1661408 0.02153296 -0.2823061 0.1877494 -0.09903762 0.01534129 -0.1556847 -0.01955979 -0.08291236 0.1294766
-0.1581406 -0.1939088 0.06592574 -0.155765 0.2766319 0.03343552 0.1493044 -0.02878277 0.3380882 -0.5306802 0.1804356 -0.2900763 0.154364 0.01619503 -0.232606 -0.3325504 0.2548208 1.038836 0.606414 0.18393 0.1540599 0.3476925 -0.1485911 -0.4595423 -0.5388231 -0.03516395 -0.05870203 -0.1998428 0.02364422 -0.1846165 0.2674454 0.1293771 0.04658368 0.2855887 -0.1613841 -0.3726505 -0.1099656 0.3409109 0.1033407 0.2931982 0.01222926 -0.08682476 0.01896067 0.1805974 -0.3396783 -0.3290583 -0.09969018 -0.1372858 0.1673275 0.2278464 -0.02050518
-0.02050518 -0.271068 -0.2516349 0.1625816 0.294915 -0.1586289 -0.1557916 -0.3656686 -0.3855333 0.2133461 0.3015594 -0.04038559 0.04625762 -0.1109037 0.1898045 -0.2802348 0.3333889 0.02741657 -0.1094891 -5.017902 2.153746 3.286693 1.5201 0.150682 -0.3586309 -0.2818397 -0.4493365 -0.04406399 -0.1525542 0.01549761 -0.01643297 0.01151698 -0.01786138 -0.3932186 0.2617315 0.3864267 0.05571084 -0.3374795 0.3742496 0.2814272 -0.05272873 -0.04879219 0.325787 0.06439769 -0.05667948 0.03952917 0.08879925 -0.1074714 0.08458702 0.0006360296 -0.1903343
0.03426633 0.062851 -0.09807026 -0.114052 0.05184539 -0.06311852 -0.02951117 -0.02753655 -0.0809526 -0.006072498 0.001708006 0.01298106 0.01827117 -0.05151416 -0.05766873 -9.337978e-05 -0.1028993 0.06188971 1.04815 0.4259106 0.2493695 0.03176919 -0.1073721 -0.2231297 -0.1513243 -0.06340107 0.01893364 -0.04029786 0.01400718 -0.08231423 0.02026544 0.1273998 0.08286659 0.02031604 -0.07024263 -0.09575216 -0.04005935 -0.1057868 -0.1207021 -0.02180186 -0.02935063 0.03564964 0.1062496 0.07696784 -0.004373402 -0.0697246 0.08122524 0.01289455 -0.1135038 0.0143809 -0.01990964
-0.0418613 -0.01259535 0.03276346 0.08993531 0.02532247 -0.006836271 0.1536452 -0.01273604 -0.06283056 -0.05093078 0.01985602 -0.0494406 -0.06122506 -0.2754431 1.79626 1.310807 0.8274028 0.09973348 -0.06839068 -0.1549924 -0.2663765 -0.3035907 -0.1886202 -0.2058285 -0.0009603482 0.09495585 0.09108449 0.01303027 0.05326241 -0.01426384 -0.001883711 -0.05321558 -0.006537931 0.01998183 -0.01862704 0.03407279 -0.07927908 0.0009120708 -0.0001304853 0.04579731 -0.03023238 -0.02455639 -0.03069984 -0.00600139 -0.02835187 0.08975384 -0.00971941 -0.0542351 -0.03650697 0.01150631 -0.0007045186
-0.009801177 -0.01328475 -0.03534042 -0.0257989 -0.03820874 -0.03480909 0.02235106 0.06104808 0.008828766 -2.123421 1.044273 1.08849 0.4057349 0.1951138 -0.004840042 -0.1962308 -0.163155 -0.08116876 -0.07679475 0.0404157 0.02130762 0.03024765 -0.08102673 0.02132023 0.07096323 -0.002338126 0.02624541 0.03305692 0.0452098 -0.04663956 -0.002027394 0.01984329 0.02838688 -0.02125273 -0.1028324 0.02109162 -0.00682583 0.02130582 0.08868442 0.08322515 0.01597383 0.06055605 0.01546664 -0.03311236 0.001019385 0.001156313 0.06791783 0.04506035 0.0745698 -0.04899953 -0.0890706
0.03193526 0.08337641 -0.04502683 -0.01393812 -0.06184987 -0.009732842 0.03236924 -0.03803283 0.06451495 0.01680381 0.09394522 -0.02570529 -6.050005 1.434978 2.2754 1.108831 0.5854763 0.2229399 -0.01967172 -0.2095232 -0.3219523 -0.3501161 -0.2536532 -0.1805281 -0.1492277 -0.04295128 -0.02043356 0.0964454 0.1744561 0.1134896 0.03802403 0.08221596 -6.850722e-05 0.00625047 -0.07608604 -0.05006929 -0.05361103 -0.009908469 -0.07435543 0.06083352 0.0157807 0.02530441 0.01317848 -0.04089333 -0.02853533 -0.0275626 0.04981602 0.03161778 -0.02494409 -0.002291972 -0.01732362
0.01988178 -0.007531509 0.04681494 0.0135039 0.07265676 -0.1076957 -0.02312287 0.022399 -1.762868 0.5620378 0.9199594 0.3186282 0.0987004 -0.07898799 -0.2971493 -0.1385472 -0.1521028 -0.1504267 -0.02366386 0.005764336 0.05496816 0.07487967 0.03591274 0.02612283 -0.03344228 0.0671128 0.1480927 0.1601421 -0.01783957 -0.1455473 -0.01410073 -0.005214753 0.06170218 0.02386589 -0.05669499 -0.01294606 -0.08911511 0.05150251 0.05494409 0.05288071 -0.03615047 -0.03213372 0.04253821 0.0381131 0.002010985 0.1100962 0.08223035 -0.07057607 -0.04133329 -0.07178836 -0.01182185
0.09349433 0.04064535 -0.04148622 -0.03830215 -0.01585035 0.02112252 -0.05494967 -0.03671585 0.1596318 0.138049 0.1889979 0.1098419 -2.497514 2.804038 1.18805 0.8139303 0.1346245 0.1295895 -0.1367034 -0.2592299 -0.08756789 -0.2557275 -0.2682534 -0.2354366 -0.04338469 0.1122689 0.142199 0.2103393 0.1045574 0.02158342 -0.03944839 0.03397769 0.009787153 -0.03990715 -0.1103596 0.0288927 0.1230196 0.03040832 0.0494906 0.1433559 0.07626459 -0.05256164 -0.08157872 -0.02198113 0.005048689 0.02381919 0.01919295 -0.1085013 -0.0857562 -0.01519927 0.01100551
0.03848227 0.1067721 0.07824961 -0.03828553 -0.05012171 0.05879219 0.0590676 0.05748587 0.1022553 0.05791388 0.1001416 0.04972657 -0.08298292 -1.156044 1.601879 1.163982 0.7216292 0.1253669 -0.204313 -0.160007 -0.1444962 -0.1778475 -0.1722003 -0.05856436 -0.1347271 -0.0008790131 0.03261857 0.0484105 0.02618229 -0.06454657 0.01125608 0.09443949 0.2039349 0.0233575 0.05158802 0.03342136 -0.1045709 -0.1541447 -0.1888995 -0.006196029 0.06625558 -0.1065176 -0.04319941 -0.04201333 0.05278914 0.07557107 -0.1325747 -0.0202828 0.05086465 0.1354496 0.05406628
-0.002311225 0.00702522 -0.006854689 -0.009454745 0.08413435 0.04002775 -0.05677882 -0.0261381 -0.04532647 0.01325481 0.05215195 0.08151945 0.03891149 -4.925496 2.331096 1.249743 0.8877369 0.4204999 -0.04126084 -0.3077381 -0.3357441 -0.2877578 -0.3432685 -0.2051253 -0.1618619 -0.03733506 0.08524346 -0.02886266 -0.008787768 0.04016175 -0.06396216 -0.1604038 -0.02656139 0.01262573 0.05177629 -0.06816873 0.09386874 0.1286514 0.04596746 0.04246325 0.0176721 -0.05120898 -0.02942333 -0.03058277 -0.01121548 0.03413477 0.07875638 0.09894829 0.0768926 -0.03892763 0.0205062
0.05454539 0.008727578 0.05083589 3.58376e-05 -0.05302383 -0.03917823 -0.08764774 -0.05148792 -0.002662017 0.01259995 0.1422739 -1.339396 -0.9775463 0.2561996 0.2161789 0.03697933 0.2355809 -0.02274003 -0.05070193 -0.005506462 -0.1072828 -0.1191967 -0.05682766 0.1877557 0.08742291 0.04452596 0.1199967 0.1623239 0.2013156 0.1101478 0.03504892 0.04253477 -0.07789699 -0.06115183 -0.002388234 0.09758237 0.09010853 -0.04050892 -0.05806016 -0.09772429 0.05099826 0.05118179 0.114536 0.04818043 -0.02455401 -0.06775635 -0.08896019 -0.05990637 -0.0899503 -0.02315321 0.02861758
0.1680657 0.1579312 0.101323 0.02123874 -0.05796786 -0.06036232 -0.05708484 -0.0297035 -0.08837548 -0.07760668 0.04941447 0.1154301 0.09589131 0.2141642 5.315195 -2.060287 -3.031457 -1.723957 -0.4945848 0.04705498 0.329385 0.4369681 0.4075082 0.4394605 0.2978854 0.050774 0.1257662 0.06587334 -0.0908768 -0.09363459 -0.1473413 0.05043798 -0.1015471 0.0275168 0.02663544 0.09485263 0.07598349 0.02852633 0.03481863 0.1424927 -0.01456933 0.2789327 -0.1901532 -0.2288303 -0.2557421 -0.07278565 -0.03759603 0.03702065 0.0126963 0.02475426 0.06133885
-0.05766329 0.07945869 -0.008289557 -0.02353393 0.01387535 0.03163833 0.01062907 -0.01302482 -0.04701224 -0.1449828 0.09364137 0.1139898 0.08732034 0.2439673 0.8696953 -1.379621 -0.9055958 -0.01478163 0.06006686 0.05477116 0.2610427 0.1047499 -0.09403703 -0.09749144 -0.0619798 0.1217283 0.003953327 -0.1144627 0.02451655 -0.004680008 0.05067219 0.0618901 -0.03938744 -0.04507414 -0.1095566 -0.01703536 0.01058234 0.1008087 0.1636834 -0.02346227 -0.182707 -0.06583802 0.07122324 0.05581816 -0.07051311 -0.03434579 0.04635053 -0.02987693 -0.08709371 0.0639211 -0.05663414
-0.03780318 0.09326352 0.1546483 0.3154638 0.1208071 0.08925237 0.05512389 -0.09679475 -0.1045491 -0.0199351 -0.09914695 -0.03451367 0.01584768 0.1729038 0.2052112 3.891153 -1.096797 -1.400143 -0.8600152 -0.1485411 0.09389831 0.248119 0.1470586 0.2471255 0.1953449 0.1227669 0.01534676 0.09012865 0.09859293 0.01409515 -0.01476501 0.002629844 -0.0069389 -0.02186965 -0.03438499 0.06663691 0.07621236 -0.1729581 0.1504199 0.1371036 -0.2590248 0.05851814 0.04677613 -0.08724525 -0.1161358 -0.02884508 -0.02974718 0.0003270582 0.02541616 5.908854 -1.221725
0.07073548 0.0655411 0.04983282 -0.016589 -0.07027799 -0.1181027 -0.04547291 -0.01765341 -0.07469732 -0.0861969 0.04752433 0.07923847 0.1313155 0.1361061 2.394997 -1.294945 -1.031766 -0.4511901 -0.03072835 0.2154464 0.2434911 0.2132403 0.2280692 0.1258232 0.01514209 0.09924391 0.1256431 0.04062077 -0.113283 -0.04413066 -0.08809341 -0.1064877 -0.04989396 -0.03019394 0.02959049 0.0162012 0.05195616 0.02864323 -0.003225797 -0.03565934 0.01311356 -0.01476525 0.06718358 -0.005708018 -0.04478113 -0.08029041 -0.03197579 0.07960376 0.1341941 0.1671676 0.08963516
-0.1143148 0.1730224 0.4252477 -0.09460609 0.009908081 -0.05356805 -0.05155706 -0.1892156 -0.01383927 0.08049315 0.1072278 0.2600376 0.1960534 1.305265 1.293144 -2.225228 -0.344872 -0.8153369 -0.6008269 -0.2620113 0.08665736 0.2477384 0.1409616 0.1016011 0.4107401 0.3632402 0.07090585 -0.2712942 0.6434307 -0.006201188 0.00847235 -0.09544521 -0.1996865 -0.1934801 0.06892004 -0.01941233 0.109074 -0.1835115 0.1067825 -0.1689053 0.04834631 0.09480403 -0.0773721 0.1026569 0.071504 0.05877532 0.0875462 -0.2108455 0.06738999 -0.07523114 0.05790033
0.0875462 -0.2108455 0.06738999 -0.07523114 0.05790033 -0.08419321 0.01688512 0.1430519 1.557201 4.300749 -2.805351 -3.317209 -2.649859 -0.5283178 0.1418244 0.5194997 0.4809957 0.4585494 0.04682497 0.620343 0.02220421 0.2524028 -0.07729682 -0.04552352 -0.3019297 -0.09238585 -0.01977835 0.3546055 0.01077671 0.2710756 -0.4233901 0.3442959 -0.3630334 0.4378522 0.1973959 0.1685241 -0.1678698 0.2503713 -0.1573482 -0.2625378 0.006401446 -0.02379746 0.2014174 0.1092118 0.1189602 0.1166001 0.07257881 0.05091449 0.07400507 -0.1633794 0.417069
-0.3164231 0.1262378 -0.004957409 0.308929 0.087018 -0.06527647 0.0194925 -0.05233094 0.1445036 0.01300664 0.1145014 0.04274397 0.5800428 -0.08041384 0.5341915 -0.5519938 -1.24678 -0.8612844 -0.1606025 0.02492014 0.3521265 0.1846631 -0.1036577 -0.09521016 0.0837853 -0.2544591 0.0818999 -0.06581687 -0.2971194 0.2581878 0.3068247 0.2575766 -0.2355021 0.1755459 -0.1913122 -0.009493341 -0.2293084 0.002956148 -0.1253999 -0.1371242 0.2035382 0.07444075 0.04125793 0.1429473 -0.1149313 -0.2405647 0.03074707 0.0669341 0.2307742 -0.1881057 0.4746627
-0.02768147 -0.2221155 -0.02519595 -0.03004493 0.09983799 0.07267103 0.08000024 0.03184241 0.1472006 -0.0356157 0.04600974 0.3045331 -0.1035654 -0.01379976 -0.1219988 -0.01835517 2.719836 -1.554759 -0.8865307 -0.3370081 -0.1167449 0.05132735 0.1147632 0.08227744 0.2110161 0.1078527 -0.177733 -0.05468279 0.2087478 0.01538895 -0.1314595 -0.1322213 0.09402823 -0.1394002 -0.1075661 0.2177328 -0.2233832 -0.3500847 0.3682733 -0.07896032 0.1530869 0.04225514 0.2034423 0.0835817 0.01885562 0.05083655 -0.4234809 0.3189873 0.2521128 -0.5219395 -0.1605306
0.05563265 -0.1119618 -0.07131179 -0.3896927 0.1214126 0.0918019 -0.02974259 0.2549395 0.3266685 -0.06854854 -0.1760216 5.351377 -1.344777 -2.07029 -1.27641 -0.3294742 0.1564976 -0.1183932 -0.05993835 0.4040884 -0.05856443 0.4903 0.1891457 -0.07653482 -0.2710797 -0.002527224 -0.1043411 -0.1383102 0.003701444 -0.1381503 0.03919275 0.1376799 -0.1880822 -0.1789092 0.2053471 -0.1500894 -0.02181743 -0.01632758 0.06577776 0.1625245 0.3134784 0.3393866 -0.03526092 0.08643831 0.1251339 -0.007301009 -0.1331284 -0.02451735 0.07360841 -0.04901907 0.09393128
-0.1670452 0.1766771 -0.08327944 -0.05542098 0.07854752 -0.07265256 -0.1525673 -0.006614086 -0.04380483 0.2996114 -0.05043828 -0.009494857 5.826161 -0.04688073 -2.1038 -1.462114 -1.055233 -0.2387858 0.3137981 0.2586735 0.3308715 0.5278217 0.2375099 0.1892875 0.05851193 0.03823697 -0.07011117 0.002702525 0.04853228 -0.2308273 -0.09104938 0.1818937 -0.1778535 0.1370616 -0.04803777 -0.1494802 0.06527171 0.1643507 0.1171609 0.04093772 0.1957398 -0.1061462 0.2011238 -0.03141814 -0.1146313 0.08301272 0.1551349 -0.170048 -0.09600689 -0.1045613 -0.04491474
-0.02122892 -0.01983451 -0.01449392 -0.1122478 -0.2459756 0.05675929 0.2380481 0.3122101 -0.1227157 -0.1167517 -0.2423715 -0.07223508 0.1112631 0.06553932 0.3345256 0.2887342 0.2595002 2.826102 -2.459792 -0.7360041 -0.4724865 -0.3391651 -0.1541035 -0.1029051 -0.1205176 0.3210185 0.1371837 0.1249053 -0.07363702 0.5068712 -0.1453214 -0.234308 0.168425 0.1185588 0.3328172 0.03264046 0.198248 0.01491148 -0.1140214 0.1945404 0.01006651 -0.03821246 -0.01911066 -0.2732113 0.4109158 -0.08879267 0.02909988 0.1591415 -0.0856658 0.1382337 0.1285747
0.1294239 -0.1132364 -0.1409559 -0.3620647 -0.005294993 0.04420814 0.04630323 -0.1478433 0.02988908 0.7208946 2.77744 -1.203942 -2.394224 -0.7497547 -0.144969 0.1292397 0.1426218 0.2801344 0.1536743 -0.534622 -0.08150791 0.02766151 0.09189856 0.1788046 0.1868599 0.3829402 -0.4795097 -0.1489335 0.4973971 -0.7210516 0.1316235 0.1730405 -0.09391122 0.2614798 0.08190822 -0.1183856 -0.2050671 -0.04357073 -0.01331093 -0.03428489 0.04167159 0.08392658 -0.1265072 -0.0493257 0.150167 -0.1152027 -0.1066636 0.2183956 -0.01763087 -0.05298499 -0.177832
-0.03432703 0.114575 0.01980895 -0.06636893 0.1169032 0.0009206892 -0.1388103 0.03294151 -0.0311318 0.03084599 0.0805288 0.01848754 -0.2478952 -3.255649 1.606047 1.303743 0.3486809 -0.07217786 -0.22334 0.2047006 0.07303847 -0.3226238 0.09122694 -0.2598612 -0.319502 0.09907182 0.1402559 -0.4632505 0.07417306 -0.03773014 0.01781116 0.3660789 0.04678758 -0.09700631 0.0002852851 -0.1857118 -0.01942077 0.1755999 -0.07460648 -0.5128865 0.1449402 -0.13855 0.007325863 -0.0375886 0.171661 -0.04098835 -0.08342057 -0.2153716 0.2004871 0.1029523 -0.2972003
0.2461397 0.0851263 0.07807802 -0.0956451 -0.3276184 0.1723613 -0.2964681 -0.2414155 -0.2047398 0.140441 -0.01741176 0.07784212 -0.1401625 0.0934613 -0.04343616 0.1184357 -0.09954155 -2.281059 1.98447 1.159025 0.6781095 0.103842 0.1956104 -0.05621533 -0.1297258 -0.1859978 -0.4301715 -0.05030582 -0.2095029 -0.05343969 0.01923195 0.2668421 0.02855894 0.07707282 0.123694 -0.0491788 -0.03681314 -0.1838327 0.1739761 0.1811217 0.003883197 0.2296044 -0.08445701 0.1571891 -0.01061673 -0.2511638 -0.06760999 0.05927416 0.1342109 0.04597149 0.01077127
0.04658894 0.1194996 -0.2735752 -0.5169368 0.2688702 0.277955 0.1441631 0.06558113 -0.03090545 -0.3123473 -0.1988492 0.1062443 0.1214988 -2.495896 1.281159 0.8484221 0.1621232 0.02393767 0.09034614 -0.2134478 -0.2152194 -0.2002936 -0.02513903 0.2057548 0.1539844 -0.4868407 0.1844237 -0.3364854 0.01306433 0.4683742 -0.4011008 0.4270771 0.2412162 0.1079351 -0.2735569 -0.1520739 0.5721554 0.3308801 -0.1753153 -0.3863687 0.006182596 -0.1188049 0.09564915 0.2590922 -0.1237431 0.1237094 -0.3606641 -1.090793 -0.5507783 0.7471704 1.415251
-0.003206397 -0.1005082 -0.1023229 0.0667345 0.2356795 0.1273034 -0.09056368 -0.3501647 0.08934364 -0.2708405 0.1014279 0.05998127 0.08381899 -0.03640865 0.1584779 -0.03788929 -0.1124253 -0.0231034 -0.0563556 -1.172477 2.205633 1.122165 0.2842661 0.256638 0.216826 -0.06523307 -0.2225813 -0.1385825 -0.156196 -0.4242637 -0.3024334 -0.06602414 0.3962376 -0.03709208 -0.1865399 -0.172438 -0.07649069 0.04970126 -0.06140836 0.1338022 -0.2485738 0.145672 0.1085698 0.1048423 0.06948973 -0.09943783 -0.1927565 -0.04814331 -0.08903743 -0.1590954 0.2377599
0.501808 0.1576853 0.09579735 0.1957492 0.2880707 -0.5808479 0.3392928 -0.195527 0.07646717 -0.1569696 -0.03586948 -0.1303843 -0.01634453 0.280295 -6.70322 0.8233791 2.675035 1.037285 0.1154992 0.02499345 -0.3524919 -0.4901757 -0.2536057 -0.1310331 -0.132488 0.02743957 0.09744646 0.1767197 -0.07145581 -0.0922058 0.04385092 -0.1000948 0.00676862 0.005330379 0.04843652 0.01794611 -0.0977985 -0.1581189 -0.03974913 0.06952748 -0.02256751 -0.04085626 -0.1126328 0.06666321 -0.05681871 0.02166434 0.007224286 -0.05476414 -0.2351177 0.08975079 -0.173435
0.03152464 0.04994834 0.04379094 0.004989885 0.008468425 0.05505021 -0.01661683 0.07394961 -0.005937133 0.008111484 -0.03851819 0.02795065 -0.0163529 0.03103299 0.001454309 -3.127459 0.756516 2.311209 1.407831 0.2666005 -0.1718079 -0.3964625 -0.4285652 -0.3634324 -0.2017665 -0.1062432 0.04549318 0.1291834 0.06186936 0.1699071 0.04306436 0.02016086 -0.006791614 -0.0402018 -0.07334554 -0.02247393 -0.04551369 -0.01058622 -0.05024209 -0.005857551 -0.03685532 -0.02632145 -0.01931795 0.03598969 0.05978425 0.01640783 -0.008310815 0.003283338 0.05983579 -0.03231731 0.07010815
0.05493973 -0.0662688 0.001890801 0.08671568 0.05032631 0.02373384 0.05877503 -0.04005165 -0.01011921 -0.04163129 -0.03354708 -0.03070583 -0.04145819 -0.07964855 -0.07372607 0.07589205 -0.04724596 -5.235546 1.407423 2.699498 1.480086 0.4146108 -0.2737566 -0.08194833 -0.3434176 -0.4886781 -0.3549396 -0.07599636 0.01408984 0.001392025 -0.01909108 -0.01878236 0.06337107 0.003165483 -0.005481092 0.07605141 0.05634783 0.0450073 0.06629653 0.03977505 -0.0204238 0.004995686 -0.03467749 -0.0997926 -0.03595892 0.04238782 -0.01473177 0.005782855 0.04052295 0.0298722 0.09267716
0.04091067 0.02069734 0.0409872 -0.00547416 0.049134 -0.006698244 -0.002635872 0.02398238 -0.03529835 -0.0421997 -0.03403961 -0.02519768 -0.01492585 -0.04820551 -0.02378527 -0.01054955 -5.132101 1.215339 2.594537 2.437315 0.9416749 -0.06536844 -0.5879882 -0.5138793 -0.3751228 -0.247085 -0.05595698 0.1476369 0.1420063 0.1330309 0.03674617 -0.02322358 -0.02589107 0.02340449 0.09523986 -0.006411698 0.01971057 -0.05502275 -0.0397642 -0.0585091 0.0180319 0.002491882 0.01776417 -0.02239664 0.05212946 0.02114796 -0.01085446 -0.07306483 0.01262668 0.02267197 -0.02783558
0.004682248 -0.01432278 0.03900951 -0.02682226 -0.03241903 0.06717159 -0.0141825 -0.02382378 0.1105754 -3.87197 -1.449707 1.697074 -0.07282744 -0.2713994 -0.2398296 0.0104385 0.1673025 0.09101146 -0.02091229 -0.06908562 0.02508875 0.06944561 0.1173635 0.02201504 0.05562679 0.00106367 -0.03737078 -0.05257469 0.03786843 0.08264697 -0.01680481 -0.04277977 -0.02986611 -0.01335443 -0.04770218 -0.03114288 0.07132517 0.03610266 0.01983169 0.03184079 -0.009539554 0.04396592 -0.03563327 -0.07018952 -0.0352388 -0.08691487 0.07341269 0.07363508 0.05881363 0.01863221 0.06056649
0.06454888 0.0002295232 0.1232846 0.07446352 -0.005777755 0.04542828 -0.0003965315 -0.01029752 -0.06962566 -0.1145855 -0.05192035 0.007959083 0.003244742 0.00400963 -0.0388406 -1.980421 1.67464 0.9676385 0.3707059 0.005692738 -0.2190808 -0.189394 -0.1099141 -0.142176 -0.07297106 -0.008665007 -0.002288631 -0.01585779 0.01982528 0.006616564 0.09962671 -0.004101334 0.01101215 0.0590445 0.01638568 -0.002060433 -0.07909336 -0.06606299 0.0322019 -0.07297896 -0.007775242 -0.01557859 0.03618924 0.09646098 0.01963693 -0.01276511 0.05134534 -0.09154446 -0.04982834 -0.009760673 0.02561933
0.01228317 0.008024201 -0.007165891 -0.005935423 0.01268515 0.01417762 0.04950491 0.0808167 0.004002994 0.0384419 0.01473411 -0.02146243 0.08056373 -0.02907759 0.03894586 -0.1250845 -0.01429213 -0.05230523 -2.979593 3.652529 1.958565 0.655735 -0.7766302 -0.6936475 -0.3234019 0.127402 0.04007962 -0.0425304 0.08924729 0.06151843 0.0384405 -0.09757673 -0.07806094 -0.02855745 -0.006498902 0.04900366 0.04106202 0.01943797 -0.03857091 0.009694404 0.03392439 0.03993972 0.08364893 0.06056631 -0.04295249 -0.001261391 -0.01810531 -0.02123149 0.02111642 -0.04282472 0.0560388
0.05149964 0.04083132 -0.009543177 -0.03954386 -1.111091e-05 0.008113144 -0.0008225363 0.035386 -0.001818384 -0.02533629 0.04253666 -0.04953584 -6.046971 1.989519 2.958432 2.124298 0.6954299 -0.1689443 -0.4962586 -0.6159834 -0.4577921 -0.2855597 -0.1226938 -0.02922399 -0.009720382 -0.02681036 0.1119722 0.04187334 0.04089645 0.009409605 0.07655493 -0.005124968 0.02316234 0.05995569 0.01737145 -0.009744647 -0.01063699 -0.08252691 -0.05435913 -0.1418624 -0.1571876 -0.08839509 -0.03144451 0.0591957 0.2160992 0.2055369 0.3186719 0.1080171 0.08267841 -0.05117573 -0.05201123
0.3186719 0.1080171 0.08267841 -0.05117573 -0.05201123 -0.1171442 -0.08975586 0.09447899 0.03779501 0.04777001 -0.01945481 0.04971302 -0.01610317 0.06383633 0.05600623 0.06683491 -6.403462 1.68251 3.40475 1.033626 -0.1392654 -0.6382973 -0.8189903 -0.8495976 -0.5221068 0.08269072 0.09364811 0.2364397 0.2511425 0.03464147 0.1009328 0.03810124 -0.0888194 0.0083892 -0.1290893 -0.04610403 0.022112 0.01269377 -0.03299056 -0.006585201 -0.04992228 0.02704714 0.00488425 -0.007036173 -0.1167043 -0.07384572 -0.1174823 -3.629221 2.671446 1.000974 -0.3303578
0.03141582 0.1032808 0.07565042 0.01258009 -0.01689595 0.03786465 0.1353991 0.09370888 -0.01662984 -0.08092283 -0.1052231 -0.007278396 0.05355934 -0.04784501 -0.03282335 -0.009063485 0.02001436 0.009640047 0.07708788 -0.04152506 1.483208 1.312782 -0.9301649 -1.169383 -2.659962 -1.46804 -0.0324206 0.5010607 0.8210565 1.074831 0.8943002 0.2949491 0.1608087 -0.4078127 -0.399213 -0.205745 -0.1863865 0.2559322 0.1046698 0.01588268 0.2813478 0.06076037 0.3179875 -0.08631326 -0.3514963 -0.2004044 -0.2444802 -0.03608565 0.1054716 0.02992562 0.01956552
0.04721472 0.002810097 -0.008422031 0.1301067 0.00962072 -0.03461096 -0.1032933 -0.0981693 -0.01735092 0.008364639 0.0358853 0.05455919 0.0546361 0.03567608 -0.02481591 -0.01680542 -0.02192337 -0.05816266 -0.03716965 -0.02576252 0.05519209 0.03933381 0.01795968 0.09568713 0.4747564 1.854829 -1.344488 -1.593946 -0.4965596 -0.2710949 0.3426995 0.6767952 -0.239517 -0.1809591 -0.2226652 -0.3085819 -0.1113087 0.4522108 0.05850597 0.1064309 0.2331115 0.1411568 -0.05589931 -0.1026101 0.01328615 0.03734389 -0.06174982 0.03855693 -0.02567817 0.01056058 0.02334974
0.04189255 -0.1042789 0.1172765 -0.0776361 0.02177087 -0.0401793 -0.02813333 -0.07474107 0.006760537 0.03433668 0.1319764 0.1166093 -0.1345068 0.1217184 -0.00966718 0.03333982 -0.1336749 0.1323068 -0.2925497 -0.05245394 0.005779094 -0.01320753 0.1015477 0.1128652 0.08311835 0.3742625 -0.1356892 0.5756155 0.2637 -0.1262981 -0.182348 0.4327344 -0.502929 -0.08444511 -0.3784878 -0.09428819 0.06846167 0.2092672 0.280217 0.05456591 0.00545299 0.2740619 -0.1676638 -0.1089221 0.009031649 0.06996584 0.0632195 -0.0878073 0.1982685 0.007597656 0.02719319
0.06206619 0.1486093 -0.101493 -0.1143078 -0.05361475 -0.3244765 0.1166515 -0.02602312 0.2595453 0.07845918 0.1283752 -0.01891185 -0.1530013 -0.09075572 0.03842969 0.05956018 0.1374886 0.01690823 0.09571058 0.02228925 -0.02430639 0.3209726 0.7316495 -0.5582783 -0.4498231 -0.6135232 -0.4546205 -0.9269078 0.3181337 0.1364625 -0.004070471 0.2184064 0.2196718 0.5381988 0.1779802 0.1556411 -0.1180076 -0.03565687 0.1377802 0.1421293 0.07830743 0.0256119 0.07608978 -0.06605658 -0.1970696 0.06465367 -0.2031125 0.3736193 0.1340275 0.1215908 -0.09373647
0.05546777 0.02770651 0.05828993 0.01061135 -0.1039847 -0.00230518 0.09640916 -0.01889986 -0.1333089 -0.1096971 -0.09887659 -2.823925e-06 0.6944431 0.2295333 -1.170748 0.4424458 -0.294013 -1.490343 -0.2232586 0.6496801 -0.4591164 -0.4155194 -0.2853181 0.2972094 0.4330764 0.4097804 0.3412717 0.1685604 -0.05826152 -0.0410616 0.04244072 -0.1588394 0.1369237 0.02589002 -0.2057553 -0.1794498 -0.07357655 0.09823469 0.1373061 0.019986 -0.02356146 0.1089334 -0.03795418 0.04090547 0.2336272 0.11898 -0.1541818 -0.1598577 -0.08502196 0.1183198 0.03303578
-0.007271676 -0.1835282 -0.07815816 -0.1275096 0.004915622 0.06152984 0.1581554 0.08106429 0.07621714 -0.01590977 -0.05430604 -0.06951369 -0.1399014 -0.06561367 0.07235813 -0.01702324 0.03394107 0.110102 1.198256 1.396593 -0.1458993 -0.7655932 -2.683882 -2.088523 -0.9751638 0.3231876 1.3589 0.9752456 0.841352 0.1950281 -0.1556062 -0.02863714 0.05519809 -0.3521729 0.1311467 -0.0476118 -0.1050374 -0.09263184 0.01006094 0.1011107 0.113995 0.02065552 0.1362698 -0.2084544 -0.1417235 -0.001595265 0.03072495 0.04403413 -0.03341396 0.03069102 0.05750894
-0.1014503 -0.04644458 -0.01451437 -0.10961 0.03088579 0.09806336 0.07563396 0.0520861 -0.09413072 -0.086097 0.03020246 0.07676052 0.1358062 0.1016636 0.03927014 0.06527153 0.06270082 0.3252116 0.01544843 -0.6221047 -0.1957487 -1.003847 -0.665926 -0.6155992 0.4162298 0.366222 0.4289112 0.1983555 0.1873334 0.135044 0.08137621 -0.08446481 -0.08571199 -0.0823404 0.1021966 0.0994385 0.07221853 -0.08759768 -0.1107658 -0.0118984 0.004637198 -0.006501816 0.05047637 0.1391651 0.1070183 0.1212016 0.02054138 -0.1148772 0.009220314 -0.05295036 -0.0210089
0.004083572 -0.04407923 -0.1035366 0.0726662 0.07588504 0.08898406 0.1020876 -0.02061787 -0.1328964 -0.1403613 0.02943149 0.01639531 0.05777584 0.01716878 0.03548891 0.01419417 0.05259475 -0.04262351 -0.137912 -0.1945623 -0.0598335 0.01556777 0.247789 1.873683 1.681667 -2.48747 -3.231225 -1.827228 -0.03944049 -0.3952092 0.6807977 0.8838696 1.003 0.1756866 0.05824119 0.0495618 -0.1851015 -0.1104308 0.03779548 -0.02290533 -0.009859151 0.09469993 -0.05203303 0.01698553 -0.05665663 0.07185753 0.003971818 0.04489641 -0.09661543 0.01349431 -0.03709964
0.1150861 0.05192022 0.03172302 0.08142985 -0.02074317 -0.02247603 -0.0111048 -0.0829526 0.003492844 0.03186304 0.052373 -0.09525621 3.383415 0.4813146 -3.976724 -3.070803 -0.7321855 -0.2013949 0.2448552 0.8166517 0.8733716 0.3719702 0.8688105 0.2281737 -0.590079 -0.3760754 -0.4468017 -0.4072923 0.007386624 -0.08811765 0.06481246 -0.3028918 -0.08668842 -0.1989847 0.02473223 0.2217969 0.2717303 0.151339 0.0730067 0.1295015 -0.0480064 -0.09371608 -0.1526821 -0.02636177 -0.02403423 0.01356435 0.1178073 0.01120865 0.1428687 0.08276074 0.06039152
0.05350728 0.007473985 0.07602736 0.01596438 -0.05704905 -0.1158361 -0.1203711 0.07870095 0.1573233 0.09113319 0.1181595 -0.03238298 0.004792355 -0.04040043 1.241965 0.2364614 -1.019831 -1.367441 -0.5792772 -0.02933202 0.4216902 0.7131633 -0.05154173 -0.01424345 0.1863393 0.05412265 0.02803918 0.01368522 0.2103994 0.1998454 0.3382099 -0.1118495 -0.1509057 -0.002830437 -0.02316366 -0.09452482 0.03049547 0.06695223 -0.09184919 0.01071736 0.06467565 0.1659953 0.09124676 -0.03333427 -0.09046492 -0.303579 -0.1904122 -0.0160338 0.1554632 0.06776696 0.0517168
0.02591048 -0.1888303 0.04385521 -0.06477477 -0.1340134 0.08994798 0.01594851 -0.07113925 -0.02754893 0.1719239 0.2225049 0.1145618 -0.01346374 0.03885907 -0.1233711 -0.06370865 -0.07972383 0.06689612 0.0006203265 -0.03000653 0.02540464 0.3170638 0.2793618 -1.793158 -0.5337955 -0.7958854 -0.1349955 0.04808632 0.1975554 0.5247278 0.4051254 0.1741415 -0.01188717 -0.08392276 -0.1616288 0.03335989 -0.000837134 -0.03808114 0.0009336183 -0.04455619 -0.03315701 0.1216432 -0.01344061 0.05212209 -0.06019358 -0.1019538 0.0289771 0.0736301 0.1206075 -0.01679854 -0.0586291
0.005322 -0.08667086 -0.01399506 -0.1261118 -0.2135196 -0.06670745 0.05498399 0.07855614 0.136287 -0.02115631 0.04108803 -0.08457216 -0.05317088 -0.03476821 0.05450696 2.493622 -2.233809 -0.8705163 -1.572873 -1.205366 0.003760286 0.5219719 0.6020315 0.6946091 0.1500465 -0.008899111 0.0378278 -0.2484008 -0.06756547 0.1383275 0.1236339 0.1937058 0.1920265 0.1275719 0.01233903 0.0062442 -0.07760175 -0.1821116 -0.1542044 0.03226086 -0.01249592 -0.0752669 0.07665356 0.1626468 0.2597415 0.06794808 0.05086424 -0.1057484 -0.01731163 -0.07852142 -0.09641458
0.0443495 0.02113329 0.1067046 0.06053486 0.07592031 0.02368816 -0.008603428 -0.06422432 -0.0006816624 0.01749444 0.120277 -0.005154336 0.09639487 -0.05950378 0.01298739 -0.04138352 0.008456121 -0.04840533 0.02319848 0.04885625 0.03389613 0.0402423 0.01980675 0.0130708 0.04273908 0.04768879 -0.02725893 0.03943018 2.569286 -0.8431147 -1.157952 -1.059034 -2.450243 -0.6661052 0.5778502 0.983047 1.334969 0.2730875 -0.4279514 -0.09927941 -0.07750652 0.4416477 -0.2241425 -0.02066045 -0.1399912 -0.058515 0.05119541 0.003575894 0.09173215 0.1077292 -0.05194763
-0.008914961 -0.1506952 -1.119192 0.9790779 -0.09625632 -0.9026046 -0.1471006 -0.08099347 0.1557693 0.1446454 0.07952838 0.1446875 -0.1436316 -0.1120182 0.6976788 0.8064395 0.8932 -0.7199585 -0.2691355 -0.007578158 0.1497478 0.0645854 -0.2374197 -0.01883064 0.06353993 0.1965532 0.1822514 0.1395355 0.04067674 -0.08685684 -0.1840525 -0.1819069 -0.02259102 -0.03825287 -0.08424182 -0.02356851 -0.0778406 -0.01008162 -0.08189309 0.1954135 0.2081355 0.1107222 -0.06235702 -0.07805569 -0.004804139 -0.05129898 -0.05658631 0.09203441 0.0526427 -1.628037 -1.342673
-0.02356851 -0.0778406 -0.01008162 -0.08189309 0.1954135 0.2081355 0.1107222 -0.06235702 -0.07805569 -0.004804139 -0.05129898 -0.05658631 0.09203441 0.0526427 -1.628037 -1.342673 1.960128 2.192364 0.5321685 -0.3524529 -0.5752052 -0.5899441 -0.3969728 -0.1184943 -0.0414906 0.13345 0.1385229 0.193969 0.09062089 0.05029948 0.07673424 0.02670894 0.01555169 -0.03642435 -0.09401713 0.02477608 -0.03844846 -0.06639872 -0.03735827 0.003042253 -0.02760701 0.02267883 0.005308628 0.03532076 0.07441442 0.0848319 0.01195578 0.1059969 0.01783784 -0.05681527 -0.1243262
-0.009264392 -0.04113802 -0.05610329 0.01551662 0.169874 0.1384281 -0.0553012 -0.1133104 -0.1221079 -0.07394409 -0.1444595 -0.07043777 0.009136972 -0.005128804 -3.276587 1.057762 0.569741 0.677889 1.664519 0.3865886 0.0276772 0.5099154 -0.1067545 -0.4999458 -0.6371366 -0.4032119 -0.4722767 -0.09281097 -0.396384 -0.5551324 -0.06116762 0.487495 0.3230122 0.2727193 0.3075474 0.03469582 -0.1217173 -0.1617531 -0.1045372 -0.2584328 -0.1964175 0.05315399 0.0720602 0.1119361 0.1776463 0.1132587 -0.0627485 -0.03996266 -0.01117797 0.05863124 -0.1118104
0.04115912 0.06184451 0.02275461 -0.03498948 -0.01413861 -0.02953757 0.004807009 0.003272458 -0.01106256 -0.04286445 -0.06716706 0.0185071 -0.07992451 -0.03968906 -1.983442 -0.3319639 0.8022091 0.4090216 0.6515483 0.3808043 0.9207877 0.05310232 0.2751673 -0.3319407 -0.2574287 -0.168118 -0.4120651 -0.1827763 -0.4064835 -0.1727877 -0.1831908 -0.04395872 -0.03182898 0.01232542 0.07916491 0.05995291 0.1218436 0.05129546 0.06493643 0.0601791 -0.07761855 -0.02073348 0.005202873 0.1796773 -0.1528271 -0.2022771 0.07921319 -0.06713142 0.1148876 0.1648422 0.2318446
0.01102882 0.05870946 0.00980984 0.09374792 0.03218281 -0.03390126 -0.07133863 -0.06190048 0.0399376 0.0567417 0.00529031 -0.03643917 -0.01328966 -0.01000497 -0.05422315 -0.06916092 -0.8240376 -0.2578927 1.304381 0.6676019 0.2207343 0.5273768 -0.3305779 0.0638279 -0.0163323 -0.3968991 -0.3370267 -0.480796 -0.3223766 0.08650254 0.1719994 0.05419126 0.1138545 0.0476164 0.03263021 0.03006453 -0.007556737 -0.07200102 -0.1567929 0.1008001 0.05445106 0.008949028 -0.1902801 0.004894333 0.03102658 -0.1383933 -0.1222569 -0.1291972 0.757251 -0.1388026 0.1011937
-0.03449057 -0.06686541 -0.03431531 -0.08174095 0.005640153 0.1611369 0.05570899 -0.03477696 -0.001987908 0.04467053 0.005635223 -0.04519787 -0.1152334 -0.04234323 0.003643598 0.05308848 -0.05929954 -0.2543817 -0.1592171 1.668694 1.879376 0.2344142 -0.4039108 -0.7053384 -0.510859 -0.2138635 0.1193752 -0.006054943 -0.03874465 0.07726436 0.04279575 0.04924916 -0.02402681 -0.04343696 0.01328108 0.1785283 -0.07696649 -0.06081204 0.04870594 0.08114005 0.05192513 -0.1709897 -0.1131231 0.07232299 0.2839893 0.05561221 -0.1892001 -0.08267334 -0.1549654 0.05520172 0.1822612
0.1071079 -0.04648944 -0.1043582 -0.02478332 0.01083025 -0.0281737 0.03203823 -0.02674173 -0.06239342 0.04450871 -0.05115046 0.03790577 0.1542827 0.1159551 0.06756272 0.0784664 -0.143175 -0.9390711 0.5984266 -0.6916385 0.4018958 1.603574 0.7831525 -0.05058344 -0.1004035 0.1892517 0.1522425 -0.4638768 -0.0838685 0.1642107 0.007913339 -0.1006539 -0.3951992 -0.0976107 0.02372135 0.09738956 0.07383622 0.05947307 0.04135398 0.07643767 -0.05780407 -0.1943568 -0.1243009 0.01904987 0.08016416 0.09188275 0.1288233 0.05358241 -0.005934092 -0.1989687 -0.08244961
0.09092914 0.07184894 -0.001297122 -0.05226232 0.01581675 0.01924369 0.04301778 0.03168599 0.007124569 -0.01806545 -0.006400655 -0.06593335 -0.04678712 -0.3518763 -1.850264 0.5819664 -1.464305 0.7971199 1.469952 0.462952 1.160055 0.01205413 0.1350384 -0.3598181 0.08340067 -0.5720115 -0.03417104 0.006431303 -0.1666096 -0.1221801 -0.1045351 -0.1949361 0.005683169 -0.0293988 0.08865614 -0.03901672 -0.043296 0.1730363 -0.07524702 0.03939636 0.1421791 0.1070879 0.05042972 -0.07798434 -0.07914391 -0.07934586 -0.1842079 -0.05261657 0.05749211 -0.04185674 -0.1039715
-0.0005046293 0.01805534 0.08876397 -0.03815456 0.1775567 0.03219629 0.03543111 -0.1366525 -0.2587158 -0.01479723 0.08172039 0.1150436 -0.08776619 -0.4218095 -1.123665 2.9746 1.315559 0.3128517 -0.5189672 -0.3584561 -0.2825416 -0.197039 -0.01501633 0.01533857 -0.05997197 0.0381124 0.1380816 0.05576005 -0.04664205 0.01554769 0.01495652 -0.1205236 -0.02468649 -0.03125435 -0.06963702 -0.09019677 -0.06196276 0.1211002 -0.05214107 0.007799338 0.04109556 -0.1032717 0.3579016 0.009715556 0.1432893 -0.04978403 -0.3256665 0.05719645 0.1994056 -0.007661112 0.05289217
0.04378196 0.03051658 0.01558554 -0.08263189 0.07086406 0.05658418 0.09338168 -0.04871447 -0.1012243 -0.2605402 0.005491717 0.09130342 0.07406796 0.01171747 0.09884892 0.002766933 0.02787516 -0.2348552 -0.6447771 -1.927338 0.8744872 2.036576 0.4014548 -0.4307109 -0.3606953 -0.1082741 -0.2439394 -0.1682754 -0.1762429 -0.242131 -0.006684132 0.1118754 0.1987647 0.1782227 -0.1399306 -0.03969672 -0.0526021 0.02016837 -0.009159643 -0.1043191 0.06365172 0.2474726 0.2314593 0.04618048 0.08200635 -0.03170383 0.09133324 -0.05309616 -0.1088134 -0.0642977 -0.03365625
0.003373203 -0.1035938 0.07139191 0.2580153 0.2074209 0.05389742 -0.02166138 -0.111936 -0.1692481 0.0405227 0.004807967 0.09244231 0.04715465 0.007411676 -0.1354287 -0.3768344 -2.594561 2.283383 1.883479 0.8234433 -0.3066395 -0.4175815 -0.2965704 -0.2578537 -0.4220546 -0.2291232 -0.02343747 0.2192481 0.05363457 0.0304459 0.02907537 0.09672724 0.15083 0.02496878 -0.02039144 -0.1716097 -0.1555727 -0.1046443 -0.1040452 -0.1081104 0.07294247 0.1191554 0.3699217 -0.04395558 -0.1233816 -0.003551411 0.1370028 -0.01987141 -0.08915555 -0.03044353 -0.0353247
-0.1037874 0.006901568 -0.06884317 0.2330563 0.1814265 0.02772774 0.03891892 -0.1633997 -0.01668231 -0.3453726 -0.107537 0.1085195 0.2885402 0.1502891 0.128621 0.04544821 -0.04137618 -0.2191204 -1.479497 1.074661 0.1345291 2.387157 2.055836 0.4982286 -1.06553 -1.435365 -0.4375887 -0.8165267 -0.4104401 0.1013992 0.3792223 0.2618657 0.1876209 0.1799126 0.03176986 0.09682001 0.06989516 -0.318972 -0.1948399 0.1551703 0.2505865 0.2231905 0.05650603 0.01457402 -0.02266267 -0.01519237 -0.2199849 -0.0899433 0.0835664 -0.08242597 0.05704846
0.2271352 0.292691 0.4800186 0.01499787 -0.1992442 0.005540084 -0.05810345 -0.06158014 -0.2229464 0.1450135 -0.2163913 -0.3513456 0.5603247 0.1367916 0.1690703 -0.8801988 -0.1465599 1.214947 0.54598 1.703112 -0.1484094 -0.4468398 -0.1656497 -0.3049734 -0.1918594 -0.06332353 -0.07791892 -0.1872083 0.005212429 0.09841654 0.1800143 -0.01220333 -0.1720404 0.3613314 0.2081327 -0.180187 0.04669744 0.06985164 0.007123758 -0.003260387 0.2127506 0.0481285 -0.278916 -0.2369235 -0.395896 0.2750137 -0.118291 0.08123142 0.00533298 0.1018884 0.1621853
-0.1009612 -0.07149574 -0.03158598 0.07358862 -0.009131315 -0.04283215 -0.03457224 0.05375043 0.1160186 -0.01029496 0.09011048 -0.03173065 -0.08812593 -0.09329592 -0.05899756 -0.02698993 -0.01098048 -0.05358663 0.01705313 1.392576 -0.04706158 -0.3896047 -0.5743261 -0.01060409 -0.01734063 0.2982017 0.2399708 0.1743133 0.3639093 -0.490947 -0.01783812 0.2676497 0.2762148 -0.106549 0.08262598 0.08950888 -0.4629916 -0.1833308 -0.1672205 0.01743535 0.1717389 0.1307533 0.2038123 -0.02003543 0.1149632 -0.02621621 0.02061221 0.1610582 0.04331566 -0.0913368 -0.08147828
0.03373018 0.003793111 0.1558171 -0.01126348 -0.08215605 -0.07679281 0.08385283 -0.232835 -0.1395207 0.03557135 0.0884027 0.08957808 -0.05820408 0.05339745 -0.02222657 0.06471577 0.1097117 0.09180874 0.003754297 0.008564319 -0.4905331 -0.7862611 -0.3403644 -0.5659873 0.4009633 0.3034966 0.2491188 -0.05995412 0.02829438 -0.02123168 -0.08194467 0.1681664 0.1035293 0.2310554 -0.08369891 -0.0990949 -0.001395526 -0.03781531 -0.09599096 -0.03567638 -0.04695121 0.02528362 -0.05823322 -0.02794903 0.1833973 -0.004110372 -0.1250512 0.07421141 -0.01191581 0.05342615 0.1417472
0.001074756 0.03211018 -0.009059162 0.06341591 -0.04585673 -0.08067109 -0.00146974 0.01438055 -0.0151881 0.06745269 0.06681193 -0.003121258 -0.03183767 -0.01822956 0.005195193 0.007629965 0.04685597 -0.007287218 -0.005568691 -0.006682933 0.07225046 0.009017345 0.08422761 0.02506284 0.002099755 -0.02544087 0.02918472 0.1876607 -0.4390664 0.2691554 -0.3842317 -0.01013075 0.07803337 1.020193 0.5083576 0.01764159 -0.5143549 -0.2141527 -0.711988 0.1386688 0.005293086 0.2618243 -0.06939263 0.1824207 0.2318569 0.016803 0.1113185 0.07665433 -0.0005988362 0.1173749 -0.235612
-0.05676037 0.1152008 0.05970917 0.02845944 0.07202407 0.009899866 -0.05894814 -0.02006423 -0.01236293 0.02597115 -0.04739042 0.02108033 0.03308184 -0.05209201 -0.006952927 -0.01683047 0.4384888 1.048242 -0.6614805 -0.1103022 -0.6470437 0.1703074 -0.07649215 0.1462559 0.2153006 0.743974 0.295744 -0.9066942 0.01929632 -0.0004328591 0.3586063 0.296724 -0.06617828 -0.1127833 0.08883625 -0.1109962 -0.1383174 -0.06621839 -0.04308063 0.1175111 0.1986518 0.1084204 0.08737031 0.0384222 -0.05695258 -0.0449057 -0.1322207 -0.02412491 -0.06199497 -0.08817215 -0.03937187
-0.002049408 0.04663059 -0.0893803 -0.09277924 -0.168859 0.05211276 0.1586007 0.001099885 0.1675533 -0.002184459 -0.07407206 -0.1996204 0.08167559 0.01147028 -0.07462595 -0.06101419 0.02807771 0.002999254 0.05539748 0.06077794 0.06769526 0.00116518 -0.1159309 -0.1176546 0.1534297 2.552103 -3.021353 2.391888 0.0461697 0.306109 0.3570354 -0.2621689 -0.6194879 -0.4014021 0.09345638 -0.5879039 0.2393448 0.4411615 -0.2887833 -0.09422885 0.03666776 0.127491 0.03998485 0.1641646 0.001437629 -0.06720321 -0.07533197 -0.05635918 -0.06967268 -0.01153729 -0.04146642
-0.006054503 0.04336993 -0.01707882 0.1272397 -0.17074 -0.09643037 -0.007584305 0.03541375 0.08636851 -0.02119652 -0.01099342 0.08308118 -0.194052 -0.1304458 0.07226343 0.0635193 -0.003032488 -0.07957421 0.1509852 -0.01881264 0.09980415 -0.06892569 -0.05456309 0.01491613 0.1517623 -0.06609533 -0.56249 0.4335226 -0.1453254 -0.002203513 -0.1946455 0.3007653 -0.03633237 -0.05017645 -0.1275738 0.07491667 -0.05212783 0.1345401 0.09465211 -0.0865026 -0.02072553 0.09236488 -0.1384252 -0.0882353 -0.07695752 -0.05680893 0.06521036 0.09166261 -0.0472945 0.05079503 -0.09221683
-0.00900449 -0.01062155 0.1377158 0.1473692 0.1237472 0.03252307 -0.09352988 -0.0610257 0.006640212 0.1486631 -0.03097084 -0.1276184 0.008386798 0.08012427 0.04980807 0.06880189 -0.01639818 -0.0630502 0.01319627 -0.04392076 -0.09842025 -0.06098793 0.07985022 0.1327423 -0.008866502 0.0528994 0.4345816 -0.1971496 -0.5108033 0.2586538 -0.1154991 -0.3463906 0.05521974 0.04133289 0.06479267 0.1927621 0.2082705 0.04929454 -0.1058898 -0.1055873 -0.0222935 0.02396559 -0.02051813 -0.008810043 0.108231 0.09871682 -0.0006040132 0.01711154 -0.02537629 -0.02658832 -0.05166927
0.002234674 0.00797394 -0.0936066 -0.05761471 0.06982289 0.05001703 0.04192561 0.1114717 0.0007984526 0.03248704 -0.0343395 0.06535704 -0.2022371 0.06558138 0.02222802 0.03823931 -0.1109835 -0.1039511 -0.01133644 0.0488183 -0.05134229 0.04009494 -0.1549506 -0.5380679 -1.094977 0.6309259 0.01869483 0.01514123 0.08009292 0.5572524 -0.04202165 -0.1077199 0.1020776 0.08719037 0.2297462 -0.1280068 -0.2180683 -0.0653867 0.04470303 -0.06586256 0.0922183 0.09150268 -0.08312666 0.069167 -0.001292005 0.03340168 -0.08774426 -0.06096097 0.03246558 0.0847469 0.1642985
0.02397669 -0.09068538 0.03547213 0.1176881 0.002145865 -0.0333791 -0.05747876 -0.018031 -0.5722754 -0.4987998 0.7659689 -0.3294038 1.811427 -0.1813449 0.3449509 -0.3936792 -0.05697709 -0.09564046 -0.369428 -0.2914548 0.01692398 0.02690759 0.045582 0.1002264 0.135968 0.0395667 -0.1016652 -0.02576818 0.06280537 0.07144476 -0.05604566 -0.1291236 -0.1401753 -0.01683164 0.03502975 -0.07054458 0.1027566 0.08877838 0.1172255 0.07451555 0.1023433 0.01278331 0.01087089 -0.07474087 0.01300881 -0.01035579 0.065207 0.1311318 0.0337962 0.06600174 0.06630576
-0.07306392 0.05643824 0.1477843 0.05458111 0.06411631 0.1004219 -0.04433662 -0.1309253 -0.06544149 0.01879869 0.0312692 -0.08200009 -0.06854564 0.1442248 0.0430284 0.06190481 0.002054328 -1.262234 2.99576 0.2726987 -0.1956692 -0.1334815 -0.3170212 -0.1131962 -0.2504399 -0.1020189 -0.08840941 0.02256645 0.04991777 0.08128607 0.009785322 0.1278639 0.02406977 0.1103733 0.006350105 -0.03429956 0.03027454 -0.02190518 -0.004911302 0.008999174 -0.02181759 0.06754924 -0.02726361 0.002689293 0.0216128 0.06314619 -0.06829794 0.08487935 -0.03828791 -0.03870907 0.004503248
0.003063505 0.2156811 0.02701876 0.08064026 0.01145672 -0.1027238 -0.1368082 0.0615164 -0.06953089 -0.194959 2.759798 -0.3015612 -1.020796 -0.1939697 0.4536757 0.05217057 0.02977044 0.0502595 0.1228727 -0.0651868 -0.04976534 -0.05169646 -0.07000366 -0.05334874 0.02106222 -0.151737 0.1297505 0.1584244 0.03508283 0.05047069 -0.01626145 -0.003956784 -0.06993692 -0.06764906 0.03320052 -0.00511438 -0.01128372 -0.007884798 -0.01196489 0.001585081 0.04392723 0.05058894 0.05295262 0.0394028 -0.04917647 0.05650057 -0.04557022 -0.0009926293 0.0105219 0.04990274 0.04195556
0.06074541 0.07783193 -0.002585935 0.03421911 0.003448752 0.0842504 -0.005596408 -0.02303573 -0.07934998 0.01579577 0.02949493 -0.2457426 0.34805 1.734086 1.930908 0.9840589 0.1166342 -0.4076664 -0.6604605 -0.4555289 -0.1041886 0.1499478 0.1329922 0.2171716 0.1482498 0.03744527 -0.002956268 -0.03860644 0.04105715 -0.04178115 0.04768913 0.0004966519 0.002646897 -0.07077843 -0.03162748 0.01041838 0.01736496 0.06719787 -0.02886294 0.0386792 -0.02759322 -0.1788319 0.04228192 -0.01918007 0.02732632 0.04522418 -0.00247022 0.02566988 0.05805632 0.0649145 -0.01331587
0.02159704 0.06039911 -0.009341988 0.03257349 -0.03138182 0.05143927 -0.006502513 -0.01595652 0.06372187 -0.009604632 -0.08646414 -0.03485923 -2.961376 -0.1208551 1.9155 0.3999223 -0.1232937 -0.6305814 -0.4542975 -1.011599 -0.1579457 -0.01843699 0.2688695 0.4975724 0.2135379 -0.0534204 -0.1774074 -0.255145 -0.1873956 -0.1056169 -0.09690309 0.005664867 0.07573898 0.04988321 0.05640801 -0.1161211 -0.04279035 -0.01647285 -0.03136239 -0.02255617 0.08744097 -0.0136919 0.07918311 -0.0173352 0.02455116 0.009620037 0.02113635 -0.08317585 0.1337913 -0.05071809 -0.03553381
