495220.0 495419.0 495419.0 495622.0 495622.0 495824.0 495824.0 496026.0 496026.0 496228.0 496413.0 496413.0 496614.0 496614.0 496815.0 497017.0 497017.0 497218.0 497218.0 497419.0 497419.0 497620.0 497825.0 497825.0 498008.0 498209.0 498209.0 498410.0 498410.0 498611.0 498814.0 498814.0 499017.0 499017.0 499221.0 499424.0 499424.0 499606.0 499606.0 499811.0 499811.0 500013.0 500013.0 500216.0 500216.0 500418.0 500620.0 500620.0 500823.0 500823.0 501026.0 501206.0 501206.0 501428.0
501206.0 501206.0 501428.0 501428.0 501631.0 501833.0 501833.0 502033.0 502033.0 502234.0 502436.0 502436.0 502638.0 502638.0 502820.0 503022.0 503022.0 503224.0 503424.0 503424.0 503624.0 503824.0 503824.0 504027.0 504227.0 504227.0 504428.0 504428.0 504631.0 504831.0 504831.0 505030.0 505030.0 505232.0 505232.0 505433.0 505634.0 505634.0 505835.0 505835.0 506035.0 506236.0 506236.0 506437.0 506437.0 506638.0 506840.0 506840.0 507043.0 507227.0 507227.0 507430.0 507632.0 507632.0
507227.0 507227.0 507430.0 507632.0 507632.0 507834.0 507834.0 508037.0 508240.0 508240.0 508441.0 508625.0 508625.0 508827.0 508827.0 509030.0 509233.0 509233.0 509434.0 509434.0 509635.0 509635.0 509839.0 510044.0 510044.0 510226.0 510226.0 510447.0 510630.0 510630.0 510834.0 510834.0 511036.0 511239.0 511239.0 511442.0 511442.0 511643.0 511828.0 511828.0 512029.0 512230.0 512230.0 512431.0 512431.0 512631.0 512631.0 512833.0 513034.0 513034.0 513235.0 513440.0 513440.0 513641.0
519235.0 519235.0 519439.0 519439.0 519641.0 519641.0 519842.0 520044.0 520044.0 520227.0 520431.0 520431.0 520634.0 520634.0 520834.0 520834.0 521035.0 521035.0 521235.0 521437.0 521437.0 521639.0 521639.0 521840.0 521840.0 522042.0 522244.0 522244.0 522444.0 522444.0 522647.0 522829.0 522829.0 523034.0 523034.0 523237.0 523442.0 523442.0 523643.0 523643.0 523827.0 523827.0 524028.0 524229.0 524229.0 524429.0 524429.0 524631.0 524837.0 524837.0 525037.0 525037.0 525238.0 525238.0
525238.0 525238.0 525439.0 525439.0 525641.0 525641.0 525842.0 525842.0 526043.0 526245.0 526245.0 526432.0 526633.0 526633.0 526836.0 526836.0 527041.0 527041.0 527241.0 527441.0 527441.0 527643.0 527643.0 527844.0 528026.0 528227.0 528227.0 528429.0 528429.0 528631.0 528631.0 528832.0 528832.0 529033.0 529238.0 529238.0 529440.0 529644.0 529644.0 529846.0 530029.0 530029.0 530231.0 530231.0 530433.0 530433.0 530635.0 530837.0 530837.0 531038.0 531038.0 531239.0 531239.0 531441.0
531239.0 531239.0 531441.0 531644.0 531644.0 531826.0 532027.0 532027.0 532228.0 532228.0 532429.0 532429.0 532629.0 532629.0 532829.0 533031.0 533031.0 533231.0 533231.0 533435.0 533637.0 533637.0 533838.0 533838.0 534038.0 534222.0 534222.0 534422.0 534422.0 534623.0 534623.0 534825.0 534825.0 535028.0 535231.0 535231.0 535432.0 535635.0 535635.0 535836.0 535836.0 536037.0 536242.0 536242.0 536423.0 536423.0 536627.0 536627.0 536830.0 537033.0 537033.0 537233.0 537437.0 537437.0
192045.0 192045.0 192248.0 192452.0 192452.0 192656.0 192656.0 193065.0 193065.0 193252.0 193460.0 193460.0 193663.0 193848.0 193848.0 194054.0 194054.0 194256.0 194458.0 194458.0 194665.0 194850.0 194850.0 195054.0 195261.0 195261.0 195466.0 195466.0 195649.0 195853.0 196059.0 196059.0 196266.0 196266.0 196451.0 196657.0 196657.0 196867.0 197050.0 197252.0 197252.0 197454.0 197657.0 197657.0 197859.0 198065.0 198065.0 198248.0 198248.0 198453.0 198661.0 198661.0 198866.0 198866.0
292058.0 292058.0 292266.0 292266.0 292456.0 292456.0 292660.0 292660.0 292866.0 293052.0 293259.0 293259.0 293464.0 293668.0 293668.0 293854.0 294065.0 294065.0 294269.0 294453.0 294453.0 294658.0 294862.0 294862.0 295066.0 295269.0 295269.0 295456.0 295664.0 295664.0 295850.0 296053.0 296053.0 296260.0 296260.0 296466.0 296669.0 296853.0 296853.0 297057.0 297057.0 297263.0 297462.0 297462.0 297666.0 297871.0 297871.0 298056.0 298264.0 298264.0 298469.0 298671.0 298671.0 298857.0
422406.0 422406.0 422588.0 422588.0 422792.0 422998.0 423203.0 423203.0 423391.0 423391.0 423796.0 423796.0 423999.0 423999.0 424185.0 424391.0 424596.0 424596.0 424801.0 425005.0 425005.0 425190.0 425399.0 425399.0 425604.0 425792.0 425792.0 425996.0 425996.0 426199.0 426199.0 426402.0 426402.0 426609.0 426795.0 426795.0 427000.0 427000.0 427204.0 427408.0 427593.0 427593.0 427796.0 427796.0 427997.0 428201.0 428201.0 428404.0 428591.0 428591.0 428999.0 428999.0 429203.0 429406.0
543399.0 543399.0 543603.0 543603.0 543809.0 544010.0 544214.0 544214.0 544396.0 544600.0 544600.0 544810.0 545014.0 545202.0 545410.0 545410.0 545613.0 545796.0 545796.0 546004.0 546208.0 546208.0 546413.0 546413.0 546597.0 546801.0 547011.0 547011.0 547194.0 547397.0 547397.0 547607.0 547794.0 547794.0 548001.0 548207.0 548207.0 548391.0 548594.0 548594.0 548800.0 549004.0 549004.0 549208.0 549208.0 549411.0 549595.0 549799.0 550002.0 550002.0 550207.0 550394.0 550394.0 550601.0
615202.0 615404.0 615404.0 615608.0 615800.0 615800.0 616207.0 616207.0 616413.0 616595.0 616595.0 616798.0 617000.0 617000.0 617205.0 617392.0 617392.0 617596.0 617798.0 618010.0 618194.0 618194.0 618397.0 618600.0 618600.0 618802.0 619006.0 619208.0 619208.0 619413.0 619603.0 619603.0 619807.0 620201.0 620201.0 620407.0 620407.0 620591.0 620795.0 621002.0 621002.0 621205.0 621393.0 621393.0 621599.0 621802.0 621802.0 622004.0 622208.0 622208.0 622595.0 622595.0 622797.0 622797.0
626400.0 626603.0 626807.0 626807.0 627009.0 627191.0 627191.0 627394.0 627596.0 627798.0 628002.0 628002.0 628210.0 628395.0 628395.0 628605.0 628605.0 628809.0 629013.0 629013.0 629196.0 629402.0 629402.0 629611.0 629796.0 629999.0 630203.0 630408.0 630408.0 630610.0 630812.0 630812.0 630997.0 631200.0 631200.0 631404.0 631609.0 631800.0 631800.0 632004.0 632004.0 632206.0 632392.0 632392.0 632599.0 632599.0 632805.0 633011.0 633199.0 633199.0 633403.0 633403.0 633607.0 633607.0
592407.0 592407.0 592591.0 592798.0 592798.0 593006.0 593209.0 593398.0 593398.0 593605.0 593811.0 593811.0 593999.0 593999.0 594203.0 594203.0 594405.0 594608.0 594608.0 594791.0 594791.0 594994.0 595197.0 595197.0 595400.0 595603.0 595603.0 595805.0 595805.0 596008.0 596008.0 596210.0 596394.0 596601.0 596601.0 596803.0 597211.0 597395.0 597599.0 597599.0 597804.0 597804.0 598015.0 598406.0 598406.0 598593.0 598798.0 598798.0 599001.0 599001.0 599395.0 599600.0 599810.0 599995.0
571044.0 571245.0 571447.0 571447.0 571649.0 571649.0 571849.0 572049.0 572049.0 572248.0 572248.0 572435.0 572636.0 572837.0 572837.0 573039.0 573039.0 573239.0 573447.0 573447.0 573649.0 573649.0 573849.0 574050.0 574050.0 574249.0 574249.0 574454.0 574635.0 574835.0 575035.0 575439.0 575640.0 575841.0 576041.0 576444.0 576646.0 577046.0 577246.0 577448.0 577632.0 577632.0 577833.0 577833.0 578033.0 578033.0 578233.0 578438.0 578638.0 578638.0 578839.0 578839.0 579040.0 579241.0
579241.0 579241.0 579444.0 579444.0 579645.0 579645.0 579845.0 579845.0 580046.0 580246.0 580246.0 580450.0 580651.0 580651.0 580831.0 580831.0 581052.0 581052.0 581252.0 581434.0 581434.0 581635.0 581635.0 581836.0 582035.0 582035.0 582235.0 582438.0 582438.0 582640.0 582640.0 582841.0 582841.0 583042.0 583243.0 583243.0 583450.0 583650.0 583650.0 583850.0 584050.0 584050.0 584250.0 584250.0 584453.0 584652.0 584853.0 584853.0 585037.0 585240.0 585646.0 585646.0 585847.0 586249.0
623039.0 623239.0 623239.0 623443.0 623443.0 623644.0 623844.0 623844.0 624044.0 624244.0 624244.0 624447.0 624447.0 624850.0 625051.0 625252.0 625434.0 625635.0 625835.0 626036.0 626036.0 626236.0 626439.0 626843.0 627044.0 627044.0 627243.0 627243.0 627448.0 627631.0 627631.0 627850.0 627850.0 628051.0 628051.0 628250.0 628436.0 628436.0 628637.0 628837.0 628837.0 629037.0 629037.0 629237.0 629237.0 629440.0 629642.0 629642.0 629842.0 629842.0 630042.0 630042.0 630242.0 630445.0
631045.0 631245.0 631245.0 631450.0 631632.0 631632.0 631832.0 631832.0 632052.0 632052.0 632234.0 632234.0 632437.0 632639.0 632639.0 632840.0 632840.0 633042.0 633042.0 633243.0 633450.0 633450.0 633651.0 633651.0 633851.0 633851.0 634053.0 634053.0 634253.0 634457.0 634457.0 634638.0 635040.0 635040.0 635442.0 635642.0 635642.0 636042.0 636042.0 636242.0 636445.0 636647.0 636647.0 636849.0 637253.0 637436.0 637638.0 637839.0 638039.0 638238.0 638446.0 638647.0 638849.0 639051.0
638039.0 638238.0 638446.0 638647.0 638849.0 639051.0 639251.0 639251.0 639433.0 639634.0 639834.0 639834.0 640034.0 640235.0 640639.0 640639.0 640840.0 641041.0 641242.0 641242.0 641447.0 641851.0 641851.0 642231.0 642455.0 642639.0 642840.0 643041.0 643041.0 643241.0 643443.0 643443.0 643645.0 643645.0 643848.0 644048.0 644048.0 644249.0 644452.0 644452.0 644652.0 644852.0 645252.0 645457.0 645640.0 645840.0 645840.0 646242.0 646242.0 646446.0 646647.0 646847.0 647047.0 647248.0
646242.0 646242.0 646446.0 646647.0 646847.0 647047.0 647248.0 647454.0 647454.0 647637.0 647637.0 647837.0 647837.0 648037.0 648237.0 648237.0 648441.0 648441.0 648643.0 648643.0 648845.0 649044.0 649044.0 649244.0 649244.0 649448.0 649648.0 649648.0 649848.0 649848.0 650049.0 650248.0 650248.0 650452.0 650654.0 650654.0 650854.0 650854.0 651055.0 651254.0 651439.0 651439.0 651642.0 651842.0 651842.0 652042.0 652242.0 652242.0 652445.0 652646.0 652646.0 652848.0 652848.0 653048.0
654056.0 654256.0 654256.0 654441.0 654647.0 654847.0 655047.0 655047.0 655247.0 655451.0 655652.0 655852.0 656052.0 656052.0 656252.0 656638.0 656838.0 657038.0 657238.0 657238.0 657441.0 657441.0 657642.0 657642.0 657842.0 657842.0 658042.0 658042.0 658242.0 658242.0 658445.0 658649.0 658649.0 658849.0 658849.0 659050.0 659050.0 659249.0 659453.0 659453.0 659655.0 659655.0 659855.0 660056.0 660056.0 660255.0 660440.0 660440.0 660640.0 660640.0 660841.0 661041.0 661041.0 661241.0
670050.0 670250.0 670250.0 670454.0 670655.0 670655.0 670855.0 670855.0 671056.0 671256.0 671256.0 671439.0 671645.0 671645.0 671845.0 671845.0 672046.0 672245.0 672245.0 672449.0 672449.0 672651.0 672851.0 672851.0 673051.0 673051.0 673251.0 673439.0 673439.0 673641.0 673641.0 673841.0 674041.0 674041.0 674241.0 674446.0 674446.0 674648.0 674848.0 675048.0 675248.0 675451.0 675451.0 675852.0 676052.0 676252.0 676252.0 676637.0 676838.0 677039.0 677238.0 677238.0 677442.0 677643.0
177556.0 177742.0 177742.0 177948.0 178155.0 178155.0 178344.0 178344.0 178550.0 178752.0 178752.0 178955.0 179139.0 179139.0 179343.0 179548.0 179548.0 179754.0 179942.0 179942.0 180148.0 180148.0 180352.0 180556.0 180741.0 180741.0 180951.0 181158.0 181158.0 181341.0 181546.0 181546.0 181750.0 181750.0 181953.0 182157.0 182157.0 182341.0 182544.0 182544.0 182752.0 182958.0 182958.0 183144.0 183144.0 183353.0 183353.0 183558.0 183744.0 183952.0 183952.0 184158.0 184158.0 184359.0
205544.0 205544.0 205751.0 205955.0 205955.0 206158.0 206343.0 206343.0 206548.0 206753.0 206753.0 206960.0 206960.0 207143.0 207143.0 207346.0 207346.0 207551.0 207754.0 207754.0 207961.0 208147.0 208356.0 208356.0 208544.0 208544.0 208746.0 208949.0 208949.0 209153.0 209356.0 209356.0 209559.0 209762.0 209762.0 209945.0 210153.0 210153.0 210355.0 210355.0 210560.0 210764.0 210764.0 210948.0 211159.0 211159.0 211364.0 211547.0 211547.0 211752.0 211953.0 212157.0 212157.0 212359.0
222548.0 222548.0 222759.0 222942.0 222942.0 223147.0 223350.0 223350.0 223556.0 223556.0 223757.0 223757.0 223961.0 224162.0 224162.0 224344.0 224547.0 224547.0 224749.0 224961.0 224961.0 225167.0 225350.0 225350.0 225553.0 225754.0 225754.0 225956.0 225956.0 226158.0 226346.0 226346.0 226553.0 226760.0 226760.0 226947.0 227154.0 227154.0 227361.0 227543.0 227746.0 227746.0 227950.0 228153.0 228153.0 228357.0 228357.0 228561.0 228746.0 228746.0 228949.0 229152.0 229152.0 229355.0
269553.0 269553.0 269759.0 269963.0 269963.0 270165.0 270348.0 270348.0 270550.0 270550.0 270753.0 270956.0 270956.0 271159.0 271363.0 271363.0 271551.0 271763.0 271763.0 271949.0 272151.0 272151.0 272355.0 272355.0 272563.0 272563.0 272767.0 272956.0 273164.0 273164.0 273346.0 273550.0 273550.0 273754.0 273958.0 273958.0 274160.0 274364.0 274364.0 274548.0 274751.0 274751.0 274954.0 274954.0 275156.0 275359.0 275359.0 275562.0 275562.0 275765.0 275946.0 275946.0 276152.0 276355.0
252555.0 252759.0 252759.0 252963.0 253150.0 253150.0 253358.0 253545.0 253749.0 253749.0 253953.0 253953.0 254157.0 254359.0 254359.0 254561.0 254561.0 254765.0 254950.0 254950.0 255155.0 255358.0 255358.0 255562.0 255562.0 255764.0 255950.0 255950.0 256156.0 256359.0 256562.0 256765.0 256765.0 256968.0 257151.0 257151.0 257353.0 257557.0 257746.0 257746.0 257951.0 258154.0 258154.0 258356.0 258559.0 258559.0 258762.0 258762.0 258965.0 259158.0 259158.0 259360.0 259547.0 259547.0
280569.0 280569.0 280753.0 280961.0 280961.0 281166.0 281368.0 281368.0 281551.0 281551.0 281758.0 281758.0 281967.0 282158.0 282363.0 282363.0 282551.0 282754.0 282754.0 282959.0 282959.0 283161.0 283351.0 283559.0 283559.0 283761.0 283951.0 283951.0 284155.0 284359.0 284359.0 284567.0 284753.0 284753.0 284959.0 285165.0 285165.0 285353.0 285558.0 285558.0 285760.0 285966.0 285966.0 286150.0 286150.0 286356.0 286561.0 286561.0 286764.0 286764.0 286966.0 287150.0 287150.0 287362.0
301561.0 301561.0 301746.0 301954.0 301954.0 302160.0 302363.0 302363.0 302566.0 302752.0 302752.0 302955.0 302955.0 303160.0 303362.0 303546.0 303546.0 303753.0 303753.0 303960.0 304148.0 304352.0 304352.0 304555.0 304555.0 304763.0 304763.0 304967.0 305151.0 305354.0 305354.0 305558.0 305762.0 305964.0 305964.0 306154.0 306154.0 306360.0 306565.0 306565.0 306749.0 306954.0 306954.0 307162.0 307344.0 307344.0 307547.0 307547.0 307750.0 307953.0 307953.0 308160.0 308367.0 308549.0
316361.0 316564.0 316748.0 316748.0 316955.0 317159.0 317362.0 317547.0 317547.0 317752.0 317752.0 317959.0 318161.0 318161.0 318351.0 318351.0 318553.0 318758.0 318758.0 318962.0 319165.0 319165.0 319348.0 319556.0 319761.0 319761.0 319966.0 320155.0 320155.0 320359.0 320359.0 320561.0 320769.0 320952.0 320952.0 321159.0 321362.0 321362.0 321553.0 321553.0 321758.0 321960.0 321960.0 322163.0 322367.0 322367.0 322557.0 322557.0 322742.0 322951.0 322951.0 323159.0 323365.0 323365.0
323552.0 323757.0 323757.0 323959.0 324162.0 324162.0 324345.0 324551.0 324551.0 324754.0 324956.0 324956.0 325161.0 325362.0 325362.0 325566.0 325566.0 325754.0 325957.0 325957.0 326165.0 326350.0 326350.0 326555.0 326763.0 326763.0 326968.0 327152.0 327152.0 327356.0 327356.0 327560.0 327747.0 327747.0 327950.0 328156.0 328156.0 328361.0 328552.0 328552.0 328756.0 328960.0 328960.0 329163.0 329163.0 329354.0 329557.0 329557.0 329763.0 329966.0 329966.0 330150.0 330353.0 330353.0
330560.0 330560.0 330765.0 330765.0 330950.0 331158.0 331158.0 331362.0 331362.0 331565.0 331753.0 331753.0 331959.0 331959.0 332164.0 332351.0 332556.0 332556.0 332746.0 332746.0 332950.0 333152.0 333152.0 333355.0 333559.0 333559.0 333765.0 333954.0 333954.0 334159.0 334159.0 334364.0 334553.0 334553.0 334758.0 334758.0 334963.0 335148.0 335148.0 335351.0 335351.0 335554.0 335757.0 335757.0 335962.0 336149.0 336149.0 336353.0 336556.0 336556.0 336758.0 336758.0 336961.0 336961.0
443204.0 443407.0 443611.0 443611.0 443801.0 444007.0 444007.0 444211.0 444414.0 444600.0 444600.0 444804.0 444988.0 444988.0 445416.0 445416.0 445618.0 445798.0 445798.0 446000.0 446205.0 446408.0 446408.0 446611.0 446797.0 446797.0 447020.0 447020.0 447203.0 447409.0 447409.0 447616.0 447818.0 447818.0 448000.0 448203.0 448203.0 448415.0 448616.0 448616.0 448798.0 449003.0 449003.0 449207.0 449416.0 449416.0 449600.0 449600.0 449804.0 450007.0 450007.0 450211.0 450414.0 450601.0
458209.0 458413.0 458617.0 458804.0 459018.0 459202.0 459202.0 459408.0 459611.0 459611.0 459814.0 460016.0 460016.0 460199.0 460405.0 460609.0 460609.0 460814.0 460814.0 461000.0 461204.0 461408.0 461408.0 461609.0 461609.0 461813.0 461999.0 461999.0 462204.0 462407.0 462407.0 462612.0 462815.0 462815.0 463021.0 463204.0 463408.0 463408.0 463616.0 463805.0 463805.0 464012.0 464012.0 464221.0 464406.0 464406.0 464611.0 464817.0 464817.0 465002.0 465206.0 465206.0 465410.0 465616.0
466211.0 466414.0 466599.0 466599.0 466803.0 466803.0 467005.0 467005.0 467215.0 467415.0 467415.0 467604.0 467604.0 467806.0 468010.0 468010.0 468214.0 468214.0 468419.0 468603.0 468808.0 468808.0 469014.0 469014.0 469221.0 469405.0 469405.0 469612.0 469814.0 469814.0 470015.0 470202.0 470202.0 470406.0 470406.0 470611.0 470611.0 470817.0 471018.0 471208.0 471208.0 471413.0 471600.0 471600.0 471807.0 472010.0 472199.0 472199.0 472403.0 472609.0 472609.0 472797.0 473003.0 473207.0
473207.0 473410.0 473597.0 473805.0 473805.0 474016.0 474201.0 474201.0 474412.0 474600.0 474600.0 474807.0 475011.0 475011.0 475214.0 475421.0 475610.0 475610.0 475816.0 475999.0 475999.0 476205.0 476411.0 476411.0 476816.0 476816.0 477019.0 477019.0 477203.0 477203.0 477408.0 477615.0 477615.0 477800.0 478009.0 478009.0 478219.0 478404.0 478608.0 478608.0 479014.0 479219.0 479219.0 479407.0 479407.0 479612.0 479798.0 480001.0 480001.0 480204.0 480406.0 480406.0 480610.0 480812.0
490407.0 490407.0 490592.0 490794.0 490794.0 490999.0 491202.0 491202.0 491406.0 491611.0 491793.0 491793.0 491997.0 492202.0 492202.0 492392.0 492603.0 492603.0 492807.0 492992.0 492992.0 493195.0 493401.0 493401.0 493607.0 493792.0 493792.0 494002.0 494209.0 494394.0 494394.0 494602.0 494602.0 494805.0 494992.0 494992.0 495200.0 495405.0 495405.0 495609.0 495793.0 495793.0 495995.0 495995.0 496198.0 496402.0 496402.0 496605.0 496808.0 496808.0 497011.0 497194.0 497194.0 497399.0
514396.0 514396.0 514601.0 514601.0 514808.0 514991.0 514991.0 515197.0 515197.0 515401.0 515401.0 515608.0 515814.0 515998.0 515998.0 516201.0 516201.0 516405.0 516612.0 516612.0 516798.0 517003.0 517003.0 517210.0 517210.0 517397.0 517601.0 517601.0 517794.0 517794.0 518001.0 518407.0 518407.0 518596.0 518596.0 518803.0 518991.0 518991.0 519197.0 519197.0 519401.0 519607.0 519607.0 519790.0 519993.0 519993.0 520201.0 520201.0 520406.0 520591.0 520591.0 520799.0 520799.0 521009.0
522394.0 522394.0 522598.0 522598.0 522803.0 522991.0 522991.0 523196.0 523196.0 523399.0 523603.0 523791.0 523791.0 524002.0 524002.0 524191.0 524399.0 524399.0 524605.0 524790.0 524992.0 524992.0 525198.0 525198.0 525401.0 525603.0 525603.0 525806.0 526009.0 526009.0 526191.0 526394.0 526394.0 526598.0 526803.0 526803.0 527009.0 527192.0 527192.0 527400.0 527605.0 527605.0 527807.0 527991.0 527991.0 528196.0 528404.0 528607.0 528607.0 528791.0 528791.0 528998.0 529204.0 529408.0
539207.0 539407.0 539609.0 539609.0 539800.0 540007.0 540007.0 540210.0 540412.0 540412.0 540596.0 540596.0 541000.0 541000.0 541204.0 541413.0 541413.0 541597.0 541801.0 541801.0 542009.0 542009.0 542194.0 542403.0 542403.0 542611.0 542611.0 542799.0 542799.0 543005.0 543210.0 543210.0 543399.0 543399.0 543603.0 543603.0 543809.0 544010.0 544214.0 544214.0 544396.0 544600.0 544600.0 544810.0 545014.0 545202.0 545410.0 545410.0 545613.0 545796.0 545796.0 546004.0 546208.0 546208.0
343048.0 343247.0 343435.0 343435.0 343638.0 343838.0 343838.0 344038.0 344238.0 344442.0 344442.0 344844.0 344844.0 345044.0 345244.0 345448.0 345631.0 345851.0 346231.0 346434.0 346635.0 346836.0 347036.0 347036.0 347235.0 347438.0 347438.0 347640.0 347640.0 347840.0 348040.0 348040.0 348240.0 348240.0 348444.0 348444.0 348646.0 348827.0 348827.0 349047.0 349047.0 349246.0 349246.0 349430.0 349430.0 349632.0 349632.0 349833.0 350032.0 350032.0 350232.0 350232.0 350437.0 350638.0
357030.0 357229.0 357229.0 357434.0 357434.0 357635.0 357635.0 357835.0 358035.0 358035.0 358235.0 358235.0 358439.0 358640.0 358640.0 358840.0 358840.0 359040.0 359240.0 359240.0 359444.0 359444.0 359646.0 359846.0 359846.0 360046.0 360046.0 360246.0 360429.0 360429.0 360630.0 360630.0 360850.0 360850.0 361030.0 361030.0 361230.0 361433.0 361433.0 361637.0 361637.0 361837.0 361837.0 362037.0 362237.0 362237.0 362440.0 362440.0 362642.0 362843.0 362843.0 363043.0 363043.0 363243.0
372034.0 372234.0 372234.0 372438.0 372639.0 372639.0 372840.0 372840.0 373040.0 373040.0 373240.0 373442.0 373442.0 373644.0 373845.0 373845.0 374044.0 374244.0 374447.0 374630.0 374831.0 375230.0 375230.0 375636.0 375837.0 375837.0 376037.0 376237.0 376440.0 376440.0 376842.0 376842.0 377041.0 377041.0 377241.0 377446.0 377446.0 377647.0 377847.0 377847.0 378048.0 378048.0 378247.0 378450.0 378450.0 378633.0 378633.0 378834.0 379034.0 379034.0 379235.0 379235.0 379437.0 379437.0
400040.0 400240.0 400240.0 400446.0 400629.0 400629.0 400831.0 400831.0 401051.0 401051.0 401231.0 401231.0 401456.0 401837.0 401837.0 402037.0 402037.0 402237.0 402439.0 402439.0 402639.0 402639.0 402839.0 403039.0 403039.0 403239.0 403239.0 403443.0 403443.0 403645.0 403645.0 403844.0 404044.0 404044.0 404244.0 404447.0 404631.0 405030.0 405030.0 405231.0 405434.0 405636.0 405836.0 406037.0 406236.0 406439.0 406643.0 406843.0 407242.0 407242.0 407446.0 407446.0 407648.0 407829.0
420034.0 420234.0 420234.0 420639.0 420639.0 420839.0 421039.0 421039.0 421240.0 421240.0 421444.0 421444.0 421648.0 421648.0 421848.0 422048.0 422048.0 422248.0 422248.0 422432.0 422633.0 422633.0 422833.0 422833.0 423033.0 423033.0 423253.0 423438.0 423638.0 423638.0 423839.0 423839.0 424039.0 424039.0 424238.0 424441.0 424643.0 425043.0 425243.0 425243.0 425627.0 425627.0 425847.0 426047.0 426247.0 426452.0 426452.0 426635.0 426835.0 427035.0 427035.0 427235.0 427440.0 427440.0
241055.0 241256.0 241256.0 241459.0 241459.0 241661.0 241864.0 241864.0 242066.0 242066.0 242269.0 242452.0 242654.0 242654.0 242857.0 243062.0 243062.0 243263.0 243263.0 243464.0 243667.0 243667.0 243867.0 244067.0 244067.0 244268.0 244451.0 244451.0 244654.0 244654.0 244854.0 244854.0 245056.0 245262.0 245262.0 245464.0 245464.0 245666.0 245869.0 245869.0 246051.0 246256.0 246256.0 246460.0 246663.0 246663.0 246865.0 246865.0 247067.0 247270.0 247270.0 247452.0 247655.0 247655.0
246865.0 247067.0 247270.0 247270.0 247452.0 247655.0 247655.0 247857.0 248058.0 248058.0 248262.0 248262.0 248465.0 248465.0 248650.0 248851.0 248851.0 249054.0 249054.0 249256.0 249256.0 249456.0 249658.0 249658.0 249859.0 249859.0 250060.0 250060.0 250261.0 250261.0 250463.0 250663.0 250663.0 250865.0 251067.0 251067.0 251249.0 251450.0 251450.0 251653.0 251852.0 251852.0 252058.0 252058.0 252259.0 252259.0 252462.0 252462.0 252664.0 252868.0 252868.0 253051.0 253253.0 253253.0
259857.0 260059.0 260262.0 260262.0 260465.0 260465.0 260667.0 260849.0 260849.0 261053.0 261053.0 261256.0 261458.0 261458.0 261662.0 261863.0 261863.0 262048.0 262249.0 262249.0 262452.0 262452.0 262653.0 262854.0 262854.0 263060.0 263060.0 263262.0 263262.0 263465.0 263666.0 263666.0 263849.0 263849.0 264055.0 264258.0 264258.0 264460.0 264664.0 264664.0 264866.0 264866.0 265067.0 265249.0 265249.0 265449.0 265669.0 265669.0 265870.0 265870.0 266070.0 266254.0 266254.0 266454.0
276052.0 276052.0 276255.0 276255.0 276456.0 276659.0 276659.0 276861.0 277064.0 277064.0 277247.0 277452.0 277452.0 277656.0 277656.0 277859.0 278061.0 278061.0 278263.0 278466.0 278466.0 278669.0 278669.0 278851.0 279052.0 279052.0 279253.0 279253.0 279456.0 279657.0 279657.0 279858.0 280061.0 280061.0 280261.0 280261.0 280464.0 280666.0 280666.0 280848.0 281049.0 281049.0 281252.0 281252.0 281453.0 281657.0 281859.0 281859.0 282062.0 282062.0 282264.0 282447.0 282447.0 282651.0
292862.0 293065.0 293065.0 293269.0 293452.0 293452.0 293653.0 293653.0 293856.0 294059.0 294059.0 294263.0 294263.0 294465.0 294667.0 294667.0 294869.0 295052.0 295052.0 295254.0 295254.0 295458.0 295660.0 295861.0 295861.0 296063.0 296063.0 296265.0 296469.0 296469.0 296652.0 296652.0 296852.0 296852.0 297052.0 297252.0 297252.0 297452.0 297652.0 297652.0 297854.0 298055.0 298257.0 298257.0 298459.0 298459.0 298661.0 298863.0 299064.0 299064.0 299265.0 299465.0 299465.0 299647.0
300860.0 301061.0 301262.0 301262.0 301463.0 301463.0 301665.0 301867.0 301867.0 302050.0 302251.0 302251.0 302453.0 302453.0 302653.0 302653.0 302855.0 303055.0 303055.0 303255.0 303456.0 303456.0 303658.0 303658.0 303860.0 304062.0 304062.0 304263.0 304263.0 304464.0 304666.0 304666.0 304850.0 304850.0 305051.0 305252.0 305252.0 305455.0 305657.0 305657.0 305857.0 305857.0 306061.0 306061.0 306263.0 306263.0 306464.0 306666.0 306666.0 306867.0 307067.0 307067.0 307268.0 307268.0
311058.0 311262.0 311262.0 311464.0 311464.0 311666.0 311848.0 311848.0 312050.0 312050.0 312253.0 312453.0 312453.0 312654.0 312856.0 312856.0 313058.0 313058.0 313258.0 313461.0 313461.0 313663.0 313663.0 313864.0 314068.0 314068.0 314250.0 314454.0 314454.0 314657.0 314657.0 314860.0 315062.0 315062.0 315265.0 315265.0 315467.0 315651.0 315854.0 315854.0 316057.0 316057.0 316259.0 316461.0 316461.0 316664.0 316851.0 316851.0 317071.0 317071.0 317253.0 317253.0 317453.0 317655.0
318863.0 319064.0 319266.0 319266.0 319466.0 319667.0 319667.0 319849.0 320051.0 320051.0 320255.0 320255.0 320456.0 320659.0 320659.0 320860.0 321061.0 321061.0 321263.0 321463.0 321463.0 321665.0 321867.0 321867.0 322070.0 322253.0 322253.0 322456.0 322658.0 322658.0 322861.0 322861.0 323063.0 323265.0 323265.0 323469.0 323652.0 323652.0 323854.0 323854.0 324056.0 324056.0 324257.0 324458.0 324660.0 324860.0 324860.0 325061.0 325263.0 325263.0 325447.0 325447.0 325669.0 325850.0
161844.0 162045.0 162246.0 162246.0 162447.0 162651.0 162651.0 162850.0 162850.0 163051.0 163251.0 163251.0 163453.0 163453.0 163653.0 163854.0 163854.0 164054.0 164254.0 164254.0 164458.0 164458.0 164659.0 164859.0 164859.0 165060.0 165060.0 165261.0 165261.0 165446.0 165667.0 165667.0 165849.0 165849.0 166054.0 166054.0 166255.0 166457.0 166457.0 166659.0 166859.0 166859.0 167061.0 167061.0 167264.0 167445.0 167445.0 167648.0 167648.0 167848.0 168049.0 168049.0 168250.0 168250.0
169052.0 169052.0 169252.0 169453.0 169453.0 169653.0 169653.0 169854.0 170055.0 170055.0 170258.0 170460.0 170460.0 170643.0 170643.0 170845.0 171049.0 171049.0 171252.0 171252.0 171454.0 171454.0 171656.0 171857.0 171857.0 172057.0 172057.0 172260.0 172442.0 172442.0 172644.0 172845.0 172845.0 173050.0 173050.0 173252.0 173252.0 173455.0 173656.0 173656.0 173857.0 173857.0 174058.0 174259.0 174259.0 174458.0 174458.0 174660.0 174660.0 175061.0 175262.0 175262.0 175462.0 175462.0
185859.0 186061.0 186261.0 186261.0 186462.0 186462.0 186663.0 186663.0 186864.0 187045.0 187045.0 187266.0 187266.0 187448.0 187649.0 187649.0 187853.0 187853.0 188055.0 188055.0 188255.0 188255.0 188456.0 188656.0 188656.0 188857.0 189059.0 189059.0 189259.0 189259.0 189459.0 189459.0 189659.0 189659.0 189859.0 190059.0 190059.0 190260.0 190260.0 190463.0 190463.0 190662.0 190843.0 190843.0 191063.0 191063.0 191264.0 191444.0 191444.0 191664.0 191664.0 191864.0 192044.0 192044.0
361067.0 361067.0 361269.0 361269.0 361453.0 361655.0 361655.0 361857.0 361857.0 362060.0 362060.0 362263.0 362463.0 362463.0 362665.0 362865.0 362865.0 363047.0 363248.0 363248.0 363449.0 363449.0 363650.0 363853.0 363853.0 364056.0 364056.0 364257.0 364257.0 364458.0 364659.0 364659.0 364860.0 364860.0 365064.0 365064.0 365267.0 365467.0 365467.0 365648.0 365648.0 365851.0 366053.0 366053.0 366254.0 366254.0 366456.0 366656.0 366656.0 366857.0 366857.0 367062.0 367062.0 367265.0
370862.0 371062.0 371265.0 371265.0 371467.0 371467.0 371668.0 371851.0 371851.0 372073.0 372256.0 372256.0 372459.0 372662.0 372662.0 372865.0 372865.0 373067.0 373250.0 373250.0 373453.0 373453.0 373655.0 373856.0 373856.0 374058.0 374262.0 374262.0 374463.0 374463.0 374663.0 374864.0 374864.0 375064.0 375064.0 375264.0 375468.0 375468.0 375668.0 375668.0 375869.0 376050.0 376050.0 376252.0 376252.0 376454.0 376658.0 376658.0 376859.0 377060.0 377060.0 377060.0 377266.0 377467.0
77033.0 77233.0 77233.0 77435.0 77617.0 77617.0 77838.0 78018.0 78018.0 78218.0 78218.0 78421.0 78421.0 78624.0 78825.0 78825.0 79026.0 79026.0 79228.0 79432.0 79432.0 79635.0 79635.0 79816.0 80015.0 80015.0 80216.0 80216.0 80421.0 80622.0 80622.0 80823.0 80823.0 81023.0 81023.0 81223.0 81426.0 81426.0 81628.0 81628.0 81830.0 82029.0 82029.0 82231.0 82231.0 82434.0 82635.0 82635.0 82836.0 83036.0 83036.0 83236.0 83236.0 83439.0
97028.0 97228.0 97431.0 97431.0 97632.0 97632.0 97833.0 97833.0 98036.0 98036.0 98237.0 98422.0 98422.0 98623.0 98824.0 98824.0 99023.0 99023.0 99224.0 99224.0 99427.0 99629.0 99629.0 99828.0 99828.0 100029.0 100029.0 100229.0 100434.0 100434.0 100635.0 100635.0 100835.0 101035.0 101035.0 101235.0 101235.0 101439.0 101621.0 101621.0 101821.0 101821.0 102021.0 102021.0 102221.0 102221.0 102423.0 102423.0 102626.0 102826.0 102826.0 103026.0 103026.0 103226.0
108034.0 108234.0 108437.0 108619.0 108619.0 108821.0 109022.0 109022.0 109223.0 109423.0 109423.0 109625.0 109625.0 109825.0 110025.0 110025.0 110225.0 110428.0 110428.0 110629.0 110629.0 110830.0 111030.0 111030.0 111230.0 111230.0 111433.0 111635.0 111635.0 111835.0 111835.0 112036.0 112036.0 112235.0 112419.0 112419.0 112621.0 112621.0 112821.0 112821.0 113021.0 113222.0 113222.0 113423.0 113626.0 113626.0 113828.0 113828.0 114229.0 114431.0 114633.0 115033.0 115033.0 115437.0
123023.0 123223.0 123223.0 123426.0 123426.0 123627.0 123627.0 123827.0 124027.0 124227.0 124431.0 124632.0 124833.0 124833.0 125033.0 125436.0 125436.0 126038.0 126237.0 126237.0 126421.0 126623.0 126824.0 126824.0 127024.0 127223.0 127223.0 127426.0 127629.0 127629.0 127829.0 128029.0 128029.0 128228.0 128431.0 128431.0 128633.0 128633.0 128833.0 128833.0 129034.0 129233.0 129233.0 129437.0 129437.0 129619.0 129839.0 129839.0 130019.0 130019.0 130238.0 130423.0 130423.0 130623.0
145038.0 145238.0 145443.0 145443.0 145644.0 145844.0 146044.0 146044.0 146244.0 146448.0 146649.0 146849.0 146849.0 147049.0 147249.0 147249.0 147454.0 147635.0 147635.0 147834.0 147834.0 148034.0 148235.0 148235.0 148439.0 148439.0 148641.0 148841.0 148841.0 149041.0 149041.0 149240.0 149444.0 149444.0 149646.0 149646.0 149846.0 150045.0 150045.0 150246.0 150246.0 150449.0 150449.0 150651.0 150852.0 150852.0 151052.0 151052.0 151251.0 151435.0 151435.0 151636.0 151836.0 151836.0
152036.0 152236.0 152236.0 152440.0 152440.0 152642.0 152843.0 152843.0 153043.0 153043.0 153243.0 153243.0 153446.0 153446.0 153647.0 153647.0 153847.0 153847.0 154047.0 154247.0 154652.0 154852.0 155052.0 155252.0 155455.0 155635.0 155835.0 156055.0 156440.0 156641.0 156841.0 157041.0 157041.0 157241.0 157447.0 157447.0 157649.0 157850.0 157850.0 158051.0 158051.0 158250.0 158453.0 158453.0 158655.0 158655.0 158855.0 159055.0 159055.0 159255.0 159438.0 159438.0 159639.0 159639.0
176244.0 176427.0 176427.0 176831.0 177031.0 177231.0 177231.0 177436.0 177436.0 177638.0 177638.0 177839.0 178040.0 178040.0 178241.0 178241.0 178444.0 178444.0 178644.0 178844.0 178844.0 179044.0 179044.0 179226.0 179226.0 179448.0 179448.0 179631.0 179833.0 179833.0 180035.0 180235.0 180235.0 180437.0 180437.0 180639.0 180639.0 180839.0 181040.0 181040.0 181241.0 181427.0 181427.0 181627.0 181827.0 181827.0 182030.0 182030.0 182231.0 182231.0 182435.0 182636.0 182636.0 182837.0
182030.0 182231.0 182231.0 182435.0 182636.0 182636.0 182837.0 182837.0 183037.0 183239.0 183239.0 183445.0 183626.0 183626.0 183827.0 184027.0 184228.0 184433.0 184634.0 184834.0 185035.0 185035.0 185438.0 185638.0 185838.0 186039.0 186039.0 186240.0 186624.0 186624.0 186825.0 187026.0 187228.0 187432.0 187634.0 187835.0 188035.0 188237.0 188440.0 188440.0 188642.0 188843.0 189044.0 189044.0 189430.0 189631.0 189631.0 189832.0 190032.0 190232.0 190435.0 190636.0 190836.0 191036.0
214221.0 214221.0 214426.0 214426.0 214630.0 214816.0 214816.0 215023.0 215228.0 215430.0 215430.0 215633.0 215633.0 215821.0 216029.0 216029.0 216219.0 216424.0 216424.0 216627.0 216627.0 216832.0 217021.0 217021.0 217225.0 217427.0 217427.0 217630.0 217834.0 217834.0 218016.0 218220.0 218220.0 218422.0 218422.0 218628.0 218830.0 218830.0 219038.0 219222.0 219222.0 219428.0 219630.0 219630.0 219831.0 220016.0 220016.0 220220.0 220421.0 220421.0 220627.0 220627.0 220832.0 221020.0
224023.0 224226.0 224432.0 224635.0 224635.0 224818.0 224818.0 225028.0 225231.0 225231.0 225433.0 225433.0 225636.0 225821.0 225821.0 226028.0 226234.0 226234.0 226417.0 226417.0 226619.0 226822.0 226822.0 227024.0 227024.0 227229.0 227432.0 227432.0 227635.0 227824.0 227824.0 228030.0 228030.0 228233.0 228419.0 228419.0 228623.0 228829.0 228829.0 229034.0 229219.0 229219.0 229426.0 229426.0 229632.0 229835.0 229835.0 230017.0 230225.0 230225.0 230432.0 230635.0 230635.0 230822.0
237019.0 237225.0 237437.0 237437.0 237626.0 237626.0 237832.0 238037.0 238037.0 238227.0 238227.0 238431.0 238637.0 238637.0 238825.0 239029.0 239029.0 239234.0 239419.0 239626.0 239626.0 239830.0 240033.0 240033.0 240215.0 240418.0 240418.0 240621.0 240824.0 240824.0 241026.0 241026.0 241229.0 241434.0 241434.0 241638.0 241820.0 241820.0 242023.0 242227.0 242227.0 242430.0 242635.0 242635.0 242821.0 242821.0 243024.0 243230.0 243412.0 243412.0 243620.0 243826.0 243826.0 244033.0
254020.0 254228.0 254434.0 254434.0 254621.0 254621.0 254827.0 254827.0 255032.0 255215.0 255417.0 255417.0 255620.0 255620.0 255823.0 255823.0 256031.0 256234.0 256234.0 256417.0 256620.0 256620.0 256824.0 256824.0 257029.0 257029.0 257232.0 257416.0 257621.0 257621.0 257827.0 257827.0 258029.0 258029.0 258217.0 258421.0 258829.0 259012.0 259223.0 259223.0 259428.0 259632.0 259632.0 259814.0 260017.0 260219.0 260219.0 260422.0 260422.0 260625.0 260625.0 260833.0 261020.0 261020.0
264022.0 264229.0 264229.0 264433.0 264635.0 264635.0 264818.0 264818.0 265025.0 265231.0 265231.0 265432.0 265432.0 265635.0 265827.0 265827.0 266032.0 266222.0 266222.0 266427.0 266632.0 266632.0 266820.0 267023.0 267231.0 267231.0 267438.0 267438.0 267621.0 267824.0 268027.0 268027.0 268229.0 268422.0 268422.0 268624.0 268624.0 268827.0 269030.0 269030.0 269232.0 269232.0 269415.0 269621.0 269621.0 269830.0 269830.0 270015.0 270218.0 270218.0 270426.0 270632.0 270632.0 270821.0
271029.0 271236.0 271423.0 271628.0 271818.0 271818.0 272022.0 272022.0 272432.0 272823.0 273031.0 273031.0 273216.0 273420.0 273420.0 273622.0 273824.0 273824.0 274026.0 274229.0 274229.0 274433.0 274615.0 274615.0 274817.0 274817.0 275021.0 275226.0 275226.0 275431.0 275632.0 275835.0 275835.0 276039.0 276039.0 276221.0 276427.0 276427.0 276634.0 276817.0 276817.0 277021.0 277021.0 277223.0 277428.0 277428.0 277631.0 277631.0 277834.0 278022.0 278022.0 278225.0 278429.0 278429.0
300035.0 300219.0 300219.0 300422.0 300628.0 300628.0 300831.0 300831.0 301031.0 301232.0 301232.0 301435.0 301435.0 301620.0 301825.0 301825.0 302027.0 302230.0 302230.0 302433.0 302433.0 302635.0 302635.0 302816.0 303020.0 303020.0 303222.0 303423.0 303423.0 303626.0 303828.0 303828.0 304030.0 304215.0 304420.0 304420.0 304624.0 304828.0 304828.0 305035.0 305035.0 305237.0 305420.0 305420.0 305623.0 305829.0 305829.0 306032.0 306217.0 306217.0 306424.0 306628.0 306628.0 306819.0
309030.0 309235.0 309419.0 309619.0 309619.0 309821.0 310026.0 310230.0 310230.0 310433.0 310433.0 310623.0 310828.0 310828.0 311032.0 311237.0 311237.0 311423.0 311625.0 311625.0 311828.0 311828.0 312031.0 312031.0 312234.0 312435.0 312435.0 312620.0 312620.0 312831.0 313035.0 313217.0 313217.0 313420.0 313622.0 313622.0 313825.0 314028.0 314028.0 314230.0 314417.0 314417.0 314622.0 314828.0 314828.0 315032.0 315234.0 315422.0 315422.0 315629.0 315833.0 315833.0 316038.0 316221.0
324215.0 324215.0 324418.0 324621.0 324621.0 324824.0 324824.0 325029.0 325232.0 325232.0 325435.0 325622.0 325622.0 325825.0 326030.0 326030.0 326216.0 326420.0 326420.0 326622.0 326829.0 326829.0 327034.0 327215.0 327215.0 327422.0 327422.0 327626.0 327626.0 327831.0 328035.0 328216.0 328420.0 328420.0 328622.0 328622.0 328824.0 329027.0 329027.0 329230.0 329230.0 329433.0 329617.0 329617.0 329820.0 330022.0 330022.0 330222.0 330428.0 330428.0 330634.0 330820.0 330820.0 331027.0
464020.0 464222.0 464426.0 464426.0 464633.0 464834.0 464834.0 465036.0 465238.0 465238.0 465425.0 465631.0 465631.0 465835.0 466017.0 466017.0 466219.0 466219.0 466424.0 466634.0 466634.0 466818.0 467024.0 467024.0 467232.0 467232.0 467421.0 467628.0 467832.0 467832.0 468020.0 468020.0 468228.0 468419.0 468623.0 468623.0 468833.0 468833.0 469019.0 469223.0 469435.0 469435.0 469621.0 469827.0 469827.0 470033.0 470215.0 470215.0 470426.0 470631.0 470631.0 470817.0 470817.0 471020.0
482039.0 482222.0 482222.0 482427.0 482630.0 482831.0 482831.0 483036.0 483221.0 483221.0 483427.0 483427.0 483630.0 483630.0 483832.0 484016.0 484016.0 484219.0 484219.0 484422.0 484623.0 484623.0 484828.0 485030.0 485030.0 485232.0 485232.0 485417.0 485417.0 485621.0 485824.0 485824.0 486031.0 486234.0 486418.0 486418.0 486621.0 486823.0 486823.0 487025.0 487227.0 487227.0 487432.0 487616.0 487616.0 487820.0 487820.0 488028.0 488028.0 488233.0 488422.0 488422.0 488629.0 488833.0
491026.0 491233.0 491233.0 491418.0 491622.0 491622.0 491828.0 492032.0 492032.0 492236.0 492439.0 492439.0 492625.0 492816.0 493021.0 493021.0 493228.0 493228.0 493418.0 493623.0 493829.0 493829.0 494033.0 494218.0 494218.0 494422.0 494422.0 494627.0 494830.0 494830.0 495035.0 495222.0 495222.0 495428.0 495611.0 495611.0 495817.0 496024.0 496024.0 496227.0 496227.0 496428.0 496428.0 496633.0 496817.0 496817.0 497018.0 497221.0 497221.0 497424.0 497627.0 497627.0 497829.0 497829.0
498034.0 498217.0 498217.0 498426.0 498630.0 498630.0 498833.0 499016.0 499016.0 499225.0 499225.0 499430.0 499430.0 499632.0 499632.0 499836.0 500018.0 500018.0 500222.0 500429.0 500429.0 500632.0 500632.0 500815.0 501018.0 501018.0 501219.0 501219.0 501423.0 501624.0 501624.0 501829.0 501829.0 502034.0 502239.0 502422.0 502422.0 502630.0 502630.0 502834.0 503020.0 503223.0 503223.0 503426.0 503630.0 503630.0 503833.0 504035.0 504035.0 504222.0 504222.0 504430.0 504619.0 504824.0
166437.0 166641.0 166844.0 167244.0 167444.0 167646.0 167829.0 168233.0 168435.0 168639.0 168841.0 169244.0 169445.0 169645.0 169846.0 170230.0 170431.0 170631.0 170830.0 171234.0 171436.0 171636.0 172037.0 172239.0 172440.0 172640.0 172840.0 172840.0 173040.0 173243.0 173243.0 173445.0 173445.0 173629.0 173831.0 173831.0 174034.0 174034.0 174236.0 174440.0 174440.0 174641.0 174641.0 174843.0 175046.0 175046.0 175250.0 175431.0 175431.0 175634.0 175838.0 175838.0 176041.0 176041.0
174034.0 174236.0 174440.0 174440.0 174641.0 174641.0 174843.0 175046.0 175046.0 175250.0 175431.0 175431.0 175634.0 175838.0 175838.0 176041.0 176041.0 176243.0 176429.0 176429.0 176629.0 176629.0 176833.0 177034.0 177034.0 177238.0 177238.0 177442.0 177442.0 177644.0 177644.0 177846.0 178050.0 178050.0 178233.0 178233.0 178435.0 178637.0 178637.0 178840.0 178840.0 179043.0 179243.0 179243.0 179446.0 179645.0 179645.0 179834.0 180037.0 180037.0 180239.0 180239.0 180441.0 180441.0
191239.0 191443.0 191645.0 191645.0 191848.0 191848.0 192031.0 192232.0 192232.0 192434.0 192434.0 192636.0 192636.0 192836.0 193038.0 193239.0 193439.0 193439.0 193642.0 193845.0 193845.0 194028.0 194232.0 194232.0 194434.0 194635.0 194635.0 194837.0 194837.0 195040.0 195040.0 195242.0 195242.0 195446.0 195629.0 195629.0 195831.0 195831.0 196035.0 196035.0 196238.0 196442.0 196442.0 196644.0 196644.0 196847.0 197029.0 197029.0 197232.0 197232.0 197435.0 197638.0 197638.0 197841.0
200230.0 200230.0 200453.0 200638.0 200638.0 200841.0 200841.0 201043.0 201043.0 201246.0 201246.0 201428.0 201630.0 201630.0 201830.0 201830.0 202050.0 202231.0 202231.0 202433.0 202636.0 202636.0 202838.0 202838.0 203040.0 203242.0 203242.0 203445.0 203445.0 203648.0 203831.0 203831.0 204033.0 204235.0 204235.0 204440.0 204643.0 204643.0 204846.0 204846.0 205030.0 205030.0 205232.0 205232.0 205435.0 205637.0 205637.0 205840.0 206042.0 206042.0 206245.0 206447.0 206447.0 206631.0
209245.0 209245.0 209429.0 209632.0 209632.0 209834.0 209834.0 210038.0 210240.0 210442.0 210442.0 210645.0 210645.0 210847.0 210847.0 211049.0 211231.0 211231.0 211431.0 211632.0 211833.0 211833.0 212035.0 212035.0 212238.0 212238.0 212441.0 212441.0 212643.0 212643.0 212844.0 213048.0 213048.0 213250.0 213250.0 213433.0 213636.0 213636.0 213839.0 214041.0 214041.0 214245.0 214245.0 214449.0 214630.0 214630.0 214832.0 214832.0 215035.0 215238.0 215238.0 215438.0 215641.0 215641.0
231236.0 231236.0 231439.0 231439.0 231641.0 231842.0 232043.0 232043.0 232243.0 232445.0 232445.0 232647.0 232647.0 232851.0 233035.0 233035.0 233237.0 233237.0 233439.0 233642.0 233642.0 233844.0 234047.0 234047.0 234250.0 234452.0 234452.0 234655.0 234838.0 234838.0 235040.0 235243.0 235243.0 235445.0 235445.0 235646.0 235848.0 235848.0 236051.0 236051.0 236233.0 236233.0 236438.0 236639.0 236639.0 236840.0 237042.0 237042.0 237242.0 237443.0 237443.0 237646.0 237849.0 237849.0
377236.0 377236.0 377440.0 377440.0 377642.0 377844.0 377844.0 378050.0 378050.0 378233.0 378233.0 378435.0 378638.0 378638.0 378840.0 379042.0 379042.0 379244.0 379443.0 379443.0 379643.0 379643.0 379844.0 380048.0 380232.0 380232.0 380453.0 380655.0 380655.0 380836.0 381041.0 381243.0 381243.0 381448.0 381650.0 381650.0 381854.0 381854.0 382036.0 382239.0 382239.0 382442.0 382644.0 382848.0 382848.0 383049.0 383233.0 383233.0 383435.0 383435.0 383638.0 383842.0 383842.0 384045.0
389246.0 389431.0 389431.0 389634.0 389835.0 389835.0 390038.0 390038.0 390242.0 390242.0 390446.0 390648.0 390648.0 390833.0 391034.0 391034.0 391235.0 391235.0 391438.0 391438.0 391638.0 391840.0 391840.0 392042.0 392242.0 392242.0 392444.0 392647.0 392647.0 392850.0 393033.0 393033.0 393033.0 393256.0 393438.0 393438.0 393642.0 393845.0 393845.0 394047.0 394047.0 394250.0 394250.0 394433.0 394433.0 394636.0 394636.0 394838.0 394838.0 395041.0 395243.0 395243.0 395446.0 395446.0
419039.0 419242.0 419445.0 419445.0 419647.0 419850.0 419850.0 420033.0 420033.0 420236.0 420236.0 420439.0 420641.0 420641.0 420844.0 421047.0 421250.0 421250.0 421453.0 421637.0 421637.0 421839.0 422042.0 422042.0 422244.0 422244.0 422447.0 422650.0 422650.0 422832.0 423052.0 423052.0 423234.0 423234.0 423438.0 423438.0 423642.0 423842.0 423842.0 424043.0 424243.0 424243.0 424443.0 424443.0 424644.0 424849.0 424849.0 425051.0 425233.0 425233.0 425435.0 425435.0 425656.0 425837.0
435037.0 435240.0 435442.0 435442.0 435646.0 435848.0 435848.0 436052.0 436254.0 436254.0 436438.0 436438.0 436641.0 436843.0 436843.0 437045.0 437248.0 437248.0 437450.0 437652.0 437652.0 437834.0 438038.0 438038.0 438241.0 438444.0 438444.0 438647.0 438647.0 438851.0 438851.0 439053.0 439053.0 439255.0 439439.0 439439.0 439642.0 439845.0 439845.0 440048.0 440251.0 440251.0 440453.0 440453.0 440655.0 440837.0 440837.0 441040.0 441243.0 441243.0 441445.0 441445.0 441647.0 441850.0
446245.0 446245.0 446449.0 446449.0 446652.0 446835.0 446835.0 447056.0 447056.0 447240.0 447442.0 447442.0 447645.0 447645.0 447848.0 448052.0 448234.0 448234.0 448435.0 448435.0 448638.0 448840.0 448840.0 449045.0 449248.0 449248.0 449451.0 449451.0 449633.0 449833.0 449833.0 450034.0 450235.0 450235.0 450436.0 450436.0 450639.0 450840.0 450840.0 451042.0 451042.0 451246.0 451246.0 451448.0 451649.0 451649.0 451836.0 452038.0 452038.0 452243.0 452243.0 452446.0 452648.0 452849.0
454251.0 454251.0 454453.0 454453.0 454636.0 454838.0 454838.0 455040.0 455240.0 455240.0 455444.0 455444.0 455649.0 455852.0 455852.0 456055.0 456055.0 456241.0 456241.0 456443.0 456443.0 456647.0 456848.0 456848.0 457051.0 457234.0 457234.0 457436.0 457436.0 457639.0 457842.0 457842.0 458044.0 458247.0 458247.0 458450.0 458634.0 458634.0 458837.0 459040.0 459040.0 459241.0 459444.0 459444.0 459647.0 459647.0 459850.0 459850.0 460032.0 460234.0 460234.0 460438.0 460641.0 460641.0
511236.0 511441.0 511441.0 511645.0 511645.0 511847.0 512051.0 512051.0 512235.0 512437.0 512437.0 512640.0 512640.0 512842.0 513045.0 513045.0 513247.0 513247.0 513450.0 513450.0 513652.0 513652.0 513835.0 514037.0 514037.0 514239.0 514239.0 514442.0 514442.0 514643.0 514847.0 514847.0 515048.0 515250.0 515250.0 515453.0 515453.0 515637.0 515838.0 516038.0 516038.0 516239.0 516442.0 516442.0 516643.0 516643.0 516846.0 517047.0 517047.0 517250.0 517250.0 517452.0 517452.0 517653.0
218524.0 218524.0 218728.0 218728.0 218933.0 219133.0 219133.0 219335.0 219335.0 219537.0 219537.0 219741.0 219741.0 219945.0 220129.0 220129.0 220330.0 220330.0 220533.0 220737.0 220737.0 220939.0 220939.0 221141.0 221322.0 221322.0 221526.0 221730.0 221730.0 221931.0 221931.0 222134.0 222337.0 222337.0 222540.0 222540.0 222742.0 222928.0 222928.0 223131.0 223131.0 223335.0 223335.0 223535.0 223741.0 223741.0 223927.0 224129.0 224129.0 224331.0 224331.0 224534.0 224534.0 224737.0
247344.0 247527.0 247527.0 247730.0 247730.0 247931.0 248132.0 248132.0 248336.0 248537.0 248537.0 248744.0 248926.0 248926.0 249131.0 249131.0 249337.0 249337.0 249544.0 249745.0 249745.0 249928.0 249928.0 250132.0 250339.0 250339.0 250544.0 250544.0 250751.0 250934.0 250934.0 251136.0 251340.0 251340.0 251527.0 251527.0 251730.0 251730.0 251935.0 252137.0 252137.0 252343.0 252343.0 252526.0 252728.0 252728.0 252931.0 252931.0 253134.0 253134.0 253337.0 253525.0 253525.0 253732.0
258333.0 258538.0 258741.0 258741.0 258945.0 259127.0 259127.0 259330.0 259330.0 259531.0 259531.0 259733.0 259935.0 259935.0 260135.0 260336.0 260336.0 260536.0 260536.0 260737.0 260737.0 260925.0 261127.0 261127.0 261329.0 261329.0 261533.0 261533.0 261738.0 261940.0 262143.0 262143.0 262346.0 262346.0 262546.0 262727.0 262727.0 262929.0 262929.0 263129.0 263332.0 263332.0 263536.0 263536.0 263739.0 263739.0 263944.0 264146.0 264146.0 264329.0 264529.0 264529.0 264731.0 264931.0
273339.0 273543.0 273543.0 273728.0 273728.0 273937.0 274140.0 274140.0 274342.0 274544.0 274544.0 274746.0 274746.0 274927.0 274927.0 275129.0 275129.0 275329.0 275531.0 275531.0 275734.0 275940.0 275940.0 276146.0 276146.0 276328.0 276529.0 276529.0 276731.0 276731.0 276935.0 276935.0 277139.0 277342.0 277342.0 277544.0 277544.0 277729.0 277930.0 277930.0 278133.0 278133.0 278336.0 278336.0 278538.0 278742.0 278742.0 278943.0 278943.0 279145.0 279346.0 279346.0 279527.0 279527.0
292328.0 292538.0 292538.0 292743.0 292743.0 292926.0 293129.0 293129.0 293340.0 293544.0 293544.0 293746.0 293746.0 293930.0 294133.0 294340.0 294340.0 294546.0 294730.0 294730.0 294933.0 295136.0 295345.0 295345.0 295531.0 295531.0 295742.0 295931.0 295931.0 296136.0 296342.0 296342.0 296545.0 296728.0 296728.0 296928.0 297133.0 297133.0 297337.0 297337.0 297538.0 297740.0 297740.0 297942.0 297942.0 298144.0 298328.0 298328.0 298529.0 298732.0 298732.0 298935.0 299137.0 299137.0
326343.0 326546.0 326728.0 326728.0 326930.0 326930.0 327134.0 327338.0 327338.0 327540.0 327540.0 327742.0 327742.0 327945.0 328129.0 328129.0 328332.0 328536.0 328536.0 328738.0 328738.0 328942.0 329144.0 329144.0 329347.0 329529.0 329529.0 329732.0 329732.0 329932.0 330133.0 330133.0 330337.0 330337.0 330539.0 330539.0 330743.0 330946.0 330946.0 331148.0 331334.0 331334.0 331537.0 331739.0 331739.0 331939.0 331939.0 332142.0 332343.0 332343.0 332548.0 332548.0 332730.0 332931.0
336341.0 336548.0 336735.0 336735.0 336940.0 337146.0 337146.0 337333.0 337537.0 337537.0 337742.0 337930.0 337930.0 338132.0 338132.0 338338.0 338529.0 338529.0 338733.0 338733.0 338935.0 338935.0 339138.0 339138.0 339340.0 339543.0 339543.0 339745.0 339948.0 339948.0 340132.0 340335.0 340335.0 340539.0 340745.0 340745.0 340932.0 341135.0 341135.0 341338.0 341338.0 341541.0 341742.0 341742.0 341944.0 341944.0 342147.0 342332.0 342332.0 342536.0 342741.0 342741.0 342950.0 342950.0
358337.0 358539.0 358740.0 358740.0 358944.0 359125.0 359125.0 359331.0 359533.0 359533.0 359733.0 359733.0 359935.0 360137.0 360137.0 360340.0 360340.0 360542.0 360744.0 360744.0 360947.0 361128.0 361128.0 361329.0 361329.0 361536.0 361536.0 361740.0 361943.0 361943.0 362145.0 362329.0 362329.0 362531.0 362531.0 362733.0 362936.0 362936.0 363139.0 363139.0 363344.0 363532.0 363532.0 363734.0 363939.0 363939.0 364144.0 364326.0 364326.0 364529.0 364731.0 364731.0 364935.0 364935.0
579408.0 579408.0 579596.0 579800.0 579800.0 580001.0 580001.0 580204.0 580392.0 580604.0 580604.0 580807.0 581011.0 581011.0 581200.0 581407.0 581610.0 581812.0 581812.0 581996.0 581996.0 582394.0 582598.0 582806.0 582806.0 583009.0 583009.0 583212.0 583395.0 583395.0 583598.0 583802.0 584006.0 584190.0 584395.0 584395.0 584599.0 584599.0 584802.0 585012.0 585012.0 585196.0 585398.0 585398.0 585602.0 585602.0 585804.0 585804.0 586008.0 586211.0 586211.0 586413.0 586596.0 586596.0
588409.0 588409.0 588594.0 588801.0 588801.0 589010.0 589193.0 589193.0 589599.0 589807.0 589995.0 590207.0 590207.0 590390.0 590593.0 590593.0 590998.0 590998.0 591200.0 591200.0 591403.0 591607.0 591607.0 591790.0 591790.0 591995.0 592199.0 592407.0 592407.0 592591.0 592798.0 592798.0 593006.0 593209.0 593398.0 593398.0 593605.0 593811.0 593811.0 593999.0 593999.0 594203.0 594203.0 594405.0 594608.0 594608.0 594791.0 594791.0 594994.0 595197.0 595197.0 595400.0 595603.0 595603.0
611404.0 611404.0 611612.0 611796.0 611796.0 611998.0 612201.0 612404.0 612404.0 612608.0 612608.0 612811.0 612993.0 612993.0 613199.0 613405.0 613609.0 613813.0 613813.0 614001.0 614204.0 614204.0 614391.0 614594.0 614594.0 614796.0 614796.0 614999.0 615202.0 615202.0 615404.0 615404.0 615608.0 615800.0 615800.0 616207.0 616207.0 616413.0 616595.0 616595.0 616798.0 617000.0 617000.0 617205.0 617392.0 617392.0 617596.0 617798.0 618010.0 618194.0 618194.0 618397.0 618600.0 618600.0
621393.0 621393.0 621599.0 621802.0 621802.0 622004.0 622208.0 622208.0 622595.0 622595.0 622797.0 622797.0 623000.0 623209.0 623209.0 623395.0 623599.0 623599.0 623802.0 624004.0 624004.0 624209.0 624209.0 624412.0 624596.0 624596.0 624803.0 625008.0 625211.0 625396.0 625602.0 625602.0 626010.0 626010.0 626194.0 626400.0 626603.0 626807.0 626807.0 627009.0 627191.0 627191.0 627394.0 627596.0 627798.0 628002.0 628002.0 628210.0 628395.0 628395.0 628605.0 628605.0 628809.0 629013.0
632392.0 632392.0 632599.0 632599.0 632805.0 633011.0 633199.0 633199.0 633403.0 633403.0 633607.0 633607.0 633795.0 633999.0 634205.0 634205.0 634391.0 634600.0 634806.0 634993.0 635197.0 635197.0 635401.0 635604.0 635604.0 635807.0 635807.0 636014.0 636199.0 636199.0 636408.0 636611.0 636611.0 636795.0 636998.0 636998.0 637199.0 637199.0 637591.0 637591.0 637795.0 637795.0 638001.0 638001.0 638204.0 638409.0 638592.0 638592.0 638815.0 639002.0 639002.0 639207.0 639417.0 639417.0
