495266.0 495410.0 495531.0 495632.0 495733.0 495856.0 495977.0 496121.0 496232.0 496365.0 496486.0 496606.0 496747.0 496868.0 497029.0 497153.0 497255.0 497356.0 497477.0 497630.0 497739.0 497921.0 498025.0 498129.0 498250.0 498389.0 498513.0 498636.0 498757.0 498899.0 499018.0 499140.0 499308.0 499432.0 499554.0 499677.0 499791.0 499878.0 499982.0 500084.0 500184.0 500306.0 500406.0 500570.0 500692.0 500793.0 500914.0 501035.0 501156.0 501337.0 501439.0
501337.0 501439.0 501564.0 501727.0 501873.0 502013.0 502154.0 502276.0 502398.0 502500.0 502641.0 502742.0 502887.0 503012.0 503133.0 503253.0 503416.0 503519.0 503639.0 503759.0 503922.0 504064.0 504166.0 504288.0 504410.0 504552.0 504674.0 504795.0 504915.0 505055.0 505176.0 505317.0 505458.0 505578.0 505679.0 505800.0 505941.0 506040.0 506181.0 506284.0 506424.0 506545.0 506646.0 506766.0 507009.0 507091.0 507217.0 507338.0 507462.0 507641.0 507725.0
507217.0 507338.0 507462.0 507641.0 507725.0 507844.0 507927.0 508086.0 508187.0 508290.0 508411.0 508554.0 508675.0 508776.0 508920.0 509061.0 509203.0 509325.0 509447.0 509589.0 509691.0 509811.0 509932.0 510033.0 510155.0 510257.0 510377.0 510498.0 510662.0 510803.0 510907.0 511008.0 511129.0 511252.0 511373.0 511515.0 511635.0 511757.0 511880.0 512003.0 512144.0 512285.0 512405.0 512525.0 512686.0 512807.0 512931.0 513032.0 513196.0 513299.0 513503.0
519206.0 519327.0 519408.0 519549.0 519670.0 519772.0 519915.0 520036.0 520117.0 520237.0 520381.0 520522.0 520664.0 520785.0 520887.0 520987.0 521113.0 521213.0 521357.0 521457.0 521578.0 521700.0 521842.0 521959.0 522044.0 522166.0 522307.0 522468.0 522608.0 522709.0 522831.0 522954.0 523097.0 523221.0 523343.0 523465.0 523585.0 523706.0 523828.0 523950.0 524070.0 524191.0 524332.0 524432.0 524555.0 524656.0 524799.0 524919.0 525020.0 525140.0 525240.0
525240.0 525360.0 525462.0 525582.0 525683.0 525804.0 525907.0 526027.0 526171.0 526294.0 526415.0 526577.0 526698.0 526817.0 527083.0 527204.0 527324.0 527447.0 527568.0 527709.0 527830.0 527950.0 528072.0 528232.0 528355.0 528480.0 528582.0 528702.0 528825.0 528946.0 529049.0 529190.0 529311.0 529452.0 529576.0 529717.0 529837.0 529958.0 530079.0 530201.0 530344.0 530465.0 530587.0 530708.0 530869.0 530992.0 531094.0 531195.0 531338.0 531458.0 531580.0
531338.0 531458.0 531580.0 531723.0 531863.0 531967.0 532089.0 532210.0 532335.0 532455.0 532556.0 532676.0 532777.0 532920.0 533041.0 533161.0 533282.0 533418.0 533529.0 533649.0 533771.0 533870.0 533990.0 534091.0 534231.0 534332.0 534452.0 534552.0 534674.0 534794.0 534936.0 535038.0 535160.0 535281.0 535402.0 535543.0 535665.0 535787.0 535887.0 536028.0 536191.0 536312.0 536433.0 536535.0 536656.0 536792.0 536900.0 537020.0 537143.0 537264.0 537387.0
192017.0 192180.0 192321.0 192444.0 192567.0 192710.0 192855.0 192940.0 193211.0 193360.0 193506.0 193626.0 193771.0 193896.0 194029.0 194307.0 194448.0 194610.0 194738.0 194824.0 194994.0 195113.0 195223.0 195363.0 195467.0 195614.0 195735.0 195857.0 196008.0 196172.0 196299.0 196420.0 196542.0 196623.0 196776.0 196881.0 197105.0 197252.0 197373.0 197500.0 197702.0 197843.0 198007.0 198130.0 198262.0 198355.0 198639.0 198745.0 198889.0 199015.0 199119.0
292048.0 292150.0 292277.0 292403.0 292529.0 292630.0 292738.0 292883.0 293054.0 293218.0 293395.0 293518.0 293640.0 293783.0 293948.0 294077.0 294202.0 294346.0 294468.0 294593.0 294734.0 294867.0 294988.0 295179.0 295304.0 295450.0 295583.0 295699.0 295843.0 295987.0 296111.0 296293.0 296417.0 296539.0 296702.0 296828.0 296970.0 297091.0 297213.0 297335.0 297496.0 297619.0 297744.0 297883.0 298024.0 298175.0 298351.0 298445.0 298547.0 298715.0 298836.0
422467.0 422610.0 422740.0 422867.0 423037.0 423179.0 423330.0 423457.0 423618.0 423863.0 423969.0 424091.0 424278.0 424466.0 424587.0 424734.0 424858.0 425020.0 425141.0 425285.0 425409.0 425533.0 425700.0 425823.0 425945.0 426088.0 426223.0 426345.0 426473.0 426599.0 426746.0 426828.0 426955.0 427075.0 427183.0 427472.0 427636.0 427760.0 427883.0 428049.0 428191.0 428339.0 428480.0 428584.0 428710.0 428933.0 429096.0 429238.0 429399.0 429503.0 429654.0
543388.0 543513.0 543635.0 543741.0 543865.0 543985.0 544238.0 544370.0 544532.0 544687.0 544800.0 544924.0 545049.0 545216.0 545361.0 545507.0 545628.0 545750.0 545852.0 546038.0 546159.0 546262.0 546383.0 546489.0 546652.0 546780.0 546910.0 547095.0 547218.0 547337.0 547462.0 547630.0 547752.0 547878.0 548023.0 548147.0 548293.0 548419.0 548540.0 548727.0 548916.0 549040.0 549181.0 549304.0 549456.0 549577.0 549717.0 549861.0 549983.0 550169.0 550291.0
615395.0 615520.0 615664.0 615809.0 615933.0 616060.0 616244.0 616345.0 616493.0 616638.0 616779.0 616921.0 617063.0 617187.0 617353.0 617499.0 617620.0 617803.0 618113.0 618278.0 618402.0 618524.0 618686.0 618847.0 618970.0 619131.0 619319.0 619485.0 619654.0 619775.0 619942.0 620119.0 620222.0 620344.0 620469.0 620581.0 620729.0 620874.0 621026.0 621149.0 621324.0 621468.0 621580.0 621824.0 621945.0 622087.0 622220.0 622345.0 622487.0 622609.0 622731.0
626443.0 626605.0 626745.0 626870.0 626991.0 627133.0 627235.0 627377.0 627563.0 627664.0 627785.0 627910.0 628324.0 628452.0 628556.0 628945.0 629089.0 629231.0 629354.0 629521.0 629645.0 629749.0 629891.0 630076.0 630241.0 630369.0 630493.0 630640.0 630781.0 630909.0 631160.0 631264.0 631386.0 631507.0 631633.0 631741.0 631868.0 632008.0 632150.0 632273.0 632375.0 632520.0 632663.0 632779.0 632902.0 633032.0 633190.0 633294.0 633439.0 633580.0 633677.0
592416.0 592545.0 592709.0 592872.0 592997.0 593307.0 593454.0 593577.0 593723.0 593826.0 593935.0 594040.0 594142.0 594244.0 594345.0 594486.0 594648.0 594770.0 594892.0 594997.0 595121.0 595263.0 595451.0 595582.0 595694.0 595815.0 595952.0 596059.0 596180.0 596357.0 596465.0 596663.0 596773.0 596886.0 597010.0 597140.0 597297.0 597425.0 597569.0 597736.0 597878.0 597984.0 598108.0 598283.0 598411.0 598603.0 598760.0 599006.0 599140.0 599252.0 599353.0
571187.0 571287.0 571409.0 571590.0 571721.0 571851.0 571991.0 572130.0 572271.0 572371.0 572501.0 572661.0 572800.0 572943.0 573083.0 573183.0 573304.0 573407.0 573552.0 573692.0 573792.0 573932.0 574052.0 574152.0 574259.0 574382.0 574477.0 574757.0 575016.0 575257.0 575378.0 575523.0 575623.0 575882.0 576003.0 576223.0 576467.0 576756.0 577135.0 577235.0 577369.0 577615.0 577722.0 577835.0 577982.0 578095.0 578195.0 578316.0 578439.0 578560.0 578660.0
579243.0 579363.0 579466.0 579587.0 579688.0 579807.0 579928.0 580028.0 580137.0 580268.0 580368.0 580534.0 580653.0 580754.0 580853.0 580994.0 581114.0 581234.0 581354.0 581466.0 581577.0 581697.0 581817.0 581938.0 582038.0 582158.0 582298.0 582485.0 582585.0 582685.0 582806.0 582907.0 583047.0 583167.0 583307.0 583431.0 583553.0 583733.0 583873.0 584013.0 584133.0 584232.0 584334.0 584476.0 584805.0 584907.0 585041.0 585163.0 585428.0 585631.0 585851.0
623248.0 623358.0 623487.0 623587.0 623707.0 623827.0 623987.0 624106.0 624207.0 624347.0 624493.0 624634.0 624755.0 624855.0 625076.0 625324.0 625599.0 625739.0 625960.0 626080.0 626221.0 626361.0 626667.0 626888.0 627008.0 627108.0 627208.0 627318.0 627432.0 627555.0 627676.0 627816.0 627956.0 628096.0 628216.0 628336.0 628441.0 628582.0 628722.0 628842.0 628962.0 629094.0 629222.0 629342.0 629447.0 629589.0 629689.0 629821.0 629929.0 630029.0 630150.0
631193.0 631313.0 631417.0 631540.0 631639.0 631759.0 631880.0 632000.0 632081.0 632182.0 632281.0 632406.0 632551.0 632652.0 632772.0 632873.0 633015.0 633136.0 633236.0 633356.0 633541.0 633641.0 633741.0 633863.0 633963.0 634083.0 634183.0 634303.0 634408.0 634533.0 634873.0 634973.0 635073.0 635193.0 635474.0 635717.0 635937.0 636177.0 636317.0 636440.0 636703.0 636803.0 636904.0 637125.0 637366.0 637609.0 637749.0 637951.0 638230.0 638351.0 638479.0
638230.0 638351.0 638479.0 638639.0 638841.0 638961.0 639100.0 639220.0 639361.0 639507.0 639806.0 640047.0 640187.0 640429.0 640671.0 640792.0 640992.0 641092.0 641292.0 641681.0 641981.0 642101.0 642241.0 642533.0 642633.0 642895.0 643115.0 643235.0 643352.0 643478.0 643599.0 643721.0 643822.0 643962.0 644062.0 644183.0 644323.0 644466.0 644590.0 644852.0 645092.0 645292.0 645522.0 645662.0 645762.0 645983.0 646224.0 646364.0 646769.0 646869.0 646969.0
646224.0 646364.0 646769.0 646869.0 646969.0 647170.0 647290.0 647434.0 647559.0 647678.0 647819.0 647939.0 648059.0 648179.0 648319.0 648444.0 648564.0 648664.0 648784.0 648904.0 649094.0 649194.0 649314.0 649416.0 649571.0 649690.0 649811.0 649931.0 650051.0 650178.0 650311.0 650453.0 650596.0 650716.0 650816.0 650917.0 651057.0 651197.0 651316.0 651544.0 651664.0 651824.0 651964.0 652064.0 652204.0 652304.0 652450.0 652611.0 652732.0 652833.0 652972.0
654141.0 654269.0 654381.0 654549.0 654808.0 654909.0 655129.0 655229.0 655534.0 655754.0 655895.0 656165.0 656396.0 656640.0 656880.0 657140.0 657259.0 657360.0 657463.0 657584.0 657684.0 657844.0 657964.0 658064.0 658184.0 658284.0 658417.0 658570.0 658671.0 658771.0 658871.0 659012.0 659152.0 659251.0 659372.0 659538.0 659637.0 659757.0 659877.0 659998.0 660137.0 660238.0 660358.0 660503.0 660662.0 660763.0 660883.0 661043.0 661173.0 661272.0 661396.0
670253.0 670372.0 670497.0 670637.0 670757.0 670877.0 671018.0 671158.0 671277.0 671401.0 671585.0 671706.0 671845.0 671985.0 672106.0 672246.0 672366.0 672534.0 672654.0 672773.0 672874.0 673093.0 673234.0 673373.0 673543.0 673663.0 673790.0 673931.0 674043.0 674164.0 674284.0 674407.0 674551.0 674670.0 674870.0 675090.0 675210.0 675350.0 675623.0 675885.0 676017.0 676137.0 676365.0 676510.0 676742.0 677003.0 677163.0 677283.0 677385.0 677508.0 677667.0
177579.0 177720.0 177869.0 178034.0 178157.0 178312.0 178445.0 178552.0 178695.0 178816.0 178978.0 179120.0 179263.0 179405.0 179528.0 179633.0 179759.0 179903.0 180050.0 180151.0 180296.0 180419.0 180563.0 180725.0 180891.0 180998.0 181120.0 181242.0 181367.0 181530.0 181658.0 181801.0 181924.0 182070.0 182214.0 182335.0 182502.0 182631.0 182754.0 182857.0 182978.0 183082.0 183211.0 183334.0 183436.0 183581.0 183722.0 183891.0 183996.0 184120.0 184223.0
205598.0 205720.0 205868.0 206048.0 206174.0 206315.0 206463.0 206555.0 206695.0 206826.0 206970.0 207092.0 207215.0 207339.0 207462.0 207563.0 207724.0 207912.0 208038.0 208183.0 208367.0 208474.0 208597.0 208738.0 208861.0 209022.0 209165.0 209327.0 209471.0 209594.0 209758.0 209905.0 210010.0 210155.0 210276.0 210399.0 210541.0 210666.0 210790.0 210914.0 211037.0 211204.0 211307.0 211429.0 211602.0 211723.0 211893.0 212099.0 212261.0 212382.0 212507.0
222617.0 222739.0 222906.0 223028.0 223149.0 223291.0 223453.0 223558.0 223682.0 223821.0 223922.0 224030.0 224194.0 224315.0 224437.0 224600.0 224721.0 224847.0 225035.0 225158.0 225305.0 225431.0 225575.0 225735.0 225877.0 225998.0 226120.0 226242.0 226411.0 226515.0 226637.0 226783.0 226908.0 227031.0 227175.0 227299.0 227462.0 227604.0 227747.0 227878.0 228031.0 228155.0 228259.0 228423.0 228530.0 228653.0 228798.0 228920.0 229043.0 229163.0 229305.0
269551.0 269735.0 269884.0 270025.0 270147.0 270289.0 270412.0 270533.0 270675.0 270837.0 270959.0 271100.0 271223.0 271345.0 271475.0 271617.0 271742.0 271868.0 272012.0 272155.0 272301.0 272420.0 272533.0 272639.0 272845.0 273014.0 273116.0 273258.0 273379.0 273501.0 273603.0 273725.0 273868.0 274032.0 274192.0 274335.0 274475.0 274622.0 274765.0 274912.0 275054.0 275179.0 275300.0 275402.0 275564.0 275686.0 275827.0 275990.0 276093.0 276215.0 276357.0
252622.0 252806.0 252989.0 253113.0 253240.0 253610.0 253734.0 253836.0 253999.0 254121.0 254243.0 254365.0 254523.0 254649.0 254757.0 254859.0 255005.0 255146.0 255268.0 255410.0 255511.0 255673.0 255817.0 255960.0 256105.0 256232.0 256476.0 256597.0 256760.0 256882.0 257029.0 257155.0 257297.0 257481.0 257664.0 257833.0 257955.0 258098.0 258220.0 258423.0 258564.0 258685.0 258832.0 258935.0 259085.0 259230.0 259386.0 259530.0 259661.0 259787.0 259953.0
280584.0 280709.0 280837.0 280963.0 281112.0 281236.0 281378.0 281481.0 281606.0 281747.0 281856.0 281957.0 282086.0 282254.0 282375.0 282552.0 282697.0 282798.0 282920.0 283042.0 283163.0 283290.0 283438.0 283647.0 283771.0 283898.0 284065.0 284239.0 284340.0 284466.0 284612.0 284755.0 284922.0 285067.0 285173.0 285322.0 285490.0 285634.0 285740.0 285865.0 285987.0 286132.0 286256.0 286378.0 286545.0 286654.0 286774.0 286901.0 287003.0 287124.0 287227.0
301612.0 301714.0 301861.0 301988.0 302110.0 302315.0 302459.0 302602.0 302726.0 302905.0 303027.0 303148.0 303310.0 303456.0 303580.0 303724.0 303866.0 304015.0 304139.0 304265.0 304428.0 304570.0 304672.0 304797.0 304945.0 305093.0 305215.0 305337.0 305479.0 305625.0 305787.0 305970.0 306096.0 306221.0 306402.0 306549.0 306679.0 306821.0 306986.0 307112.0 307237.0 307359.0 307491.0 307623.0 307744.0 307867.0 308010.0 308176.0 308300.0 308443.0 308592.0
316548.0 316677.0 316819.0 316944.0 317067.0 317250.0 317465.0 317559.0 317704.0 317829.0 317951.0 318072.0 318216.0 318339.0 318461.0 318563.0 318707.0 318812.0 318933.0 319096.0 319244.0 319430.0 319558.0 319702.0 319866.0 319990.0 320113.0 320280.0 320443.0 320566.0 320750.0 320913.0 321052.0 321159.0 321281.0 321407.0 321555.0 321698.0 321843.0 321965.0 322140.0 322255.0 322377.0 322501.0 322650.0 322756.0 322901.0 323029.0 323173.0 323336.0 323482.0
323625.0 323831.0 323933.0 324074.0 324218.0 324384.0 324507.0 324632.0 324798.0 324918.0 325086.0 325248.0 325390.0 325512.0 325636.0 325819.0 325962.0 326064.0 326231.0 326352.0 326520.0 326662.0 326810.0 326970.0 327092.0 327198.0 327340.0 327462.0 327565.0 327697.0 327844.0 327965.0 328088.0 328240.0 328365.0 328563.0 328676.0 328802.0 329024.0 329151.0 329279.0 329405.0 329527.0 329673.0 329775.0 329916.0 330059.0 330202.0 330363.0 330469.0 330592.0
330592.0 330739.0 330843.0 330952.0 331088.0 331241.0 331343.0 331469.0 331590.0 331721.0 331868.0 332012.0 332174.0 332289.0 332474.0 332599.0 332705.0 332837.0 332929.0 333054.0 333216.0 333360.0 333486.0 333630.0 333736.0 333885.0 334039.0 334140.0 334284.0 334400.0 334505.0 334667.0 334770.0 334893.0 334997.0 335150.0 335271.0 335363.0 335495.0 335586.0 335760.0 335850.0 336008.0 336134.0 336261.0 336383.0 336504.0 336661.0 336828.0 336954.0 337108.0
443422.0 443601.0 443710.0 443833.0 443959.0 444081.0 444266.0 444388.0 444574.0 444700.0 444786.0 444928.0 445050.0 445172.0 445318.0 445479.0 445602.0 445722.0 445883.0 446007.0 446133.0 446255.0 446418.0 446541.0 446663.0 446849.0 446956.0 447062.0 447182.0 447308.0 447434.0 447596.0 447743.0 447884.0 448072.0 448216.0 448320.0 448450.0 448591.0 448735.0 448888.0 448984.0 449140.0 449295.0 449421.0 449549.0 449673.0 449795.0 449917.0 450039.0 450244.0
458393.0 458506.0 458648.0 458773.0 458901.0 459030.0 459216.0 459340.0 459485.0 459707.0 459809.0 459931.0 460093.0 460214.0 460400.0 460546.0 460670.0 460857.0 460982.0 461090.0 461237.0 461379.0 461551.0 461702.0 461850.0 461993.0 462115.0 462262.0 462430.0 462567.0 462709.0 462872.0 463017.0 463142.0 463309.0 463454.0 463555.0 463704.0 463880.0 463970.0 464137.0 464253.0 464376.0 464500.0 464663.0 464807.0 464953.0 465075.0 465196.0 465323.0 465491.0
466464.0 466601.0 466724.0 466825.0 466945.0 467103.0 467226.0 467348.0 467470.0 467575.0 467716.0 467857.0 468007.0 468129.0 468232.0 468375.0 468481.0 468605.0 468735.0 468877.0 469045.0 469172.0 469279.0 469443.0 469585.0 469716.0 469846.0 470007.0 470155.0 470257.0 470358.0 470482.0 470606.0 470729.0 470851.0 471013.0 471179.0 471285.0 471447.0 471573.0 471736.0 471860.0 471990.0 472113.0 472405.0 472529.0 472659.0 472802.0 472924.0 473091.0 473253.0
473399.0 473566.0 473755.0 473880.0 474007.0 474153.0 474281.0 474403.0 474572.0 474694.0 474817.0 474940.0 475062.0 475184.0 475307.0 475412.0 475540.0 475665.0 475810.0 475954.0 476077.0 476178.0 476330.0 476432.0 476572.0 476744.0 476887.0 477011.0 477155.0 477280.0 477444.0 477567.0 477689.0 477791.0 477915.0 478087.0 478193.0 478338.0 478489.0 478599.0 478717.0 478838.0 478959.0 479146.0 479311.0 479417.0 479542.0 479670.0 479833.0 479961.0 480103.0
490371.0 490496.0 490602.0 490908.0 491070.0 491196.0 491320.0 491483.0 491651.0 491774.0 491903.0 492072.0 492215.0 492361.0 492510.0 492658.0 492799.0 492944.0 493070.0 493218.0 493360.0 493487.0 493633.0 493797.0 493943.0 494067.0 494213.0 494362.0 494513.0 494615.0 494740.0 494902.0 495098.0 495210.0 495367.0 495524.0 495646.0 495769.0 495873.0 496017.0 496158.0 496281.0 496403.0 496525.0 496671.0 496843.0 496960.0 497084.0 497267.0 497389.0 497537.0
514365.0 514510.0 514636.0 514762.0 514884.0 515007.0 515109.0 515231.0 515372.0 515496.0 515600.0 515785.0 515968.0 516090.0 516232.0 516373.0 516501.0 516602.0 516724.0 516931.0 517074.0 517244.0 517369.0 517532.0 517657.0 517783.0 517887.0 517996.0 518178.0 518306.0 518428.0 518554.0 518680.0 518806.0 518949.0 519107.0 519355.0 519444.0 519567.0 519729.0 519851.0 519993.0 520110.0 520201.0 520340.0 520462.0 520583.0 520707.0 520844.0 520967.0 521104.0
522399.0 522521.0 522622.0 522746.0 522871.0 522996.0 523098.0 523240.0 523349.0 523514.0 523656.0 523781.0 523927.0 524098.0 524221.0 524329.0 524454.0 524599.0 524723.0 524845.0 524966.0 525090.0 525214.0 525317.0 525478.0 525601.0 525743.0 525918.0 526026.0 526129.0 526268.0 526414.0 526537.0 526706.0 526865.0 527000.0 527138.0 527266.0 527411.0 527538.0 527740.0 527883.0 528006.0 528148.0 528312.0 528435.0 528577.0 528720.0 528887.0 529007.0 529134.0
539442.0 539645.0 539768.0 539895.0 540060.0 540202.0 540364.0 540506.0 540628.0 540729.0 540851.0 541012.0 541135.0 541299.0 541425.0 541591.0 541714.0 541864.0 541991.0 542124.0 542249.0 542392.0 542499.0 542601.0 542706.0 542854.0 542995.0 543117.0 543264.0 543388.0 543513.0 543635.0 543741.0 543865.0 543985.0 544238.0 544370.0 544532.0 544687.0 544800.0 544924.0 545049.0 545216.0 545361.0 545507.0 545628.0 545750.0 545852.0 546038.0 546159.0 546262.0
343218.0 343318.0 343445.0 343567.0 343708.0 343887.0 344007.0 344127.0 344248.0 344512.0 344633.0 344914.0 345134.0 345641.0 345861.0 346101.0 346200.0 346463.0 346685.0 346805.0 346985.0 347205.0 347305.0 347428.0 347550.0 347650.0 347770.0 347890.0 348010.0 348150.0 348270.0 348405.0 348516.0 348636.0 348756.0 348896.0 348996.0 349116.0 349216.0 349316.0 349440.0 349562.0 349662.0 349762.0 349882.0 350022.0 350162.0 350262.0 350362.0 350528.0 350648.0
357239.0 357339.0 357464.0 357585.0 357685.0 357785.0 357925.0 358045.0 358185.0 358285.0 358408.0 358549.0 358669.0 358810.0 358950.0 359089.0 359189.0 359330.0 359474.0 359596.0 359716.0 359816.0 359936.0 360057.0 360196.0 360296.0 360439.0 360560.0 360680.0 360780.0 360880.0 360980.0 361080.0 361180.0 361281.0 361403.0 361566.0 361686.0 361847.0 361987.0 362106.0 362226.0 362367.0 362492.0 362612.0 362732.0 362873.0 363013.0 363132.0 363233.0 363375.0
372221.0 372331.0 372455.0 372596.0 372717.0 372856.0 372957.0 373056.0 373156.0 373256.0 373399.0 373541.0 373682.0 373841.0 373962.0 374081.0 374212.0 374527.0 374927.0 375027.0 375573.0 375693.0 375853.0 376073.0 376274.0 376437.0 376578.0 376858.0 377118.0 377239.0 377381.0 377515.0 377644.0 377784.0 377904.0 378025.0 378125.0 378265.0 378408.0 378549.0 378649.0 378770.0 378890.0 378990.0 379110.0 379230.0 379351.0 379476.0 379605.0 379746.0 379885.0
400165.0 400285.0 400397.0 400533.0 400664.0 400766.0 400865.0 400975.0 401096.0 401216.0 401337.0 401529.0 401649.0 401769.0 401889.0 402009.0 402149.0 402269.0 402391.0 402561.0 402651.0 402771.0 402891.0 403011.0 403111.0 403211.0 403311.0 403414.0 403537.0 403656.0 403797.0 403936.0 404057.0 404176.0 404316.0 404592.0 404813.0 405043.0 405509.0 405769.0 406169.0 406552.0 406652.0 406892.0 406992.0 407192.0 407436.0 407558.0 407678.0 407798.0 407938.0
420226.0 420326.0 420511.0 420631.0 420732.0 420852.0 421041.0 421132.0 421241.0 421361.0 421540.0 421640.0 421780.0 421900.0 422020.0 422161.0 422280.0 422403.0 422525.0 422665.0 422794.0 422885.0 422985.0 423125.0 423245.0 423365.0 423550.0 423671.0 423790.0 423911.0 424011.0 424151.0 424271.0 424495.0 424595.0 424765.0 425025.0 425315.0 425439.0 425659.0 425940.0 426140.0 426359.0 426506.0 426607.0 426827.0 427108.0 427207.0 427308.0 427492.0 427592.0
241038.0 241200.0 241322.0 241463.0 241584.0 241686.0 241807.0 241930.0 242071.0 242213.0 242335.0 242498.0 242637.0 242799.0 242922.0 243104.0 243214.0 243356.0 243446.0 243567.0 243708.0 243851.0 243992.0 244132.0 244253.0 244373.0 244517.0 244637.0 244759.0 244878.0 245009.0 245122.0 245222.0 245345.0 245465.0 245587.0 245718.0 245829.0 245973.0 246094.0 246257.0 246381.0 246521.0 246666.0 246828.0 246951.0 247072.0 247214.0 247336.0 247456.0 247578.0
247072.0 247214.0 247336.0 247456.0 247578.0 247700.0 247847.0 247991.0 248111.0 248214.0 248336.0 248457.0 248579.0 248722.0 248823.0 248944.0 249085.0 249206.0 249308.0 249409.0 249529.0 249629.0 249771.0 249871.0 250014.0 250155.0 250276.0 250378.0 250478.0 250617.0 250759.0 250880.0 251000.0 251122.0 251243.0 251447.0 251568.0 251670.0 251791.0 251893.0 252016.0 252118.0 252259.0 252361.0 252482.0 252583.0 252688.0 252829.0 252933.0 253117.0 253238.0
260030.0 260172.0 260293.0 260434.0 260538.0 260658.0 260779.0 260902.0 261064.0 261205.0 261369.0 261491.0 261635.0 261798.0 261924.0 262027.0 262148.0 262283.0 262411.0 262534.0 262645.0 262736.0 262857.0 262960.0 263081.0 263224.0 263346.0 263477.0 263628.0 263748.0 263871.0 263993.0 264099.0 264239.0 264361.0 264481.0 264603.0 264746.0 264866.0 265028.0 265188.0 265312.0 265451.0 265571.0 265691.0 265802.0 265932.0 266052.0 266172.0 266294.0 266434.0
276014.0 276180.0 276300.0 276408.0 276529.0 276650.0 276791.0 276913.0 277056.0 277177.0 277320.0 277441.0 277564.0 277688.0 277828.0 277949.0 278071.0 278192.0 278314.0 278456.0 278578.0 278679.0 278801.0 278935.0 279083.0 279183.0 279317.0 279450.0 279571.0 279732.0 279834.0 279977.0 280119.0 280239.0 280393.0 280515.0 280616.0 280758.0 280874.0 280999.0 281120.0 281261.0 281363.0 281503.0 281626.0 281788.0 281971.0 282072.0 282193.0 282315.0 282457.0
293037.0 293200.0 293323.0 293444.0 293605.0 293747.0 293868.0 294011.0 294133.0 294254.0 294376.0 294519.0 294660.0 294781.0 294923.0 295105.0 295246.0 295369.0 295470.0 295632.0 295773.0 295913.0 296055.0 296156.0 296297.0 296441.0 296542.0 296642.0 296782.0 296884.0 297004.0 297124.0 297244.0 297384.0 297524.0 297644.0 297807.0 297927.0 298047.0 298188.0 298309.0 298492.0 298593.0 298735.0 298856.0 298996.0 299137.0 299278.0 299457.0 299596.0 299741.0
301094.0 301236.0 301392.0 301477.0 301603.0 301706.0 301836.0 301959.0 302074.0 302220.0 302344.0 302466.0 302608.0 302709.0 302849.0 302950.0 303095.0 303215.0 303356.0 303457.0 303558.0 303658.0 303819.0 303941.0 304082.0 304182.0 304303.0 304444.0 304566.0 304691.0 304833.0 304935.0 305056.0 305177.0 305319.0 305459.0 305581.0 305722.0 305842.0 305945.0 306046.0 306149.0 306269.0 306392.0 306550.0 306653.0 306814.0 306917.0 307057.0 307183.0 307282.0
311006.0 311162.0 311291.0 311425.0 311568.0 311676.0 311793.0 311933.0 312035.0 312176.0 312318.0 312439.0 312559.0 312699.0 312841.0 312962.0 313082.0 313223.0 313343.0 313484.0 313614.0 313766.0 313867.0 313989.0 314111.0 314252.0 314374.0 314537.0 314661.0 314783.0 314950.0 315051.0 315174.0 315295.0 315437.0 315559.0 315683.0 315884.0 315986.0 316086.0 316188.0 316310.0 316433.0 316535.0 316696.0 316819.0 316943.0 317063.0 317201.0 317305.0 317425.0
319148.0 319268.0 319437.0 319549.0 319731.0 319851.0 319972.0 320114.0 320235.0 320376.0 320518.0 320640.0 320759.0 320882.0 321003.0 321145.0 321305.0 321445.0 321629.0 321751.0 321897.0 322019.0 322140.0 322303.0 322446.0 322568.0 322689.0 322811.0 322912.0 323053.0 323174.0 323297.0 323418.0 323561.0 323663.0 323783.0 323924.0 324029.0 324149.0 324249.0 324370.0 324612.0 324773.0 324913.0 325053.0 325155.0 325316.0 325437.0 325558.0 325681.0 325822.0
162117.0 162238.0 162378.0 162522.0 162643.0 162773.0 162883.0 163023.0 163144.0 163264.0 163385.0 163525.0 163646.0 163765.0 163886.0 164026.0 164166.0 164286.0 164410.0 164551.0 164633.0 164754.0 164874.0 164975.0 165095.0 165236.0 165337.0 165458.0 165579.0 165700.0 165821.0 165943.0 166064.0 166185.0 166308.0 166449.0 166550.0 166711.0 166851.0 166952.0 167056.0 167158.0 167302.0 167422.0 167563.0 167685.0 167805.0 167946.0 168083.0 168166.0 168306.0
169008.0 169129.0 169249.0 169369.0 169510.0 169631.0 169734.0 169854.0 169955.0 170098.0 170202.0 170304.0 170424.0 170526.0 170647.0 170891.0 171012.0 171114.0 171257.0 171358.0 171458.0 171580.0 171683.0 171803.0 171944.0 172098.0 172231.0 172351.0 172472.0 172604.0 172745.0 172857.0 172958.0 173080.0 173222.0 173364.0 173485.0 173606.0 173778.0 173890.0 173990.0 174152.0 174281.0 174371.0 174491.0 174612.0 174732.0 174853.0 174995.0 175155.0 175275.0
186093.0 186193.0 186314.0 186434.0 186554.0 186696.0 186796.0 186916.0 187036.0 187158.0 187278.0 187391.0 187520.0 187640.0 187742.0 187863.0 187997.0 188124.0 188224.0 188345.0 188444.0 188565.0 188686.0 188827.0 188968.0 189081.0 189168.0 189269.0 189368.0 189468.0 189568.0 189689.0 189808.0 189949.0 190069.0 190189.0 190331.0 190452.0 190572.0 190713.0 190832.0 190972.0 191092.0 191213.0 191333.0 191453.0 191556.0 191717.0 191816.0 191937.0 192059.0
361079.0 361180.0 361281.0 361403.0 361524.0 361688.0 361809.0 361909.0 362029.0 362132.0 362253.0 362418.0 362539.0 362660.0 362761.0 362981.0 363102.0 363222.0 363364.0 363504.0 363604.0 363726.0 363827.0 363929.0 364030.0 364152.0 364272.0 364372.0 364512.0 364674.0 364775.0 364898.0 364999.0 365121.0 365241.0 365347.0 365467.0 365611.0 365734.0 365856.0 365957.0 366078.0 366221.0 366342.0 366443.0 366563.0 366684.0 366817.0 366929.0 367072.0 367193.0
371105.0 371256.0 371409.0 371531.0 371631.0 371751.0 371895.0 372024.0 372217.0 372362.0 372463.0 372585.0 372718.0 372879.0 373000.0 373123.0 373264.0 373385.0 373526.0 373647.0 373798.0 373919.0 374041.0 374171.0 374313.0 374435.0 374555.0 374676.0 374796.0 374896.0 375028.0 375136.0 375237.0 375358.0 375521.0 375680.0 375800.0 375922.0 376102.0 376238.0 376343.0 376486.0 376607.0 376708.0 376849.0 376972.0 377096.0 377214.0 377318.0 377439.0 377561.0
77185.0 77286.0 77428.0 77549.0 77669.0 77770.0 77930.0 78030.0 78170.0 78270.0 78393.0 78515.0 78615.0 78756.0 78877.0 78997.0 79138.0 79238.0 79402.0 79547.0 79667.0 79805.0 79908.0 80048.0 80168.0 80306.0 80450.0 80594.0 80695.0 80815.0 80935.0 81035.0 81172.0 81255.0 81376.0 81500.0 81601.0 81741.0 81861.0 82001.0 82122.0 82242.0 82365.0 82529.0 82650.0 82769.0 82889.0 83030.0 83150.0 83271.0 83373.0
97160.0 97280.0 97464.0 97585.0 97705.0 97806.0 97926.0 98026.0 98167.0 98267.0 98413.0 98535.0 98675.0 98795.0 98896.0 99015.0 99116.0 99216.0 99316.0 99459.0 99601.0 99701.0 99801.0 99938.0 100038.0 100158.0 100278.0 100444.0 100546.0 100666.0 100845.0 100966.0 101086.0 101206.0 101346.0 101472.0 101573.0 101673.0 101773.0 101914.0 102033.0 102133.0 102253.0 102354.0 102477.0 102598.0 102718.0 102838.0 102978.0 103078.0 103178.0
108147.0 108267.0 108454.0 108613.0 108735.0 108836.0 108936.0 109036.0 109157.0 109297.0 109444.0 109667.0 109807.0 109927.0 110087.0 110227.0 110347.0 110473.0 110593.0 110694.0 110854.0 110955.0 111075.0 111195.0 111335.0 111500.0 111599.0 111719.0 111819.0 111920.0 112020.0 112120.0 112240.0 112362.0 112545.0 112645.0 112765.0 112866.0 112986.0 113126.0 113267.0 113388.0 113555.0 113736.0 113837.0 113958.0 114178.0 114464.0 114706.0 114805.0 115006.0
123192.0 123292.0 123435.0 123557.0 123697.0 123797.0 123917.0 124056.0 124316.0 124545.0 124645.0 124905.0 125165.0 125305.0 125570.0 125850.0 126009.0 126250.0 126392.0 126535.0 126755.0 126895.0 127015.0 127135.0 127273.0 127418.0 127580.0 127701.0 127821.0 127961.0 128100.0 128221.0 128340.0 128486.0 128625.0 128725.0 128825.0 128946.0 129065.0 129186.0 129306.0 129450.0 129570.0 129691.0 129811.0 129911.0 130031.0 130151.0 130251.0 130415.0 130535.0
145147.0 145288.0 145452.0 145574.0 145873.0 146134.0 146355.0 146478.0 146599.0 146739.0 146879.0 147019.0 147139.0 147279.0 147381.0 147544.0 147664.0 147824.0 147924.0 148044.0 148164.0 148284.0 148408.0 148530.0 148631.0 148751.0 148910.0 149031.0 149150.0 149271.0 149433.0 149536.0 149656.0 149756.0 149895.0 150016.0 150155.0 150276.0 150398.0 150501.0 150782.0 150961.0 151081.0 151181.0 151302.0 151445.0 151566.0 151686.0 151846.0 151946.0 152066.0
152166.0 152306.0 152430.0 152551.0 152671.0 152771.0 152871.0 152993.0 153113.0 153213.0 153333.0 153476.0 153577.0 153697.0 153836.0 153957.0 154056.0 154196.0 154441.0 154663.0 154803.0 154943.0 155063.0 155283.0 155423.0 155644.0 155884.0 156025.0 156265.0 156388.0 156670.0 156910.0 157031.0 157171.0 157291.0 157437.0 157559.0 157679.0 157799.0 157941.0 158085.0 158224.0 158345.0 158468.0 158609.0 158749.0 158869.0 158990.0 159130.0 159270.0 159392.0
176285.0 176429.0 176531.0 176791.0 176931.0 177031.0 177171.0 177272.0 177377.0 177543.0 177663.0 177783.0 177885.0 178044.0 178165.0 178266.0 178370.0 178512.0 178672.0 178772.0 178892.0 179012.0 179153.0 179273.0 179396.0 179519.0 179659.0 179781.0 179921.0 180062.0 180202.0 180322.0 180467.0 180608.0 180709.0 180829.0 180950.0 181071.0 181191.0 181312.0 181457.0 181597.0 181757.0 181877.0 181999.0 182101.0 182221.0 182363.0 182465.0 182567.0 182687.0
182221.0 182363.0 182465.0 182567.0 182687.0 182787.0 182908.0 183047.0 183189.0 183291.0 183456.0 183595.0 183717.0 183837.0 183957.0 184078.0 184319.0 184464.0 184564.0 184804.0 184925.0 185045.0 185165.0 185265.0 185389.0 185689.0 185809.0 186090.0 186190.0 186434.0 186754.0 186956.0 187036.0 187258.0 187524.0 187644.0 187926.0 188167.0 188306.0 188472.0 188914.0 189174.0 189427.0 189667.0 189788.0 189988.0 190108.0 190328.0 190612.0 190733.0 190993.0
214180.0 214285.0 214428.0 214552.0 214727.0 214890.0 215013.0 215136.0 215339.0 215440.0 215562.0 215669.0 215792.0 215917.0 216103.0 216229.0 216353.0 216475.0 216561.0 216684.0 216826.0 216971.0 217113.0 217234.0 217320.0 217482.0 217624.0 217786.0 217908.0 218049.0 218171.0 218313.0 218455.0 218557.0 218698.0 218840.0 219009.0 219114.0 219256.0 219378.0 219500.0 219663.0 219784.0 219930.0 220036.0 220181.0 220323.0 220466.0 220588.0 220711.0 220857.0
224167.0 224315.0 224483.0 224627.0 224730.0 224852.0 224978.0 225081.0 225212.0 225324.0 225445.0 225567.0 225694.0 225855.0 225979.0 226145.0 226308.0 226439.0 226561.0 226693.0 226844.0 226966.0 227067.0 227212.0 227386.0 227508.0 227629.0 227784.0 227918.0 228040.0 228182.0 228305.0 228451.0 228554.0 228695.0 228818.0 228963.0 229067.0 229252.0 229418.0 229519.0 229665.0 229809.0 229916.0 230017.0 230143.0 230292.0 230479.0 230619.0 230781.0 230889.0
237137.0 237262.0 237408.0 237533.0 237635.0 237742.0 237886.0 238009.0 238131.0 238258.0 238385.0 238526.0 238690.0 238816.0 238962.0 239110.0 239277.0 239439.0 239608.0 239750.0 239896.0 240079.0 240240.0 240423.0 240525.0 240667.0 240788.0 240936.0 241092.0 241214.0 241335.0 241439.0 241561.0 241743.0 241865.0 242007.0 242169.0 242311.0 242412.0 242542.0 242663.0 242808.0 242943.0 243034.0 243323.0 243465.0 243611.0 243739.0 243903.0 244025.0 244214.0
254240.0 254363.0 254510.0 254612.0 254734.0 254819.0 254963.0 255104.0 255249.0 255350.0 255492.0 255593.0 255716.0 255838.0 255982.0 256104.0 256246.0 256371.0 256488.0 256610.0 256752.0 256854.0 256978.0 257103.0 257253.0 257354.0 257520.0 257663.0 257831.0 257958.0 258081.0 258186.0 258370.0 258536.0 258658.0 258779.0 258942.0 259193.0 259322.0 259450.0 259595.0 259759.0 259900.0 260022.0 260204.0 260311.0 260433.0 260555.0 260655.0 260803.0 260931.0
264190.0 264355.0 264480.0 264601.0 264766.0 264892.0 264995.0 265121.0 265222.0 265364.0 265527.0 265651.0 265776.0 265898.0 266067.0 266172.0 266340.0 266482.0 266604.0 266710.0 266874.0 267017.0 267181.0 267283.0 267421.0 267605.0 267777.0 267951.0 268091.0 268254.0 268400.0 268523.0 268644.0 268787.0 268908.0 269039.0 269163.0 269273.0 269430.0 269558.0 269665.0 269791.0 269916.0 270058.0 270200.0 270332.0 270530.0 270652.0 270768.0 270916.0 271092.0
271351.0 271766.0 271889.0 271990.0 272402.0 272549.0 272673.0 272879.0 273126.0 273229.0 273355.0 273556.0 273677.0 273819.0 273981.0 274122.0 274307.0 274469.0 274653.0 274752.0 274876.0 274981.0 275128.0 275251.0 275414.0 275537.0 275658.0 275841.0 275965.0 276111.0 276212.0 276355.0 276459.0 276584.0 276711.0 276873.0 276994.0 277116.0 277238.0 277382.0 277510.0 277612.0 277734.0 277876.0 277999.0 278125.0 278307.0 278434.0 278576.0 278721.0 278883.0
300126.0 300289.0 300371.0 300537.0 300686.0 300823.0 300943.0 301031.0 301152.0 301288.0 301420.0 301533.0 301663.0 301786.0 301912.0 302074.0 302196.0 302298.0 302440.0 302542.0 302663.0 302804.0 302926.0 303048.0 303194.0 303335.0 303437.0 303603.0 303727.0 303915.0 304056.0 304220.0 304363.0 304525.0 304647.0 304812.0 304934.0 305116.0 305197.0 305319.0 305464.0 305631.0 305756.0 305908.0 306030.0 306177.0 306364.0 306511.0 306633.0 306780.0 306927.0
309257.0 309441.0 309602.0 309744.0 309865.0 310007.0 310149.0 310311.0 310416.0 310520.0 310626.0 310767.0 310932.0 311097.0 311240.0 311366.0 311534.0 311635.0 311757.0 311858.0 311980.0 312102.0 312244.0 312345.0 312467.0 312590.0 312741.0 312823.0 312947.0 313130.0 313257.0 313385.0 313546.0 313708.0 313887.0 314053.0 314174.0 314342.0 314485.0 314610.0 314739.0 314861.0 315047.0 315195.0 315332.0 315468.0 315590.0 315716.0 315860.0 316002.0 316164.0
324175.0 324337.0 324499.0 324623.0 324744.0 324887.0 324989.0 325112.0 325243.0 325364.0 325487.0 325638.0 325741.0 325885.0 326033.0 326156.0 326299.0 326463.0 326565.0 326707.0 326874.0 327017.0 327160.0 327281.0 327410.0 327514.0 327635.0 327762.0 327904.0 328048.0 328231.0 328393.0 328508.0 328618.0 328738.0 328880.0 329008.0 329170.0 329272.0 329414.0 329556.0 329678.0 329799.0 329953.0 330084.0 330225.0 330367.0 330494.0 330635.0 330777.0 330924.0
464134.0 464257.0 464420.0 464586.0 464708.0 464849.0 464957.0 465078.0 465221.0 465364.0 465498.0 465636.0 465759.0 465921.0 466062.0 466163.0 466265.0 466366.0 466489.0 466636.0 466786.0 466911.0 467035.0 467182.0 467287.0 467411.0 467600.0 467723.0 467909.0 468055.0 468181.0 468329.0 468494.0 468639.0 468781.0 468888.0 469014.0 469115.0 469320.0 469448.0 469572.0 469742.0 469871.0 470014.0 470181.0 470368.0 470490.0 470594.0 470737.0 470850.0 470990.0
482125.0 482252.0 482357.0 482502.0 482643.0 482868.0 483009.0 483175.0 483266.0 483381.0 483509.0 483645.0 483767.0 483869.0 483970.0 484092.0 484213.0 484354.0 484510.0 484640.0 484751.0 484913.0 485034.0 485136.0 485258.0 485412.0 485533.0 485650.0 485777.0 485901.0 486024.0 486208.0 486350.0 486502.0 486628.0 486790.0 486899.0 487022.0 487124.0 487237.0 487327.0 487493.0 487622.0 487765.0 487908.0 488030.0 488132.0 488256.0 488425.0 488549.0 488674.0
491192.0 491300.0 491402.0 491545.0 491669.0 491812.0 491954.0 492099.0 492241.0 492386.0 492488.0 492634.0 492788.0 492910.0 493075.0 493238.0 493367.0 493555.0 493747.0 493852.0 493974.0 494099.0 494242.0 494363.0 494486.0 494650.0 494791.0 494922.0 495088.0 495192.0 495344.0 495496.0 495632.0 495770.0 495901.0 496003.0 496138.0 496259.0 496383.0 496505.0 496656.0 496798.0 496939.0 497102.0 497223.0 497348.0 497531.0 497652.0 497774.0 497896.0 497997.0
498160.0 498305.0 498406.0 498548.0 498674.0 498774.0 498917.0 499039.0 499162.0 499289.0 499427.0 499512.0 499636.0 499755.0 499942.0 500105.0 500207.0 500334.0 500442.0 500593.0 500706.0 500850.0 500971.0 501093.0 501213.0 501357.0 501478.0 501603.0 501732.0 501875.0 502000.0 502144.0 502270.0 502432.0 502575.0 502723.0 502824.0 502954.0 503077.0 503278.0 503400.0 503542.0 503688.0 503830.0 503933.0 504075.0 504201.0 504329.0 504431.0 504624.0 504793.0
166459.0 166721.0 167007.0 167294.0 167556.0 167798.0 168082.0 168325.0 168587.0 168851.0 169115.0 169377.0 169638.0 169898.0 170161.0 170402.0 170662.0 170902.0 171163.0 171408.0 171669.0 171949.0 172211.0 172452.0 172693.0 172952.0 173093.0 173193.0 173315.0 173437.0 173560.0 173702.0 173825.0 174008.0 174130.0 174251.0 174412.0 174533.0 174653.0 174773.0 174916.0 175076.0 175180.0 175302.0 175463.0 175626.0 175728.0 175850.0 175992.0 176154.0 176298.0
174251.0 174412.0 174533.0 174653.0 174773.0 174916.0 175076.0 175180.0 175302.0 175463.0 175626.0 175728.0 175850.0 175992.0 176154.0 176298.0 176421.0 176542.0 176683.0 176803.0 176985.0 177147.0 177289.0 177390.0 177512.0 177612.0 177735.0 177837.0 177960.0 178104.0 178225.0 178346.0 178468.0 178588.0 178734.0 178858.0 178984.0 179125.0 179245.0 179387.0 179510.0 179630.0 179754.0 179896.0 180047.0 180169.0 180280.0 180402.0 180525.0 180646.0 180789.0
191323.0 191465.0 191629.0 191751.0 191873.0 192021.0 192141.0 192243.0 192366.0 192467.0 192587.0 192688.0 192819.0 192940.0 193123.0 193245.0 193464.0 193628.0 193749.0 193870.0 193992.0 194114.0 194256.0 194397.0 194538.0 194698.0 194789.0 194910.0 195020.0 195132.0 195254.0 195398.0 195520.0 195621.0 195742.0 195853.0 195963.0 196097.0 196251.0 196392.0 196545.0 196678.0 196788.0 196923.0 197024.0 197145.0 197274.0 197388.0 197490.0 197642.0 197764.0
200304.0 200425.0 200566.0 200689.0 200810.0 200945.0 201054.0 201167.0 201290.0 201399.0 201552.0 201692.0 201819.0 201940.0 202060.0 202201.0 202342.0 202463.0 202585.0 202727.0 202828.0 202972.0 203072.0 203193.0 203315.0 203456.0 203578.0 203700.0 203801.0 203942.0 204084.0 204225.0 204351.0 204473.0 204617.0 204738.0 204840.0 204963.0 205065.0 205185.0 205342.0 205428.0 205572.0 205693.0 205834.0 205976.0 206118.0 206239.0 206361.0 206504.0 206646.0
209342.0 209444.0 209606.0 209768.0 209911.0 210011.0 210173.0 210295.0 210436.0 210579.0 210681.0 210781.0 210910.0 211030.0 211173.0 211294.0 211413.0 211554.0 211735.0 211856.0 211957.0 212059.0 212160.0 212281.0 212383.0 212505.0 212646.0 212795.0 212918.0 213030.0 213183.0 213314.0 213424.0 213537.0 213667.0 213831.0 213942.0 214085.0 214209.0 214351.0 214473.0 214595.0 214756.0 214878.0 215027.0 215121.0 215282.0 215402.0 215604.0 215746.0 215866.0
231350.0 231471.0 231633.0 231796.0 231938.0 232098.0 232219.0 232359.0 232520.0 232621.0 232743.0 232865.0 233006.0 233088.0 233229.0 233352.0 233474.0 233595.0 233757.0 233899.0 234021.0 234203.0 234402.0 234566.0 234668.0 234809.0 234930.0 235051.0 235172.0 235294.0 235397.0 235497.0 235638.0 235758.0 235940.0 236083.0 236224.0 236329.0 236429.0 236610.0 236731.0 236853.0 237014.0 237154.0 237275.0 237415.0 237574.0 237676.0 237780.0 237902.0 238042.0
377288.0 377450.0 377574.0 377675.0 377815.0 377939.0 378060.0 378181.0 378343.0 378425.0 378567.0 378689.0 378829.0 378951.0 379072.0 379194.0 379355.0 379476.0 379617.0 379739.0 379880.0 380002.0 380146.0 380367.0 380489.0 380630.0 380770.0 380891.0 381012.0 381134.0 381277.0 381399.0 381562.0 381724.0 381827.0 381950.0 382113.0 382234.0 382377.0 382538.0 382680.0 382826.0 382969.0 383092.0 383212.0 383354.0 383458.0 383613.0 383746.0 383878.0 384003.0
389238.0 389362.0 389585.0 389707.0 389827.0 389950.0 390090.0 390212.0 390335.0 390438.0 390619.0 390701.0 390822.0 390964.0 391064.0 391187.0 391309.0 391430.0 391569.0 391711.0 391834.0 391995.0 392137.0 392317.0 392398.0 392559.0 392704.0 392804.0 392966.0 393088.0 393189.0 393316.0 393474.0 393579.0 393705.0 393825.0 393946.0 394047.0 394149.0 394270.0 394373.0 394487.0 394575.0 394676.0 394777.0 394878.0 394979.0 395103.0 395245.0 395367.0 395488.0
419337.0 419479.0 419621.0 419744.0 419865.0 420007.0 420108.0 420230.0 420352.0 420474.0 420616.0 420738.0 420880.0 421062.0 421185.0 421326.0 421488.0 421651.0 421794.0 421934.0 422074.0 422158.0 422258.0 422401.0 422544.0 422665.0 422847.0 422967.0 423108.0 423228.0 423390.0 423471.0 423612.0 423714.0 423834.0 423995.0 424155.0 424236.0 424395.0 424516.0 424597.0 424718.0 424841.0 424962.0 425124.0 425244.0 425347.0 425488.0 425649.0 425769.0 425910.0
435252.0 435373.0 435518.0 435661.0 435782.0 435944.0 436045.0 436187.0 436286.0 436407.0 436532.0 436674.0 436795.0 436976.0 437099.0 437258.0 437402.0 437541.0 437662.0 437784.0 437928.0 438030.0 438151.0 438273.0 438456.0 438578.0 438724.0 438865.0 439004.0 439108.0 439207.0 439332.0 439491.0 439595.0 439717.0 439859.0 440039.0 440160.0 440322.0 440423.0 440546.0 440667.0 440788.0 440950.0 441071.0 441193.0 441295.0 441437.0 441558.0 441679.0 441862.0
446237.0 446362.0 446500.0 446626.0 446748.0 446864.0 446985.0 447128.0 447234.0 447376.0 447477.0 447599.0 447722.0 447843.0 448005.0 448126.0 448286.0 448406.0 448548.0 448670.0 448832.0 448954.0 449096.0 449199.0 449321.0 449443.0 449565.0 449705.0 449847.0 449969.0 450109.0 450250.0 450375.0 450476.0 450597.0 450699.0 450820.0 450984.0 451104.0 451204.0 451309.0 451430.0 451591.0 451713.0 451836.0 451980.0 452121.0 452243.0 452365.0 452467.0 452591.0
454286.0 454427.0 454516.0 454651.0 454800.0 454920.0 455062.0 455183.0 455283.0 455446.0 455548.0 455672.0 455773.0 455916.0 456037.0 456171.0 456263.0 456384.0 456507.0 456608.0 456729.0 456851.0 456972.0 457154.0 457276.0 457396.0 457520.0 457661.0 457783.0 457904.0 458025.0 458161.0 458290.0 458431.0 458572.0 458694.0 458815.0 458961.0 459064.0 459225.0 459348.0 459469.0 459590.0 459693.0 459814.0 459916.0 460078.0 460219.0 460341.0 460463.0 460625.0
511302.0 511423.0 511544.0 511684.0 511788.0 511930.0 512032.0 512153.0 512297.0 512439.0 512568.0 512703.0 512823.0 512925.0 513056.0 513268.0 513391.0 513493.0 513593.0 513715.0 513837.0 513958.0 514079.0 514230.0 514342.0 514444.0 514572.0 514695.0 514838.0 514982.0 515111.0 515231.0 515353.0 515510.0 515619.0 515780.0 515920.0 516063.0 516234.0 516353.0 516454.0 516575.0 516684.0 516817.0 516941.0 517062.0 517184.0 517296.0 517417.0 517538.0 517628.0
218561.0 218678.0 218784.0 218910.0 219034.0 219144.0 219256.0 219377.0 219497.0 219620.0 219722.0 219843.0 219945.0 220087.0 220192.0 220353.0 220473.0 220578.0 220702.0 220823.0 220923.0 221070.0 221191.0 221293.0 221420.0 221600.0 221748.0 221871.0 221998.0 222180.0 222302.0 222404.0 222525.0 222646.0 222767.0 222888.0 223022.0 223132.0 223243.0 223337.0 223456.0 223578.0 223703.0 223849.0 223951.0 224092.0 224214.0 224314.0 224437.0 224541.0 224666.0
247569.0 247689.0 247842.0 247953.0 248094.0 248198.0 248344.0 248470.0 248618.0 248760.0 248921.0 249066.0 249188.0 249291.0 249414.0 249516.0 249657.0 249799.0 249919.0 250042.0 250184.0 250331.0 250437.0 250559.0 250683.0 250807.0 250928.0 251053.0 251177.0 251299.0 251420.0 251569.0 251711.0 251817.0 251920.0 252048.0 252171.0 252312.0 252394.0 252515.0 252637.0 252759.0 252880.0 253002.0 253124.0 253286.0 253389.0 253515.0 253641.0 253763.0 253889.0
258476.0 258582.0 258703.0 258863.0 259008.0 259129.0 259251.0 259362.0 259473.0 259597.0 259717.0 259838.0 259961.0 260121.0 260242.0 260362.0 260484.0 260627.0 260748.0 260856.0 260998.0 261100.0 261241.0 261341.0 261485.0 261608.0 261692.0 261860.0 262055.0 262165.0 262296.0 262400.0 262541.0 262652.0 262773.0 262906.0 263016.0 263157.0 263278.0 263399.0 263503.0 263628.0 263729.0 263866.0 263976.0 264097.0 264199.0 264332.0 264441.0 264585.0 264711.0
273431.0 273535.0 273677.0 273822.0 273951.0 274098.0 274221.0 274322.0 274469.0 274631.0 274751.0 274877.0 274979.0 275082.0 275207.0 275306.0 275452.0 275574.0 275714.0 275870.0 276003.0 276127.0 276248.0 276389.0 276509.0 276650.0 276774.0 276917.0 277039.0 277139.0 277261.0 277382.0 277526.0 277647.0 277771.0 277892.0 278015.0 278163.0 278264.0 278376.0 278497.0 278620.0 278767.0 278893.0 279013.0 279137.0 279277.0 279399.0 279522.0 279642.0 279803.0
292427.0 292527.0 292652.0 292753.0 292855.0 292977.0 293119.0 293268.0 293432.0 293577.0 293699.0 293820.0 293963.0 294125.0 294271.0 294393.0 294557.0 294703.0 294823.0 294948.0 295130.0 295295.0 295422.0 295545.0 295691.0 295796.0 295923.0 296048.0 296170.0 296336.0 296458.0 296602.0 296752.0 296872.0 296996.0 297137.0 297299.0 297421.0 297541.0 297702.0 297826.0 297947.0 298069.0 298213.0 298339.0 298496.0 298658.0 298801.0 298930.0 299117.0 299242.0
326458.0 326622.0 326768.0 326889.0 326990.0 327092.0 327227.0 327351.0 327438.0 327564.0 327685.0 327826.0 327928.0 328050.0 328191.0 328337.0 328479.0 328621.0 328722.0 328886.0 328989.0 329114.0 329256.0 329377.0 329520.0 329620.0 329744.0 329864.0 329967.0 330090.0 330203.0 330327.0 330448.0 330569.0 330693.0 330834.0 330975.0 331117.0 331264.0 331406.0 331527.0 331668.0 331831.0 331912.0 332034.0 332156.0 332317.0 332441.0 332562.0 332687.0 332828.0
336458.0 336581.0 336705.0 336891.0 337013.0 337180.0 337369.0 337475.0 337659.0 337785.0 337909.0 338054.0 338176.0 338276.0 338402.0 338508.0 338631.0 338773.0 338875.0 338996.0 339097.0 339218.0 339330.0 339445.0 339626.0 339750.0 339913.0 340035.0 340214.0 340324.0 340451.0 340592.0 340714.0 340861.0 341003.0 341146.0 341268.0 341368.0 341491.0 341593.0 341714.0 341856.0 341998.0 342119.0 342222.0 342365.0 342489.0 342677.0 342803.0 342950.0 343080.0
358407.0 358571.0 358712.0 358839.0 358972.0 359084.0 359227.0 359331.0 359475.0 359595.0 359695.0 359857.0 360005.0 360147.0 360290.0 360412.0 360532.0 360697.0 360839.0 360944.0 361064.0 361174.0 361273.0 361400.0 361521.0 361666.0 361809.0 361911.0 362072.0 362197.0 362319.0 362440.0 362563.0 362667.0 362788.0 362909.0 363033.0 363213.0 363336.0 363500.0 363644.0 363765.0 363928.0 364058.0 364198.0 364382.0 364564.0 364705.0 364884.0 364970.0 365111.0
579348.0 579494.0 579598.0 579747.0 580011.0 580113.0 580256.0 580491.0 580758.0 580880.0 581024.0 581167.0 581316.0 581398.0 581543.0 581705.0 581948.0 582059.0 582177.0 582300.0 582435.0 582547.0 582669.0 582789.0 582896.0 583019.0 583283.0 583424.0 583582.0 583786.0 583908.0 584090.0 584262.0 584357.0 584478.0 584602.0 584723.0 584844.0 585013.0 585155.0 585297.0 585463.0 585705.0 585846.0 585978.0 586091.0 586222.0 586364.0 586476.0 586586.0 586710.0
588454.0 588575.0 588700.0 588822.0 588950.0 589078.0 589219.0 589401.0 589528.0 589651.0 589778.0 589903.0 590025.0 590157.0 590282.0 590423.0 590565.0 590730.0 590908.0 591019.0 591241.0 591362.0 591508.0 591632.0 591804.0 591928.0 592061.0 592206.0 592416.0 592545.0 592709.0 592872.0 592997.0 593307.0 593454.0 593577.0 593723.0 593826.0 593935.0 594040.0 594142.0 594244.0 594345.0 594486.0 594648.0 594770.0 594892.0 594997.0 595121.0 595263.0 595451.0
611430.0 611553.0 611846.0 611982.0 612125.0 612287.0 612429.0 612551.0 612675.0 612837.0 612958.0 613087.0 613228.0 613386.0 613498.0 613764.0 613926.0 614074.0 614216.0 614360.0 614483.0 614641.0 614726.0 614848.0 614969.0 615111.0 615272.0 615395.0 615520.0 615664.0 615809.0 615933.0 616060.0 616244.0 616345.0 616493.0 616638.0 616779.0 616921.0 617063.0 617187.0 617353.0 617499.0 617620.0 617803.0 618113.0 618278.0 618402.0 618524.0 618686.0 618847.0
621468.0 621580.0 621824.0 621945.0 622087.0 622220.0 622345.0 622487.0 622609.0 622731.0 622852.0 623014.0 623136.0 623284.0 623472.0 623624.0 624116.0 624242.0 624363.0 624629.0 624774.0 624880.0 625043.0 625225.0 625471.0 625737.0 625839.0 625960.0 626108.0 626238.0 626443.0 626605.0 626745.0 626870.0 626991.0 627133.0 627235.0 627377.0 627563.0 627664.0 627785.0 627910.0 628324.0 628452.0 628556.0 628945.0 629089.0 629231.0 629354.0 629521.0 629645.0
632375.0 632520.0 632663.0 632779.0 632902.0 633032.0 633190.0 633294.0 633439.0 633580.0 633677.0 633910.0 634031.0 634153.0 634279.0 634533.0 634678.0 634840.0 634983.0 635106.0 635250.0 635395.0 635538.0 635661.0 635861.0 635965.0 636109.0 636231.0 636335.0 636469.0 636594.0 636746.0 636838.0 636959.0 637081.0 637205.0 637371.0 637497.0 637624.0 637769.0 637913.0 638034.0 638155.0 638281.0 638402.0 638551.0 638676.0 638964.0 639150.0 639755.0 639880.0
