0.08669743 0.05748849 0.05715765 0.07325797 0.07389896 0.07397656 0.07648442 0.06911053 0.06015107 0.01279509 -0.008644425 -0.01830658 0.003598277 0.03906939 0.07858822 0.0800809 0.06979947 0.02980343 -0.009056197 -0.03725288 0.003916211 0.02667838 0.01703142 0.03521748 0.05542238 0.0493458 0.04640323 0.09376168 0.1332121 0.1376256 0.1110312 0.03174098 -0.01689541 -0.007513908 -0.01301384 0.002574436 0.02386758 0.03053203 0.0427036 0.01871766 0.001391944 0.01604509 0.01568885 0.02769993 0.03111463 0.04592512 0.05260152 0.0523041
0.07161166 0.03083959 -0.03621966 -0.04815204 -0.02024277 0.01992799 0.06546437 0.08426038 0.025705 -0.01601309 0.000688588 0.03367364 0.05773542 0.04652297 0.008110521 0.02512747 0.02053507 0.001139816 -0.02221049 -0.03751877 -0.03453585 -0.03016958 -0.0434459 -0.03644526 -0.04653012 -0.04937013 -0.04004695 -0.043542 -0.0474066 -0.03133651 -0.01489347 -0.03735912 -0.04391372 -0.03348411 -0.02413229 -0.05451026 -0.05898569 -0.07766967 -0.08694558 -0.0750835 -0.05728764 -0.05088093 -0.0436899 -0.04966535 -0.05280441 -0.05793196 -0.06341422 -0.05428199
-0.05793196 -0.06341422 -0.05428199 -0.06188495 -0.06805387 -0.06490327 -0.05983934 -0.05679573 -0.06089306 -0.06127335 -0.05596736 -0.04587048 -0.02759497 -0.02361691 -0.04126192 -0.0533108 -0.04653594 -0.03707772 -0.03759987 -0.04784258 -0.04240482 -0.04066616 -0.03787106 -0.03723534 -0.03807791 -0.0397733 -0.04160112 -0.03694468 -0.01399533 0.000289897 -0.002115449 -0.007804022 -0.01543223 -0.02370734 -0.03736824 -0.0375785 -0.0303446 -0.02980346 -0.02253158 -0.01302203 -0.005874833 -0.009480126 -0.01219973 -0.006453247 0.000363265 0.02304123 0.0407535 0.04129963
0.03064054 0.01825924 0.00999161 0.005053083 -0.00115719 -0.006039819 -0.00794656 -0.01756699 -0.021242 -0.0282728 -0.007958227 -0.002001594 0.001860961 0.006752382 0.007040011 -0.003337762 -0.01234024 -0.01963468 -0.02292369 -0.0175557 -0.01584499 -0.01337972 -0.01214107 -0.01157069 -0.008752721 0.003122424 0.009593008 0.00377399 -0.01336045 -0.01639495 -0.002728914 -0.01683797 -0.000138411 -0.005577896 0.01075026 0.02478218 0.0462424 0.06534985 0.06739756 0.06156525 0.05055004 0.02780294 0.02487263 0.01793574 0.02147375 0.0221893 0.02369321 0.01432604
0.02445653 0.02491077 0.03348384 0.03418166 0.03251638 0.02651802 0.02562517 0.01428259 -0.005783283 -0.008730784 -0.004486606 0.03169989 0.04087026 0.04284966 0.03205139 0.01289487 0.002410236 -0.007950638 -0.01153614 -0.01028774 0.004241633 0.008533867 0.003264728 0.009698919 0.01745805 0.01700498 0.0307224 0.03911921 0.03893322 0.0319979 0.02413939 0.0183229 0.01377193 0.006033042 0.002106491 -0.000314929 0.01265422 0.03179513 0.04986136 0.05575474 0.04617643 0.03774467 0.01622347 0.01189193 0.00123497 0.01387674 0.03202793 0.04251647
0.07027636 0.07676989 0.07000697 0.06246606 0.04423096 0.03738239 0.01489414 0.01285858 0.0140143 0.02103886 0.02704045 0.0408996 0.04586557 0.04533865 0.04582294 0.04415385 0.04481101 0.04795876 0.05396704 0.05727228 0.04786105 0.03019848 0.02151326 0.02540154 0.02929252 0.04229458 0.03957216 0.02790841 0.02189646 0.01757868 0.01982917 0.01773262 0.01377581 0.02396702 0.02204995 0.02434363 0.01764273 0.008563064 0.01774385 0.03001478 0.05517248 0.05410427 0.05147353 0.05269492 0.06008855 0.07004383 0.07278429 0.06651144
0.003528733 0.03133611 0.03709364 0.03547739 0.03589458 0.0386662 0.04287686 0.04342074 0.03183421 0.025284 0.05155266 0.08490929 0.06312238 0.04058922 0.05625981 0.07280593 0.08482572 0.07993892 0.08933595 0.09576389 0.09262638 0.09423979 0.07756404 0.08086583 0.05158617 0.06695413 0.04341682 0.02417366 0.01774147 0.02941232 0.04979827 0.06749516 0.1044274 0.09815396 0.1099364 0.1151121 0.1160763 0.1099072 0.1452982 0.121294 0.09772585 0.09768076 0.1130301 0.08876575 0.08773971 0.08754269 0.07365603 0.06130124
0.01632547 0.005886572 0.007029792 0.01901466 0.04066294 0.05315153 0.04993288 0.04219724 0.06807582 0.09491916 0.07257032 0.06298907 0.08102739 0.07706932 0.07975197 0.06231272 0.0810202 0.1099003 0.1438176 0.1593124 0.1548555 0.1500865 0.1696845 0.1765359 0.1728757 0.1636511 0.1575723 0.1536351 0.1655387 0.211264 0.2115391 0.2165847 0.2144525 0.2052894 0.1810295 0.1838692 0.184692 0.1938471 0.185383 0.1737934 0.1308144 0.1259774 0.1179978 0.1215433 0.1918544 0.212404 0.2080679 0.1599611
-0.06914687 -0.06388012 -0.05694891 -0.05728658 -0.05687993 -0.05918282 -0.05178468 -0.04606922 -0.05179676 -0.04322727 -0.05007245 -0.06255267 -0.0614662 -0.05961591 -0.06085386 -0.06181591 -0.07306162 -0.07833466 -0.07381558 -0.06577953 -0.05924201 -0.05363793 -0.05146964 -0.05464377 -0.05995377 -0.06146646 -0.05432025 -0.0569068 -0.04213914 -0.0362732 -0.03292763 -0.03308517 -0.05189757 -0.06299578 -0.0740266 -0.07600479 -0.07088078 -0.06332131 -0.05823452 -0.04955286 -0.04339487 -0.04633917 -0.04343243 -0.03749979 -0.0296376 -0.02553675 -0.02726247 -0.02948015
-0.05759269 -0.05479959 -0.05896968 -0.06325693 -0.07066046 -0.08110628 -0.08051262 -0.07045865 -0.05248282 -0.04406181 -0.04219858 -0.04803081 -0.06041821 -0.06932892 -0.0779031 -0.07371811 -0.06728446 -0.05724385 -0.05895476 -0.06660123 -0.06756087 -0.07756858 -0.07861371 -0.07149117 -0.06525084 -0.0724971 -0.07307302 -0.07366576 -0.0678975 -0.06426632 -0.06027594 -0.0487257 -0.03790317 -0.03159761 -0.02652281 -0.03097201 -0.04118738 -0.05806319 -0.06319571 -0.06585073 -0.06344842 -0.06431682 -0.06351575 -0.05863116 -0.05512943 -0.04629048 -0.04776383 -0.04358663
-0.05319751 -0.03803303 -0.03041688 -0.02698603 -0.03013759 -0.04471279 -0.05359822 -0.05056119 -0.05385895 -0.05615864 -0.06082994 -0.06455888 -0.07333045 -0.07418686 -0.07700813 -0.07560416 -0.07495437 -0.0708841 -0.0612965 -0.05256886 -0.05310383 -0.05182213 -0.05493685 -0.06017441 -0.06327786 -0.06305333 -0.05863087 -0.06013131 -0.06080174 -0.06422257 -0.0678501 -0.06093679 -0.0602811 -0.05706761 -0.05322485 -0.05088407 -0.05630353 -0.05523954 -0.05656593 -0.05663899 -0.06147105 -0.06343052 -0.05890043 -0.04900285 -0.05447031 -0.05901933 -0.05519414 -0.0532765
-0.05387518 -0.06165341 -0.06303626 -0.06842403 -0.06568062 -0.06510425 -0.06679862 -0.06145408 -0.05867123 -0.06154237 -0.0702197 -0.07465535 -0.08114877 -0.07415212 -0.07148476 -0.06821792 -0.06590334 -0.0607387 -0.0489816 -0.04997804 -0.05100996 -0.04702892 -0.03928047 -0.03676919 -0.03516823 -0.02816148 -0.03606265 -0.03910213 -0.04224424 -0.04997572 -0.05248141 -0.04534385 -0.04604936 -0.04447906 -0.04766455 -0.04721238 -0.03809382 -0.03616146 -0.03011738 -0.03083153 -0.03509632 -0.03969189 -0.0360194 -0.03456482 -0.03310335 -0.03125334 -0.02361917 -0.02479424
-0.0946712 -0.07989424 -0.06590521 -0.04673802 -0.04069747 -0.03779741 -0.03860224 -0.04208473 -0.04702475 -0.03875575 -0.04506443 -0.04609642 -0.04659619 -0.04213762 -0.03822451 -0.0380441 -0.0377908 -0.03820756 -0.04104713 -0.04619716 -0.04043968 -0.03689109 -0.04724988 -0.04057342 -0.03644117 -0.03373394 -0.0307835 -0.03094157 -0.02925841 -0.02425753 -0.02684636 -0.02741952 -0.03079795 -0.03314472 -0.02791116 -0.02421002 -0.02970095 -0.03049071 -0.03486649 -0.03376073 -0.03596054 -0.03481511 -0.03854861 -0.04379203 -0.04389918 -0.03364028 -0.03533592 -0.02954942
9.033362e-05 0.000905496 -0.001780653 -0.0005196846 0.00143479 0.003569669 0.006463366 0.01056699 0.01395366 0.009012048 0.008296772 0.002748838 0.00234386 0.003652469 0.006070522 0.007667004 0.004854042 0.002385106 0.00332578 0.000681225 0.2064544 0.3569653 0.1117116 -0.07478488 -0.1666916 -0.1790969 -0.1513078 -0.04690969 0.002707719 0.006348116 0.005336309 0.008107685 0.009526026 0.006555482 0.005675853 -0.0009189725 -0.003737761 0.0002350327 -0.001099531 -0.003806566 -0.00538386 -0.001638201 -0.0002230195 -0.00237049 -0.006933575 -0.005894611 -0.009756348 -0.01046235
0.007634251 0.007359376 0.00683626 0.003360287 0.001897126 -0.002828616 -0.007132947 -0.006546989 -0.004405539 -0.003799319 0.001259124 -0.0008736558 -0.003343865 -0.002939089 -0.002349772 -0.003794586 -0.008322758 -0.005504296 -0.003254094 -0.002449247 -0.001636838 0.0009181347 0.002332243 0.003461761 0.01466975 0.6949236 0.5201924 -0.09363021 -0.2501817 -0.3014652 -0.2407129 -0.1738119 -0.09495392 -0.04498066 -0.01115983 0.00465321 0.007800145 0.00683979 0.0006346213 -0.007680976 -0.008913187 -0.009609536 -0.01151611 -0.006658047 -0.0003812014 -0.005342055 -0.004959123 0.001610659
0.02313962 0.02732107 0.0282164 0.02493802 0.0275355 0.015375 0.008634733 0.007803595 0.007396272 0.008200409 0.01669621 0.3134893 0.5013928 0.2689236 -0.1536378 -0.1353806 -0.03700888 -0.006204309 0.02150671 0.02370925 0.02938156 0.03189004 0.03870317 0.03288835 0.02631577 0.01513768 0.007316651 0.002717408 0.002392775 0.006341529 0.01068431 0.01134978 0.0172208 0.01493641 0.01767622 0.01808909 0.01507349 0.01217158 0.01074547 0.01017721 0.01102051 0.009514668 0.01186507 0.01326002 0.01137822 0.01531607 0.01051017 0.005774315
0.02707413 0.02398921 0.02231721 0.01732056 0.02256978 0.023726 0.02345647 0.02167067 0.01948586 0.01153655 0.008453419 0.112555 0.7967989 0.5615451 0.123064 -0.1265269 -0.2641928 -0.2119189 -0.1274935 -0.05227627 0.005037117 0.005307347 -0.005022225 -0.01647184 -0.02546699 -0.02864685 -0.03120097 -0.02573829 -0.01646377 -0.00551828 0.005200905 0.002765798 -0.001064993 -0.00782328 -0.009603079 -0.0003744598 0.003274774 -0.00387929 -0.007218286 -0.009316907 -0.004841321 0.007121358 0.003295258 0.006788773 0.006088754 0.00945394 0.006021979 0.003191625
-0.001443278 0.001840011 0.008231052 0.008274928 0.005435437 0.007660872 0.006034479 0.003392457 -0.01278389 -0.009462811 -7.969919e-05 0.002404818 0.3292798 -0.1230917 -0.1853829 -0.1157611 -0.06066091 0.001671646 0.006797817 0.01062965 0.006191402 0.00150554 -0.001373509 0.001697782 0.007346939 0.009360461 0.007927335 0.01075762 0.006194042 0.004527739 0.000516113 -0.002905355 -0.002887872 -0.007528565 -0.006275997 -0.001129768 -0.001421796 0.005750508 0.0156051 0.01982057 0.005399041 0.005155803 0.002718824 0.009270681 0.01226572 0.009743196 0.00599006 0.007345675
0.01226572 0.009743196 0.00599006 0.007345675 -0.006789145 -0.01156704 -0.002899548 0.004075327 0.01040863 0.01586136 0.02647537 0.02290731 0.0150093 0.06451009 0.5371916 0.2660125 -0.0004028371 -0.1394722 -0.1635265 -0.1268338 -0.05714606 0.01904058 0.03326616 0.04520338 0.05270985 0.04817101 0.04096694 0.03352164 0.02471831 0.02218141 0.02059371 0.01558943 0.01476232 0.0174213 0.01800192 0.01870907 0.01830595 0.01548379 0.01085186 0.0061764 0.001703773 0.001606078 -0.0009861864 0.003497112 0.005650048 0.006802688 0.01280818 0.01153061
-0.006217082 -0.01003614 -0.01641036 -0.0202065 -0.0156433 -0.01425761 -0.01801323 -0.01811523 -0.007686847 0.005658514 0.009715173 0.01668371 0.2803178 0.3778497 -0.2071046 -0.1964152 -0.02632118 0.005255631 0.01295861 0.01174874 0.008257507 -2.378749e-05 -0.01067092 -0.01213633 -0.007603683 -0.00329314 0.002865201 0.004980036 0.009760574 0.008567372 0.007073642 0.008507346 0.01028675 0.002206317 -0.001940041 -0.01024138 -0.01340368 -0.01265313 -0.01095572 -0.006588719 -0.01162388 -0.01597368 -0.01438945 -0.02182209 -0.019256 -0.01342138 -0.009810437 -0.009822812
0.007922686 0.005085609 0.007075523 0.006938699 0.002216408 0.009044115 0.01131401 0.01010405 0.01333451 0.0131316 0.01042493 0.01334829 0.006081318 0.0154985 0.4270146 0.3538416 0.0754917 -0.1601564 -0.1838757 -0.1361487 -0.08698397 -0.04503871 -0.0187023 0.00233018 0.01442337 0.02043504 0.0233827 0.02704335 0.03094007 0.02724455 0.02401337 0.02674728 0.02528376 0.01827337 0.01054091 0.007626586 0.009688303 0.01131617 0.02274534 0.0376392 0.03446604 0.03347838 0.02777848 0.02700431 0.03211842 0.02900316 0.02607017 0.02996684
0.0690647 0.08304662 0.1098531 0.08891605 0.08753847 0.09190064 0.110875 0.09615037 0.0904199 0.084982 0.08982844 0.09169854 0.05328369 0.05274214 0.06832457 0.06726906 0.5201592 0.4315321 -0.01385886 -0.1197644 -0.18244 -0.09819022 -0.04898793 -0.01288324 -0.00598784 0.006735909 0.01206385 0.03659215 0.07684153 0.06888898 0.06446844 0.05666992 0.07354432 0.09246103 0.09627772 0.07694287 0.08940713 0.07187921 0.0706563 0.07155485 0.08397158 0.08492313 0.06967936 0.07265722 0.06946569 0.07954882 0.08348478 0.07726273
0.08756372 0.08586789 0.0790044 0.1136811 0.1092169 0.09691621 0.0782703 0.07710669 0.1120534 0.1015124 0.09004916 0.07547079 0.08625583 0.09064067 0.1062024 0.116085 0.1352529 0.6929883 0.3917448 0.06954033 -0.03273881 -0.02732669 -0.01047331 -0.007064419 0.008376725 0.04956277 0.04683615 0.06855753 0.07618725 0.08549987 0.09618755 0.1017234 0.09326902 0.07987956 0.04933101 0.05406269 0.04664892 0.06038539 0.06323776 0.08959342 0.09569205 0.08603948 0.08049148 0.07128112 0.05505678 0.04388231 0.0413613 0.04231199
0.08204436 0.04410093 0.02316574 0.01858059 0.01719947 0.03010883 0.03921666 0.04814769 0.05267238 0.04687709 0.04021863 0.04257423 0.05248424 0.043624 0.04296054 0.05315549 0.05014318 0.05676869 0.6111391 0.3827506 -0.03184666 -0.2223728 -0.2153238 -0.1288902 -0.05996782 -0.03287114 -0.01021019 0.02667844 0.04798668 0.05280878 0.05857754 0.04971151 0.05078752 0.06298614 0.06477512 0.06075953 0.07474569 0.08677565 0.0791494 0.08746415 0.08301716 0.08224295 0.06927024 0.06705659 0.06197706 0.05893841 0.07473306 0.0831169
0.05801662 0.04278285 0.02997219 0.04910243 0.06558221 0.086585 0.1012774 0.1193319 0.1244877 0.1145649 0.1009801 0.04098719 0.01869208 0.02138231 0.0231961 0.01767946 0.01155553 0.007611263 0.01108149 0.03572414 0.04150674 0.04066341 0.06576877 0.08163116 0.06127366 0.07591875 0.06617765 0.0554822 0.07065529 0.07577609 0.08110303 0.0947239 0.1059227 0.1254246 0.1315812 0.1251131 0.1130536 0.0807335 0.1072881 0.08542602 0.04727075 0.04429491 0.05965016 0.0688247 0.06109173 0.05617649 0.04812104 0.05830739
0.05943152 0.05568478 0.06332828 0.06361907 0.07212574 0.08255254 0.1051425 0.1048431 0.0842248 0.09145217 0.09439696 0.108857 0.1248336 0.4719691 0.1361103 -0.02409899 -0.1097495 -0.1446243 -0.09630539 -0.0307066 0.01229503 0.04688277 0.09966647 0.1033685 0.08970512 0.0670762 0.05216455 0.06153802 0.06821731 0.08013456 0.09650452 0.09894592 0.1070253 0.0583399 0.05642933 0.04966356 -0.00238469 -0.009105555 0.07220341 0.1074814 0.1002212 0.06846337 0.06589771 0.09017482 0.09092922 0.09030537 0.0901875 0.08208434
0.08332641 0.06884805 0.06607352 0.07928573 0.0835048 0.06338825 0.07302492 0.05665612 0.06315171 0.07633176 0.04377146 0.02651382 0.01423541 0.05276383 0.1002092 0.1012942 0.06755082 0.04434133 0.02486264 0.009078082 -0.4224527 -0.2072963 0.0391206 0.2490155 0.2467457 0.1998394 0.1594528 0.0890557 0.07827225 0.07481405 0.07621759 0.0616158 0.07227217 0.08719382 0.08875944 0.08786663 0.08124541 0.05962735 0.05482502 0.08462443 0.1014035 0.09611496 0.09951185 0.1056971 0.09779704 0.1024977 0.1123668 0.1228723
0.1268469 0.1055396 0.1335185 0.1284912 0.1141142 0.1074884 0.1167139 0.109467 0.1113711 0.1178807 0.1043312 0.08038898 0.1120264 0.1200299 0.138499 0.1454415 0.1199044 0.1030664 0.06597514 -0.4684726 -0.5462571 -0.2784037 0.09209935 0.3244987 0.3749451 0.3446045 0.2748381 0.1814445 0.09031281 0.05807993 0.04785236 0.05864534 0.07638977 0.07094703 0.06321035 0.05621608 0.05144092 0.08212022 0.1078773 0.104468 0.07731489 0.04461189 0.02186873 0.02681958 0.03455281 0.07348372 0.04532509 0.05333293
0.06400099 0.07282876 0.05874474 0.08816605 0.08864707 0.1087654 0.06895633 0.0914719 0.05199131 0.03501645 0.03215246 0.05542674 0.04867012 -0.1952346 -0.03116964 0.07587759 0.182964 0.2059679 0.2014589 0.2113429 0.1568838 0.0835498 0.03686397 0.01769456 0.04826583 0.04807556 0.02251496 0.04304978 0.07295335 0.1121148 0.117679 0.07113526 0.02911 0.03761851 0.06820207 0.07320874 0.075178 0.06886655 0.06890951 0.07408031 0.08336209 0.08068783 0.1005789 0.07137658 0.1238947 0.1116709 0.08953151 0.0833829
0.08877746 0.08081093 0.08468716 0.05901349 0.08686902 0.1076704 0.1193606 0.1100408 0.132506 0.1116218 0.09946867 0.09577926 0.1140737 0.1178431 0.09131869 0.06834259 -0.2020032 -0.06741687 0.09355895 0.1645803 0.203806 0.2231804 0.2401662 0.1702237 0.1182842 0.08843847 0.0482805 0.05045699 0.0403713 0.06610644 0.07512161 0.1020847 0.1141601 0.1277642 0.1419698 0.07946293 0.05097122 0.07982484 0.08833838 0.1070698 0.119646 0.1098283 0.1106414 0.1377452 0.1331573 0.09612056 0.03547399 0.04599027
0.07733674 0.07819024 0.05217593 0.05771899 0.09532012 0.08701816 0.06908242 0.04279817 -0.006166311 0.001577549 0.04298957 0.04311084 0.07462953 0.0640007 0.06641684 0.05278825 0.05809887 0.08349635 0.08192807 -0.4829409 -0.5822999 -0.1150642 0.1731184 0.264925 0.2426013 0.1577957 0.1002551 0.08143806 0.03045334 0.03176933 0.04104121 0.06998213 0.06506854 0.02314454 0.03304994 0.06074366 0.09378696 0.07182351 0.08876991 0.1148984 0.08060515 0.08756824 0.107678 0.1257691 0.1237295 0.1468251 0.1519316 0.1585921
-0.0348155 -0.02976811 -0.03693596 -0.04684063 -0.05788135 -0.06042358 -0.05848705 -0.06723478 -0.07062509 -0.07385906 -0.06795268 -0.07109975 -0.08153848 -0.08526506 -0.07684277 -0.07731894 -0.2624086 -0.1036193 -0.02848174 0.01989949 0.03690546 0.0313395 0.002734859 -0.01733711 -0.03573344 -0.04337947 -0.0448346 -0.05157023 -0.05773212 -0.05293572 -0.0470216 -0.04742791 -0.04544759 -0.04596014 -0.04955989 -0.05750669 -0.05639489 -0.06261086 -0.06150311 -0.06392477 -0.06215997 -0.05663593 -0.05263817 -0.04934296 -0.04780678 -0.04792073 -0.05023169 -0.05113247
-0.05816462 -0.06423457 -0.06271794 -0.05824995 -0.05649224 -0.04580988 -0.04041588 -0.04339858 -0.04446598 -0.04895886 -0.04930263 -0.05165135 -0.06353882 -0.344163 -0.08801185 0.04089182 0.1180879 0.1122941 0.08836348 0.006564518 -0.03971181 -0.07255995 -0.0778565 -0.06091297 -0.04695717 -0.03734425 -0.03562864 -0.037466 -0.04319235 -0.04562823 -0.04451847 -0.04166923 -0.03795337 -0.03635358 -0.03812454 -0.04488721 -0.04227575 -0.04482536 -0.04716462 -0.04432679 -0.03936768 -0.04158611 -0.04162823 -0.04241978 -0.03942722 -0.04443166 -0.04747996 -0.0511261
-0.05577717 -0.05123637 -0.05553661 -0.0597894 -0.06323608 -0.06092697 -0.05531145 -0.05305684 -0.05046291 -0.1198709 -0.1717137 -0.06064188 0.01277162 0.02783712 0.02828726 0.01169691 -0.001361437 -0.01654935 -0.03024187 -0.04420061 -0.04735801 -0.05014461 -0.05159685 -0.05095597 -0.0440654 -0.04162116 -0.03684015 -0.03651273 -0.038518 -0.04144103 -0.04499447 -0.04209028 -0.04039657 -0.04604867 -0.04957058 -0.04664551 -0.04800501 -0.05420584 -0.05042035 -0.05380074 -0.04976014 -0.04306797 -0.04053291 -0.0423485 -0.03867768 -0.04415625 -0.04645622 -0.03839713
-0.04695189 -0.04191354 -0.04412521 -0.04904225 -0.05137172 -0.05133221 -0.0448992 -0.0483665 -0.05353311 -0.05013022 -0.04656637 -0.05081645 -0.2586563 -0.5003281 -0.172048 -0.05625063 0.0718635 0.1128668 0.1039273 0.08049785 0.03957067 0.009088214 -0.03513038 -0.05970185 -0.07743124 -0.09869386 -0.0982026 -0.08756404 -0.07644608 -0.06218667 -0.05144321 -0.04234929 -0.03657268 -0.03430356 -0.04086645 -0.04778339 -0.04961038 -0.05572736 -0.06263429 -0.06598664 -0.07104559 -0.05972016 -0.06182002 -0.06220189 -0.06508736 -0.05508809 -0.0499787 -0.05022056
-0.06702913 -0.06984914 -0.0692157 -0.06895796 -0.0652452 -0.06218887 -0.06284246 -0.06848622 -0.07193425 -0.2948514 -0.1875301 -0.06441943 0.02387541 0.04675282 0.03724926 0.002663564 -0.02890152 -0.07026182 -0.08036114 -0.07671171 -0.07482249 -0.07155731 -0.06698858 -0.06143077 -0.07100819 -0.06802464 -0.05308 -0.02877602 -0.03633786 -0.04408512 -0.05445784 -0.06029537 -0.0532257 -0.04980478 -0.05396928 -0.05295834 -0.05572867 -0.05439876 -0.05645855 -0.04392943 -0.04625048 -0.06526239 -0.0606971 -0.05305755 -0.04277914 -0.03737206 -0.02934848 -0.03535375
-0.05247097 -0.04741376 -0.05359624 -0.0575079 -0.06650928 -0.06762148 -0.07797472 -0.07460863 -0.06377415 -0.06400515 -0.04626385 -0.02925985 -0.5180723 -0.3330263 -0.03457494 0.1236214 0.1645269 0.1786966 0.1470505 0.07476299 0.04539393 -0.005565116 -0.0499749 -0.09374001 -0.1048303 -0.09166525 -0.08356308 -0.06494506 -0.04629558 -0.04876925 -0.0428537 -0.04643999 -0.03994007 -0.05095971 -0.05084139 -0.04855518 -0.04672006 -0.04216636 -0.034383 -0.03078093 -0.02062555 -0.01982057 -0.03283969 -0.03723957 -0.03885566 -0.0333199 -0.03425809 -0.0417316
-0.06747382 -0.05763489 -0.06008533 -0.06996221 -0.0636505 -0.06019764 -0.05726443 -0.05378854 -0.04303108 -0.03468275 -0.01932841 -0.03111536 -0.4253643 -0.2491945 -0.06378768 0.0457444 0.08794762 0.07867829 0.03666139 0.008895054 -0.01717574 -0.02861681 -0.0395977 -0.04934229 -0.04794488 -0.0541159 -0.06365559 -0.06233631 -0.06315765 -0.05715564 -0.04263661 -0.02790065 -0.03410197 -0.04225134 -0.04399042 -0.08894482 -0.09875481 -0.0846477 -0.0887496 -0.09564666 -0.1009911 -0.09546229 -0.08514777 -0.08199839 -0.08385136 -0.07738262 -0.06629708 -0.04753723
-0.05135152 -0.04781793 -0.05253777 -0.05176622 -0.03840951 -0.03675827 -0.03454331 -0.03764749 -0.0447481 -0.05032026 -0.05552597 -0.05714616 -0.05345683 -0.4968407 -0.444043 -0.05585364 0.08208621 0.1391276 0.1500306 0.1094168 0.07274504 0.005475682 -0.03437895 -0.06163478 -0.07664748 -0.08707766 -0.0786939 -0.07766263 -0.07394072 -0.05759269 -0.05479959 -0.05896968 -0.06325693 -0.07066046 -0.08110628 -0.08051262 -0.07045865 -0.05248282 -0.04406181 -0.04219858 -0.04803081 -0.06041821 -0.06932892 -0.0779031 -0.07371811 -0.06728446 -0.05724385 -0.05895476
-0.0220668 -0.02066633 -0.01789642 -0.0175727 -0.01747374 -0.02734795 -0.03390609 -0.04043527 -0.0429817 -0.02617503 -0.0103385 0.3216915 -0.03898987 -0.1307947 -0.08280359 -0.05306543 -0.04324883 -0.0228122 -0.0314086 -0.04377865 -0.05293449 -0.08357698 -0.09639528 -0.08600872 -0.06807375 -0.05944028 -0.0458104 -0.02503978 -0.01309048 -0.007164798 -0.00808382 -0.01029253 -0.01930196 -0.02055773 -0.01931103 -0.01078639 -0.01037154 -0.01771271 -0.02472237 -0.02419322 -0.02076885 -0.01529288 -0.006398154 -0.005954523 -0.006873307 -0.01820574 -0.02549254 -0.03483348
-0.01123389 0.005630502 0.02027956 0.03016352 0.03635295 0.03255033 0.02443497 0.01377657 0.007027135 -0.005353893 -0.01549379 -0.01571768 -0.001971845 0.01386679 0.03622676 0.4450135 0.579875 0.2802418 -0.08438025 -0.2142669 -0.2452034 -0.2140285 -0.1691731 -0.1204941 -0.07151233 -0.02511113 -0.01455286 -0.0002581863 0.01227289 0.009265634 -0.000184628 -0.01812033 -0.02216215 -0.02134671 -0.02691071 -0.02505105 -0.01708829 -0.008603623 -0.004694869 0.008090224 0.008512876 0.01959568 0.03340993 0.03227612 0.004641945 -0.03125861 -0.04659025 -0.05482262
-0.02551483 -0.02122859 -0.02058471 -0.02141641 -0.02238943 -0.01500231 -0.01590591 -0.02232615 -0.02870166 -0.03874256 -0.04100929 -0.03031405 -0.0159637 0.009654584 0.2889028 0.177285 0.0253758 -0.08168081 -0.04663319 -0.03901568 -0.03829984 0.007603584 0.02543996 0.03401855 0.006311344 0.001598703 -0.001772592 0.01206084 -0.004328974 -0.0146021 -0.01604755 -0.006285531 -0.002473776 -0.002649713 -0.00806422 -0.01913203 -0.02851103 -0.03187096 -0.02089784 -0.01189473 -0.007260703 -0.0164842 -0.02980933 -0.03099109 -0.02555902 -0.03429636 -0.03625576 -0.02986238
-0.1005033 -0.07975154 -0.04363221 -0.0201591 -0.01272998 -0.005901549 -0.01101768 -0.02189704 -0.02962222 -0.03389286 -0.05092941 -0.05730619 -0.04774719 -0.02600924 0.1257638 0.2493254 0.07375207 -0.060869 -0.1389295 -0.1387749 -0.1195873 -0.09597158 -0.07231821 -0.05105647 -0.03600535 -0.02580901 -0.02030855 -0.01066508 -0.007414402 -0.005146395 -0.005824002 -0.009304107 -0.01286646 -0.01981007 -0.01140533 0.004982146 -0.01043396 -0.03636647 -0.03272759 -0.02027071 0.003742831 0.01756358 9.643942e-05 0.001795157 0.005504116 0.003514941 -0.00644857 -0.02048461
0.002168818 0.005810499 0.009281224 0.02408597 0.02355549 0.0191955 0.00593193 -0.007964792 -0.009096545 -0.01174562 -0.01272055 -0.01009204 -0.001980325 0.010881 0.02358731 0.182534 0.1409777 0.01099455 -0.0736995 -0.1061252 -0.08974071 -0.05652406 -0.03456725 -0.01518338 0.007388927 0.01631928 0.02745519 0.04390169 0.05064572 0.04004988 0.0303383 0.02484727 0.01067109 0.003174087 0.002370452 0.003069668 -0.001656079 0.002928147 -0.006193824 -0.008220113 -0.007934003 -0.001913269 0.003761443 0.004251003 0.006436137 0.007781336 0.004199936 -0.003032192
-0.05340813 -0.05003287 -0.01232831 -0.004921208 0.001978689 -0.006004225 -0.01784887 -0.03321638 -0.04477265 -0.06086228 -0.03934002 -0.01963499 -0.009951628 0.05927881 0.6370698 0.1989844 0.06166877 -0.04235715 -0.1076782 -0.1390111 -0.1344583 -0.09589186 -0.08842726 -0.07192617 -0.04392676 -0.004118031 0.02586942 0.009008144 0.01466608 0.05036616 0.04496634 0.04255719 0.0232784 0.03329115 0.03205972 0.0316994 0.04937098 0.04052489 0.01374273 0.0264675 0.02004117 0.03539494 0.03550032 0.03870317 0.02015064 0.03903804 0.03784119 0.04302607
0.03784119 0.04302607 0.0434896 0.03340894 0.03557923 0.04249589 0.03732801 0.04570852 0.09482672 0.8320649 0.9380641 0.4434351 0.05359937 -0.168674 -0.2071166 -0.1894256 -0.120013 -0.05995281 -0.04409632 -0.00839809 0.01405309 0.05087678 0.0468985 0.0370223 0.01446987 -0.0162973 -0.02722636 -0.02040361 0.002346817 0.009948371 -0.001144623 0.006122005 0.005309541 0.02515097 0.01397511 -0.009943368 -0.005716584 0.007906018 -0.0106135 -0.02153963 -0.05444732 -0.05290018 -0.02712294 -0.01241966 -0.002263772 0.005438983 0.02163767 0.02015111
-0.04649772 -0.03238528 -0.03874794 -0.020648 -0.003092123 -0.004086151 0.01224616 0.01941258 0.02216437 0.0234563 0.02922144 0.01354305 0.03114145 0.02173358 0.3183877 0.1911216 0.04888257 -0.04039618 -0.07682586 -0.09083565 -0.07028683 -0.0540356 -0.04351809 -0.03352948 -0.02966434 -0.02903843 -0.04821467 -0.02435747 -0.03437724 -0.01654723 0.006280748 0.03144672 0.03888823 0.05430593 0.06232614 0.09298501 0.06381819 0.04310807 0.04017324 0.007343866 0.02434898 0.01468761 0.02415826 0.03205841 0.03020965 0.02214693 0.009548679 0.02188229
0.007475819 -0.004100737 -0.01739172 -0.03025334 -0.02619821 -0.01543763 -0.01394258 -0.00458758 0.003804315 0.01517184 0.02333839 0.03854783 0.03545224 0.05024963 0.04896925 0.05238046 0.1227351 0.1632666 0.08887445 -0.01599625 -0.03616821 -0.04335318 -0.02829369 -0.0229492 -0.004745726 0.00674509 0.01481619 0.01358884 0.0241136 0.03210505 0.02481961 0.01160372 -0.001109744 0.003875822 0.01602606 0.009080296 0.007231317 -0.03129649 -0.01121553 -0.007095335 0.0002363413 -0.003807308 0.01589796 0.02070967 0.02406021 0.01765497 0.003520157 -0.002552209
0.05709494 0.05843231 0.06111629 0.01028926 -0.01390233 -0.02672687 -0.02691503 -0.0141337 0.007732742 0.02951244 0.02217237 0.2384689 0.3823136 0.2008019 0.02943959 -0.09122477 -0.1082656 -0.103135 -0.1111223 -0.05680657 -0.03527383 -0.003438492 0.03480408 0.04218373 0.02231812 0.01573478 0.01904669 0.004528112 0.008234284 -0.008341473 -0.0153602 -0.01988343 -0.009283306 -0.02217638 -0.01678345 -0.006079493 0.002447586 0.005459692 0.01108287 0.007545079 0.007739421 -0.002384833 0.01113612 0.02429172 0.02215572 0.0370793 0.02469701 0.007339711
0.008834126 0.004057772 0.0152245 0.009804222 0.01201905 0.02019517 0.001066028 -0.0005280302 -0.01316836 0.008424664 0.006018009 0.01770669 0.3783579 0.5715612 0.2875843 0.05088341 -0.1156783 -0.1971991 -0.1746068 -0.1521499 -0.1093114 -0.06911195 -0.02214514 -0.001715642 0.02309193 0.02830099 0.02267579 0.008603618 0.02411678 -0.002869118 0.004013316 0.009829953 0.005838658 0.007537433 0.0112144 0.0168948 0.006178216 0.02761097 0.04556495 0.04848762 0.06250872 0.05997378 0.06539422 0.06361474 0.05048436 0.0408943 0.03318944 0.03135811
0.003276217 0.01679092 -0.01525672 -0.02340862 -0.02577438 -0.005884527 -0.002583665 0.04156638 0.03879325 0.04706313 0.01479518 0.0003974132 -0.006534415 -0.009784902 -0.01969782 -0.002057762 0.04426454 0.3639974 0.361329 0.1460375 0.006504351 -0.06649139 -0.0844641 -0.09472307 -0.09212846 -0.07889175 -0.04987724 -0.04800158 -0.0418684 -0.0245246 0.00269084 -0.0241645 -0.007878981 -0.009559614 -0.005347901 0.01716708 0.03142087 0.003091855 0.0003979803 0.01084041 0.01235382 0.01265097 0.0295052 0.009397067 -0.01560159 -0.00181433 0.01730644 0.01346313
0.05475088 0.05533892 0.0527323 0.03795376 0.02101399 0.02243147 0.0237045 0.0169461 0.01918615 0.05906929 0.4217697 0.285329 0.1120024 0.01738383 -0.05738868 -0.06274706 -0.0416258 -0.01227135 0.01795982 0.01259285 -0.01565967 -0.01977162 0.02882042 0.03638145 0.01629706 0.02078206 0.02388984 0.03869341 0.04602975 0.004057429 0.005661015 0.01570524 0.02284105 0.05474265 0.0505469 0.05681399 0.04383382 0.02715056 0.01826347 0.02004115 0.01334647 0.005252972 0.005018753 -0.001698282 -0.0002924795 -0.009264183 -0.01646227 -0.004658233
-0.02373078 -0.02627157 -0.0118493 -0.02920654 -0.02264512 -0.01284401 -0.02038823 -0.01919744 -0.0179686 -0.01240024 -0.005314241 -0.00510249 -0.009017046 -0.1429751 -0.09694448 0.003910429 0.09073562 0.09250285 0.09741098 0.09894168 0.09841979 0.08955912 0.08651615 0.07406031 0.04416292 0.02319271 0.03583096 0.008588668 -0.009889868 0.002038281 0.02255214 0.05616779 0.06669787 0.06400769 0.05488728 0.04163038 0.02919968 0.02989475 0.05105191 0.002540017 0.003834817 0.006237514 0.01398633 0.005699016 -0.005000683 -0.0111131 -0.01526157 -0.02199277
0.0779588 0.08948127 0.07826991 0.06994323 0.05468603 0.04963494 0.02831783 0.003277993 -0.01252192 -0.01128488 -0.01132646 -0.005843799 -0.01213618 -0.01008628 -0.02157567 -0.02917628 -0.02068928 -0.02690944 -0.3358332 -0.1528938 -0.02132757 0.07334778 0.1071099 0.1106872 0.1018978 0.07708465 0.04952761 -0.005391728 -0.02353028 -0.0388643 -0.04601145 -0.03867476 -0.01251678 -0.00299333 0.005114587 0.01534787 0.01804692 0.009265551 -0.005004663 -0.001771746 0.01534466 0.02163696 0.03938437 0.03916463 0.04309169 0.05911599 0.03897273 0.02498369
0.04651361 0.04377437 0.001619052 -0.04821668 -0.02909452 0.01092837 0.01886334 0.04191802 0.05977295 0.0444589 0.01087594 0.02211278 0.03549963 -0.1884287 -0.1250914 0.0001185912 0.04425008 0.08258044 0.08049575 0.070522 0.0563679 0.01789075 0.01635309 0.009350294 0.004558438 -0.02486618 -0.02240675 -0.03925137 -0.02421627 -0.01479527 -0.02205211 -0.03000826 -0.020982 -0.03583536 -0.023697 -0.02200759 0.008334008 0.01180864 0.02064351 0.04253465 0.04498769 0.03338848 0.01814943 0.01539577 -0.008268088 -0.01845815 -0.03792545 -0.1235436
0.02927501 0.03008726 0.01863761 0.004784691 0.03461974 0.05715278 0.05924833 0.02775515 0.03215507 0.01456238 0.01915027 0.03421086 0.04128568 0.0482562 0.04328642 0.05230342 0.03789969 0.03019663 0.02387303 -0.3048114 -0.1326161 0.02782528 0.08989774 0.1214799 0.1283949 0.1291183 0.1154139 0.1015305 0.0978486 0.03771902 0.00538536 0.004563928 0.02476278 0.02629167 0.02396965 -0.007324268 0.001623953 0.01783657 0.0130985 0.02699334 0.02597165 0.006260808 0.03498893 0.04785138 0.05251303 0.04901177 0.0257088 0.01808495
0.03167011 0.05809565 0.007813013 0.0218713 0.05850551 0.04048238 0.004188055 0.004234043 0.02008017 0.01438919 0.01034985 -0.0009800347 -0.00293662 -0.02130286 -0.2342685 -0.5070356 -0.123566 0.09899568 0.2124782 0.2196583 0.1728904 0.1281142 0.07950199 0.04902614 0.02702043 0.01810576 0.01655765 0.04274041 0.04516308 0.02831091 0.02271833 0.0231052 0.02118836 0.01458912 0.02044065 0.03282432 0.007663196 0.008542168 -0.01702715 -0.01628386 -0.004518287 -0.008629169 -0.01851902 -0.01183877 -0.01554378 0.001621253 0.005935218 -0.01990415
-0.01261393 -0.01043923 -0.00850377 -0.00754085 -0.007125864 -0.005342926 -0.006191243 -0.001680385 -0.00126087 -0.001934167 -0.003611731 -0.002643736 -0.004768094 -0.004398453 -0.004612726 -0.07625277 -0.4698423 -0.2491479 0.1055773 0.187408 0.1340575 0.08704416 0.02992483 -0.002205339 -0.01897024 -0.01597996 -0.01101549 -0.002604855 0.008285592 0.01375041 0.01708258 0.01541935 0.01361201 0.008446913 0.004269432 -0.0001858166 -0.007270791 -0.01056431 -0.01406429 -0.01524873 -0.01974071 -0.0191918 -0.02050852 -0.01291808 -0.01207398 -0.01081073 -0.01256781 -0.01592271
-0.02137416 -0.02292828 -0.02014097 -0.01416654 -0.0110027 -0.009597172 -0.007393765 -0.007182168 -0.00649027 -0.008417546 -0.01067952 -0.01151815 -0.01585747 -0.02041179 -0.02702473 -0.02891739 -0.02728205 -0.3979608 -0.6249201 -0.2150769 0.1080686 0.1892984 0.1724052 0.1485732 0.113298 0.06346911 0.01331452 -0.01367464 -0.01592265 -0.02063441 -0.0224502 -0.02470479 -0.02390131 -0.02119907 -0.02685092 -0.02452167 -0.01987379 -0.01669567 -0.008559475 -0.005274287 -0.008133329 -0.009180067 -0.01109402 -0.0156534 -0.02432751 -0.02490592 -0.02171948 -0.02140581
-0.01215974 -0.01050561 0.001938199 0.004163832 0.008426039 0.01172934 0.01288562 0.01539954 0.01310484 0.008232107 0.007176579 0.003141427 0.001474494 -0.004660918 -0.01233922 -0.01087511 -0.00928935 -0.2333075 -0.7373 -0.3737584 -0.03603621 0.216057 0.2279993 0.1618778 0.08995483 0.0222554 -0.02692421 -0.04176908 -0.0362851 -0.0218679 -0.01016741 -0.001293137 -0.003200876 -0.006281254 -0.006412969 0.006453664 0.01071173 0.01026662 0.005775657 -0.001552782 -0.006361371 -0.00648582 -0.006775368 -0.01112472 -0.009633573 -0.00572236 0.0003268557 0.001238929
-0.0001347816 0.0004140759 0.00339426 -0.001184583 -0.004704129 -0.003810561 -0.004871659 -0.006209258 -0.009775278 -0.1090932 -0.5448453 0.003096731 0.154792 0.1213559 0.02581571 -0.01329412 -0.001158834 0.01448809 0.01142013 0.003221693 -0.006765382 0.002592792 0.01080334 0.01559487 0.02062672 0.01175992 0.008226183 0.007378112 0.009747544 0.01661624 0.01175343 0.005357927 0.0001339667 -0.004580923 -0.006051274 -0.003177153 3.447278e-05 0.003960683 0.005343596 0.008738626 0.009835568 0.004106078 -0.0005671974 -0.003856439 -0.009390843 -0.007656504 -0.003458455 -0.000594342
-0.01525906 -0.009731543 0.003531726 0.01416265 0.0231204 0.01899381 0.02799555 0.02522853 0.02029192 0.009758602 0.002873602 0.006640155 0.003641275 0.001192648 -0.002968825 -0.2903576 -0.1571904 0.03705914 0.08987708 0.1023478 0.08490219 0.05860979 0.04012176 0.02282251 0.01667777 0.0133543 0.009349805 0.008444861 0.00972527 0.007926186 0.01709797 0.01650575 0.01264768 0.01440555 0.01667547 0.0195397 0.01663343 0.01203389 0.006152106 0.00838994 0.003564604 -0.002381073 0.003630747 0.01312416 0.01107443 0.02224701 0.0168 0.02475594
0.01460593 0.0141556 0.006767324 0.005484271 0.003923592 0.004399896 0.01030735 0.01779472 0.02356696 0.02824315 0.02744662 0.0278412 0.03074741 0.03186877 0.03262975 0.02960539 0.02148318 0.01633804 -0.7386988 -0.2888939 0.1450222 0.2973217 0.06992549 1.093615e-06 -0.004588717 0.01802481 0.01800595 0.01447024 0.01945277 0.02937795 0.01342025 0.002122677 -0.00801853 -0.01051785 -0.001935924 0.0004481126 0.003246199 0.006447102 0.006713334 0.01572902 0.01738911 0.02212772 0.02664322 0.02560315 0.02255605 0.02379692 0.02021495 0.02387806
0.01548293 0.01950391 0.02016723 0.01526375 0.01303414 0.01133392 0.01354356 0.0150754 0.01432962 0.01956308 0.02146003 0.01372033 -0.217056 -0.5170587 -0.1541097 0.1385922 0.2483977 0.2593344 0.1944903 0.1379789 0.07892735 0.03256256 0.0007738501 -0.001448235 -0.007117345 -0.01079292 0.0006684737 0.006977057 0.01527665 0.01820744 0.01926846 0.02056704 0.02266934 0.03281212 0.03556435 0.03526784 0.02979071 0.02609364 0.01791813 0.001904079 -0.01881404 -0.03736506 -0.05115552 -0.04526352 -0.02635293 -0.001177868 0.02441838 0.056162
0.02441838 0.056162 0.06143114 0.06310105 0.05347195 0.0447653 0.03354443 0.03134119 0.03867063 0.04110408 0.02973614 0.02797067 0.03166064 0.03749228 0.04557414 0.04805581 -0.2900567 -0.6144867 -0.2864437 0.3476974 0.386034 0.3328242 0.2293511 0.1433891 0.05840592 -0.06247508 -0.05662103 0.008097757 0.02958717 0.04674559 0.04870851 0.0716329 0.0676707 0.065797 0.03281955 0.02820283 0.0286733 0.03998956 0.04623559 0.04507538 0.04482529 0.04463985 0.0445715 0.05390383 0.0528978 0.04121842 0.03005117 0.01584271
0.002243422 0.0121795 0.02707005 0.02751025 0.02846606 0.03185107 0.04027382 0.05714283 0.0673732 0.06089109 0.0490947 0.04724748 0.04422056 0.0427076 0.03056437 0.02552242 0.02611591 0.03142436 0.03443329 0.03488223 0.1295536 0.3525665 0.3638999 0.1693917 -0.006113766 -0.3941806 -0.42725 -0.356828 -0.2857437 -0.1192398 -0.02139137 0.08019702 0.08988871 0.05770619 0.01036534 -0.03061328 -0.06313799 -0.05708221 -0.04238823 -0.05206596 -0.02196855 0.04181642 0.06054799 0.06490357 0.04491194 0.002858426 -0.03011528 -0.03876587
0.01219796 0.008817539 0.007923031 0.01425116 0.02092133 0.01326748 0.005414908 -0.005436167 -0.01538987 -0.01688105 -0.01445037 -0.01443204 -0.0052734 -0.002299747 -0.002151516 0.001443184 -0.001692137 -0.008171362 -0.0145123 -0.01640556 -0.01696328 -0.01304785 -0.007276321 -0.0003099555 0.06385032 0.3300837 0.198643 -0.06327157 -0.1891019 -0.1945502 -0.2002685 -0.07638298 -0.0625835 -0.08660039 -0.09178372 -0.1350894 -0.1730227 -0.1481876 -0.09195911 -0.07753636 -0.05850667 -0.02119736 -0.01587487 -0.02775778 -0.02899068 -0.0259593 -0.02481459 -0.02561632
-0.0095289 -0.01406239 -0.01598534 -0.01833373 -0.01904952 -0.02262145 -0.02193008 -0.03164349 -0.02800195 -0.01984161 -0.02327012 -0.0046299 -0.01576187 -0.01834731 -0.004992839 -0.002152292 -0.007523711 -0.002413542 -0.01387143 -0.03879736 -0.05350066 -0.05484541 -0.04203145 -0.04557468 -0.03279523 -0.01794747 -0.009331448 0.03533927 0.0197241 -0.00368407 -0.05219884 0.007584072 -0.03241334 -0.04501515 -0.07504262 -0.09794614 -0.1072867 -0.0858284 -0.05720161 -0.03130317 -0.02953044 -0.004745093 -0.01508744 -0.02775108 -0.02044336 -0.01552185 -0.002451511 -0.009628036
-0.005052794 0.005944937 0.002527433 -0.006630647 -0.01740916 -0.03536672 -0.04824289 -0.02896757 -0.02057738 -0.004744374 0.008145883 0.004906089 -0.00931189 -0.020375 -0.02634122 -0.01376039 0.004565993 0.0009533224 0.008422107 0.008701965 0.003232037 -0.000723711 0.0876082 0.06707758 0.0481808 -0.02833952 -0.06149152 -0.1404872 -0.1798248 -0.1507902 -0.09079339 -0.08730526 -0.1181062 -0.07213813 -0.04147949 -0.02617069 -0.03897765 -0.05147956 -0.06074609 -0.0486875 -0.03214845 -0.0177868 -0.004037263 0.00715034 0.002484221 -0.03406423 -0.03622701 -0.04467029
0.03377227 0.04385555 0.04817082 0.04764207 0.04668265 0.04182913 0.04526472 0.0434167 0.03728603 0.02656765 0.008541831 0.0001273899 0.0154082 0.06957642 0.1208518 0.06518919 0.07108404 -0.04176516 -0.1190684 -0.08922619 -0.0783865 -0.1620803 -0.2088912 -0.2052906 -0.1449566 -0.06857453 -0.00581085 0.0188103 0.03401279 0.02237404 0.0236456 0.01577778 0.03038192 0.0364512 0.01895177 -0.01175522 -0.02841519 -0.02510443 -0.003547339 0.001360302 3.772088e-05 0.01208782 0.01507262 0.01942511 0.0339994 0.04133727 0.04064451 0.02093481
0.02341208 0.03892479 0.04068734 0.02143624 -0.01718604 -0.02537162 -0.03058244 -0.0211379 -0.004732245 0.03172964 0.04824909 0.04869538 0.04612259 0.02323538 0.007539154 0.002121741 0.006531183 0.007607791 0.008542697 0.02115829 0.1569216 0.2331624 0.3324444 0.2910324 0.03699343 -0.2615832 -0.4912392 -0.4598505 -0.3700068 -0.1593834 -0.04829571 0.007939255 0.002205617 -0.002102189 -0.0003559364 0.002411759 -0.004532304 -0.01631251 -0.03397371 -0.04489927 -0.04902241 -0.04393433 -0.0320045 -0.02467426 -0.00482587 -0.01973839 -0.05877778 -0.04836763
0.0118079 -0.01290231 -0.01649834 -0.03652311 -0.04639519 -0.04282735 -0.03481139 -0.035315 -0.04478431 -0.05740454 -0.05013281 -0.03927914 -0.03104975 -0.02458508 -0.02044197 -0.01469643 0.00713988 0.1782769 0.0653915 0.006539018 -0.07647981 -0.1651144 -0.2189482 -0.2142208 -0.1555171 -0.1006514 -0.04914222 -0.03461386 -0.00479094 -0.001620461 -0.006657663 -0.01696439 -0.02277108 -0.01497962 0.0006152084 0.01042017 -0.004987071 -0.01655721 -0.01041484 -0.02357727 -0.02648573 -0.02972871 -0.02265224 -0.006848072 0.01032109 0.03494972 0.01910231 0.01310627
0.0424552 0.02663791 0.00327579 -0.006719721 0.008204193 0.01231625 0.03190319 0.03610771 0.02615172 0.008455249 0.008703966 0.01123761 0.02101523 0.0343661 0.02888212 0.03441249 0.04833421 0.04660914 0.03227875 0.01427915 0.002880049 -0.002607584 0.01553292 0.07752227 0.5154088 0.2772221 0.02453721 -0.1909973 -0.2161259 -0.32431 -0.3046184 -0.2147135 -0.03290028 0.04185625 0.03308562 0.03956317 0.02480359 0.003403025 -0.01081019 -0.01139847 -0.0108644 -0.002934084 -0.008009267 -0.02472819 -0.02765046 -0.03101941 -0.02208411 -0.01554876
-0.001962004 0.0103747 0.01811906 0.02781328 0.03169495 0.02877013 0.02391182 0.01033099 0.003315747 0.003153957 0.005468659 0.005202424 0.2506638 0.6906125 0.4673715 0.004398386 -0.1777274 -0.2297228 -0.2699816 -0.1863132 -0.05790479 0.004664524 0.0725624 0.1257636 0.1129941 0.05201013 0.01149751 -0.04535092 -0.06242206 -0.06395078 -0.05295467 -0.05706359 -0.07589123 -0.09777883 -0.1021147 -0.07192325 -0.03164147 0.02100108 0.02804055 0.04229265 0.02502589 0.01032961 -0.004583586 -0.01459176 -0.01714547 -0.01858558 -0.008176447 -0.0001803772
-0.007615601 -0.003665292 0.01070842 0.01144786 0.0119632 0.0007652827 -0.01408867 -0.01246696 0.0106584 0.02279615 0.03388746 0.03680464 0.03161707 0.03224817 0.07004916 0.2137093 0.1032007 -0.02174922 -0.1249318 -0.1635957 -0.123187 -0.06313948 -0.02886352 -0.04049171 -0.01982808 -0.01724985 -0.007073512 -0.02562571 -0.01894946 0.00957232 0.05030561 0.05709437 0.02537523 0.008035515 0.007260413 -0.002562369 -0.004758841 0.001636695 0.01713381 0.0172336 0.015117 0.02914717 0.04409012 0.03920299 0.02918467 -0.0007919052 -0.03397156 -0.03533594
-0.006278186 -0.02768951 -0.03223329 -0.04031321 -0.05255606 -0.04708995 -0.03939733 -0.05459783 -0.05750742 -0.05375949 -0.02504008 -0.01447384 -0.01557388 -0.01375263 -0.01953008 -0.0266546 -0.0309089 -0.0328429 -0.02423516 -0.02475525 -0.02613113 -0.012506 0.1773484 0.06983701 -0.01361821 -0.1361402 -0.1823763 -0.1773686 -0.1638807 -0.110598 -0.05005359 -0.009541596 0.002559587 -0.005689465 -0.02061644 -0.03551695 -0.03676907 -0.03872636 -0.04270442 -0.04207217 -0.04528869 -0.03711046 -0.02517791 -0.02211257 -0.02562759 -0.03652531 -0.03848733 -0.02889248
0.004540852 -0.001609597 -0.01239047 -0.02224844 -0.02958983 -0.02939799 -0.0312095 -0.01644157 -0.008333127 -0.003795082 -0.02057686 -0.03221422 -0.03930185 -0.03107841 0.1226342 0.2970206 0.1019357 -0.167879 -0.2480223 -0.3084944 -0.2739975 -0.1947787 -0.1215087 -0.06513662 -0.05007455 -0.05202047 -0.06318154 -0.09275752 -0.08095386 -0.06689709 -0.03610511 -0.01150172 0.006670726 0.01693096 0.01567665 -0.0008651327 -0.01234465 -0.03319523 -0.03918732 -0.03386035 -0.04037717 -0.04194337 -0.02418066 -0.001976797 0.01625794 0.0327879 0.02514649 0.01526949
-0.00226726 -0.0005649173 0.007258982 0.01727354 0.02728394 0.02752632 0.02166403 0.01695471 0.01293112 0.01638692 0.02360997 0.02370302 0.02976622 0.03073392 0.03154831 0.02574682 0.02670488 0.01903757 0.01811581 0.0259105 0.02734524 0.03034695 0.03044937 0.03917773 0.04126445 0.04435325 0.04427905 0.04781229 0.1967166 0.4133498 0.3050371 0.1200149 -0.1804171 -0.3054116 -0.2660081 -0.1744238 -0.02019353 0.04322034 0.01088239 -0.02687205 -0.03444559 0.005032005 0.01330367 -0.02287656 -0.03254174 -0.02321481 -0.02098537 -0.02104712
0.02322658 0.03300412 0.01043565 -0.253356 0.09941109 0.2071245 0.1252806 -0.006935519 -0.001689435 0.01990936 0.0391622 0.07044632 0.07196534 0.07414111 0.03222976 -0.007236443 -0.01922848 0.1848397 0.1489645 0.009745165 -0.003639774 0.0186991 0.0409635 0.01584766 0.003807518 0.002435929 0.02686584 0.05276944 0.06540835 0.07505881 0.07117777 0.04998666 0.02741024 0.0137825 0.007390066 -0.003159469 -0.01465162 -0.02181653 -0.01992005 -0.02906779 -0.01632612 0.01067487 0.02771906 0.02491345 0.01317046 -0.002328468 -0.006801331 -0.01026424
-0.01465162 -0.02181653 -0.01992005 -0.02906779 -0.01632612 0.01067487 0.02771906 0.02491345 0.01317046 -0.002328468 -0.006801331 -0.01026424 -0.002220918 0.00389332 -0.04961422 -0.2363982 -0.1518399 0.1482213 0.2643334 0.2573755 0.1659438 0.06675035 0.002465193 -0.02563078 -0.03155249 -0.02723425 -0.007269868 0.007272376 0.02155808 0.03235965 0.03219228 0.03780309 0.0430266 0.03941214 0.02875988 0.02882065 0.02600416 0.01968606 0.01527355 0.01520374 0.01722544 0.01564097 0.01511952 0.01773163 0.02338021 0.0297362 0.03587205 0.04304559
0.006348721 -0.002700008 -0.004850257 0.007723527 0.02712075 0.01023392 0.001270845 -0.01765359 -0.02807499 -0.03230903 -0.03548405 -0.2530558 -0.2904713 -0.1180717 0.07014722 0.249175 0.2370775 0.287386 0.3132237 0.2321398 0.1714956 0.09350678 0.02491402 0.007093661 -0.02276163 -0.07551979 -0.08344855 -0.03309413 0.01693062 0.0475531 0.07180131 0.09260828 0.08428482 0.06134896 0.0356205 -0.0009064937 -0.03938819 -0.04270788 -0.03796237 -0.02005914 -0.007265447 0.008958851 0.01608419 0.007098457 0.004765842 0.009150288 0.00602966 0.003734572
0.006391983 0.01013784 0.01735404 0.01726172 0.01420621 0.01345372 0.01429205 0.01703356 0.0192863 0.01637751 0.01191545 0.002370893 -0.001054645 -0.005552103 -0.1010495 -0.1803967 -0.179692 -0.05316747 -0.009183341 0.1023419 0.1797536 0.2546361 0.2772903 0.2583079 0.2173429 0.182115 0.1531306 0.1205956 0.08637498 0.04367832 0.02680154 0.006177707 -0.002744281 9.222152e-07 0.009224626 0.01919161 0.02516375 0.02753669 0.03185217 0.03844075 0.03706817 0.03446649 0.03277663 0.04064631 0.03739355 0.008820743 -0.002100237 -0.001589563
0.03573469 0.03898036 0.03440886 0.04301482 0.05604996 0.05526452 0.04645323 0.03889761 0.04140874 0.05228215 0.05423393 0.0453699 0.04029342 0.03311652 0.03402897 0.03567755 -0.002818489 -0.0115298 -0.03306772 -0.0278386 0.03229213 0.09095624 0.06785746 0.02019595 0.03600243 0.04197624 0.02610944 -0.01003032 -0.04564424 -0.05791476 -0.05160283 -0.03633586 -0.03572797 -0.02495012 -0.02238272 -0.01938186 -0.01465082 -0.02273756 -0.04587414 -0.04668338 -0.04828454 -0.04172094 -0.04620431 -0.05085766 -0.03032428 -0.03301292 -0.05070783 -0.05917435
0.06529075 0.06271681 0.05321837 0.03769353 0.01901906 0.01321034 0.03309602 0.04418424 0.0501183 0.04450236 0.04592521 0.04288924 0.0446209 0.03640293 0.03246973 0.02735231 0.03066182 0.03179651 0.01347462 -0.2690194 -0.1056958 0.1223318 0.2827883 0.2070709 0.1192513 0.05991566 0.004835655 0.0124809 0.0203766 0.01647649 0.02195689 0.02908935 0.03173008 0.0302675 0.0187211 0.00476179 0.03653118 0.03489739 0.02894837 0.03201903 0.05245117 0.05552526 0.06233621 0.01997605 0.01579106 0.04958763 0.05306477 0.05463496
0.02299786 0.02614259 0.01916373 0.01269063 0.006250607 0.007620875 0.0122004 0.01114421 0.008537834 0.006817875 0.0004869366 0.001046618 0.016469 0.02995007 0.0389819 0.0397892 0.0354669 -0.03571451 -0.08669332 -0.1906256 -0.1140268 0.05775499 0.2238494 0.2286354 0.2053099 0.1714792 0.1765833 0.1454977 0.1247337 0.1324827 0.1227402 0.1082707 0.06913383 0.01745069 0.009980449 0.01536404 0.03607539 0.03855511 0.05098588 0.06125034 0.07187647 0.04853735 0.02297339 0.01748781 0.0261012 0.03863522 0.05203731 0.06162507
0.02331819 0.0283364 0.03008262 0.02834701 0.02309796 0.02287176 0.02610112 0.03044724 0.02842275 0.02801061 0.02102772 0.0192476 0.01209843 -0.01317277 -0.1302519 -0.09362613 -0.1978619 -0.1717684 0.0187261 0.1895211 0.2852915 0.2755204 0.2294061 0.2358395 0.2291703 0.1791172 0.09250944 0.09484723 0.09397423 0.08980937 0.06608104 0.05208474 0.05857117 0.05900428 0.05238331 0.05393288 0.04790837 0.06222674 0.06179194 0.06496093 0.0712409 0.08594245 0.09265023 0.08897955 0.07728757 0.07049879 0.06011195 0.05109106
0.08706254 0.08502095 0.0863942 0.08168243 0.08955201 0.09082875 0.09263941 0.06846629 0.05689141 0.05172664 0.06623002 0.07469556 0.03950979 -0.0883147 -0.02584361 0.09185609 0.1829779 0.1340861 0.1010128 0.04261388 0.02070266 0.01795806 0.01457373 0.00186531 0.002295805 0.02238694 0.03501999 0.02961759 0.02150703 0.01965388 0.0122605 0.005820442 0.001820804 0.00086225 -0.01572688 -0.01982578 -0.01388239 -0.0197954 -0.0166742 -0.01595988 -0.01553525 0.002809027 0.02534865 0.01103851 0.01772996 0.002975045 -0.007325806 0.02615088
0.02070636 0.02625299 0.01633987 0.01731153 0.02181759 0.04058291 0.04426402 0.04153355 0.03085051 0.00192974 -0.01038933 0.008015652 0.01282175 0.008388037 0.01771166 0.02672349 0.03741705 0.02552384 -0.0179711 -0.2912792 -0.1420929 0.05920319 0.1933625 0.1901847 0.1248381 0.1050033 0.06872577 0.03557755 -0.001857563 -0.02902505 -0.04246647 -0.03129051 -0.01116248 0.00911492 0.01224505 -0.003099836 -0.01761721 -0.02001456 -0.01849091 -0.02937023 -0.03308174 -0.01441066 0.01450859 0.04353646 0.04806998 0.0497762 0.05217311 0.04534876
0.002595237 -0.007971712 -0.01717958 0.001677744 0.03145061 0.04542196 0.04434871 0.0365122 0.01678012 0.008735503 0.01288305 0.01010387 0.03182854 0.02477279 0.0131181 -0.009551235 -0.2878357 -0.2300039 0.05255293 0.171921 0.2011266 0.140777 0.09847197 0.05539907 0.02066906 -0.01156321 -0.03704156 -0.01579588 0.007718285 0.008766769 0.007549159 0.01501833 0.02786655 0.03381491 0.03004733 0.01783437 0.0006969377 -0.012711 -0.02716325 -0.03786554 -0.03659311 -0.0234671 0.01179625 0.02207489 0.009166261 0.003893126 0.01870386 0.02284683
0.02484098 0.01962102 0.01037234 0.01951234 0.04800777 0.055515 0.05722148 0.04586367 0.04108331 0.004597403 -0.02009634 -0.02042296 0.005111874 0.0218258 0.03592516 0.0420042 0.04025514 0.02055477 -0.1657033 -0.1773787 -0.1713316 0.0355024 0.2481923 0.4414762 0.3700173 0.2284899 0.1320268 0.0357085 -0.03263079 -0.04686375 -0.01511328 0.03118903 0.0553871 0.06364486 0.07607456 0.09023578 0.09451225 0.05700643 0.02768271 0.02312885 0.05158288 0.074638 0.08886338 0.08930526 0.08378085 0.08391822 0.07228706 0.05188583
-0.05148951 0.002330984 0.04008171 0.08818897 0.06974421 0.06308554 0.05778491 0.05537248 0.0341961 0.02773095 0.03407961 -0.0129157 0.02334457 0.06486914 0.0672974 0.07900877 0.04024984 -0.1578497 -0.1265233 -0.05689121 0.1924181 0.2198509 0.1942671 0.16737 0.09548821 0.05666349 0.04963198 0.03359778 0.01552313 0.005178145 0.01261537 0.0234816 0.02767434 0.003876477 0.01549448 0.04227009 0.04300577 0.03354681 0.04953417 0.04004518 0.03331918 0.04528037 0.05915489 0.04507237 0.0006816583 -0.03823816 -0.03828095 -0.03894412
0.04663759 0.03451673 0.02850404 0.0342255 0.0362638 0.03558695 0.02714398 0.02947352 0.03828449 0.04948072 0.05259987 0.05520476 0.047599 0.03899378 0.03666526 0.03412703 0.02469948 0.02350652 0.02012175 0.07011672 0.1555529 0.06957874 -0.0396434 -0.06371101 -0.0163023 -0.06238835 0.01141211 0.002382304 0.05981779 0.02082054 0.0004812986 0.01770673 0.05872527 0.05332333 0.06576744 0.07803287 0.04227148 0.009569531 -0.01295517 -0.01213513 0.004478462 0.0168469 0.03995772 0.04666932 0.054074 0.05003305 0.0494393 0.05696539
0.05496516 0.05465021 0.05533114 0.07608021 0.08075477 0.08782084 0.0771222 0.07904015 0.06110411 0.03902967 0.0405375 0.02965989 0.03676435 0.03872216 0.03366998 0.03897162 0.05059983 0.05513982 0.08463078 0.08667611 0.09048684 0.109213 0.1739041 0.05051911 0.0106503 0.002403516 0.04337492 0.06746858 0.07253169 0.07989409 0.07740631 0.07269229 0.06357864 0.0727207 0.09207174 0.0994375 0.08665301 0.08865603 0.0835056 0.07639793 0.06703321 0.06067468 0.06368303 0.05885233 0.06258236 0.07274229 0.07374482 0.05774631
0.03826798 0.04086892 0.04123808 0.03794114 0.03571283 0.03025497 0.02534862 0.02659676 0.02285683 0.02588741 0.03259609 0.03419221 0.03533598 0.02878607 0.02958325 0.03012731 0.03042186 0.02935539 0.02789715 0.02799622 0.02948099 0.03686016 0.04169235 0.05138332 0.04827456 0.04519421 0.04406046 0.0416706 0.1833913 0.0610797 -0.01870674 -0.005856534 0.0104478 0.06369101 0.1713512 0.1556965 0.1200599 0.06713485 -0.01859758 -0.02998132 -0.02375657 0.01356306 0.008638171 0.02050306 0.04376683 0.05737303 0.05757361 0.06755409
0.01769046 0.02282174 0.02447405 0.03538198 0.03893889 0.04377447 0.03897543 0.03648106 0.03259227 0.03230326 0.03168829 0.033813 0.03816868 0.03791554 0.03930219 0.03894565 0.1125837 0.0748003 0.08172584 0.06852119 -0.0305954 -0.01317336 -0.06523047 -0.04434525 -0.01574024 0.05771433 0.1280862 0.04323501 -0.000975126 0.00408289 0.02363495 0.07920398 0.09014634 0.06864911 0.0718571 0.07211807 0.04536097 0.03184437 0.021333 0.0293873 0.05061539 0.06501293 0.0841302 0.08827292 0.08187454 0.07460165 0.06387082 0.06406187
0.07512364 0.07493193 0.07520657 0.06671154 0.05426166 0.05195249 0.06422628 0.07163456 0.08231965 0.08182131 0.07354531 0.0580631 0.06148427 0.06677218 0.06256033 0.0569399 0.0495443 0.04339152 0.04856249 0.05240177 0.06562556 0.07061931 0.05811257 0.04240287 0.04187154 0.2446655 -0.05623378 0.03314959 0.05630571 0.1062681 0.1549088 0.1439369 0.06694075 -0.001821458 -0.01989786 -0.03326058 -0.03072064 0.006977686 0.03204273 0.00214154 -0.005654058 0.002416098 0.01180543 0.02810628 0.03400116 0.02860043 0.02519621 0.01430953
0.06441725 0.08485144 0.07906687 0.0881373 0.08055606 0.06787352 0.05129438 0.05000864 0.05978085 0.06131425 0.06099537 0.07611907 0.06540963 0.04884543 0.04413679 0.04715115 0.05236895 0.05260802 0.05037573 0.07184743 0.07439571 0.06862549 0.05787084 0.05915103 0.05944687 0.04048643 0.03542721 0.03996133 0.05238704 0.03059991 0.0423172 0.02516788 0.06157683 0.03245274 0.02421612 0.02540377 0.02323442 0.03710482 0.05192835 0.06132512 0.0546354 0.05506241 0.04943224 0.03560985 0.02521868 0.02281795 0.01589291 0.03052565
0.02636421 0.02297754 0.03592446 0.05475295 0.07484931 0.08471604 0.06922097 0.06084129 0.055581 0.06420752 0.06188592 0.05102137 0.04658202 0.04833253 0.05649533 0.06175163 0.0628954 0.06229711 0.06034526 0.04914996 0.04382576 0.03176555 0.03645682 0.04706727 0.06160648 0.0668069 0.07643396 0.1785393 0.009611135 6.742652e-05 0.02763049 0.009311317 -0.006379734 0.002681916 0.01402119 0.03127741 0.05025013 0.06417333 0.04914796 0.03785092 0.03313453 0.02918218 0.03000602 0.03028433 0.03824405 0.05322757 0.05473204 0.05166561
0.04250059 0.04044911 0.02710686 0.02063554 0.02060509 0.02089253 0.02556331 0.03972913 0.04664622 0.05074477 0.05003163 0.0542185 0.04760844 0.04435522 0.04985408 0.06331107 0.06006227 0.03520552 0.02910414 0.03165787 0.03003441 0.03108048 0.01785187 0.09974398 0.006338958 -0.008046649 0.02266854 0.0340216 0.03996697 0.08119745 0.1009143 0.08269119 0.08267562 0.09157707 0.09883089 0.10218 0.07663462 0.04098676 0.04303777 0.04333413 0.04981906 0.04916298 0.04547349 0.05858679 0.05945964 0.06828544 0.05779179 0.04356876
-0.04149517 -0.04996628 -0.04426273 -0.0337347 -0.02342077 -0.01895493 -0.02472974 -0.02681363 -0.02894526 -0.03159053 -0.03275676 -0.05399828 -0.2158803 -0.2760819 -0.09185236 0.04181809 0.06558824 0.1113937 0.05743585 0.03704031 0.01615284 0.0102833 -0.03061019 -0.06775913 -0.08628275 -0.07921799 -0.07389256 -0.0585056 -0.04885683 -0.05139806 -0.05717698 -0.06053928 -0.05172728 -0.05619008 -0.07046432 -0.08984486 -0.09328369 -0.09688582 -0.09767489 -0.0897672 -0.08428897 -0.06988255 -0.06354053 -0.0525569 -0.04129779 -0.03383868 -0.03119097 -0.03832846
-0.08503026 -0.086487 -0.07719093 -0.05836485 -0.03812256 -0.02921406 -0.03001905 -0.03879766 -0.04797973 -0.05183093 -0.04706317 -0.04919695 -0.04790379 -0.04358666 -0.0365961 -0.03001708 -0.02041582 -0.2140407 -0.06624687 0.06128336 0.08116206 0.1027147 0.07633388 0.03852363 -0.03637987 -0.08742888 -0.0946712 -0.07989424 -0.06590521 -0.04673802 -0.04069747 -0.03779741 -0.03860224 -0.04208473 -0.04702475 -0.03875575 -0.04506443 -0.04609642 -0.04659619 -0.04213762 -0.03822451 -0.0380441 -0.0377908 -0.03820756 -0.04104713 -0.04619716 -0.04043968 -0.03689109
-0.07531231 -0.06902158 -0.0564358 -0.04278356 -0.02669119 -0.02570659 -0.03423895 -0.03666879 -0.03680132 -0.05490981 -0.002289972 -0.0840728 -0.08538271 -0.08303171 -0.02902242 -0.05079823 -0.03800151 -0.02451877 -0.01809965 -0.02290046 -0.02762241 -0.04699428 -0.04995313 -0.05516202 -0.05765336 -0.06831548 -0.0680531 -0.05319751 -0.03803303 -0.03041688 -0.02698603 -0.03013759 -0.04471279 -0.05359822 -0.05056119 -0.05385895 -0.05615864 -0.06082994 -0.06455888 -0.07333045 -0.07418686 -0.07700813 -0.07560416 -0.07495437 -0.0708841 -0.0612965 -0.05256886 -0.05310383
-0.06343052 -0.05890043 -0.04900285 -0.05447031 -0.05901933 -0.05519414 -0.0532765 -0.05285313 -0.04583237 -0.04565394 -0.04534063 -0.04704692 -0.05275542 -0.09304047 -0.2360303 -0.05567933 -0.01122519 0.07302212 0.1062128 0.1094781 0.0705162 0.01264408 -0.06218577 -0.1410795 -0.1701917 -0.1621234 -0.1333243 -0.1003942 -0.08207194 -0.06048947 -0.04096104 -0.04261213 -0.03560143 -0.04129631 -0.04118509 -0.05387518 -0.06165341 -0.06303626 -0.06842403 -0.06568062 -0.06510425 -0.06679862 -0.06145408 -0.05867123 -0.06154237 -0.0702197 -0.07465535 -0.08114877
-0.03969189 -0.0360194 -0.03456482 -0.03310335 -0.03125334 -0.02361917 -0.02479424 -0.03353858 -0.02904505 -0.02925616 -0.03218326 -0.02643031 -0.03003162 -0.2004897 -0.3488502 -0.1943969 0.07334133 0.1625316 0.1266331 0.05171417 -0.07129266 -0.1426142 -0.1313989 -0.04183854 0.01367154 0.02320566 0.01352806 -0.01130181 -0.03383403 -0.05956949 -0.07032147 -0.06265134 -0.06404573 -0.05441312 -0.05349274 -0.0637041 -0.06290566 -0.06574419 -0.06722443 -0.06418639 -0.05762276 -0.05285455 -0.05634611 -0.05191726 -0.05359111 -0.05649517 -0.05000028 -0.0609536
