26382.0 26470.0 26612.0 26669.0 26690.0 26707.0 26624.0 26465.0 26450.0 26499.0 26583.0 26656.0 26698.0 26653.0 26561.0 26454.0 26392.0 26325.0 26236.0 26156.0 26124.0 26104.0 26198.0 26267.0 26347.0 26281.0 26193.0 26230.0 26342.0 26487.0 26460.0 26422.0 26410.0 26443.0 26482.0 26489.0 26501.0 26506.0 26476.0 26428.0 26408.0 26348.0 26321.0 26389.0 26469.0 26561.0 26574.0 26500.0 26509.0 26523.0 26551.0 26556.0 26397.0 26350.0
26556.0 26397.0 26350.0 26448.0 26532.0 26529.0 26516.0 26476.0 26367.0 26307.0 26320.0 26386.0 26426.0 26436.0 26408.0 26401.0 26414.0 26405.0 26371.0 26355.0 26336.0 26352.0 26333.0 26333.0 26341.0 26363.0 26348.0 26346.0 26352.0 26357.0 26395.0 26437.0 26455.0 26431.0 26439.0 26415.0 26399.0 26363.0 26407.0 26412.0 26372.0 26386.0 26418.0 26411.0 26370.0 26377.0 26365.0 26353.0 26358.0 26349.0 26378.0 26356.0 26349.0 26379.0
26349.0 26378.0 26356.0 26349.0 26379.0 26405.0 26403.0 26413.0 26434.0 26424.0 26405.0 26408.0 26379.0 26367.0 26414.0 26467.0 26479.0 26449.0 26441.0 26424.0 26422.0 26434.0 26448.0 26427.0 26420.0 26404.0 26417.0 26423.0 26426.0 26390.0 26384.0 26381.0 26390.0 26398.0 26413.0 26407.0 26414.0 26407.0 26417.0 26412.0 26410.0 26403.0 26432.0 26450.0 26482.0 26507.0 26512.0 26525.0 26518.0 26513.0 26524.0 26527.0 26521.0 26517.0
26446.0 26432.0 26420.0 26423.0 26422.0 26420.0 26416.0 26413.0 26423.0 26403.0 26394.0 26391.0 26392.0 26377.0 26358.0 26372.0 26357.0 26385.0 26397.0 26386.0 26402.0 26402.0 26399.0 26409.0 26425.0 26403.0 26352.0 26303.0 26263.0 26249.0 26235.0 26256.0 26285.0 26299.0 26267.0 26265.0 26300.0 26305.0 26310.0 26307.0 26271.0 26238.0 26239.0 26269.0 26323.0 26337.0 26326.0 26320.0 26322.0 26343.0 26377.0 26407.0 26459.0 26484.0
26459.0 26484.0 26480.0 26522.0 26576.0 26572.0 26593.0 26603.0 26593.0 26561.0 26545.0 26588.0 26621.0 26630.0 26625.0 26614.0 26594.0 26592.0 26596.0 26591.0 26583.0 26603.0 26610.0 26634.0 26654.0 26652.0 26661.0 26665.0 26645.0 26620.0 26619.0 26624.0 26624.0 26613.0 26613.0 26590.0 26589.0 26564.0 26548.0 26556.0 26563.0 26604.0 26600.0 26565.0 26545.0 26510.0 26489.0 26450.0 26445.0 26425.0 26394.0 26374.0 26387.0 26398.0
26374.0 26387.0 26398.0 26402.0 26408.0 26426.0 26437.0 26460.0 26480.0 26458.0 26465.0 26454.0 26467.0 26511.0 26524.0 26546.0 26549.0 26538.0 26528.0 26533.0 26522.0 26525.0 26521.0 26516.0 26508.0 26485.0 26475.0 26484.0 26489.0 26485.0 26497.0 26517.0 26509.0 26508.0 26510.0 26527.0 26571.0 26629.0 26644.0 26645.0 26659.0 26663.0 26668.0 26657.0 26617.0 26561.0 26500.0 26470.0 26467.0 26471.0 26455.0 26424.0 26420.0 26467.0
27916.0 27938.0 27900.0 27873.0 27847.0 27909.0 27953.0 27890.0 27916.0 27923.0 27830.0 27795.0 27846.0 27897.0 27939.0 27972.0 27920.0 27876.0 27907.0 27891.0 27996.0 27968.0 27867.0 27973.0 28101.0 28042.0 28089.0 28208.0 28142.0 28077.0 27968.0 27889.0 27886.0 27894.0 27857.0 27851.0 27825.0 27826.0 27793.0 27753.0 27846.0 27916.0 27956.0 27998.0 28014.0 27896.0 27867.0 27847.0 27849.0 27836.0 27782.0 27732.0 27791.0 27835.0
26283.0 26321.0 26331.0 26359.0 26398.0 26407.0 26360.0 26298.0 26284.0 26342.0 26397.0 26300.0 26230.0 26276.0 26318.0 26263.0 26260.0 26274.0 26259.0 26253.0 26260.0 26167.0 26117.0 26152.0 26208.0 26164.0 26188.0 26134.0 26129.0 26236.0 26256.0 26222.0 26200.0 26171.0 26159.0 26263.0 26355.0 26408.0 26351.0 26291.0 26212.0 26105.0 26102.0 26146.0 26286.0 26255.0 26298.0 26322.0 26259.0 26136.0 26042.0 26119.0 26213.0 26307.0
25742.0 25761.0 25776.0 25763.0 25760.0 25761.0 25761.0 25756.0 25755.0 25777.0 25815.0 25826.0 25826.0 25829.0 25831.0 25834.0 25818.0 25833.0 25810.0 25808.0 25819.0 25835.0 25832.0 25829.0 25812.0 25818.0 25814.0 25833.0 25850.0 25839.0 25810.0 25811.0 25815.0 25809.0 25794.0 25805.0 25810.0 25824.0 25839.0 25825.0 25834.0 25859.0 25852.0 25865.0 25883.0 25887.0 25881.0 25883.0 25880.0 25877.0 25884.0 25875.0 25890.0 25887.0
25193.0 25194.0 25196.0 25189.0 25197.0 25199.0 25202.0 25201.0 25186.0 25192.0 25182.0 25179.0 25179.0 25165.0 25171.0 25175.0 25180.0 25183.0 25173.0 25168.0 25168.0 25169.0 25172.0 25173.0 25160.0 25168.0 25163.0 25169.0 25174.0 25173.0 25177.0 25189.0 25193.0 25196.0 25202.0 25205.0 25204.0 25204.0 25210.0 25201.0 25194.0 25186.0 25164.0 25173.0 25173.0 25176.0 25180.0 25190.0 25205.0 25218.0 25216.0 25212.0 25207.0 25199.0
25185.0 25174.0 25171.0 25145.0 25153.0 25148.0 25142.0 25149.0 25144.0 25147.0 25142.0 25160.0 25168.0 25174.0 25182.0 25203.0 25200.0 25194.0 25174.0 25177.0 25185.0 25182.0 25189.0 25184.0 25179.0 25183.0 25185.0 25183.0 25187.0 25188.0 25177.0 25175.0 25174.0 25200.0 25200.0 25203.0 25204.0 25203.0 25204.0 25195.0 25194.0 25201.0 25201.0 25193.0 25187.0 25191.0 25164.0 25172.0 25170.0 25170.0 25172.0 25180.0 25182.0 25179.0
25192.0 25186.0 25183.0 25184.0 25184.0 25181.0 25181.0 25162.0 25134.0 25126.0 25110.0 25104.0 25091.0 25086.0 25083.0 25083.0 25078.0 25094.0 25128.0 25137.0 25154.0 25168.0 25188.0 25205.0 25195.0 25205.0 25188.0 25192.0 25185.0 25194.0 25196.0 25169.0 25150.0 25145.0 25129.0 25136.0 25140.0 25133.0 25148.0 25145.0 25143.0 25155.0 25153.0 25155.0 25165.0 25162.0 25168.0 25153.0 25142.0 25143.0 25133.0 25127.0 25127.0 25121.0
25099.0 25111.0 25121.0 25126.0 25118.0 25138.0 25152.0 25164.0 25156.0 25159.0 25151.0 25156.0 25158.0 25162.0 25155.0 25155.0 25151.0 25145.0 25145.0 25140.0 25137.0 25136.0 25133.0 25129.0 25125.0 25112.0 25116.0 25118.0 25120.0 25124.0 25119.0 25108.0 25097.0 25088.0 25090.0 25106.0 25156.0 25169.0 25175.0 25168.0 25162.0 25153.0 25161.0 25184.0 25181.0 25178.0 25155.0 25149.0 25163.0 25156.0 25160.0 25167.0 25142.0 25136.0
34108.0 34112.0 34113.0 34113.0 34112.0 34105.0 34112.0 34124.0 34122.0 34123.0 34129.0 34131.0 34138.0 34135.0 34131.0 34140.0 34141.0 34151.0 34148.0 34157.0 34175.0 34446.0 34979.0 34328.0 34190.0 34227.0 34253.0 34213.0 34154.0 34157.0 34169.0 34181.0 34215.0 34202.0 34209.0 34217.0 34219.0 34246.0 34243.0 34264.0 34256.0 34247.0 34233.0 34222.0 34208.0 34191.0 34167.0 34177.0 34185.0 34192.0 34193.0 34197.0 34195.0 34203.0
34203.0 34207.0 34211.0 34208.0 34207.0 34203.0 34217.0 34205.0 34221.0 34222.0 34235.0 34232.0 34230.0 34225.0 34215.0 34209.0 34196.0 34180.0 34186.0 34179.0 34195.0 34188.0 34196.0 34187.0 34205.0 10.0 35750.0 34471.0 34255.0 34325.0 34450.0 34327.0 34241.0 34207.0 34218.0 34236.0 34260.0 34288.0 34304.0 34289.0 34303.0 34298.0 34299.0 34300.0 34304.0 34307.0 34314.0 34307.0 34313.0 34315.0 34307.0 34321.0 34089.0 34006.0
31099.0 31098.0 31111.0 31115.0 31116.0 31106.0 31119.0 31114.0 31102.0 31077.0 31096.0 31099.0 31629.0 31738.0 31144.0 31070.0 31094.0 31100.0 31097.0 31104.0 31105.0 31102.0 31120.0 31140.0 31150.0 31160.0 31152.0 31148.0 31155.0 31154.0 31144.0 31143.0 31137.0 31134.0 31129.0 31114.0 31117.0 31102.0 31102.0 31102.0 31090.0 31094.0 31076.0 31084.0 31072.0 31077.0 31088.0 31082.0 31085.0 31079.0 31080.0 31081.0 31088.0 31077.0
31108.0 31124.0 31117.0 31115.0 31117.0 31117.0 31115.0 31117.0 31132.0 31125.0 31130.0 31269.0 33906.0 33639.0 32448.0 31780.0 31291.0 31192.0 31310.0 31201.0 31088.0 31057.0 31050.0 31049.0 31050.0 31048.0 31076.0 31071.0 31096.0 31093.0 31103.0 31141.0 31150.0 31174.0 31172.0 31197.0 31189.0 31191.0 31191.0 31206.0 31190.0 31188.0 31197.0 31201.0 31210.0 31229.0 31217.0 31239.0 31227.0 31237.0 31226.0 31242.0 31222.0 31208.0
31227.0 31237.0 31226.0 31242.0 31222.0 31208.0 31204.0 31199.0 31201.0 31167.0 31165.0 31159.0 31143.0 32885.0 31475.0 31275.0 31247.0 31208.0 31130.0 31112.0 31117.0 31103.0 31096.0 31066.0 31077.0 31070.0 31086.0 31102.0 31096.0 31092.0 31101.0 31089.0 31096.0 31103.0 31096.0 31107.0 31102.0 31110.0 31101.0 31108.0 31125.0 31154.0 31173.0 31178.0 31183.0 31186.0 31201.0 31201.0 31192.0 31216.0 31197.0 31207.0 31170.0 31169.0
31201.0 31192.0 31216.0 31197.0 31207.0 31170.0 31169.0 31155.0 31179.0 31185.0 31173.0 31178.0 31175.0 32138.0 33386.0 32448.0 31638.0 31318.0 31185.0 31159.0 31087.0 31069.0 31068.0 31095.0 31087.0 31083.0 31079.0 31076.0 31063.0 31066.0 31071.0 31056.0 31068.0 31054.0 31051.0 31057.0 31057.0 31044.0 31046.0 31033.0 31031.0 31031.0 31021.0 31029.0 31036.0 31037.0 31049.0 31039.0 31047.0 31035.0 31043.0 31039.0 31028.0 31033.0
31017.0 31028.0 31061.0 31064.0 31083.0 31094.0 31083.0 31076.0 31059.0 31051.0 31062.0 31055.0 31049.0 31882.0 32833.0 31419.0 31275.0 31098.0 31078.0 31081.0 31063.0 31066.0 31052.0 31057.0 31050.0 31061.0 31057.0 31068.0 31079.0 31093.0 31103.0 31101.0 31115.0 31123.0 31113.0 31127.0 31137.0 31135.0 31145.0 31142.0 31143.0 31155.0 31144.0 31145.0 31117.0 31045.0 31070.0 31054.0 31029.0 31022.0 31041.0 31054.0 31052.0 31060.0
30941.0 30937.0 30960.0 30971.0 30959.0 30974.0 30980.0 30973.0 30973.0 30984.0 30980.0 30977.0 30969.0 30953.0 30959.0 30998.0 32472.0 31796.0 31200.0 30986.0 30954.0 30958.0 30951.0 30922.0 30906.0 30902.0 30906.0 30911.0 30933.0 30937.0 30942.0 30940.0 30942.0 30945.0 30938.0 30921.0 30935.0 30924.0 30917.0 30936.0 30932.0 30922.0 30926.0 30929.0 30927.0 30924.0 30919.0 30905.0 30903.0 30900.0 30899.0 30889.0 30894.0 30890.0
25797.0 25785.0 25798.0 25792.0 25850.0 25868.0 25735.0 25735.0 25848.0 25896.0 25889.0 25893.0 25859.0 25869.0 25832.0 25850.0 25850.0 26644.0 26102.0 25774.0 25828.0 25830.0 25783.0 25782.0 25783.0 25799.0 25854.0 25908.0 25901.0 25876.0 25842.0 25842.0 25860.0 25858.0 25860.0 25832.0 25762.0 25755.0 25746.0 25754.0 25772.0 25739.0 25701.0 25703.0 25732.0 25687.0 25720.0 25770.0 25784.0 25781.0 25752.0 25745.0 25753.0 25773.0
25774.0 25762.0 25727.0 25804.0 25698.0 25641.0 25693.0 25703.0 25651.0 25630.0 25724.0 25756.0 25784.0 25785.0 25804.0 25779.0 25778.0 25772.0 25508.0 24356.0 22842.0 22350.0 22523.0 23053.0 23515.0 23853.0 23950.0 23939.0 23928.0 23938.0 23956.0 23928.0 23920.0 23956.0 23994.0 23995.0 24019.0 24086.0 24077.0 24002.0 23922.0 23960.0 23959.0 23983.0 24008.0 23976.0 23975.0 23963.0 23986.0 23995.0 23990.0 24032.0 24223.0 24465.0
26989.0 26978.0 26990.0 27014.0 26978.0 26989.0 27013.0 27029.0 27025.0 27023.0 27022.0 27012.0 27035.0 27083.0 27081.0 27061.0 27055.0 27055.0 27049.0 27457.0 27699.0 27113.0 26944.0 27058.0 27011.0 26947.0 26945.0 26967.0 26993.0 26983.0 27039.0 27085.0 27076.0 27033.0 27002.0 27014.0 27035.0 27056.0 27043.0 27022.0 27035.0 27023.0 27043.0 27034.0 27020.0 27048.0 27078.0 27113.0 27196.0 27206.0 27124.0 27103.0 27108.0 27171.0
27623.0 27656.0 27690.0 27710.0 27727.0 27734.0 27776.0 27830.0 27819.0 27810.0 27812.0 27681.0 27584.0 27595.0 27617.0 27621.0 27600.0 27588.0 27600.0 27574.0 27583.0 27598.0 27638.0 27687.0 27713.0 27759.0 27727.0 27737.0 27748.0 27743.0 27743.0 27743.0 27801.0 27828.0 27717.0 27657.0 27713.0 27703.0 27624.0 27589.0 27609.0 27661.0 27662.0 27698.0 27724.0 27728.0 27742.0 27701.0 27710.0 27746.0 27724.0 27720.0 27752.0 27689.0
27153.0 27125.0 27152.0 27178.0 27145.0 27044.0 26965.0 26920.0 26924.0 26890.0 26913.0 26979.0 27052.0 27152.0 27935.0 27480.0 27180.0 27128.0 27194.0 27156.0 27144.0 27201.0 27192.0 27175.0 27157.0 27095.0 27072.0 27083.0 27117.0 27173.0 27150.0 27123.0 27093.0 27000.0 26947.0 27016.0 27021.0 27015.0 26926.0 26852.0 26887.0 27031.0 27038.0 27021.0 26985.0 26958.0 26947.0 26976.0 27032.0 27082.0 27069.0 27054.0 27082.0 27096.0
27630.0 27591.0 27635.0 27619.0 27647.0 27646.0 27631.0 27636.0 27645.0 27694.0 27742.0 27787.0 27789.0 27851.0 27923.0 27799.0 27682.0 27649.0 27651.0 27686.0 27441.0 27347.0 27672.0 27699.0 27692.0 27700.0 27750.0 27779.0 27715.0 27707.0 27695.0 27697.0 27689.0 27665.0 27647.0 27674.0 27711.0 27682.0 27644.0 27635.0 27575.0 27581.0 27642.0 27661.0 27655.0 27602.0 27592.0 27594.0 27609.0 27620.0 27693.0 27715.0 27560.0 27538.0
27503.0 27564.0 27629.0 27645.0 27668.0 27733.0 27650.0 27666.0 27669.0 27638.0 27660.0 27655.0 27725.0 27778.0 27767.0 27737.0 27779.0 27814.0 27851.0 27803.0 27798.0 27794.0 26707.0 27266.0 27899.0 27853.0 27585.0 27544.0 27698.0 27753.0 27765.0 27724.0 27878.0 27899.0 27930.0 27942.0 27918.0 27897.0 27953.0 28007.0 27956.0 27901.0 27873.0 27823.0 27740.0 27712.0 27725.0 27734.0 27697.0 27707.0 27696.0 27678.0 27638.0 27686.0
27588.0 27531.0 27522.0 27579.0 27634.0 27655.0 27595.0 27570.0 27564.0 27511.0 27541.0 27597.0 27623.0 26957.0 26445.0 26684.0 26990.0 27073.0 27166.0 27539.0 27661.0 27640.0 27672.0 27657.0 27747.0 27746.0 27661.0 27630.0 27685.0 27744.0 27774.0 27724.0 27585.0 27535.0 27532.0 27624.0 27738.0 27713.0 27711.0 27687.0 27644.0 27625.0 27580.0 27626.0 27583.0 27570.0 27636.0 27596.0 27612.0 27644.0 27744.0 27726.0 27697.0 27710.0
27713.0 27649.0 27618.0 27665.0 27682.0 27680.0 27674.0 27699.0 27643.0 27611.0 27616.0 27598.0 27551.0 27646.0 27656.0 27538.0 27572.0 27598.0 27580.0 27641.0 27550.0 27450.0 27517.0 27653.0 27688.0 27625.0 27622.0 27708.0 27591.0 27610.0 27702.0 27722.0 27790.0 27613.0 27580.0 27666.0 27812.0 27758.0 27781.0 27767.0 27727.0 27614.0 27620.0 27640.0 27654.0 27713.0 27679.0 27648.0 27607.0 27575.0 27558.0 27549.0 27522.0 27524.0
27563.0 27544.0 27641.0 27727.0 27709.0 27659.0 27643.0 27623.0 27616.0 27636.0 27637.0 27627.0 27801.0 27755.0 27769.0 27789.0 27803.0 27807.0 27674.0 27617.0 26989.0 26577.0 27639.0 27797.0 27622.0 27551.0 27564.0 27625.0 27610.0 27707.0 27799.0 27844.0 27859.0 27781.0 27736.0 27707.0 27658.0 27704.0 27751.0 27769.0 27737.0 27758.0 27760.0 27724.0 27678.0 27644.0 27649.0 27652.0 27629.0 27606.0 27639.0 27611.0 27598.0 27562.0
25919.0 25919.0 25914.0 25915.0 25906.0 25907.0 25918.0 25923.0 25941.0 25945.0 25938.0 25924.0 25925.0 25912.0 25912.0 25910.0 25780.0 25804.0 25914.0 25909.0 25918.0 25908.0 25899.0 25903.0 25899.0 25896.0 25908.0 25906.0 25918.0 25913.0 25924.0 25925.0 25932.0 25920.0 25924.0 25926.0 25920.0 25920.0 25921.0 25920.0 25921.0 25914.0 25927.0 25937.0 25932.0 25938.0 25931.0 25942.0 25940.0 25939.0 25931.0 25938.0 25939.0 25915.0
25883.0 25878.0 25887.0 25893.0 25904.0 25906.0 25926.0 25928.0 25935.0 25920.0 25921.0 25924.0 25915.0 25463.0 25648.0 25888.0 25864.0 25893.0 25878.0 25887.0 25890.0 25880.0 25882.0 25882.0 25884.0 25897.0 25886.0 25905.0 25906.0 25904.0 25907.0 25911.0 25908.0 25912.0 25921.0 25924.0 25932.0 25929.0 25926.0 25930.0 25914.0 25931.0 25920.0 25914.0 25918.0 25917.0 25927.0 25918.0 25927.0 25928.0 25947.0 25947.0 25950.0 25944.0
25926.0 25931.0 25920.0 25920.0 25906.0 25921.0 25913.0 25915.0 25919.0 25912.0 25908.0 25714.0 25910.0 25902.0 25934.0 25919.0 25920.0 25921.0 25920.0 25922.0 25927.0 25922.0 25918.0 25913.0 25909.0 25909.0 25909.0 25907.0 25910.0 25907.0 25911.0 25904.0 25907.0 25906.0 25901.0 25905.0 25910.0 25909.0 25907.0 25915.0 25913.0 25921.0 25918.0 25914.0 25911.0 25919.0 25913.0 25916.0 25925.0 25919.0 25925.0 25931.0 25939.0 25936.0
25936.0 25934.0 25940.0 25943.0 25946.0 25937.0 25933.0 25930.0 25938.0 25935.0 25930.0 25928.0 25956.0 25738.0 25947.0 25908.0 25927.0 25932.0 25946.0 25941.0 25933.0 25925.0 25919.0 25905.0 25912.0 25908.0 25919.0 25912.0 25905.0 25919.0 25925.0 25926.0 25931.0 25927.0 25926.0 25915.0 25922.0 25903.0 25908.0 25907.0 25907.0 25918.0 25918.0 25940.0 25938.0 25939.0 25925.0 25915.0 25901.0 25876.0 25872.0 25861.0 25867.0 25888.0
25226.0 25229.0 25224.0 25229.0 25234.0 25225.0 25234.0 25233.0 25224.0 25029.0 25205.0 25235.0 25270.0 25274.0 25257.0 25253.0 25229.0 25210.0 25176.0 25187.0 25189.0 25191.0 25178.0 25194.0 25188.0 25207.0 25190.0 25209.0 25210.0 25218.0 25205.0 25219.0 25222.0 25243.0 25245.0 25234.0 25237.0 25252.0 25253.0 25243.0 25247.0 25250.0 25230.0 25240.0 25220.0 25216.0 25213.0 25222.0 25226.0 25240.0 25227.0 25237.0 25211.0 25207.0
25188.0 25191.0 25167.0 25162.0 25159.0 25173.0 25211.0 25223.0 25239.0 25259.0 25257.0 25266.0 25365.0 25095.0 25025.0 25256.0 25196.0 25177.0 25187.0 25145.0 25210.0 25244.0 25281.0 25293.0 25287.0 25295.0 25300.0 25307.0 25319.0 25339.0 25328.0 25346.0 25349.0 25353.0 25332.0 25299.0 25274.0 25242.0 25250.0 25220.0 25208.0 25182.0 25164.0 25150.0 25159.0 25151.0 25162.0 25163.0 25164.0 25172.0 25174.0 25172.0 25182.0 25177.0
25188.0 25170.0 25167.0 25156.0 25142.0 25150.0 25147.0 25167.0 25155.0 25166.0 25186.0 25193.0 25187.0 25144.0 24888.0 25139.0 25206.0 25170.0 25166.0 25189.0 25191.0 25199.0 25197.0 25183.0 25153.0 25159.0 25155.0 25163.0 25170.0 25180.0 25183.0 25183.0 25186.0 25198.0 25174.0 25170.0 25150.0 25136.0 25133.0 25122.0 25114.0 25120.0 25106.0 25123.0 25129.0 25159.0 25153.0 25177.0 25172.0 25150.0 25139.0 25140.0 25120.0 25101.0
25183.0 25174.0 25175.0 25171.0 25190.0 25189.0 25190.0 25167.0 25169.0 25168.0 25161.0 25167.0 25181.0 25193.0 24871.0 24551.0 24868.0 25027.0 25056.0 25097.0 25118.0 25122.0 25130.0 25150.0 25155.0 25164.0 25169.0 25176.0 25178.0 25187.0 25186.0 25189.0 25193.0 25194.0 25196.0 25189.0 25197.0 25199.0 25202.0 25201.0 25186.0 25192.0 25182.0 25179.0 25179.0 25165.0 25171.0 25175.0 25180.0 25183.0 25173.0 25168.0 25168.0 25169.0
6802.0 6793.0 6804.0 6802.0 6816.0 6837.0 6830.0 6853.0 6887.0 6932.0 6922.0 6006.0 6820.0 6864.0 6745.0 6764.0 6901.0 6947.0 6999.0 7021.0 6988.0 7009.0 6967.0 6919.0 6887.0 6844.0 6803.0 6758.0 6754.0 6741.0 6714.0 6686.0 6695.0 6724.0 6742.0 6747.0 6758.0 6746.0 6735.0 6757.0 6778.0 6778.0 6770.0 6754.0 6752.0 6754.0 6766.0 6779.0 6796.0 6822.0 6854.0 6882.0 6870.0 6852.0
6810.0 6800.0 6822.0 6839.0 6829.0 6832.0 6793.0 6778.0 6768.0 6721.0 6695.0 6670.0 6671.0 6675.0 6679.0 6641.0 5807.0 6170.0 6524.0 6608.0 6631.0 6690.0 6719.0 6761.0 6801.0 6820.0 6795.0 6771.0 6782.0 6798.0 6822.0 6838.0 6878.0 6909.0 6893.0 6886.0 6859.0 6854.0 6855.0 6856.0 6873.0 6894.0 6907.0 6926.0 6968.0 6952.0 6930.0 6938.0 6929.0 6932.0 6923.0 6904.0 6887.0 6874.0
6752.0 6760.0 6766.0 6750.0 6747.0 6754.0 6756.0 6752.0 6753.0 6754.0 6751.0 6758.0 6774.0 6774.0 6806.0 6747.0 6770.0 6775.0 6795.0 6822.0 6847.0 6790.0 6755.0 6811.0 6782.0 6786.0 6760.0 6757.0 6779.0 6784.0 6761.0 6763.0 6761.0 6762.0 6769.0 6759.0 6790.0 6810.0 6804.0 6790.0 6781.0 6795.0 6815.0 6802.0 6788.0 6795.0 6798.0 6783.0 6785.0 6787.0 6784.0 6789.0 6793.0 6794.0
4089.0 4065.0 4046.0 4047.0 4047.0 4051.0 4035.0 4031.0 4043.0 4050.0 4065.0 4094.0 4084.0 4049.0 4064.0 4206.0 4112.0 4062.0 4033.0 4013.0 4014.0 4052.0 4060.0 4078.0 4096.0 4098.0 4093.0 4084.0 4077.0 4079.0 4064.0 4063.0 4061.0 4034.0 4037.0 4220.0 5255.0 6683.0 7231.0 8695.0 9515.0 10944.0 12094.0 11888.0 11970.0 11978.0 11977.0 11975.0 11972.0 11966.0 11957.0 11932.0 11937.0 11207.0
11917.0 11914.0 11920.0 11916.0 11912.0 11895.0 11887.0 11905.0 11898.0 11887.0 11883.0 11876.0 11862.0 11858.0 11856.0 11934.0 11912.0 11836.0 11808.0 11790.0 11819.0 11824.0 11829.0 11861.0 11901.0 11914.0 11924.0 11924.0 11921.0 11919.0 11935.0 11940.0 11944.0 11950.0 11949.0 11959.0 11974.0 11977.0 11989.0 11989.0 11952.0 11923.0 11918.0 11893.0 11870.0 11871.0 11882.0 11887.0 11884.0 11875.0 11852.0 11853.0 11840.0 11842.0
9022.0 9009.0 8984.0 9014.0 8942.0 8908.0 8943.0 8971.0 8961.0 8970.0 8957.0 9032.0 9097.0 8900.0 7176.0 8856.0 8915.0 9017.0 9075.0 9059.0 9035.0 8977.0 9030.0 9108.0 9073.0 9062.0 9084.0 9076.0 9098.0 9133.0 9137.0 9184.0 9110.0 9059.0 9076.0 9053.0 9062.0 9047.0 9036.0 9028.0 9015.0 9028.0 8991.0 9022.0 9031.0 9035.0 9019.0 9067.0 9038.0 9050.0 9024.0 8998.0 9017.0 9032.0
9067.0 9038.0 9050.0 9024.0 8998.0 9017.0 9032.0 9055.0 9026.0 7263.0 5636.0 7292.0 8786.0 8936.0 8780.0 8816.0 8840.0 8900.0 8932.0 9003.0 9025.0 8970.0 9002.0 9004.0 8991.0 9023.0 9011.0 9063.0 9008.0 8954.0 8960.0 8972.0 8931.0 8925.0 8880.0 8925.0 8985.0 8997.0 9002.0 8995.0 9001.0 8947.0 8936.0 8974.0 8986.0 8979.0 8987.0 9004.0 9018.0 9009.0 8995.0 8986.0 9061.0 9067.0
9016.0 9043.0 9091.0 9016.0 9027.0 9016.0 8998.0 8989.0 9006.0 8931.0 8953.0 8958.0 8995.0 9008.0 9027.0 8205.0 8639.0 8975.0 8972.0 9038.0 9018.0 8985.0 8951.0 8971.0 8945.0 8941.0 8936.0 8864.0 8827.0 8821.0 8852.0 8842.0 8914.0 8949.0 8966.0 9030.0 9015.0 8955.0 8977.0 8991.0 8976.0 8977.0 8979.0 9003.0 8968.0 8975.0 8989.0 8980.0 8988.0 8985.0 8947.0 8914.0 8894.0 8943.0
9012.0 9024.0 9051.0 9096.0 9045.0 8999.0 8997.0 9036.0 9008.0 8928.0 8943.0 8997.0 9050.0 9010.0 9045.0 8954.0 8567.0 8326.0 8946.0 8850.0 8990.0 9020.0 8972.0 8945.0 8981.0 8982.0 8997.0 8973.0 8979.0 8973.0 8967.0 8918.0 8863.0 8828.0 8820.0 8905.0 8968.0 8953.0 8994.0 9020.0 9037.0 9069.0 9023.0 8994.0 9013.0 9000.0 9021.0 8970.0 8977.0 8903.0 8886.0 8918.0 8955.0 8958.0
9066.0 9111.0 9132.0 9103.0 9096.0 9078.0 9062.0 9132.0 9112.0 9010.0 8996.0 9006.0 9006.0 8514.0 8769.0 8842.0 8978.0 9022.0 9062.0 9032.0 9001.0 9024.0 9001.0 9011.0 9021.0 9001.0 8986.0 8974.0 8985.0 8949.0 8907.0 8959.0 8969.0 9013.0 9045.0 9074.0 9124.0 8962.0 8995.0 9057.0 9052.0 8990.0 8920.0 8942.0 8957.0 8958.0 9032.0 9009.0 8981.0 8997.0 8984.0 8998.0 8969.0 8959.0
8982.0 9008.0 8964.0 8958.0 8958.0 8964.0 8982.0 8966.0 8967.0 8986.0 8997.0 8948.0 8958.0 8639.0 7777.0 8793.0 8862.0 8911.0 8881.0 8808.0 8839.0 8884.0 8914.0 8971.0 8982.0 8990.0 9025.0 9075.0 9079.0 9078.0 9069.0 9064.0 9029.0 8992.0 8980.0 8960.0 8972.0 8969.0 8991.0 9020.0 9023.0 9018.0 9030.0 9005.0 9013.0 9018.0 9012.0 8988.0 8955.0 8946.0 9043.0 9111.0 9076.0 9055.0
8951.0 9090.0 9063.0 9049.0 9073.0 9076.0 9079.0 9073.0 9069.0 9019.0 8994.0 9007.0 9005.0 8999.0 8952.0 8956.0 8837.0 7623.0 7448.0 8413.0 8595.0 8885.0 8892.0 8951.0 8968.0 9012.0 9063.0 9042.0 9033.0 9011.0 8976.0 9019.0 8955.0 8964.0 8912.0 9000.0 9025.0 9037.0 9005.0 9007.0 8992.0 8958.0 8968.0 9033.0 9073.0 9043.0 9024.0 9035.0 9048.0 9052.0 9016.0 8987.0 9002.0 8953.0
8992.0 9027.0 9065.0 9022.0 9030.0 8962.0 8924.0 8922.0 8956.0 8934.0 8858.0 8966.0 8305.0 8853.0 8931.0 9025.0 8939.0 8954.0 8967.0 8991.0 9023.0 9047.0 8918.0 8850.0 8889.0 8897.0 8973.0 9049.0 9065.0 9179.0 9267.0 9194.0 9095.0 9096.0 9048.0 9080.0 9076.0 8999.0 8998.0 9013.0 8989.0 8995.0 9003.0 8946.0 9003.0 8992.0 9005.0 8989.0 8985.0 8974.0 8995.0 8989.0 9009.0 9026.0
9178.0 9193.0 9197.0 9200.0 9150.0 9178.0 9208.0 9218.0 9206.0 9227.0 9198.0 9226.0 9201.0 9175.0 9518.0 9669.0 9216.0 9226.0 9188.0 9145.0 9034.0 9124.0 9112.0 9138.0 9186.0 9169.0 9129.0 9130.0 9219.0 9180.0 9148.0 9197.0 9223.0 9273.0 9282.0 9249.0 9240.0 9257.0 9163.0 9102.0 9186.0 9212.0 9215.0 9205.0 9284.0 9263.0 9208.0 9194.0 9151.0 9170.0 9181.0 9203.0 9223.0 9251.0
9187.0 9192.0 9215.0 9255.0 9216.0 9234.0 9236.0 9241.0 9203.0 9198.0 9198.0 9191.0 9175.0 9159.0 9158.0 9157.0 9166.0 9259.0 9289.0 9196.0 9245.0 9234.0 9187.0 9145.0 9155.0 9168.0 9178.0 9184.0 9203.0 9206.0 9179.0 9195.0 9185.0 9179.0 9197.0 9204.0 9216.0 9217.0 9188.0 9162.0 9175.0 9182.0 9184.0 9221.0 9181.0 9216.0 9191.0 9191.0 9179.0 9199.0 9184.0 9183.0 9184.0 9170.0
9131.0 9207.0 9236.0 9221.0 9161.0 9161.0 9203.0 9180.0 9157.0 9158.0 9230.0 9170.0 9157.0 9160.0 8627.0 8277.0 8641.0 8968.0 9100.0 9132.0 9077.0 9126.0 9100.0 9096.0 9138.0 9163.0 9224.0 9238.0 9244.0 9250.0 9289.0 9278.0 9178.0 9233.0 9256.0 9233.0 9160.0 9200.0 9201.0 8999.0 9161.0 9150.0 9177.0 9184.0 9230.0 9199.0 9159.0 9169.0 9171.0 9280.0 9549.0 9949.0 10078.0 10025.0
8929.0 8927.0 8941.0 8923.0 8828.0 8878.0 9013.0 9079.0 9059.0 9057.0 9040.0 9061.0 9057.0 9046.0 9019.0 8995.0 9011.0 9003.0 9010.0 9041.0 9138.0 9084.0 8994.0 9043.0 9002.0 8977.0 8959.0 8929.0 8977.0 9066.0 9088.0 9024.0 9012.0 8990.0 9009.0 9013.0 9004.0 9005.0 8991.0 9002.0 9033.0 9001.0 8973.0 8970.0 8973.0 8977.0 9015.0 8996.0 8973.0 8997.0 9020.0 8976.0 8995.0 8971.0
8740.0 8820.0 8898.0 8960.0 9003.0 9053.0 9062.0 9041.0 8954.0 8965.0 8932.0 8920.0 8923.0 8909.0 8953.0 9034.0 8769.0 8085.0 8326.0 8775.0 8968.0 9048.0 9044.0 9051.0 9028.0 9051.0 9054.0 9064.0 9001.0 9006.0 8983.0 8983.0 8994.0 9018.0 9028.0 9010.0 8970.0 8976.0 9012.0 8992.0 9082.0 9028.0 8984.0 9039.0 9049.0 9042.0 9001.0 9000.0 9001.0 9015.0 9011.0 9026.0 8998.0 8919.0
17476.0 17468.0 17477.0 17468.0 17469.0 17474.0 17463.0 17475.0 17468.0 17478.0 17462.0 17473.0 17466.0 17479.0 17476.0 17486.0 18075.0 17842.0 17468.0 17474.0 17524.0 17509.0 17498.0 17476.0 17456.0 17460.0 17452.0 17455.0 17460.0 17470.0 17490.0 17492.0 17491.0 17486.0 17493.0 17499.0 17500.0 17512.0 17494.0 17501.0 17506.0 17499.0 17500.0 17502.0 17510.0 17516.0 17512.0 17514.0 17512.0 17513.0 17520.0 17514.0 17525.0 17523.0
17517.0 17525.0 17518.0 17521.0 17515.0 17509.0 17521.0 17523.0 17521.0 17527.0 17515.0 17529.0 17521.0 17517.0 17522.0 17518.0 17531.0 17685.0 19326.0 19054.0 17936.0 17671.0 17619.0 17581.0 17542.0 17512.0 17483.0 17475.0 17496.0 17486.0 17497.0 17500.0 17491.0 17498.0 17520.0 17506.0 17517.0 17518.0 17509.0 17509.0 17510.0 17486.0 17480.0 17491.0 17484.0 17479.0 17492.0 17482.0 17492.0 17481.0 17479.0 17465.0 17458.0 17449.0
17461.0 17465.0 17455.0 17457.0 17443.0 17431.0 17428.0 17418.0 17431.0 17423.0 17425.0 17437.0 17436.0 17456.0 17462.0 17468.0 17656.0 20668.0 20935.0 19974.0 19218.0 18887.0 18744.0 18668.0 18573.0 18529.0 18527.0 18526.0 18529.0 18517.0 18530.0 18542.0 18543.0 18524.0 18521.0 18517.0 18509.0 18514.0 18523.0 18536.0 18538.0 18546.0 18559.0 18572.0 18566.0 18559.0 18556.0 18565.0 18577.0 18559.0 18564.0 18551.0 18559.0 18555.0
19365.0 19373.0 19369.0 19357.0 19351.0 19351.0 19349.0 19341.0 19342.0 19346.0 19470.0 20933.0 19692.0 19424.0 19431.0 19360.0 19357.0 19323.0 19317.0 19328.0 19341.0 19336.0 19339.0 19328.0 19330.0 19331.0 19352.0 19348.0 19345.0 19346.0 19358.0 19366.0 19382.0 19386.0 19395.0 19392.0 19400.0 19395.0 19392.0 19393.0 19391.0 19394.0 19392.0 19382.0 19384.0 19395.0 19398.0 19397.0 19400.0 19388.0 19391.0 19386.0 19394.0 19383.0
19354.0 19337.0 19343.0 19349.0 19363.0 19341.0 19323.0 19303.0 19300.0 19318.0 19311.0 19326.0 19325.0 19315.0 19344.0 19343.0 19831.0 20007.0 19432.0 19389.0 19360.0 19353.0 19332.0 19322.0 19311.0 19320.0 19346.0 19373.0 19394.0 19408.0 19394.0 19422.0 19421.0 19405.0 19414.0 19410.0 19427.0 19421.0 19426.0 19433.0 19432.0 19437.0 19430.0 19434.0 19433.0 19445.0 19437.0 19438.0 19436.0 19446.0 19448.0 19448.0 19453.0 19441.0
19439.0 19429.0 19423.0 19403.0 19386.0 19367.0 19360.0 19367.0 19363.0 19360.0 19346.0 19334.0 19318.0 19327.0 19325.0 19335.0 19337.0 19340.0 19334.0 21081.0 20413.0 19682.0 19451.0 19345.0 19330.0 19354.0 19392.0 19357.0 19352.0 19377.0 19420.0 19410.0 19400.0 19404.0 19390.0 19398.0 19396.0 19379.0 19390.0 19365.0 19358.0 19347.0 19342.0 19327.0 19340.0 19345.0 19339.0 19350.0 19339.0 19358.0 19363.0 19349.0 19340.0 19333.0
22150.0 22129.0 22119.0 22097.0 22096.0 22094.0 22087.0 22103.0 22106.0 22101.0 22119.0 23086.0 22915.0 22241.0 22066.0 22166.0 22240.0 22201.0 22152.0 22111.0 22090.0 22088.0 22101.0 22107.0 22126.0 22165.0 22166.0 22204.0 22202.0 22200.0 22201.0 22186.0 22208.0 22207.0 22217.0 22243.0 22276.0 22303.0 22340.0 22377.0 22387.0 22387.0 22378.0 22363.0 22334.0 22307.0 22285.0 22274.0 22267.0 22269.0 22280.0 22269.0 22272.0 22258.0
22274.0 22267.0 22269.0 22280.0 22269.0 22272.0 22258.0 22237.0 22245.0 22244.0 22244.0 22244.0 22248.0 22254.0 22244.0 22240.0 22202.0 22389.0 22250.0 22396.0 22269.0 22190.0 22155.0 22223.0 22205.0 22232.0 22230.0 22233.0 22190.0 22188.0 22222.0 22197.0 22143.0 22116.0 22096.0 22095.0 22129.0 22115.0 22110.0 22107.0 22114.0 22111.0 22108.0 22112.0 22107.0 22084.0 22084.0 22098.0 22108.0 23374.0 21962.0 22148.0 22270.0 22123.0
35330.0 35329.0 35330.0 35326.0 35333.0 35330.0 35348.0 35354.0 35356.0 35353.0 35359.0 35367.0 35368.0 35357.0 35372.0 35373.0 35377.0 35385.0 35394.0 35413.0 35443.0 35641.0 35318.0 35324.0 35347.0 34941.0 34778.0 34977.0 35020.0 34985.0 35073.0 35154.0 35145.0 35326.0 35280.0 35288.0 35324.0 35362.0 35351.0 35399.0 35450.0 35589.0 35648.0 35621.0 35541.0 35522.0 35475.0 35442.0 35416.0 35407.0 35388.0 35381.0 35372.0 35356.0
35428.0 35427.0 35431.0 35418.0 35398.0 35392.0 35397.0 35404.0 35400.0 35394.0 35393.0 35411.0 35409.0 35415.0 35409.0 35397.0 35394.0 35391.0 35397.0 35381.0 35364.0 35376.0 35363.0 35375.0 35362.0 35468.0 314.0 457.0 35969.0 35926.0 35929.0 35754.0 35563.0 35591.0 35524.0 35440.0 35428.0 35519.0 35523.0 35444.0 35345.0 35353.0 35365.0 35334.0 35300.0 35353.0 35394.0 35362.0 35345.0 35351.0 35342.0 35316.0 35307.0 35331.0
35394.0 35380.0 35382.0 35388.0 35395.0 35375.0 35347.0 35335.0 35321.0 35322.0 35303.0 35284.0 35332.0 35356.0 35381.0 35397.0 35430.0 35459.0 35440.0 35346.0 35352.0 35349.0 35361.0 35382.0 35360.0 35271.0 35289.0 35408.0 35761.0 35687.0 35906.0 35847.0 35594.0 35557.0 35699.0 35545.0 35579.0 35524.0 35508.0 35475.0 35429.0 35413.0 35401.0 35370.0 35398.0 35421.0 35405.0 35371.0 35366.0 35345.0 35315.0 35308.0 35322.0 35321.0
35321.0 35304.0 35311.0 35340.0 35344.0 35301.0 35241.0 35257.0 35292.0 35297.0 35302.0 35308.0 35304.0 35327.0 35315.0 35273.0 35287.0 35318.0 35292.0 35278.0 35307.0 35336.0 35351.0 35881.0 379.0 251.0 322.0 308.0 123.0 35781.0 35412.0 35214.0 35006.0 35029.0 35116.0 35286.0 35305.0 35310.0 35297.0 35324.0 35349.0 35323.0 35295.0 35297.0 35341.0 35344.0 35351.0 35355.0 35371.0 35380.0 35346.0 35343.0 35326.0 35338.0
35372.0 35374.0 35401.0 35423.0 35418.0 35387.0 35387.0 35385.0 35378.0 35380.0 35369.0 35363.0 35367.0 35453.0 35991.0 587.0 149.0 35699.0 35487.0 35448.0 35472.0 35482.0 35125.0 35004.0 35006.0 35010.0 35073.0 35146.0 35201.0 35231.0 35206.0 35257.0 35315.0 35332.0 35319.0 35322.0 35289.0 35282.0 35304.0 35313.0 35320.0 35332.0 35347.0 35362.0 35365.0 35327.0 35330.0 35326.0 35312.0 35277.0 35263.0 35267.0 35267.0 35259.0
35282.0 35272.0 35266.0 35247.0 35250.0 35260.0 35243.0 35268.0 35267.0 35253.0 35259.0 35276.0 35280.0 35290.0 35287.0 35291.0 35303.0 35311.0 35319.0 35342.0 35356.0 35366.0 35906.0 1050.0 1839.0 1913.0 1711.0 1609.0 1506.0 1123.0 825.0 294.0 109.0 156.0 184.0 225.0 261.0 176.0 197.0 284.0 241.0 210.0 230.0 224.0 181.0 159.0 127.0 122.0 162.0 199.0 197.0 198.0 210.0 215.0
231.0 241.0 254.0 240.0 241.0 250.0 264.0 252.0 221.0 226.0 235.0 248.0 263.0 284.0 281.0 291.0 272.0 272.0 108.0 35879.0 59.0 222.0 35826.0 35699.0 35924.0 91.0 118.0 146.0 202.0 242.0 269.0 237.0 231.0 255.0 252.0 282.0 280.0 251.0 255.0 256.0 260.0 228.0 203.0 224.0 229.0 235.0 289.0 310.0 313.0 317.0 317.0 337.0 347.0 381.0
309.0 291.0 264.0 267.0 263.0 257.0 284.0 277.0 246.0 261.0 263.0 258.0 274.0 297.0 286.0 293.0 288.0 275.0 250.0 245.0 237.0 240.0 266.0 319.0 400.0 456.0 870.0 573.0 533.0 536.0 435.0 374.0 264.0 250.0 194.0 183.0 211.0 266.0 241.0 250.0 271.0 290.0 292.0 263.0 272.0 252.0 234.0 268.0 262.0 243.0 256.0 220.0 220.0 244.0
188.0 219.0 208.0 205.0 191.0 187.0 194.0 206.0 222.0 216.0 222.0 322.0 1436.0 5361.0 8631.0 10497.0 11229.0 10393.0 9963.0 9590.0 9528.0 9457.0 9598.0 9587.0 9633.0 9598.0 9497.0 9464.0 9370.0 9435.0 9544.0 9488.0 8654.0 7883.0 6891.0 6162.0 5022.0 3945.0 2723.0 1818.0 740.0 35764.0 35121.0 35396.0 35456.0 35434.0 35463.0 35468.0 35496.0 35515.0 35505.0 35516.0 35507.0 35495.0
35491.0 35476.0 35464.0 35445.0 35424.0 35429.0 35478.0 35485.0 35474.0 35462.0 35455.0 35435.0 35442.0 35395.0 35363.0 35549.0 35714.0 35450.0 35400.0 35509.0 35482.0 35404.0 35345.0 35340.0 35354.0 35332.0 35313.0 35299.0 35394.0 35426.0 35422.0 35433.0 35437.0 35425.0 35387.0 35417.0 35428.0 35435.0 35413.0 35430.0 35434.0 35465.0 35507.0 35419.0 35379.0 35388.0 35387.0 35378.0 35410.0 35449.0 35443.0 35393.0 35417.0 35452.0
55.0 81.0 62.0 78.0 101.0 108.0 85.0 75.0 75.0 57.0 43.0 26.0 35992.0 35989.0 35996.0 35998.0 27.0 12.0 23.0 43.0 21.0 4.0 38.0 399.0 1073.0 1079.0 668.0 267.0 107.0 37.0 35973.0 35944.0 35959.0 35936.0 35955.0 35957.0 35927.0 35934.0 35941.0 35980.0 0.0 10.0 35994.0 63.0 77.0 48.0 77.0 71.0 45.0 42.0 25.0 1.0 35986.0 42.0
151.0 138.0 158.0 167.0 91.0 7.0 20.0 45.0 64.0 55.0 79.0 84.0 89.0 78.0 27.0 37.0 603.0 1489.0 830.0 351.0 212.0 190.0 171.0 166.0 116.0 19.0 46.0 99.0 29.0 55.0 79.0 47.0 60.0 67.0 55.0 57.0 36.0 6.0 35999.0 11.0 31.0 43.0 56.0 102.0 81.0 69.0 89.0 57.0 45.0 35996.0 35975.0 35976.0 35983.0 35987.0
35994.0 7.0 35998.0 0.0 35986.0 35974.0 35979.0 35975.0 35994.0 35989.0 35984.0 35999.0 0.0 35992.0 35996.0 35994.0 35993.0 35982.0 35996.0 0.0 35996.0 2.0 12.0 19.0 5.0 4.0 5.0 8.0 12.0 48.0 1503.0 3721.0 3965.0 3301.0 2934.0 2652.0 2392.0 2433.0 2547.0 2403.0 2309.0 2265.0 2213.0 2209.0 2249.0 2224.0 2152.0 2085.0 2096.0 2090.0 2067.0 2056.0 1959.0 1195.0
18958.0 18922.0 19204.0 19141.0 19279.0 19176.0 19007.0 18968.0 18928.0 18972.0 18954.0 18977.0 18923.0 18884.0 18896.0 19455.0 19345.0 19025.0 18890.0 18849.0 18805.0 18768.0 18718.0 18723.0 18709.0 18702.0 18682.0 18677.0 18686.0 18696.0 18709.0 18731.0 18750.0 18748.0 18773.0 18799.0 18848.0 18914.0 18954.0 19004.0 19013.0 18994.0 19000.0 19032.0 19053.0 19039.0 18993.0 18965.0 18980.0 18979.0 18939.0 18937.0 18957.0 18861.0
18914.0 18954.0 19004.0 19013.0 18994.0 19000.0 19032.0 19053.0 19039.0 18993.0 18965.0 18980.0 18979.0 18939.0 18937.0 18957.0 18861.0 18577.0 18164.0 17551.0 17457.0 18032.0 18465.0 18768.0 18882.0 18915.0 18935.0 18941.0 18938.0 18937.0 18947.0 18959.0 18971.0 18976.0 18980.0 18987.0 18993.0 18992.0 18986.0 18981.0 18997.0 18996.0 18985.0 18988.0 19002.0 18991.0 18975.0 18976.0 18969.0 18956.0 18963.0 18970.0 18995.0 19022.0
19627.0 19627.0 19650.0 19655.0 19669.0 19675.0 19690.0 19720.0 19733.0 19724.0 19739.0 19739.0 19738.0 19734.0 19684.0 19701.0 19588.0 19685.0 19350.0 19020.0 18900.0 18846.0 18877.0 19057.0 19427.0 19707.0 19798.0 19782.0 19764.0 19738.0 19687.0 19702.0 19760.0 19763.0 19691.0 19683.0 19655.0 19635.0 19640.0 19650.0 19661.0 19682.0 19702.0 19705.0 19708.0 19710.0 19706.0 19690.0 19709.0 19723.0 19725.0 19730.0 19730.0 19725.0
19727.0 19721.0 19717.0 19717.0 19723.0 19730.0 19726.0 19710.0 19694.0 19704.0 19719.0 19727.0 19730.0 19731.0 19742.0 19794.0 20347.0 20353.0 20084.0 20115.0 19978.0 19885.0 19687.0 19508.0 19431.0 19355.0 19314.0 19395.0 19435.0 19488.0 19561.0 19584.0 19619.0 19615.0 19634.0 19660.0 19688.0 19661.0 19621.0 19623.0 19633.0 19650.0 19682.0 19723.0 19696.0 19705.0 19701.0 19708.0 19666.0 19661.0 19650.0 19632.0 19660.0 19699.0
19708.0 19704.0 19700.0 19684.0 19680.0 19705.0 19706.0 19686.0 19675.0 19656.0 19649.0 19680.0 19699.0 19706.0 19697.0 19683.0 19671.0 19655.0 19111.0 17632.0 15985.0 14696.0 13506.0 12563.0 11938.0 11911.0 12220.0 12719.0 13062.0 13221.0 13395.0 13402.0 13435.0 13514.0 13504.0 13495.0 13528.0 13550.0 13567.0 13568.0 13533.0 13523.0 13545.0 13597.0 13636.0 14003.0 14610.0 15260.0 15780.0 16501.0 16996.0 17658.0 17677.0 17561.0
18727.0 18773.0 18763.0 18749.0 18727.0 18699.0 18694.0 18708.0 18708.0 18736.0 18717.0 18725.0 18748.0 18726.0 18702.0 18698.0 18730.0 18754.0 18770.0 18714.0 18568.0 18474.0 18207.0 18519.0 18667.0 18660.0 18660.0 18719.0 18704.0 18699.0 18746.0 18749.0 18744.0 18750.0 18747.0 18768.0 18749.0 18750.0 18759.0 18774.0 18786.0 18765.0 18720.0 18714.0 18725.0 18725.0 18662.0 18644.0 18734.0 18753.0 18787.0 18817.0 18751.0 18691.0
18170.0 18157.0 18157.0 18172.0 18181.0 18183.0 18187.0 18192.0 18191.0 18199.0 18191.0 18189.0 18193.0 18182.0 18185.0 18197.0 18203.0 18195.0 18198.0 18200.0 18384.0 18374.0 18256.0 18390.0 18473.0 18196.0 17944.0 17823.0 17932.0 17952.0 17993.0 18023.0 18030.0 18149.0 18199.0 18192.0 18207.0 18203.0 18215.0 18215.0 18211.0 18213.0 18207.0 18176.0 18191.0 18168.0 18146.0 18144.0 18144.0 18166.0 18189.0 18214.0 18233.0 18295.0
18166.0 18173.0 18159.0 18165.0 18170.0 18158.0 18168.0 18181.0 18178.0 18193.0 18183.0 18176.0 18167.0 18180.0 18199.0 18375.0 18518.0 18370.0 18201.0 18105.0 18105.0 17987.0 17834.0 17768.0 17865.0 17943.0 18086.0 17975.0 17860.0 17930.0 17984.0 18047.0 18043.0 18084.0 18102.0 18160.0 18281.0 18283.0 18233.0 18236.0 18205.0 18154.0 18115.0 18110.0 18127.0 18139.0 18143.0 18152.0 18154.0 18152.0 18156.0 18155.0 18169.0 18175.0
18201.0 18205.0 18200.0 18186.0 18168.0 18131.0 18117.0 18137.0 18187.0 18214.0 18224.0 18222.0 18249.0 18266.0 18256.0 18107.0 16947.0 15351.0 13827.0 13698.0 14541.0 15007.0 15141.0 15208.0 15269.0 15287.0 15263.0 15284.0 15270.0 15286.0 15319.0 15326.0 15335.0 15347.0 15335.0 15315.0 15332.0 15339.0 15298.0 15303.0 15313.0 15323.0 15285.0 15265.0 15280.0 15264.0 15356.0 15470.0 15994.0 16551.0 16981.0 17681.0 18179.0 18686.0
18434.0 18447.0 18464.0 18442.0 18418.0 18438.0 18469.0 18508.0 18555.0 18578.0 18530.0 18485.0 18512.0 18568.0 18538.0 18493.0 18525.0 18517.0 18516.0 18459.0 17580.0 16697.0 16197.0 16300.0 16954.0 17606.0 17746.0 17801.0 17830.0 17874.0 17915.0 17945.0 17957.0 17963.0 17983.0 17984.0 17980.0 17968.0 17963.0 17961.0 17959.0 17994.0 17988.0 17971.0 17977.0 17978.0 17948.0 17926.0 17927.0 17928.0 17918.0 17881.0 17866.0 17875.0
17897.0 17876.0 17838.0 17817.0 17840.0 17863.0 17857.0 17869.0 17866.0 17855.0 17852.0 17797.0 17781.0 17850.0 17852.0 17837.0 17795.0 17117.0 16528.0 15918.0 15983.0 16731.0 17097.0 17400.0 17413.0 17412.0 17395.0 17365.0 17354.0 17423.0 17475.0 17482.0 17471.0 17469.0 17457.0 17474.0 17493.0 17457.0 17456.0 17466.0 17459.0 17466.0 17502.0 17526.0 17499.0 17472.0 17455.0 17431.0 17592.0 18015.0 18416.0 18768.0 18584.0 18562.0
18604.0 18577.0 18560.0 18556.0 18558.0 18560.0 18561.0 18584.0 18589.0 18600.0 18591.0 18561.0 18547.0 18561.0 18565.0 18561.0 18575.0 18569.0 18535.0 18471.0 18003.0 17779.0 17493.0 16811.0 16251.0 16267.0 16734.0 17042.0 17364.0 17479.0 17517.0 17588.0 17660.0 17712.0 17705.0 17708.0 17701.0 17711.0 17731.0 17741.0 17747.0 17716.0 17694.0 17725.0 17755.0 17758.0 17742.0 17692.0 17664.0 17696.0 17713.0 17718.0 17737.0 17709.0
17592.0 17587.0 17702.0 17738.0 17705.0 17701.0 17737.0 17699.0 17704.0 17636.0 17572.0 17484.0 17326.0 17534.0 17643.0 17558.0 17492.0 16828.0 16025.0 15488.0 15136.0 15362.0 15903.0 16290.0 16512.0 16543.0 16565.0 16659.0 16663.0 16671.0 16686.0 16704.0 16705.0 16715.0 16721.0 16702.0 16704.0 16705.0 16656.0 16628.0 16628.0 16662.0 16668.0 16663.0 16692.0 16725.0 16737.0 16722.0 16728.0 16728.0 16722.0 16696.0 16671.0 16670.0
26906.0 26897.0 26930.0 26989.0 26967.0 26949.0 26967.0 26979.0 26977.0 26965.0 26936.0 26926.0 26949.0 26939.0 26929.0 26942.0 26931.0 26908.0 26894.0 26892.0 26726.0 25900.0 25539.0 25738.0 26372.0 26841.0 26897.0 26944.0 26916.0 26947.0 26920.0 26918.0 26940.0 26961.0 26958.0 26959.0 26940.0 26896.0 26861.0 26852.0 26863.0 26882.0 26913.0 26956.0 26918.0 26933.0 26925.0 26918.0 26901.0 26880.0 26853.0 26849.0 26823.0 26846.0
26889.0 26931.0 26979.0 27001.0 26981.0 26973.0 26994.0 26876.0 26803.0 26879.0 26864.0 26854.0 26895.0 26898.0 26854.0 26856.0 26893.0 26909.0 26906.0 26899.0 26919.0 26893.0 26852.0 26819.0 26185.0 25706.0 25844.0 26540.0 26846.0 26905.0 26863.0 26865.0 26894.0 26810.0 26844.0 26881.0 26911.0 26919.0 26891.0 26872.0 26855.0 26854.0 26860.0 26852.0 26853.0 26849.0 26846.0 26851.0 26855.0 26851.0 26883.0 26904.0 26883.0 26881.0
26847.0 26860.0 26875.0 26877.0 26879.0 26875.0 26878.0 26889.0 26891.0 26903.0 26910.0 26913.0 26904.0 26918.0 26924.0 26928.0 26932.0 26937.0 26938.0 26942.0 26925.0 26913.0 26907.0 26904.0 26920.0 26932.0 26909.0 26909.0 26977.0 26570.0 25385.0 24619.0 24005.0 23301.0 22963.0 23021.0 23587.0 23994.0 24142.0 24309.0 24497.0 24572.0 24553.0 24546.0 24580.0 24600.0 24624.0 24646.0 24649.0 24642.0 24628.0 24575.0 24532.0 24516.0
27613.0 27607.0 27607.0 27603.0 27605.0 27614.0 27618.0 27619.0 27630.0 27623.0 27623.0 27621.0 27607.0 27615.0 27619.0 27610.0 27618.0 27560.0 27391.0 26866.0 26477.0 26587.0 26845.0 27122.0 27265.0 27275.0 27438.0 27590.0 27505.0 27400.0 27534.0 27585.0 27618.0 27636.0 27620.0 27605.0 27612.0 27625.0 27589.0 27571.0 27553.0 27550.0 27611.0 27635.0 27656.0 27659.0 27655.0 27656.0 27666.0 27652.0 27643.0 27646.0 27650.0 27643.0
27616.0 27587.0 27573.0 27574.0 27560.0 27580.0 27629.0 27661.0 27676.0 27661.0 27690.0 27733.0 27741.0 27744.0 27708.0 27690.0 27653.0 27648.0 27648.0 27639.0 27639.0 27627.0 27638.0 27655.0 27662.0 27669.0 27080.0 25074.0 22778.0 20130.0 18657.0 18723.0 19415.0 19916.0 20106.0 20146.0 20140.0 20233.0 20265.0 20217.0 20174.0 20247.0 20287.0 20313.0 20310.0 20308.0 20303.0 20301.0 20293.0 20289.0 20283.0 20279.0 20296.0 20302.0
27790.0 27827.0 27850.0 27815.0 27800.0 27808.0 27821.0 27801.0 27799.0 27816.0 27824.0 27825.0 27793.0 27762.0 27795.0 27801.0 27774.0 27754.0 27766.0 27829.0 27848.0 27829.0 27842.0 27859.0 27834.0 27918.0 27852.0 27947.0 28053.0 27936.0 27858.0 27787.0 27787.0 27765.0 27690.0 27750.0 27838.0 27863.0 27864.0 27852.0 27846.0 27843.0 27823.0 27797.0 27813.0 27810.0 27762.0 27720.0 27719.0 27755.0 27758.0 27747.0 27733.0 27742.0
27789.0 27744.0 27730.0 27718.0 27690.0 27695.0 27667.0 27650.0 27652.0 27656.0 27650.0 27671.0 27680.0 27695.0 27697.0 27705.0 27714.0 27731.0 27724.0 27718.0 27705.0 27706.0 27727.0 27747.0 27751.0 27715.0 27673.0 27692.0 27675.0 27271.0 27375.0 27832.0 27783.0 27695.0 27762.0 27773.0 27760.0 27778.0 27796.0 27794.0 27769.0 27768.0 27766.0 27777.0 27791.0 27785.0 27785.0 27805.0 27799.0 27796.0 27779.0 27775.0 27761.0 27746.0
27771.0 27761.0 27762.0 27752.0 27741.0 27745.0 27760.0 27744.0 27747.0 27745.0 27778.0 27818.0 27841.0 27823.0 27819.0 27813.0 27792.0 27784.0 27791.0 27804.0 27764.0 27733.0 27756.0 27880.0 27547.0 27756.0 28028.0 27676.0 27638.0 27751.0 27821.0 27903.0 27878.0 27872.0 27906.0 27900.0 27856.0 27848.0 27835.0 27837.0 27829.0 27822.0 27824.0 27808.0 27834.0 27835.0 27838.0 27817.0 27799.0 27791.0 27788.0 27800.0 27816.0 27798.0
25154.0 25152.0 25157.0 25189.0 25182.0 25197.0 25191.0 25199.0 25203.0 25202.0 25209.0 25449.0 25777.0 25991.0 25823.0 25414.0 25292.0 25326.0 25340.0 25328.0 25296.0 25248.0 25249.0 25224.0 25213.0 25200.0 25198.0 25177.0 25184.0 25152.0 25119.0 25073.0 25059.0 25058.0 25048.0 25037.0 25035.0 25034.0 25050.0 25061.0 25064.0 25070.0 25060.0 25066.0 25065.0 25058.0 25050.0 25040.0 25054.0 25061.0 25061.0 25076.0 25076.0 25077.0
25188.0 25205.0 25224.0 25232.0 25209.0 25173.0 25164.0 25158.0 25194.0 25196.0 25189.0 25182.0 25181.0 25188.0 25334.0 25407.0 25382.0 25200.0 25202.0 25085.0 25115.0 25079.0 25075.0 25043.0 25059.0 25060.0 25084.0 25099.0 25111.0 25121.0 25126.0 25118.0 25138.0 25152.0 25164.0 25156.0 25159.0 25151.0 25156.0 25158.0 25162.0 25155.0 25155.0 25151.0 25145.0 25145.0 25140.0 25137.0 25136.0 25133.0 25129.0 25125.0 25112.0 25116.0
25239.0 25210.0 25205.0 25205.0 25196.0 25186.0 25195.0 25214.0 25213.0 25212.0 25212.0 25244.0 25489.0 25307.0 25385.0 25331.0 25297.0 25278.0 25233.0 25211.0 25223.0 25237.0 25227.0 25242.0 25231.0 25224.0 25221.0 25220.0 25211.0 25185.0 25174.0 25171.0 25145.0 25153.0 25148.0 25142.0 25149.0 25144.0 25147.0 25142.0 25160.0 25168.0 25174.0 25182.0 25203.0 25200.0 25194.0 25174.0 25177.0 25185.0 25182.0 25189.0 25184.0 25179.0
25201.0 25193.0 25187.0 25191.0 25164.0 25172.0 25170.0 25170.0 25172.0 25180.0 25182.0 25179.0 25187.0 25198.0 25319.0 25305.0 25256.0 25383.0 25487.0 25414.0 25400.0 25347.0 25277.0 25187.0 25164.0 25179.0 25184.0 25184.0 25204.0 25193.0 25206.0 25199.0 25202.0 25184.0 25184.0 25192.0 25186.0 25183.0 25184.0 25184.0 25181.0 25181.0 25162.0 25134.0 25126.0 25110.0 25104.0 25091.0 25086.0 25083.0 25083.0 25078.0 25094.0 25128.0
25153.0 25155.0 25165.0 25162.0 25168.0 25153.0 25142.0 25143.0 25133.0 25127.0 25127.0 25121.0 25124.0 25197.0 25166.0 25342.0 25370.0 25219.0 25281.0 25250.0 25231.0 25257.0 25290.0 25307.0 25287.0 25240.0 25245.0 25227.0 25250.0 25244.0 25237.0 25229.0 25214.0 25207.0 25196.0 25173.0 25172.0 25170.0 25173.0 25175.0 25164.0 25157.0 25158.0 25152.0 25150.0 25153.0 25146.0 25148.0 25143.0 25165.0 25169.0 25161.0 25169.0 25174.0
