-0.004753897 -0.01769687 0.01423435 0.03834508 0.05024088 0.06095564 0.03837611 -0.02915668 -0.06080579 -0.08159684 -0.07292798 -0.09746117 -0.0674232 -0.0318896 -0.00843406 -0.0478679 -0.07936806 -0.1066032 -0.1386782 -0.1504547 -0.1160351 -0.03936112 0.000677176 0.01375802 -0.01453185 -0.05097282 -0.03299127 0.01221204 0.02899895 0.02981196 0.02613726 0.03719229 0.002248792 -0.01858143 -0.03777627 -0.04381811 -0.04452561 -0.06407274 -0.1127924 -0.143517 -0.1437953 -0.08909575 -0.06792419 -0.0371162 -0.0228512 -0.0240019 -0.02793554 -0.04245235
-0.07092892 -0.1028875 -0.1363364 -0.1486802 -0.1393505 -0.1222239 -0.0947469 -0.07402919 -0.0427844 -0.05896435 -0.07847039 -0.06016552 -0.006633274 0.003568204 0.008459336 0.000692866 -0.0102235 -0.02210578 -0.0295933 -0.0425198 -0.05775312 -0.06847666 -0.06825673 -0.08396212 -0.08593697 -0.07819942 -0.07109752 -0.07099525 -0.05939219 -0.06590176 -0.06888736 -0.05634779 -0.03829967 -0.04590106 -0.05791964 -0.07598279 -0.06602962 -0.0601883 -0.06478884 -0.06097861 -0.06143628 -0.05648021 -0.05770795 -0.0492123 -0.04247954 -0.03855601 -0.04842232 -0.06295926
-0.04842232 -0.06295926 -0.0791574 -0.07800955 -0.07023571 -0.04216389 -0.03138468 -0.01724997 -0.02673611 -0.01612593 -0.01374775 -0.02179514 -0.0322591 -0.01486319 -0.01357981 -0.01948737 -0.03748219 -0.06620453 -0.05951332 -0.04847626 -0.04483525 -0.0402655 -0.03854716 -0.03999712 -0.03945712 -0.04009581 -0.0382748 -0.03488793 -0.0402025 -0.0406856 -0.03985811 -0.04288089 -0.03842139 -0.02997313 -0.02313876 -0.02484189 -0.02831918 -0.03248333 -0.03402004 -0.04001434 -0.03620675 -0.02773234 -0.02973684 -0.03413076 -0.03649422 -0.03979402 -0.03310538 -0.03780665
-0.006676348 -0.0131447 -0.007885833 -0.01646769 -0.01409537 -0.01151015 -0.008367975 -0.005818975 -0.01001823 -0.006840016 -0.0102835 -0.01387327 -0.01503244 -0.01250979 -0.005499801 0.001730107 0.007560901 0.005369763 0.01070655 0.01279213 0.0088273 0.0134443 0.04002055 0.03705659 0.03475641 0.02351394 0.008445292 -0.009480298 -0.01278521 -0.000254765 0.009072746 0.02388836 0.03731879 0.00830947 0.001051646 0.00228393 0.004988583 -0.02017581 -0.05228791 -0.07091785 -0.07278043 -0.03570382 -0.01192125 0.00350451 0.000313123 -0.00243571 -0.003001912 0.006079038
0.01050947 0.006400553 0.008691028 0.02155787 0.02569659 0.03109427 0.02865436 0.01667414 -0.01708861 -0.02655751 -0.02560338 0.004895004 0.02163855 0.01592588 0.01025663 0.0113808 0.008430714 -0.00667277 -0.01653107 -0.01535724 -0.01791548 -0.02110169 -0.009058024 0.000749502 -0.002015737 -0.000922349 -0.001356102 -0.006770718 -0.01316367 -0.008698439 -0.01095159 -0.0135846 -0.001330827 0.000931059 0.000346138 -0.01322349 -0.01632193 -0.02778066 -0.02589701 -0.01963898 -0.005583405 -0.02050309 -0.02002818 -0.01975754 -0.008456871 -0.01215443 0.001097629 0.01459946
0.03484518 0.03704159 0.04017927 0.03403946 0.01396769 0.01519588 0.01701763 -0.001106872 -0.01748236 -0.02502127 -0.01671087 -0.0131375 -0.005143727 0.01134262 0.02421542 0.02468253 0.01344638 0.006390789 0.003146736 0.01151612 0.0130301 0.01552842 0.006369355 0.004081164 -0.000522845 -0.004291595 -0.003259327 0.001384599 0.003953466 0.007432858 0.009103555 0.007049729 0.003570451 0.001313872 -0.006628826 0.000606466 0.008181647 0.000245818 -0.011401 -0.01484941 0.003969151 0.01650466 0.009942073 -0.005354623 -0.006336451 0.001741818 0.007964144 0.0175443
-0.07178421 -0.09244922 -0.07888836 -0.07994722 -0.09592555 -0.07857144 -0.05681873 -0.02788735 -0.006059064 0.01350745 0.0001800475 -0.01486077 -0.05956862 -0.05561084 -0.03939432 -0.03833444 -0.0436733 -0.08065788 -0.1065748 -0.1025993 -0.07988109 -0.0711078 -0.02845398 -0.00279233 0.0089123 0.02994503 -0.04745321 -0.1022314 -0.1489403 -0.1824631 -0.1555621 -0.1568174 -0.1395509 -0.136191 -0.1223872 -0.1125043 -0.1183513 -0.1171466 -0.08046486 -0.06692074 -0.07228365 -0.05439283 0.01801346 -0.02706299 -0.05341695 -0.06392397 -0.07406785 -0.07475509
-0.006263912 0.001498311 0.008223172 0.001313302 -0.00081106 -0.008935233 -0.01379639 -0.001417097 -0.01135686 -0.008735909 -0.02711937 -0.03455662 -0.02107001 0.005175683 0.01840848 0.008715371 0.01410607 0.008960336 -0.01726666 -0.004663982 -0.02622119 -0.05675453 -0.06304851 0.002696916 0.01476707 0.04317229 0.02121616 -0.003450733 0.02496244 0.04774792 0.01724996 -0.02965679 -0.02598994 -0.02693404 0.005206732 0.03997167 0.002854615 -0.04238748 -0.07040851 -0.07993611 -0.07303177 0.007249796 0.04041784 0.04284828 0.002711342 -0.04886295 -0.06857813 -0.106146
0.002124995 -0.001612635 -0.006440222 -0.01742745 -0.02122661 -0.02453099 -0.0143774 -0.02359967 -0.02206099 -0.03208721 -0.02969544 -0.02445976 -0.02491661 -0.02257588 -0.02201251 -0.02162756 -0.0121752 -0.009708467 0.0004360005 -0.003129733 -0.006694261 -0.02683385 -0.01801419 -0.008469836 -0.008590059 -0.01441923 -0.02953348 -0.02971276 -0.03642035 -0.03888989 -0.04354139 -0.02195186 -0.02219377 -0.02218412 -0.02298995 -0.03018497 -0.02995226 -0.02069388 -0.02455021 -0.02710087 -0.02422011 -0.02985583 -0.02846373 -0.03412377 -0.0324714 -0.02653277 -0.002318831 -0.01981012
-0.01587571 -0.03209607 -0.03985725 -0.02145631 -0.01762534 -0.01933941 -0.01948764 -0.02549817 -0.03939113 -0.0366778 -0.02672147 -0.02161771 -0.01815797 -0.01407673 -0.01300256 -0.01296581 -0.01201777 -0.01862895 -0.01643448 -0.01159666 -0.007995712 -0.003043246 -0.006772338 -0.01196124 -0.01128134 -0.01152165 -0.01194181 -0.01897485 -0.02599703 -0.02862567 -0.01425126 -0.005455245 -0.001522519 -0.0004541028 -0.002978025 0.001118117 0.001762189 0.002150768 0.00132046 -0.003828277 -0.006809868 -0.009240991 -0.01720282 -0.02242942 -0.02160396 -0.0218018 -0.01492128 -0.01153658
-0.03856569 -0.04978531 -0.06015982 -0.06241827 -0.0688717 -0.06286152 -0.04019617 -0.03766683 -0.0273585 -0.01678482 -0.02607149 -0.03169771 -0.03617381 -0.04057059 -0.03472926 -0.02323781 -0.02204781 -0.01148899 -0.001035627 -0.00849728 -0.03699915 -0.04005796 -0.03986633 -0.03037041 -0.01365004 -0.01674084 -0.01376853 -0.02096175 -0.01665985 -0.01460518 -0.01464954 -0.01245157 -0.009987519 -0.01130776 -0.01980393 -0.01736786 -0.009381833 -0.007981725 -0.01728176 -0.02058443 -0.02428275 -0.02950343 -0.02048949 -0.01682298 -0.02167952 -0.02130649 -0.0246101 -0.0264332
-0.02593572 -0.03212319 -0.02909926 -0.03056774 -0.0345924 -0.0283161 -0.03466109 -0.04017274 -0.04471854 -0.03895046 -0.03003359 -0.03526643 -0.03957917 -0.04063522 -0.02453152 -0.02582712 -0.01935923 -0.01497601 -0.01748757 -0.03556769 -0.03793897 -0.02820356 -0.02180329 -0.02061476 -0.0219428 -0.01819522 -0.01869736 -0.01789804 -0.01345356 -0.006245897 -0.01199038 -0.008242284 -0.009057246 -0.008560612 -0.01559359 -0.01573296 -0.01675611 -0.01428956 -0.01297962 -0.01877172 -0.01577554 -0.01145195 -0.009914915 -0.007898075 -0.0002182168 -0.001042468 -0.00832002 -0.009776597
0.01496811 0.02209158 0.01611853 -0.001835956 -0.008612152 -0.0167675 -0.02723288 -0.02589416 -0.02943249 -0.02828399 -0.02854586 -0.02588179 -0.01743149 -0.005290151 -0.008949225 -0.002209975 0.003865602 0.002299007 -0.005053268 -0.003173622 -0.005564836 -0.001685201 0.001789811 0.005244256 0.007545432 -0.0007623286 -0.0001205658 0.001442281 -0.0008604972 -0.003683944 0.003908382 0.007248712 0.002556823 0.003146653 0.003134254 -0.01111628 -0.02122612 -0.0248549 -0.0267069 -0.01162021 -0.01055548 -0.02079762 -0.01733974 -0.02431721 -0.007495817 -0.00904679 -0.01039636 -0.0109794
-0.0001362177 -0.009073865 -0.0050586 -0.006205964 -0.004767299 -0.006518189 -0.001811646 -0.004183008 -0.007425212 -0.01142342 -0.01037334 -0.01766001 -0.01738451 -0.01509418 -0.01599583 2.916687e-05 0.003741409 0.001079108 0.008625993 0.01795197 0.2229926 0.3936238 0.1856522 -0.05364358 -0.197511 -0.2635555 -0.2448319 -0.07984699 0.02636209 0.02997424 0.007006105 -0.00240176 -0.005993292 -0.01159542 0.00143216 -0.006183545 -0.002914766 -0.006679059 0.0005704215 0.0001220417 0.0008955835 -0.005481005 -0.009083767 -0.008784473 -0.002229803 0.0108477 0.01489345 0.02126317
0.01470018 0.003364231 0.002587016 -0.004760719 0.001150529 -0.001296825 -0.003236923 -0.001007874 0.005006943 0.01496531 0.01391512 0.01231351 0.0004422601 -0.002346298 -0.007071115 -0.009224074 -0.01257112 -0.0102532 -0.0001653739 -0.006203739 -0.01317578 -0.01707855 -0.02019354 -0.01545962 0.009803873 0.5404881 0.4844308 -0.04183823 -0.3056427 -0.4244617 -0.4186922 -0.3075607 -0.1343323 0.0004810778 0.0811395 0.09689929 0.08072029 0.04775028 0.02387797 0.007212676 0.0001984021 -0.006072675 -0.009901544 -2.280765e-05 0.01019121 0.01214447 0.01833817 0.007832528
0.03358196 0.02761936 0.02064203 0.01766309 0.01611394 0.008617532 0.01020176 0.01511742 0.01188013 0.01438102 0.03817948 0.3214072 0.4912962 0.3607277 -0.1604659 -0.2617098 -0.1004443 -0.03589608 0.01204436 0.0163419 0.009728169 -0.001836148 -0.02303501 -0.02167666 -0.02226597 -0.03110831 -0.03377623 -0.02415063 -0.02899292 -0.02430398 -0.01590491 -0.01417888 -0.01658451 -0.01466937 -0.01602711 -0.01380789 -0.01492214 -0.01349531 -0.01151349 -0.01984117 -0.02684024 -0.02896557 -0.01917802 -0.01639375 -0.0115998 -0.01736933 -0.01809858 -0.01936894
-0.006811077 -0.00824036 -0.001363785 -0.009534646 -0.001043928 -0.0005328249 -0.006418208 -0.002055516 -0.007682826 -0.00636923 -0.01068457 0.1196424 0.5965264 0.508885 0.2205302 -0.1076642 -0.3907975 -0.4672954 -0.4294566 -0.2664894 -0.04909057 0.01935066 0.06275323 0.08528508 0.09007841 0.07439893 0.03869215 0.008839712 -0.01983451 -0.04321627 -0.05365174 -0.04965487 -0.04451841 -0.03384775 -0.01185243 -0.0002972926 0.00429498 -0.007655764 -0.01022305 -0.00631628 -0.006606518 -0.008325545 -0.004973915 -0.01474853 -0.01607038 -0.0177947 -0.007413434 -0.01544263
-0.005226229 -0.0139412 -0.006213463 -0.003937365 0.0004242198 -0.003625801 0.003954364 -2.885336e-05 -0.0004708898 0.003074689 -0.01148873 0.0008665603 0.01259632 0.4051026 -0.06902531 -0.2303491 -0.2297517 -0.1675186 -0.01474837 0.05501738 0.03027125 0.02491563 0.005065235 -0.01094627 -0.001720421 0.006787583 0.009957598 0.008935617 0.01074847 0.01360684 0.01869686 0.02113103 0.01584504 0.0210967 0.0130941 0.009828355 0.01528046 0.0193309 0.01477628 0.0144192 0.02180015 0.02759344 0.0239108 0.01670828 0.01495474 0.01914806 0.02393078 0.03475827
0.02393078 0.03475827 0.03036445 0.03098128 0.01927691 0.01759604 0.007032145 0.01050768 0.01571334 0.01761269 0.02436993 0.02496073 0.08435241 0.5080616 0.4253955 0.1189622 -0.1693227 -0.2973537 -0.3242336 -0.2619343 -0.1208221 -0.04865862 0.02126076 0.04472158 0.05209592 0.03547329 0.01473732 -0.00106329 -0.0140675 -0.02948767 -0.0307312 -0.02575988 -0.02076573 -0.009126152 -0.01316341 -0.007508782 -0.004195389 -0.01125555 -0.0203982 -0.02570209 -0.02392275 -0.01764655 -0.01171628 -0.01120622 -0.001628388 0.005055905 0.003784302 0.006140136
0.004893937 -2.194805e-05 -0.008017546 -0.003610796 -0.005831711 -0.01031299 -0.008208611 -0.004073559 0.001981658 0.006189069 0.008788339 0.009610819 0.2746528 0.4111279 -0.1914426 -0.3370433 -0.09034564 0.009905081 0.05255027 0.08583836 0.100756 0.08450498 0.04838542 0.0357855 0.01454644 -0.003666945 -0.008942885 -0.003148366 -0.004026437 0.0001592622 0.007686942 0.008352546 0.01196664 0.007167009 0.001568192 4.532295e-05 -0.01726572 -0.01365133 -0.007160585 -0.009930232 -0.003847563 0.0003019438 -0.006928941 0.00287349 0.006988395 0.02358252 0.02112418 0.01951094
0.01339652 0.01301927 0.01407257 0.00638433 0.007925402 0.006757804 0.01249155 0.01946354 0.01897183 0.01731499 0.009907439 0.00898264 0.009991582 0.01462274 0.4031556 0.4214058 0.1799746 -0.1557249 -0.2492588 -0.2526354 -0.2119465 -0.1405922 -0.07159049 0.006849828 0.04565993 0.04452074 0.0321513 0.02161284 0.004610084 0.003272336 -0.001175057 0.00673565 0.001181932 0.001166709 0.0004136032 0.0005378264 0.006905951 0.003318301 0.01540863 0.01521469 0.01503583 0.0156068 0.01923348 0.02812845 0.03053763 0.02474443 0.01629623 0.01728116
-0.1203814 -0.08429454 -0.07627019 -0.1201899 -0.105474 -0.08765496 -0.08670738 -0.08951674 -0.04603504 -0.008373006 -0.01421086 -0.02146769 -0.03022377 -0.06149898 -0.07492957 -0.09534073 0.2943739 0.2682034 -0.125553 -0.2857167 -0.378766 -0.304966 -0.2073458 -0.1229882 -0.06125083 -0.03524767 -0.03229331 -0.05336778 -0.05508768 -0.06137008 -0.05729126 -0.06696983 -0.06889909 -0.06412865 -0.06669372 -0.06144245 -0.05377773 -0.0435776 -0.05086304 -0.04509335 -0.02470655 -0.01065717 -0.0204415 -0.001186462 0.01089589 0.01605815 0.01454435 -0.01309012
0.04035973 0.0616706 0.0733053 0.03465558 0.01805158 0.002953026 0.03438586 0.04947655 0.04141799 0.05195139 0.07087813 0.07258352 0.06128646 0.04311014 0.01156528 0.001288449 0.01151881 0.4604219 0.2946657 -0.01549698 -0.2081397 -0.1935797 -0.102361 -0.0309129 0.02668658 0.06971944 0.05943851 0.03360231 0.03887763 0.03984999 0.02739553 0.03184846 0.0246349 0.0256034 0.03289749 0.01422795 0.005446292 0.01921483 0.03263532 0.03925342 0.04836107 0.04837098 0.04204003 0.03985887 0.03589727 0.03112844 0.02807789 0.02652737
-0.005585422 -0.02683869 -0.01885278 -0.02301747 -0.02371767 0.004278741 0.004294739 -0.001581619 -0.00677066 -0.0116367 -0.01463731 -0.01369776 0.001138748 -0.0005080831 -0.01372297 -0.02037254 -0.01659991 -0.008295536 0.422566 0.3018004 -0.007185139 -0.2092859 -0.2644134 -0.1664463 -0.06877616 -0.007136947 0.01904408 0.03616459 0.04621096 0.03572498 0.02672411 0.01949893 0.0006658963 -0.01814244 -0.02743885 -0.04029251 -0.04747008 -0.0245752 -0.01186514 0.003045195 0.01210586 0.01443609 0.020417 0.03615258 0.03837648 0.02402062 0.02962458 0.02269941
0.01491679 0.01815218 0.001179207 -0.01730315 -0.02526421 -0.01889374 -0.007702947 0.01325608 0.03698562 0.04167833 0.03218321 -0.004671492 -0.01067866 -0.008612176 -0.001249422 0.005307065 0.01230895 0.01204599 0.0282969 0.04173574 0.003452439 -0.007908131 0.02097653 0.03587831 0.03686849 0.03853871 0.03195908 -0.003479021 -0.02960779 -0.03550369 -0.05206433 -0.05203369 -0.04746341 -0.04827083 -0.03049349 -0.06202673 -0.09870027 -0.1435243 -0.1192036 -0.08335016 -0.04125969 0.0008102746 0.02882421 0.04630656 0.03991096 0.01179248 -0.01814536 -0.0381691
0.02607091 0.02859574 0.03018107 0.000968313 -0.01127334 -0.03270499 0.005995164 0.007973349 -0.00667857 -0.0004391728 0.01250349 0.000283641 0.0552552 0.4443792 0.2243905 -0.01031713 -0.1877159 -0.2795963 -0.198497 -0.09852847 -0.05200483 -0.04048961 -0.02127406 -0.02747162 -0.03398194 -0.05516252 -0.06997151 -0.02039051 -0.006719507 -0.005688599 0.0006777558 -0.02527421 -0.03326832 -0.03831543 -0.0453609 0.01657137 -0.04124798 -0.1029207 -0.08497997 -0.03040357 0.01909808 0.02824431 0.01734981 -0.004101472 -0.02601623 -0.02849929 -0.0212592 0.002028462
-0.03863226 -0.09227096 -0.05711301 -0.02697407 -0.01579897 -0.02901959 -0.02735851 -0.02595825 -0.009605478 -0.00644927 0.01114915 0.01094658 0.01979592 -0.0253375 -0.0331625 -0.009984676 -0.02074987 -0.007282618 0.01041854 0.004647114 0.3921841 0.2649935 0.007161257 -0.1988638 -0.2024505 -0.1694676 -0.09900888 -0.03111101 -0.01071158 0.02968072 0.02941437 -0.02194387 -0.05179015 -0.04377302 -0.03449636 -0.03248465 -0.01178113 -0.01461189 -0.01257995 -0.007689802 -0.02639719 -0.0476108 -0.04825211 -0.02423993 -0.02260061 -0.0388959 -0.06898609 -0.0670045
0.001119621 -0.07221855 -0.08836058 -0.0504838 -0.008307923 0.008502048 0.01182223 0.004710346 0.01173087 0.03360825 0.03842768 0.06076355 0.0906233 0.05377815 0.01475496 -0.01126653 -0.01497998 -0.01002359 -0.01876865 -0.009105264 0.4487166 0.4960734 0.278444 -0.08099306 -0.3047544 -0.3106871 -0.2272937 -0.1493586 -0.05499178 0.002066071 0.03012884 0.02005249 0.01168327 0.002314271 -0.02027468 -0.06305854 -0.06637247 -0.06425976 -0.03702607 -0.01059602 0.00404962 -0.008962827 -0.002259677 -0.02443308 -0.02813239 -0.01701966 -0.04827149 -0.05314792
-0.04702726 -0.05449004 -0.0366214 -0.02161474 0.02115769 0.0483757 0.0326988 0.04640371 0.03239992 0.0136842 -0.02430308 -0.01894955 0.02048957 0.2598471 0.1498955 -0.009140156 -0.1390699 -0.1511758 -0.1524056 -0.0900976 -0.007551769 0.04751418 0.02472367 -0.03478375 -0.06461667 -0.06478167 -0.07091041 -0.05377901 -0.03257647 0.01965375 -0.003632398 -0.006858376 -0.01989789 -0.01198342 0.001122583 -0.01468186 -0.02637794 -0.02775737 -0.02507732 -0.03467762 -0.04213142 -0.05296728 -0.08070607 -0.08234562 -0.08808604 -0.09099109 -0.03968546 0.009875074
-0.04902067 -0.08270124 -0.0943961 -0.07940628 -0.004168067 0.049855 0.0560211 0.03470388 0.004824781 -0.05363982 -0.07914197 -0.04548453 -0.03886117 0.04103059 0.03833763 0.01242904 0.271856 0.1515361 -0.04584488 -0.1203312 -0.168067 -0.1377588 -0.05599204 -0.02082583 -0.02683754 0.002330196 0.04831581 0.03462958 -0.008408186 0.005612666 -0.0239028 0.01633422 -0.001455272 0.01502134 0.07247292 0.03640826 -0.01100293 -0.05294641 -0.1428155 -0.1243301 -0.08436749 -0.06289358 -0.01350547 0.02967906 0.02811559 0.04753233 0.01670804 0.002107874
0.01314462 -0.001947546 0.004239562 0.01891099 -0.002712815 -0.07026385 -0.07168349 -0.0568036 -0.02415112 0.02594975 0.05850056 0.0523422 0.04845631 0.02119691 -0.02159876 -0.04363624 -0.03915323 -0.0113965 -0.001353579 0.4153718 0.4160843 0.05571662 -0.1633655 -0.2613826 -0.2349257 -0.1607368 -0.07771675 -0.03817701 0.04520638 0.09049392 0.08686965 0.04314417 -0.02345093 -0.07637097 -0.07712496 -0.08472773 -0.09549794 -0.108661 -0.1033245 -0.09803757 -0.1017904 -0.083117 -0.05146688 -0.02249373 -0.002044825 0.04315895 0.04839544 0.02570827
-0.009694711 -0.008212802 -0.003297185 -0.00310841 -0.008137458 -0.01642413 -0.02213203 -0.01707344 -0.01845728 -0.0234526 -0.01702546 -0.007908422 -0.007094683 -0.00429952 -0.01377909 -0.02011642 -0.002216013 0.1985493 0.06584067 -0.04310089 -0.1086973 -0.1317546 -0.1124336 -0.09479224 -0.07004806 -0.04844043 -0.04115855 -0.03603113 -0.03244838 -0.03275802 -0.02880838 -0.02459681 -0.02569491 -0.02978226 -0.03886918 -0.03766674 -0.03006598 -0.02622594 -0.02794663 -0.02400508 -0.02081154 -0.02420908 -0.02950061 -0.03284997 -0.03311643 -0.02687038 -0.02673626 -0.02962793
0.009194991 0.003538356 0.003489009 0.004124133 0.006118445 0.00332855 -0.0007172158 -0.003850502 -0.001699185 -0.0007935278 0.0002004248 -0.01141547 0.2883824 0.06137718 -0.1142075 -0.207162 -0.1857861 -0.1394095 -0.05372061 -0.02210421 -0.01427066 -0.008909505 -0.01470679 -0.01904642 -0.01589615 -0.009880099 -0.01378599 -0.01600477 -0.01077359 -0.01574031 -0.01267996 -0.008070116 -0.0005603309 0.002515046 -0.008271116 -0.008715029 -0.01041334 -0.006999355 -0.00712537 -0.01417403 -0.01548819 -0.02115217 -0.01637218 -0.009155257 -0.003111109 -0.002125453 -0.005619226 -0.003797773
-0.01635564 -0.02469334 -0.02245602 -0.02233044 -0.01990669 -0.02060345 -0.01509161 -0.0115569 -0.006264663 0.06916205 0.1458174 0.0232714 -0.07881902 -0.101825 -0.09953778 -0.08930985 -0.07172072 -0.05008965 -0.02928538 -0.02151576 -0.01749413 -0.01304181 -0.01273901 -0.01575609 -0.01545032 -0.02136065 -0.01988191 -0.02861233 -0.02478127 -0.02240749 -0.02706415 -0.02281141 -0.02440676 -0.0247258 -0.02353064 -0.02160585 -0.01815344 -0.02054648 -0.01938967 -0.02009232 -0.0199921 -0.01097752 -0.01154199 -0.01293714 -0.01484035 -0.02278406 -0.02048675 -0.01826337
-0.01398858 -0.01392177 -0.01001017 -0.002648285 -0.00424358 -0.01231565 -0.01027281 -0.01734182 -0.02249646 -0.02542112 -0.01831903 -0.01152044 0.1774447 0.3562866 0.1519678 0.00324054 -0.1486034 -0.2046419 -0.1811519 -0.1219841 -0.07078031 -0.04206855 -0.0144446 0.004429894 0.01663432 0.01711322 0.01349392 0.01511149 0.005007487 0.00136765 -0.004432678 -0.008488098 -0.007567781 -0.006171868 -0.00104954 0.003558247 0.00111288 0.0001398925 -0.00242447 0.001413808 0.005848789 0.0127298 0.01520508 0.01139087 0.007044217 0.003053739 -0.003961776 0.0009152918
-0.003739576 0.009365904 0.005463034 0.005006106 -0.001188558 0.0005899292 0.005363808 -0.008982145 -0.01615204 0.2051457 0.1177358 -0.01812406 -0.1075071 -0.1158165 -0.07922533 -0.06365974 -0.03079067 0.00316126 0.005079293 0.007359565 -0.005106073 -0.006923033 -0.0158473 -0.007162234 -0.010541 -0.01626418 -0.02295467 -0.009090401 -0.008242808 -0.00988748 -0.007260972 -0.007095006 -0.01910285 -0.0186426 -0.02970435 -0.02927586 -0.02395462 -0.01908105 -0.01628971 -0.007313281 -0.00265915 0.001047092 -0.001870446 -0.008335542 -0.02085671 -0.02408256 -0.01708515 -0.01192454
-0.02198756 -0.01219219 -0.01615064 -0.01423638 -0.01637908 -0.02178456 -0.02401756 -0.0247859 -0.02413665 -0.02886711 -0.02088953 -0.01218864 0.4076527 0.3081973 0.03149477 -0.168036 -0.2323859 -0.2136909 -0.1693425 -0.08802468 -0.02978537 -0.0004294741 0.01462018 0.02067362 0.01111014 -0.003945575 -0.01472487 -0.02062417 -0.01407378 -0.004932007 -0.00789666 -0.007085498 -0.00333128 0.005581236 0.006402386 0.005428184 0.01480319 0.007823559 -0.0004788274 -0.002904938 -0.004397711 -0.006381086 -0.01065488 -0.004361948 -0.0007147674 -0.001733064 0.0006537394 0.003931891
-0.004198458 -0.02132084 -0.02129152 -0.01974369 -0.0243744 -0.02603517 -0.01984299 -0.009043023 -0.003231274 0.008170083 0.01252576 0.01617401 0.02312561 0.386975 0.2724206 0.08419096 -0.07705574 -0.1801475 -0.1795264 -0.1390515 -0.08915608 -0.03933218 -0.000206122 0.0136603 0.01079841 -0.005246447 -0.01220778 -0.02600258 -0.03532504 -0.03446763 -0.04209001 -0.04403266 -0.04822247 -0.04237446 -0.03893498 -0.03258767 -0.0311865 -0.03763517 -0.03916441 -0.03230836 -0.03290301 -0.03164077 -0.03684792 -0.03252101 -0.03216363 -0.03873069 -0.04133623 -0.04752378
-0.01954688 -0.01096583 -0.01138193 -0.02354397 -0.02110268 -0.01813683 -0.01103656 -0.01257119 -0.01534941 -0.02284133 -0.02374433 -0.02971334 -0.03286551 0.3888212 0.3679332 0.08366277 -0.2619243 -0.2478827 -0.1858375 -0.1218382 -0.08288977 -0.04612264 -0.01803586 0.00290089 0.01280058 0.01193447 0.005517415 -0.01038054 -0.01587571 -0.03209607 -0.03985725 -0.02145631 -0.01762534 -0.01933941 -0.01948764 -0.02549817 -0.03939113 -0.0366778 -0.02672147 -0.02161771 -0.01815797 -0.01407673 -0.01300256 -0.01296581 -0.01201777 -0.01862895 -0.01643448 -0.01159666
-0.004417656 -0.01131708 -0.01510283 -0.02202614 -0.01541384 -0.0180655 -0.01957268 -0.01672262 -0.01400741 0.01330493 0.01274163 -0.3835354 0.160043 0.1083129 0.003546609 -0.03318657 -0.03866129 -0.02512308 0.03742435 0.03818007 0.02845053 0.04460201 0.04529646 0.0313632 0.03162931 0.03897402 0.03739069 0.0368872 0.04131382 0.05848936 0.07048662 0.05832176 0.02999201 0.01229938 0.01375863 0.0113787 0.01041239 0.006019484 0.004196601 0.004712302 0.006322007 0.0115952 0.01694602 0.02451136 0.0303978 0.03485405 0.01829427 0.01100348
0.005963226 -0.003963602 -0.001671635 -0.005037053 0.002731685 0.004964091 0.00472452 0.009372342 0.009525438 0.01014819 0.004801616 -0.0009566896 -0.0158975 -0.01633785 -0.03805802 -0.4121629 -0.5327275 -0.3126771 0.03495776 0.2382646 0.2551041 0.2111469 0.1336749 0.05948102 0.01920645 0.00311427 -0.002229997 -0.02341974 -0.01827151 -0.0218571 -0.03265376 -0.03425175 -0.02214783 -0.0007738695 0.0007489345 -0.001594122 -0.007505246 -0.02299454 -0.02879252 -0.02783586 -0.01809028 0.006842152 0.02209007 0.03112652 0.02759701 0.01468566 0.007185509 -0.007279226
0.05174761 0.04783018 0.04754526 0.05721556 0.06194661 0.06273591 0.06057327 0.0561341 0.04682781 0.03354225 0.02360826 0.01748824 0.02029532 0.008462862 -0.2594337 -0.145017 0.02827893 0.132953 0.03224868 0.01128148 -0.01069887 0.01074956 0.02920682 0.02264794 0.0122109 -0.005263232 -0.006486784 -0.0008119697 -0.0004325626 -0.001133226 -0.003511489 0.002535407 -0.004018174 -0.02232943 -0.03333534 -0.03725962 -0.02891026 -0.02726091 -0.01983051 -0.01046812 -0.01016815 -0.007495373 -0.004211418 -0.009799129 -0.01599284 -0.03345507 -0.04873474 -0.03814747
0.01375441 0.01141589 0.008597885 0.01295561 0.009204805 0.001554485 0.007116121 0.002035689 -0.002915302 -0.009370683 -0.02059788 -0.04078894 -0.0335682 -0.01724505 -0.01358293 -0.1490007 -0.2408508 -0.06098789 0.07249237 0.1372909 0.1225838 0.08330625 0.03244648 -0.006567428 -0.0237422 -0.03087518 -0.03123906 -0.02802815 -0.01441736 -0.00814734 -0.01387288 -0.01405302 -0.01535683 -0.01193329 -0.005943994 -0.001940224 0.01301194 -0.01590519 -0.02594374 -0.02217291 -0.02782972 -0.01117576 -0.0319713 -0.03746632 -0.02800348 -0.02835809 -0.02345752 0.002924595
0.001402863 0.01355938 0.02424479 0.02067592 0.01722949 0.02093813 0.01917466 0.01448494 0.02032807 0.02562587 0.013678 -0.0002494422 -0.001486695 -0.007030494 -0.01854488 -0.1521932 -0.1141979 0.01698676 0.07273529 0.08838554 0.09142864 0.06995735 0.05914253 0.04426056 0.01813265 0.005431266 -0.005318089 -0.03842229 -0.04111646 -0.03546917 -0.01527256 0.0007819209 0.02462809 0.02851084 0.02746906 0.02025698 0.002892778 -0.008263839 -0.0006689219 -0.006087155 -0.007280943 0.02344152 0.01481024 0.004993825 0.00947394 0.01380116 0.01281721 0.01316407
0.0415201 0.01696307 0.01215173 0.009892842 0.009007107 -0.01148927 0.006081623 0.01721325 0.01853665 -0.002386131 -0.001473681 -0.02319348 -0.008458132 -0.05220697 -0.5722887 -0.204448 0.01833528 0.1990211 0.2388089 0.188035 0.1163273 0.05844824 -0.02221485 -0.04559583 -0.03193616 5.969917e-05 0.03557788 0.02689752 -0.003218803 0.008147139 0.009750901 0.03151647 0.02837957 0.0003907203 -0.02195942 -0.02017075 0.002398501 0.01993834 0.01620102 0.01989317 0.00184327 -0.02898756 -0.04330339 -0.044671 -0.04992609 -0.03562302 -0.03687195 -0.04663614
-0.03687195 -0.04663614 -0.03670648 -0.02970408 -0.02338306 -0.03246119 -0.0506186 -0.03552833 -0.09097382 -0.5933055 -0.6176118 -0.3255908 0.07534501 0.2959144 0.3364412 0.30142 0.2089042 0.1076306 0.01918266 -0.03603879 -0.07313064 -0.0598878 -0.04867239 -0.03025078 0.01071146 0.02010636 0.03389099 0.03312242 0.02736994 0.01964395 0.01527227 0.00773239 0.01145819 0.00349905 0.03290569 0.008301864 0.008489707 0.01595913 0.03291599 0.05158947 0.08304172 0.08284282 0.09170021 0.06363612 0.04889838 0.0390954 0.0371501 0.007951741
-0.04292864 -0.06790588 -0.06422438 -0.05344201 -0.02556466 -0.008879438 -0.01156178 -0.01354067 -0.01741864 -0.02554131 -0.02698976 -0.04372467 -0.0727547 -0.08782137 -0.4165923 -0.3119907 -0.1424632 -0.01376595 0.05438576 0.04983816 0.04073969 0.005145897 -0.03111549 -0.05377479 -0.04414685 -0.01727263 -0.01794217 -0.005242064 -0.01973996 -0.008148025 -0.03809598 -0.07824293 -0.06891068 -0.09903836 -0.1045312 -0.09623885 -0.1007143 -0.09537338 -0.0851149 -0.03747039 -0.03297513 -0.05691608 -0.08225709 -0.09582651 -0.08763164 -0.0543744 -0.0641876 -0.06050673
-0.0568153 -0.07095521 -0.0617493 -0.05883102 -0.02309152 -0.03481791 -0.06621295 -0.05272524 -0.05000864 -0.05902277 -0.03320914 -0.03717372 -0.01696338 -0.02932239 -0.04409618 -0.01930066 -0.1419784 -0.2703787 -0.1396781 -0.007783623 0.05307314 0.06794483 0.04383782 -0.02075263 -0.05897595 -0.07828444 -0.08810724 -0.09398697 -0.1001798 -0.08736034 -0.07947044 -0.07213449 -0.05175059 -0.01710811 -0.02871324 -0.02801578 -0.03066459 -0.03472032 -0.02080759 0.005559695 0.003903577 -0.01800071 -0.0117638 -0.05218937 -0.08218832 -0.08059019 -0.05248143 -0.04068558
-0.0204856 -0.03811727 -0.0229734 -0.03823405 -0.03685251 -0.02924641 -0.03940339 -0.05701634 -0.05401365 -0.0442386 -0.0507552 -0.2290572 -0.3678682 -0.1777855 0.04417296 0.1233404 0.138136 0.1216915 0.08876469 0.06691366 0.02513355 -0.02518347 -0.01120484 -0.01106282 -0.03042497 -0.008780828 -0.007985562 -0.01316822 -0.01162981 -0.02749762 -0.04375437 -0.02492915 -0.02059348 -0.05420604 -0.09853467 -0.1050814 -0.04540974 -0.05261997 -0.04618143 -0.03226361 -0.02628405 -0.01589724 -0.00768256 -0.0317184 -0.02152542 -0.02415432 -0.03747626 -0.0511491
-0.04705025 -0.04262625 -0.04078129 -0.04527475 -0.04937219 -0.06246772 -0.07060967 -0.04151458 -0.0326806 -0.0188718 -0.01557201 -0.01575896 -0.3782546 -0.5424438 -0.2951527 -0.05737746 0.2034812 0.2657235 0.2484996 0.1912646 0.1215633 0.07196115 -0.01555029 -0.03912652 -0.06246472 -0.06272554 -0.07114524 -0.06041507 -0.02725144 -0.03492348 -0.02757203 -0.01707967 -0.01159448 0.0005630664 0.003696807 0.002247044 -0.01947274 -0.01611776 -0.0194482 -0.03514507 -0.04158093 -0.04442338 -0.03945147 -0.02657761 -0.01582735 -0.01329817 0.002255511 0.01494041
-0.01647761 -0.01672888 0.03001725 0.02333424 0.01766295 0.009863855 0.01305895 0.02494015 0.02362083 0.02273885 0.01428682 -0.005131906 -0.00210126 -0.005072248 0.0005334711 -0.03427383 -0.05365185 -0.3541804 -0.3968619 -0.04916308 0.1140863 0.216422 0.2199255 0.1644434 0.111575 0.03900194 0.007469014 -0.01937868 -0.007931178 -0.01341798 0.03928661 0.02590095 0.01478525 0.02051586 0.02622909 0.02598013 0.0155459 -0.0320174 -0.05073183 -0.04904524 -0.02850806 -0.0448943 -0.02993776 -0.01019211 0.007430022 -0.01227131 0.01770486 0.03188433
-0.04177655 -0.04948127 -0.06746368 -0.06823006 -0.05017331 -0.01938619 -0.01179566 0.006897015 -0.001952655 -0.02363934 -0.3779179 -0.3450699 -0.05866253 0.1613123 0.2462824 0.2364593 0.1707992 0.1300067 0.05221715 0.04276853 -0.0005058219 -0.01068552 -0.009135141 -0.01515133 -0.03313134 -0.02773991 0.02527356 0.05528396 0.06218481 0.04098307 0.02002881 0.02332424 0.01928995 0.06799918 0.07756835 0.0769195 0.0708134 0.07161884 0.05537285 0.04168311 0.03720047 0.007285644 -0.004757024 -0.003083016 0.03474142 0.05291443 0.05326523 0.04740217
0.0334083 0.03543092 0.03569652 0.01054229 0.01039376 0.009580275 0.0002228539 0.0001201589 0.001905016 0.0196553 0.01100465 0.006557675 -0.02074807 -0.2227798 -0.2707761 -0.09366061 0.1026728 0.1485022 0.1466453 0.0449648 0.04631366 -0.00157357 -0.02195876 -0.02881824 -0.04612049 -0.05353185 -0.05448433 -0.04114526 -0.03338793 -0.0273022 -0.03407959 -0.03380431 -0.01507435 0.001980543 -0.007340761 -0.001523778 0.009658774 -0.003776352 -0.026147 -0.03542695 0.003925106 0.009537598 0.006208933 -0.0006657969 0.003636754 0.02725329 0.07566071 0.06478614
0.04753386 0.04515257 0.02862985 0.03391983 0.01241395 0.008862152 0.006062975 0.01365034 0.03957809 0.03916069 0.03189646 0.02889744 0.02257598 0.02235625 0.02596827 0.03031914 0.04031567 0.06120784 -0.2284379 -0.1094235 0.0006141754 0.09711588 0.1165613 0.1131997 0.1012792 0.04255288 0.01044643 -0.008862911 -0.01788172 0.004430186 0.02128345 0.02790745 0.03345714 0.04762243 0.04435503 0.02988381 0.01012554 0.01181204 -0.01346197 -0.01089686 -0.008264219 -5.582232e-05 0.003068537 0.016301 -0.0005764213 -0.009513794 -0.01773664 -0.01879281
0.07928795 0.08086362 0.09531243 0.06725013 0.04964109 0.09127329 0.05519415 0.01014481 0.01038524 -0.00314993 -0.04684527 -0.05397044 -0.006094711 -0.1400827 -0.05896026 0.07909714 0.1262336 0.1403091 0.1200134 0.07464565 0.06625278 0.02848257 0.01858432 0.008055216 0.02334651 0.04189744 0.02706318 0.02192107 0.01830124 0.01525031 -0.0115345 0.003000844 0.0408976 0.06449293 0.06058271 0.05109181 0.03150211 -5.256398e-05 -0.03562853 -0.01624373 0.002338082 0.03114954 0.0899101 0.1114114 0.07565156 0.05625953 0.05611729 0.03127974
-0.03633762 -0.03326662 -0.02769889 -0.005696035 -0.003205199 -0.04969915 -0.06917867 -0.06776325 -0.04555006 -0.04009478 -0.02383161 -0.009749014 -0.004177018 -0.01337099 -0.0108604 0.01428104 0.02464491 0.02854783 0.01500607 -0.3227831 -0.2313019 -0.07924735 0.03192394 0.0957028 0.1096788 0.07714216 0.04961655 0.03172372 -0.002272707 -0.04106643 -0.0467941 -0.05450191 -0.04518907 -0.01485679 -0.01509724 -0.02577389 -0.04571981 -0.05230812 -0.03673468 -0.05140343 -0.04308752 -0.01828906 0.01640272 0.03396903 0.04392913 0.04859771 0.04959934 0.02925638
-0.04386768 -0.04659811 -0.03253764 -0.02943438 -0.01509279 -0.004011955 0.01351808 -0.001441456 0.02133959 0.01471241 0.00127213 4.678361e-05 0.0253059 0.04057372 -0.1389034 -0.3957984 -0.0991154 0.06142126 0.2260144 0.1796363 0.1374227 0.1047745 0.07553039 0.05027718 0.0511242 0.04253545 0.0482093 0.04347057 0.03693709 0.03722045 0.03905722 0.03326463 0.02155905 0.03271165 0.04765119 0.034314 0.03215394 0.05074084 0.08165457 0.09234042 0.09063146 0.06609081 0.04215748 0.01729018 -0.01045668 0.003927418 0.02024503 0.01180508
0.003591585 0.003499516 0.003408519 0.009218607 0.01476002 0.01384396 0.01824161 0.01919203 0.02257829 0.01939626 0.02233748 0.01966884 0.01693893 0.01002676 0.01145694 -0.06950989 -0.4215208 -0.256255 0.1059071 0.2258998 0.2047058 0.1522142 0.06743284 0.009930789 -0.03436397 -0.036481 -0.02600227 -0.01929655 -0.01993935 -0.01250488 -0.008988347 -0.001585493 0.0009868679 0.00514093 0.01132153 0.01103701 0.02334449 0.02301805 0.01987373 0.02236143 0.009815005 0.01559846 0.005723819 0.00262325 0.00332022 0.006711249 -0.004272053 -0.01337468
0.0006126316 -0.002471477 -0.007346676 -0.001240661 -0.005169479 -0.001165226 -0.002884069 0.006286555 0.003918068 0.003942365 0.004661419 0.004358826 0.009772697 0.01136677 0.006255135 0.01479081 0.01221786 -0.3477407 -0.55901 -0.3073861 0.128291 0.3547374 0.345049 0.2950979 0.1969555 0.08918172 0.001395747 -0.01820954 -0.01825386 -0.008687716 0.003741277 0.01481577 0.01738907 0.02114569 0.01480271 0.01706318 0.01899347 0.01864013 0.01881632 0.02378712 0.03091455 0.02893019 0.02684042 0.01773054 0.01973523 0.01298692 0.01458784 0.01016868
-0.005020503 -0.004035805 0.000307994 0.002692619 0.004795236 0.003732556 0.002484436 0.006400805 0.006514851 0.009455684 0.00331718 0.00766195 0.005071745 0.006654415 0.004832334 0.005853128 0.001158198 -0.2428647 -0.6422756 -0.525039 -0.2228798 0.2235068 0.3446847 0.370114 0.3125007 0.1911988 0.07299478 0.01027525 -0.02516339 -0.03907336 -0.03624784 -0.03126919 -0.02193728 -0.01512394 0.0006354182 0.008462021 0.01153525 0.01440032 0.01941312 0.01970642 0.01378305 0.007173779 -0.0009250866 -1.011322e-05 -0.0007783223 0.007393586 0.00904693 0.01155375
0.01067845 0.01148291 0.01210139 0.01600239 0.0130287 0.01486736 0.008514445 0.006954963 0.01538347 -0.1026295 -0.4910473 -0.04822255 0.3018608 0.2863547 0.1199914 -0.02367879 -0.04481165 -0.02506108 -0.01137231 -0.001917479 0.005908272 0.00843586 0.01366909 0.02804918 0.03060659 0.02143095 0.01621123 0.01488696 0.01918086 0.02056118 0.01646 0.006824224 0.006038479 0.01751471 0.01679235 0.008780533 0.004719551 0.004465073 0.008096653 0.0122275 0.01155707 0.01130924 0.0127005 0.01284665 0.005390668 0.004069842 0.003805804 0.0009644807
0.003886694 0.008817988 0.02049263 0.02557886 0.02237066 0.0404452 0.02412725 0.007020434 -0.003630543 0.0009956314 0.01384052 0.01815881 0.0156491 0.01198734 0.007973918 -0.3003385 -0.3041392 -0.01506036 0.1150791 0.1782625 0.1862765 0.1491526 0.1086446 0.05154473 0.0142966 -0.0177491 -0.0255589 -0.01865606 -0.00731389 0.007126884 0.01018513 0.0129569 0.01841819 0.01692074 0.02211522 0.02500779 0.03066921 0.02629299 0.01257787 0.01064706 -0.003814768 -0.005931625 -0.006072996 -0.008739221 -0.006909175 0.001278707 -0.00211107 0.006057442
-0.003366183 -0.001836481 -0.001377201 0.01173322 0.01441944 0.01413713 0.002089011 0.0002951689 0.005714984 -0.00473778 -0.008780723 -0.00558731 0.002383391 0.003824014 0.007377373 0.007936232 0.01401334 0.0184122 -0.6085252 -0.3973699 0.08543412 0.3924915 0.4694821 0.2900036 0.1245421 -0.02733497 -0.05883987 -0.04575531 -0.008518099 0.01115868 0.02754296 0.0414305 0.04271874 0.03374293 0.02525501 0.03139725 0.02354293 0.01607138 0.02047665 0.01885915 0.02607965 0.0240897 0.0289276 0.0265738 0.02399605 0.01954472 0.02321548 0.01971873
0.008864976 0.001434128 0.006189214 0.008106021 0.01755044 0.0177094 0.02153741 0.01846007 0.01032849 0.01550434 0.01164444 0.01195144 -0.2207393 -0.4973208 -0.2244646 0.09350266 0.2272742 0.2808793 0.254279 0.2082082 0.120025 0.03403724 -0.02204446 -0.03943373 -0.0338961 -0.01888063 0.0001296536 0.003739297 0.01183398 0.004671875 0.008766062 0.006454365 -0.006177646 -0.0008824441 0.003224676 0.01180614 0.02445496 0.03087661 0.02204568 -0.002465462 -0.01334207 -0.02328612 -0.01388157 -0.01663434 -0.02078684 -0.01687506 -0.00560328 0.01343033
-0.00560328 0.01343033 0.01344214 0.02904419 0.02570808 0.02183407 0.01797333 0.01086171 0.01385005 0.004418821 0.0002030201 0.003466811 0.006201299 0.001053309 0.002137119 -0.0002296125 -0.3114077 -0.5310222 -0.3189715 0.1805452 0.2667291 0.2612353 0.1985767 0.1221494 0.05063208 -0.006706725 -0.00711623 -0.03618981 -0.04328466 -0.06115986 -0.01824594 0.003984698 -0.007298207 -0.03158836 -0.05235669 -0.04445866 -0.02196876 -0.003886573 -0.01698749 -0.01369327 -0.0106103 -0.005655452 -0.01253803 -0.03299583 -0.02315013 -0.02423156 -0.02332749 -0.02021297
-0.0006683814 -0.005368162 -0.02134789 -0.03398365 -0.0425937 -0.04354035 -0.03755264 -0.02189934 -0.01409497 -0.01706234 -0.02014948 -0.01954072 -0.02077079 -0.02371315 -0.03362141 -0.03750027 -0.04087139 -0.03429071 -0.02498077 -0.01648011 -0.001458449 0.04081273 -0.009697306 -0.0389239 -0.05523635 -0.06317884 -0.04044681 0.007956432 0.02762629 -0.006833002 -0.02319336 -0.04490044 -0.07596418 -0.07462376 -0.04842529 -0.03665606 -0.03869003 -0.03764245 -0.02353159 -0.003605822 0.03310075 0.05654252 0.02452143 0.01824796 0.01790061 -0.007733604 -0.01834356 -0.03295081
-0.02569294 -0.02558632 -0.02797861 -0.02751599 -0.02058797 -0.01655057 -0.01612129 -0.01180391 -0.009887827 -0.009213672 -0.01162362 -0.01242096 -0.0123568 -0.01392933 -0.01356213 -0.0186714 -0.01547256 -0.01300344 -0.01274731 -0.01516232 -0.01539922 -0.01857726 -0.02584905 -0.0274692 -0.02742511 0.05896265 0.02164462 -0.01304838 -0.07111689 -0.1487717 -0.08228683 0.003514844 0.05592754 0.07818089 0.04185226 0.004672795 -0.03064174 -0.0197896 -0.004017096 -0.02842253 -0.02799377 -0.006412281 -0.01575225 -0.02182244 -0.03324972 -0.02183388 -0.008998843 -0.008875628
-0.01753039 -0.0198312 -0.01038059 -0.01037617 -0.01784359 -0.02010084 -0.01983626 -0.02374501 -0.01581661 -0.005256305 -0.004206696 0.009115475 -0.008743996 -0.03548142 -0.02628022 -0.02810902 -0.01793479 0.03032201 0.02873938 0.01445696 -0.008631233 -0.03571996 -0.0190959 -0.001728481 -0.01099737 -0.01179675 0.04619218 0.009513116 -0.01619144 -0.06392436 -0.03239642 -0.01422548 0.05917376 0.06695276 0.03810148 0.00636331 -0.02815351 -0.05649934 -0.06112062 -0.03109128 -0.0049579 0.04505159 0.03516561 -0.004370996 -0.02348153 -0.03362336 -0.00749235 0.009453184
-0.005171244 -0.00212719 0.009492508 0.01623587 0.0208333 0.008350129 -0.0211816 -0.0153397 -0.02016337 -0.03232868 -0.01983227 -0.003142493 0.001939222 0.001519746 0.005738679 0.01202424 0.03203717 0.01888548 0.008327259 -0.0006249236 -0.01573343 -0.03315623 0.05306035 0.003450845 -0.05616742 -0.01469659 -0.04403745 0.01964426 0.01682626 0.04076596 -0.002196458 -0.01523536 -0.0370608 -0.06058452 -0.06138967 -0.03794757 -0.02876473 -0.0250376 -0.008187453 -0.00443378 0.002714175 -0.01160621 -0.03673185 -0.03035811 -0.01565606 0.001790061 -0.009584624 -0.02983026
-0.0147572 -0.0315704 -0.03926152 -0.0340136 -0.03157444 -0.02053708 -0.01828903 -0.01517631 -0.01084791 -0.0112767 -0.01515728 -0.01403987 -0.02964745 0.03175273 0.03117618 0.03813972 -0.001316001 -0.08505911 -0.1118441 -0.150301 -0.1178093 0.007630351 0.07531972 0.1026273 0.07027672 -0.002276306 -0.07378735 -0.07911451 -0.07509781 -0.07098471 -0.04860992 -0.02616785 -0.02420999 -0.026686 -0.01683881 -0.009059555 -0.01065386 -0.01306752 -0.005405903 -0.0007962646 0.003214625 0.0005108279 -0.004926763 -0.02745683 -0.04548283 -0.06471016 -0.0480474 -0.02580123
-0.0389813 -0.03814914 -0.03830155 -0.0428409 -0.03349274 0.01735588 -0.003986241 -0.01911678 -0.02863322 -0.03772592 -0.04143842 -0.03838022 -0.02864324 -0.02352233 -0.02231026 -0.01646782 -0.01282746 -0.02120863 -0.01853054 0.05085988 0.1083237 0.03369425 -0.008330807 -0.05492091 -0.04105138 -0.03870671 -0.03380242 -0.06976143 -0.0724301 -0.0139202 0.04405724 0.04451738 0.00202123 -0.01503777 -0.04646251 -0.05999551 -0.04347086 -0.03324885 -0.02853011 -0.0289921 -0.03356382 -0.03156637 -0.04255278 -0.03849601 -0.05466952 -0.04604103 -0.001078395 0.01262306
-0.08483039 -0.05932309 -0.03453139 -0.01324103 -0.01686427 -0.018441 -0.02583926 -0.03880635 -0.04773445 -0.04419515 -0.0363606 -0.03586257 -0.04754092 -0.04926363 -0.04083456 -0.03554575 -0.03486707 -0.02558338 -0.09212603 -0.09232391 -0.09143063 -0.07904687 -0.01595303 0.02467716 0.03330778 0.04114985 0.02418914 -0.01893074 -0.05741484 -0.08815186 -0.07014424 -0.04280888 -0.0334897 -0.02126297 -0.03206977 -0.04290596 -0.04302943 -0.03879533 -0.04115958 -0.04846046 -0.0531963 -0.03128548 -0.02022236 -0.01511525 -0.00802815 -0.007279397 -0.007040137 -0.006155398
-0.03427253 -0.02921629 -0.04377278 -0.05882494 -0.06735519 -0.06342565 -0.03070222 -0.03114576 -0.03233255 -0.03946874 -0.03619248 -0.02745358 -0.03610346 -0.04176171 -0.0446838 -0.04370114 -0.03429632 -0.03981713 -0.04987171 -0.05229196 -0.050712 -0.04368859 -0.03323294 -0.04060618 -0.001203274 0.1195388 -0.01227495 -0.06912198 -0.1092444 -0.07019173 -0.08138042 -0.07295956 -0.02076512 0.02164309 -0.002029071 -0.01354473 -0.02686935 -0.05519372 -0.05261104 -0.03733468 -0.02721257 -0.03443633 -0.04690053 -0.05684976 -0.06306035 -0.06774856 -0.05577516 -0.02582364
-0.0440058 -0.05338429 -0.05967657 -0.05190956 -0.04420514 -0.03659615 -0.03552267 -0.02602913 -0.0210069 -0.006813977 -0.002550546 -0.01786042 0.04869803 0.311972 0.09082943 0.1914526 0.3089213 0.2133769 0.07875562 -0.0296846 -0.08551686 -0.0864109 -0.07576631 -0.006270569 0.05329342 0.06941842 0.06289591 0.0507632 0.04437043 0.03368203 0.03558984 0.03329403 0.03388084 0.01875784 -0.009139786 -0.0264731 -0.03964278 -0.01136311 0.01056778 0.01486521 0.01645949 -0.004578399 -0.02233696 -0.04658072 -0.05550474 -0.05457621 -0.0514465 -0.04230519
-0.03577998 -0.04676877 -0.04418702 -0.0448123 -0.04451825 -0.0473334 -0.04458486 -0.0402111 -0.02938063 -0.02595829 -0.02909879 -0.03335726 -0.01439694 -0.01527465 -0.03444951 0.02267361 0.03102585 -0.04957855 -0.08359941 -0.07188848 -0.0455472 -0.02054792 -0.01030833 -0.0207569 -0.03014868 -0.04048276 -0.04821906 -0.02845868 -0.0211125 -0.04529867 -0.05249745 -0.04025981 -0.04715681 -0.07648021 -0.09331749 -0.09667742 -0.082008 -0.07001674 -0.04666831 -0.03120924 -0.04108764 -0.04290693 -0.04224295 -0.04280434 -0.05817504 -0.06361421 -0.06206843 -0.05935647
-0.04250978 -0.03931057 -0.04048235 -0.0495578 -0.07212752 -0.0193905 -0.01217892 -0.01843511 -0.02261498 -0.02635976 -0.02340966 -0.021647 -0.02983817 -0.04145161 -0.05037981 -0.04967681 -0.04761557 -0.05151017 -0.04488007 -0.02943416 -0.01827149 -0.02202241 0.129832 0.262814 0.02752827 -0.2059428 -0.2400118 -0.2081463 -0.1478836 -0.07186303 -0.009298945 0.004364932 -0.01007724 -0.0316778 -0.05208481 -0.07054485 -0.0729163 -0.07247043 -0.07187705 -0.06958365 -0.06578973 -0.07325251 -0.07007873 -0.05921902 -0.05184123 -0.06224344 -0.08315644 -0.09642552
-0.05672378 -0.04932722 -0.03513189 -0.01052204 0.008221278 0.0002710077 -0.02648219 -0.0486317 -0.03768126 -0.02067968 -0.03820587 -0.05371706 -0.03839295 -0.0183793 -0.01841656 0.0699812 0.1487843 -0.03264469 -0.1461448 -0.1604007 -0.1833565 -0.1596203 -0.1108614 -0.02824335 0.02867124 0.07730553 0.07854107 0.03183547 -0.02776717 -0.04533691 -0.0518284 -0.02989594 -0.02467427 -0.01376937 -0.0128186 -0.02404525 -0.03521951 -0.04391355 -0.0437615 -0.03783178 -0.03592702 -0.04271806 -0.04584328 -0.05064537 -0.04897032 -0.04356529 -0.06179376 -0.05911907
-0.02609891 -0.02678842 -0.02611268 -0.03303081 -0.03521891 -0.03284568 -0.03602077 -0.03570525 -0.02955719 -0.02580959 -0.01851696 -0.0188616 -0.01322401 -0.01753997 -0.02073134 -0.02311075 -0.02414985 -0.02419301 -0.02170572 -0.02044924 -0.01921324 -0.01843325 -0.01547106 -0.02093515 -0.02293366 -0.03896141 -0.04105878 -0.03832554 0.05621168 0.4179087 0.1606682 -0.09401131 -0.1535378 -0.06472407 -0.04724453 -0.07692575 -0.02552893 -0.001700585 0.0536238 0.116507 0.0743819 -0.005597061 -0.04266349 -0.06833916 -0.06933448 -0.1003511 -0.1072713 -0.09917034
-0.02100868 -0.02206048 -0.03022386 -0.1198741 -0.01709365 0.1010057 0.09240235 -0.06503102 -0.1071065 -0.06127772 -0.03256651 -0.02290538 -0.03923351 -0.01497405 -0.0219961 -0.1975963 -0.1788555 0.1511025 0.166769 0.02591627 -0.04768625 -0.05165257 -0.01444125 -0.01342256 0.0009553896 0.0009255841 0.01222958 0.006742607 0.00659066 0.007275546 0.003088701 0.0002787342 0.006888367 0.008952362 0.02944839 0.04937897 0.05563092 0.04360913 0.03751748 0.02518629 0.01106519 0.00037141 0.01015041 0.02469365 0.0311002 0.0367099 0.03842403 0.03941908
0.05563092 0.04360913 0.03751748 0.02518629 0.01106519 0.00037141 0.01015041 0.02469365 0.0311002 0.0367099 0.03842403 0.03941908 0.03053987 0.02108791 0.01315685 0.09573383 0.108898 0.0684827 0.06197508 0.02845913 -0.05201217 -0.04936918 -0.02647811 -0.003202185 0.01443079 0.02217739 0.02759394 0.02751114 0.02114707 0.01591459 0.009479694 0.003786399 -4.803575e-05 -0.0009919622 -0.0006336444 0.00743534 0.01109608 0.01274725 0.01297737 0.01101871 0.006763483 0.004445078 0.00730075 0.005151386 0.006935998 0.003192923 -0.004586121 -0.01180079
-0.001404457 -0.00689295 0.004013406 0.01573982 0.01922336 0.01873363 0.009828616 0.003331004 -0.004126206 -0.001153506 -0.001019448 0.001115348 -0.003129056 -0.004293871 0.008677495 -0.07649812 0.001568729 0.009297045 0.03459818 0.05755048 0.08605345 0.07414143 -0.02187154 -0.09496111 -0.06206731 -0.03244664 0.01660371 0.05899251 0.03320565 -0.01917713 -0.05414039 -0.07160782 -0.07795609 -0.08902308 -0.07563464 -0.05104723 -0.02216967 0.0124877 0.02763286 0.0140949 -0.0281076 -0.04054162 -0.02650301 -0.006805129 0.007940711 0.01897048 0.01738657 0.01588345
0.02343031 0.02357252 0.02412641 0.02306088 0.01881801 0.01758162 0.0168266 0.01529746 0.01109098 0.007033722 0.00596768 0.008773064 0.009210284 0.00883082 -0.0474692 -0.1137224 -0.08229189 0.0245625 0.06838521 0.1254754 0.1513119 0.07245833 0.05074064 0.04985525 -0.01337102 -0.07278804 -0.1008522 -0.09506714 -0.06788777 -0.004030315 0.03826624 0.05925563 0.054926 0.05100428 0.03587665 0.03166022 0.01898459 0.01825537 0.01761821 0.02093999 0.01419173 0.02337065 0.02482323 0.0221399 0.03821399 0.03319618 0.02273487 0.02728703
0.02361375 0.01616523 0.01787015 0.01847518 0.02973181 0.0374445 0.03496556 0.02875562 0.0278067 0.0138485 0.01687794 0.02297855 0.02909063 0.03662833 0.03016473 0.02975097 0.03945019 0.05350909 0.07543811 0.1054127 0.09480797 0.1021858 0.08996022 0.04885381 0.1268849 0.1290319 0.1244534 0.1123486 0.1026222 0.09662958 0.09313208 0.09319661 0.07637586 0.07918488 0.08323512 0.06406276 0.05331452 0.06373346 0.06601883 0.07467429 0.07451254 0.06906267 0.06441287 0.06750481 0.05146519 0.03731865 0.04655058 0.04598143
0.0628961 0.05938253 0.04566555 0.0330736 0.03455015 0.04096402 0.0415639 0.03097958 0.0302828 0.03260684 0.02908229 0.03759535 0.04181752 0.04063204 0.03590852 0.04230418 0.05346743 0.05173978 0.06979909 0.04737452 0.07091991 0.1132112 0.03925825 -0.006614031 -0.01644843 0.006813705 0.01299867 0.03670611 0.04312567 0.0405871 0.04687929 0.04484625 0.05236534 0.05131108 0.04413068 0.04773555 0.04529188 0.04454652 0.03230417 0.02508102 0.02646065 0.03045626 0.03943781 0.02871527 0.05172209 0.07399002 0.05296866 0.05015811
-0.0321409 -0.03538739 -0.0325255 -0.0312904 -0.03116412 -0.02925855 -0.03005665 -0.0278376 -0.02097608 -0.01759876 -0.01729859 -0.0153276 -0.01400503 -0.0207785 -0.02716616 -0.0281979 -0.02715232 -0.07420266 -0.1285533 -0.1392956 -0.07884045 0.04198878 0.122156 0.0512156 0.01366821 -0.03861465 -0.002351393 0.06819881 0.07818161 0.04967733 0.0309789 0.01654837 0.03783667 0.05470658 0.03918315 0.009401209 -0.009875804 -0.003956506 -0.0005062308 0.01048902 0.0129867 0.002427178 0.006666827 0.01112934 0.005232813 0.004471916 -0.007376587 -0.004951182
-0.01123869 -0.01603772 -0.008006768 -0.008175346 -0.007816869 -0.00734587 -0.01474011 -0.01710934 -0.02223282 -0.02217902 -0.01413999 -0.01085835 -0.006413293 -0.004887834 -0.06462167 -0.08528449 0.03109486 -0.004437105 -0.01717156 0.03559354 0.06026746 0.0252919 0.0402007 0.01877706 0.002074071 0.0239604 0.01058713 0.04919907 0.05088219 0.02449079 0.01733431 0.01383433 0.02337879 0.02629787 0.04732606 0.06029731 0.05337593 0.02958552 -0.001736897 -0.01955725 -0.004349353 0.006928656 0.0178111 0.02547585 0.02710798 0.02354194 0.02357632 0.02357997
0.06201329 0.0458141 0.04409509 0.04351576 0.05044406 0.04848778 0.04938728 0.05078429 0.03724087 0.03913633 0.03765791 0.04226648 0.04354962 0.05209804 0.09175533 0.2137154 0.06164082 0.07127094 0.04770966 0.0320828 0.001177286 0.0004931559 0.008748828 0.03425365 0.05076602 0.07167941 0.08397205 0.07539283 0.06576453 0.06636107 0.05309585 0.04798615 0.04650663 0.05499534 0.05892417 0.04742549 0.04745186 0.04245864 0.04437615 0.03222225 0.0288224 0.03411256 0.04774806 0.05470513 0.08308322 0.08513474 0.06975304 0.0708387
0.02169316 0.02267842 0.01366975 0.04112219 0.04585406 0.05926967 0.05817628 0.0409543 0.02970156 0.008492295 0.004575873 0.02032921 0.03038995 0.04630329 0.04426602 0.0391594 0.03493848 0.03697486 0.04561128 0.1183403 0.06239589 0.06187214 0.156201 0.1205004 0.04058472 0.0006028829 -0.01903371 -0.01843243 -0.02278931 -0.009117831 0.02673704 0.06450938 0.05594073 0.06368041 0.07938358 0.07505526 0.0320056 0.01498462 0.0001072873 0.001078899 0.001936743 -0.00137644 0.004945258 0.03332011 0.03709024 0.02858827 0.01679347 0.02242319
0.03664562 0.02867237 0.02533538 0.03168004 0.035108 0.04035292 0.03637135 0.02233048 0.005075334 -0.0009650343 -0.0009828131 -0.007729926 0.001568078 0.01321778 0.01467369 -0.0002703816 0.166658 0.1300336 0.1055788 0.06051802 -0.04787035 -0.09762637 -0.09348038 -0.06694613 -0.02681825 0.02107533 0.06595585 0.08711027 0.08026154 0.05668741 0.03742954 0.02420015 0.01933837 0.01088088 0.01498226 0.01352762 0.01924916 0.02525752 0.03010897 0.02647507 0.01924665 0.0141009 0.0249614 0.0199181 0.01436651 0.03294886 0.03609034 0.03405523
0.007077532 0.02661743 0.0367504 0.03735404 0.03750716 0.01861103 0.0148382 0.01940182 0.02383839 0.02566987 0.02524474 0.01314515 0.0231362 0.02848881 0.02720014 0.01941554 0.01400644 0.01750317 0.002645215 0.08967315 0.1567945 0.09142651 0.1078736 0.1753636 0.1532187 0.05008038 -0.02860749 -0.06821986 -0.05734448 -0.02934737 0.006828262 0.04110562 0.04453572 0.03067759 0.01717679 0.007279303 0.004322106 0.004744386 0.003876217 0.005579137 0.01704018 0.02401659 0.008542484 -0.003829091 -0.02032519 -0.0144621 0.001170839 0.02915477
0.04553154 0.06020009 0.03762038 0.0762225 0.08951132 0.09314471 0.1016234 0.1162118 0.1132889 0.137246 0.1643821 0.1323942 0.1112968 0.09276083 0.03907257 -0.02715883 0.1108413 0.1345664 0.1340953 0.1168854 0.004724894 -0.138069 -0.146484 -0.1557208 -0.1297431 -0.06799534 0.007325009 0.03891991 0.06334206 0.0766179 0.08506414 0.07172711 0.08705638 0.1015396 0.08065319 0.04984863 0.02369833 0.001239618 -0.01318625 -0.009785403 -0.008015187 -0.0008266713 -0.00290956 0.004950757 0.02231168 0.02876632 0.04153565 0.03878352
-0.02938044 -0.03032635 -0.02455106 -0.0342163 -0.03283874 -0.02653901 -0.02010064 -0.02107191 -0.02289101 -0.04072476 -0.0410923 -0.03986118 -0.04992553 -0.05671532 -0.05550619 -0.06398167 -0.06263195 -0.07431482 -0.06281134 0.02634158 0.107131 0.006186955 -0.1342523 -0.1961599 -0.1746263 -0.09268735 -0.04334601 -0.04772262 -0.01940223 -0.005599701 -0.008501196 -0.05716347 -0.08675795 -0.09732568 -0.07296822 -0.06055037 -0.05867226 -0.03408849 -0.02394573 -0.009998732 0.0114777 0.02930303 0.01402286 0.004413866 -0.01345252 -0.03523057 -0.0429248 -0.04896688
-0.03501161 -0.01633469 -0.009971225 -0.01971702 -0.03126667 -0.05898191 -0.0845091 -0.08292018 -0.06637343 -0.03678353 -0.01174949 0.0002712089 -0.009986454 -0.02571737 -0.0384938 -0.05532722 -0.09028601 -0.1088311 -0.1204728 -0.09675787 0.01485804 0.0409319 0.004809386 -0.1446384 -0.2394851 -0.2048116 -0.1153787 -0.07932562 -0.04363343 -0.03310546 -0.03401092 -0.05796993 -0.05962807 -0.05935849 -0.06959923 -0.0715475 -0.06577061 -0.06218265 -0.05610431 -0.05830018 -0.05877746 -0.0440497 -0.04609017 -0.04790194 -0.06654923 -0.06483681 -0.06345545 -0.04432455
0.005534385 0.01311482 0.01444561 0.01323695 0.0167977 0.01190079 0.01179473 0.01055765 0.01057282 0.001896124 -0.0009835351 -0.003612238 -0.001800757 -0.003317865 0.002367116 0.006250001 0.005527782 0.006404004 0.006616629 0.004175435 -0.003959964 -0.00590783 -0.004748784 -0.009438251 -0.008894726 -0.001558071 0.002507136 0.04520099 0.2173943 0.1918231 0.06491927 -0.07664326 -0.1488992 -0.119958 -0.1886134 -0.1872097 -0.1599801 -0.06528407 -0.03776468 -0.009861792 0.02133159 0.06660911 0.05745184 0.03265937 0.02352135 -0.003643936 -0.01184131 -0.01218124
-0.01450012 -0.01981753 -0.02137268 -0.02616719 -0.03123591 -0.03522518 -0.02761619 -0.02675546 -0.02713767 -0.0287535 -0.0291711 -0.03010349 -0.03151133 -0.02908503 -0.02600568 -0.01819261 0.02506558 0.2922087 0.2409027 0.05671311 -0.1843317 -0.3062038 -0.2697102 -0.1933651 -0.1312323 -0.09178571 -0.03225158 -0.02016492 -0.03087201 -0.0583373 -0.06221217 -0.03633244 -0.04774228 -0.05028983 -0.04848443 -0.04472477 -0.04806292 -0.05162833 -0.05835162 -0.05882402 -0.05199726 -0.04930034 -0.04920746 -0.04023568 -0.03839541 -0.03720029 -0.04310484 -0.03849603
0.007976834 0.01169864 0.00265863 -0.01799735 -0.0160262 0.01305169 0.008755193 0.00140226 0.007663106 0.00943264 0.001032154 -0.009906509 -0.01860047 -0.02438121 -0.02003513 -0.01494755 -0.01917929 -0.02362534 -0.01740358 -0.005432631 -0.004006664 -0.01077626 -0.01802898 -0.003098774 0.1196654 0.09315313 0.117621 -0.07456238 -0.1524988 -0.1135433 -0.08122198 -0.05291764 -0.03062407 0.005968183 0.008697185 0.01677853 0.04772137 0.04336499 0.0518494 0.01702282 0.0005321333 0.004654601 0.02723924 0.04523888 0.05558797 0.05887881 0.05503613 0.03975817
-0.05299539 -0.01020786 -0.008735652 -0.007255584 -0.01806019 -0.0402299 -0.052475 -0.0563222 -0.04628052 -0.03350199 -0.02788452 -0.02781077 -0.02817085 -0.03988608 -0.05214209 -0.0412975 -0.01859148 -0.02949781 -0.03078323 -0.03437239 -0.03035488 -0.02619383 -0.02859433 -0.03119436 0.05542915 0.04666786 0.01921792 -0.03560755 -0.04073568 -0.08066461 -0.1188423 -0.12858 -0.1072204 -0.1207882 -0.1091953 -0.08163965 -0.05904115 -0.03125006 -0.02534994 -0.0180299 -0.02803118 -0.04258931 -0.03928786 -0.0470508 -0.0596282 -0.04602491 -0.03815521 -0.04083179
-0.004680235 -0.01482914 -0.01638682 -0.02412471 -0.03260207 -0.02147452 -0.01397554 -0.001324484 -0.0009246657 0.002205193 0.003376504 -0.007810922 -0.0128586 -0.01055674 -0.0111983 -0.01089442 -0.001663709 -0.0001982654 -0.005633709 -0.008547574 -0.009601956 -0.01255727 -0.01077796 -0.007576872 -0.01131166 -0.01562909 0.04623465 0.09046376 -0.03345782 -0.09470701 -0.1131963 -0.08658328 -0.1070474 -0.07459335 -0.04515732 -0.02107346 -0.003245675 0.003494647 -0.006729443 -0.02008719 -0.02892345 -0.04490117 -0.05460003 -0.05802418 -0.05393701 -0.04361621 -0.04478312 -0.02398079
-0.02351079 -0.01709416 -0.02003096 -0.03279214 -0.03020916 -0.02619475 -0.03853942 -0.04201452 -0.04983991 -0.04473166 -0.02254536 0.01190038 0.02599053 0.02003949 0.01043824 -0.007735562 -0.03389248 -0.04785214 -0.06445928 -0.06592764 -0.06396976 -0.02899334 0.1142093 0.2976783 0.09685999 -0.1796457 -0.2185289 -0.1811411 -0.1557824 -0.12711 -0.09035163 -0.05689574 -0.03310603 -0.04752718 -0.05995397 -0.04354817 -0.04792239 -0.06047062 -0.06874701 -0.06374522 -0.06796964 -0.07097533 -0.06344922 -0.05954786 -0.07383962 -0.07824624 -0.06888817 -0.06525428
-0.009345458 -0.005404901 -0.01342792 -0.01334644 -0.014653 -0.01719791 -0.01920823 -0.02348794 -0.02575069 -0.0156339 -0.007714478 0.013566 0.1893011 0.1186023 0.1977352 -0.03546464 -0.2355553 -0.2229651 -0.1140449 -0.04142177 -0.0180003 -0.0131511 -0.02973741 -0.03860845 -0.05802755 -0.08146942 -0.08084261 -0.07066211 -0.05101894 -0.04028689 -0.03072063 -0.01789491 -0.02304466 -0.02956803 -0.03353221 -0.03349736 -0.02105965 -0.008485598 0.0008444388 0.003528888 0.003848324 0.004541964 0.005179035 0.002797786 0.003681615 0.003845836 -0.0102061 -0.01466575
-0.02097806 -0.02634087 -0.01780115 -0.004878157 -0.000199105 0.003834314 -0.0002076059 -0.01176427 -0.01774294 -0.02340055 -0.02260461 -0.02540123 -0.02232932 -0.01425597 -0.005112005 -0.001311007 0.0004711603 0.2086767 0.08459451 -0.002803615 -0.06879841 -0.1521859 -0.1934086 -0.1709453 -0.1421675 -0.09274805 -0.03864369 -0.004867138 0.01496811 0.02209158 0.01611853 -0.001835956 -0.008612152 -0.0167675 -0.02723288 -0.02589416 -0.02943249 -0.02828399 -0.02854586 -0.02588179 -0.01743149 -0.005290151 -0.008949225 -0.002209975 0.003865602 0.002299007 -0.005053268 -0.003173622
-0.002589295 -0.004567726 -0.01220777 -0.00770713 0.001690237 -0.00554194 -0.01017681 -0.01168774 -0.01614032 -0.007440204 0.02580254 0.1529164 0.1210819 0.02822672 -0.06792833 -0.1617881 -0.1506713 -0.1145895 -0.08337598 -0.04254228 -0.02151707 -0.0175746 -0.005977578 -0.002352222 -0.0009575366 -0.01082217 -0.02805088 -0.03856569 -0.04978531 -0.06015982 -0.06241827 -0.0688717 -0.06286152 -0.04019617 -0.03766683 -0.0273585 -0.01678482 -0.02607149 -0.03169771 -0.03617381 -0.04057059 -0.03472926 -0.02323781 -0.02204781 -0.01148899 -0.001035627 -0.00849728 -0.03699915
-0.02950343 -0.02048949 -0.01682298 -0.02167952 -0.02130649 -0.0246101 -0.0264332 -0.0262562 -0.03112161 -0.03249737 -0.03273143 -0.03183774 -0.02169756 0.0811596 0.06933418 0.02495562 -0.0455695 -0.1494164 -0.07941119 -0.0408353 -0.0484462 -0.09880246 -0.09735997 -0.08594983 -0.06310558 -0.05051884 -0.0511516 -0.04651168 -0.03094266 -0.02563244 -0.02681577 -0.02760833 -0.02593572 -0.03212319 -0.02909926 -0.03056774 -0.0345924 -0.0283161 -0.03466109 -0.04017274 -0.04471854 -0.03895046 -0.03003359 -0.03526643 -0.03957917 -0.04063522 -0.02453152 -0.02582712
-0.01877172 -0.01577554 -0.01145195 -0.009914915 -0.007898075 -0.0002182168 -0.001042468 -0.00832002 -0.009776597 -0.01155114 -0.01188259 -0.005085499 0.1414536 0.237928 0.1268454 -0.1026833 -0.1952606 -0.1660659 -0.06616765 -0.06339576 -0.01750489 -0.04793371 -0.08338403 -0.0767426 -0.07547045 -0.05668631 -0.02602472 -0.006337266 0.00201978 -0.007258418 -0.0183337 -0.02206976 -0.02030854 -0.01569639 -0.03051847 -0.03864674 -0.03319462 -0.02714814 -0.01718108 -0.01557611 -0.01543394 -0.01675322 -0.02003251 -0.01848933 -0.006235909 -0.001960838 -0.02321265 -0.03255662
