-1.536304 -1.525181 -1.500425 -1.487407 -1.483802 -1.481673 -1.496254 -1.525068 -1.525436 -1.512415 -1.500527 -1.487185 -1.488853 -1.504007 -1.526157 -1.538207 -1.549039 -1.563692 -1.580869 -1.589981 -1.58841 -1.573814 -1.558584 -1.551764 -1.566517 -1.577802 -1.559024 -1.538717 -1.526091 -1.53659 -1.540976 -1.535196 -1.527748 -1.526593 -1.52482 -1.524524 -1.531833 -1.538616 -1.543338 -1.554378 -1.557964 -1.545119 -1.533207 -1.517874 -1.517752 -1.530474 -1.528026 -1.52627
-1.534363 -1.556432 -1.551545 -1.52686 -1.528121 -1.531384 -1.545432 -1.569071 -1.569651 -1.562553 -1.551109 -1.54762 -1.552496 -1.555801 -1.553839 -1.553864 -1.559107 -1.56146 -1.565923 -1.568909 -1.567241 -1.570592 -1.570331 -1.566127 -1.566728 -1.568891 -1.569403 -1.569307 -1.565875 -1.555001 -1.552231 -1.556053 -1.557107 -1.56049 -1.565252 -1.569394 -1.561589 -1.565398 -1.569291 -1.565898 -1.560009 -1.568892 -1.571003 -1.56997 -1.575133 -1.575507 -1.577028 -1.574452
-1.577028 -1.574452 -1.574949 -1.578796 -1.574536 -1.569109 -1.570177 -1.568989 -1.566828 -1.566643 -1.568599 -1.572965 -1.573109 -1.578743 -1.577678 -1.565151 -1.561505 -1.56771 -1.570001 -1.57347 -1.569647 -1.568642 -1.569963 -1.574619 -1.57591 -1.576464 -1.574311 -1.574582 -1.582187 -1.58263 -1.583287 -1.582071 -1.580968 -1.578676 -1.580002 -1.580059 -1.580313 -1.578555 -1.582014 -1.582037 -1.580902 -1.578135 -1.57276 -1.568914 -1.564989 -1.563572 -1.564829 -1.566843
-1.597658 -1.598238 -1.603132 -1.602852 -1.603112 -1.604888 -1.604202 -1.605175 -1.604772 -1.605878 -1.610423 -1.610784 -1.611439 -1.614293 -1.618002 -1.615901 -1.618767 -1.61411 -1.612315 -1.614877 -1.612307 -1.612603 -1.614251 -1.612065 -1.610421 -1.611881 -1.623632 -1.636993 -1.640331 -1.644169 -1.641791 -1.63664 -1.634226 -1.639896 -1.63364 -1.633924 -1.633639 -1.6365 -1.642228 -1.648279 -1.643058 -1.63459 -1.630589 -1.631557 -1.632461 -1.633836 -1.632207 -1.626012
-1.612851 -1.606674 -1.60628 -1.602655 -1.594147 -1.589634 -1.591317 -1.586873 -1.588749 -1.594497 -1.597398 -1.587779 -1.582734 -1.583818 -1.585409 -1.589919 -1.590524 -1.58972 -1.590329 -1.591797 -1.588155 -1.587132 -1.583806 -1.580562 -1.581602 -1.579988 -1.580427 -1.586868 -1.590084 -1.58973 -1.590368 -1.590456 -1.593096 -1.592535 -1.596189 -1.597365 -1.604336 -1.604596 -1.602999 -1.600597 -1.595439 -1.601754 -1.607169 -1.611475 -1.616825 -1.621194 -1.625487 -1.62957
-1.638172 -1.635481 -1.634287 -1.634622 -1.63161 -1.630276 -1.626475 -1.622488 -1.624328 -1.623809 -1.62674 -1.624054 -1.619552 -1.615184 -1.612498 -1.611951 -1.61308 -1.615178 -1.616068 -1.615654 -1.616552 -1.617632 -1.61862 -1.620718 -1.625169 -1.62729 -1.625684 -1.625221 -1.626308 -1.624299 -1.621171 -1.622593 -1.622999 -1.62208 -1.618469 -1.610251 -1.601394 -1.600633 -1.600025 -1.597142 -1.597331 -1.596501 -1.60219 -1.610679 -1.622961 -1.632153 -1.633811 -1.633867
-1.518639 -1.505303 -1.508261 -1.514174 -1.519379 -1.514896 -1.500287 -1.502665 -1.511541 -1.50798 -1.50557 -1.523185 -1.526824 -1.513586 -1.507724 -1.497434 -1.50017 -1.514543 -1.506213 -1.512734 -1.495537 -1.482677 -1.514634 -1.502479 -1.478211 -1.475979 -1.485489 -1.456312 -1.463567 -1.477217 -1.490257 -1.505936 -1.511603 -1.50915 -1.515009 -1.516814 -1.520727 -1.520295 -1.526931 -1.533781 -1.517783 -1.505914 -1.497948 -1.488555 -1.494836 -1.510355 -1.51687 -1.518657
-1.678023 -1.670494 -1.667162 -1.66413 -1.6539 -1.653807 -1.661874 -1.674304 -1.673779 -1.66029 -1.664091 -1.680977 -1.683665 -1.670039 -1.674952 -1.678846 -1.674891 -1.677318 -1.677978 -1.676546 -1.69404 -1.700937 -1.69462 -1.684291 -1.691556 -1.686513 -1.697252 -1.696693 -1.677672 -1.674142 -1.680019 -1.685727 -1.689715 -1.682097 -1.656617 -1.644934 -1.652117 -1.661164 -1.678444 -1.688328 -1.699049 -1.691641 -1.664927 -1.667762 -1.664828 -1.656209 -1.67794 -1.699019
-1.91764 -1.917448 -1.916979 -1.915727 -1.914892 -1.914669 -1.909984 -1.901996 -1.898951 -1.899463 -1.897696 -1.895398 -1.896984 -1.895522 -1.895507 -1.897365 -1.895118 -1.892298 -1.891396 -1.891204 -1.893325 -1.891167 -1.88578 -1.885351 -1.887632 -1.889464 -1.888132 -1.890668 -1.886888 -1.886264 -1.88301 -1.882466 -1.876807 -1.873345 -1.873983 -1.869054 -1.867324 -1.866727 -1.866338 -1.865733 -1.866546 -1.864194 -1.862658 -1.863706 -1.861171 -1.861301 -1.863569 -1.853416
-1.780622 -1.780592 -1.780035 -1.780372 -1.780175 -1.779022 -1.778124 -1.778051 -1.780594 -1.779734 -1.781512 -1.781574 -1.782548 -1.781567 -1.783182 -1.781969 -1.781415 -1.780458 -1.780324 -1.781636 -1.783077 -1.782211 -1.782545 -1.780835 -1.782552 -1.784018 -1.782037 -1.782104 -1.780896 -1.781326 -1.777864 -1.778861 -1.777687 -1.781196 -1.779049 -1.777858 -1.777411 -1.777713 -1.776963 -1.779565 -1.781978 -1.784359 -1.78229 -1.783097 -1.782868 -1.779603 -1.778894 -1.777452
-1.777384 -1.778165 -1.783161 -1.783168 -1.783546 -1.783155 -1.784565 -1.783263 -1.784217 -1.784452 -1.783977 -1.781053 -1.779389 -1.778621 -1.775015 -1.775382 -1.774561 -1.776878 -1.779196 -1.778978 -1.777044 -1.777357 -1.778698 -1.777077 -1.779026 -1.776869 -1.778549 -1.777959 -1.778742 -1.779988 -1.780045 -1.777305 -1.775869 -1.776165 -1.775797 -1.774844 -1.775504 -1.775319 -1.776731 -1.776997 -1.776354 -1.776201 -1.778318 -1.779211 -1.778594 -1.780539 -1.782515 -1.781374
-1.786579 -1.785236 -1.78685 -1.78742 -1.787667 -1.787993 -1.793365 -1.793952 -1.796448 -1.798439 -1.801174 -1.804905 -1.805442 -1.80608 -1.806997 -1.801945 -1.798517 -1.79502 -1.794062 -1.790659 -1.78649 -1.787364 -1.788324 -1.788009 -1.789876 -1.79036 -1.789977 -1.789126 -1.790064 -1.795989 -1.79997 -1.801583 -1.799601 -1.800583 -1.799287 -1.800928 -1.798902 -1.799023 -1.798457 -1.797673 -1.797624 -1.79581 -1.796372 -1.795767 -1.798495 -1.800322 -1.800989 -1.802477
-1.774745 -1.77286 -1.771011 -1.770254 -1.772539 -1.766486 -1.766657 -1.764227 -1.765468 -1.76581 -1.766567 -1.76579 -1.764664 -1.765569 -1.765935 -1.766772 -1.768152 -1.768771 -1.769272 -1.770971 -1.77027 -1.770535 -1.772423 -1.775156 -1.774408 -1.773135 -1.773879 -1.772503 -1.77429 -1.775544 -1.777223 -1.777906 -1.779157 -1.775929 -1.777011 -1.775178 -1.770974 -1.766405 -1.764388 -1.765007 -1.767864 -1.76609 -1.765138 -1.761479 -1.762626 -1.764502 -1.767411 -1.767301
-0.3347692 -0.3340482 -0.332791 -0.3337861 -0.3337083 -0.3345293 -0.3343844 -0.3319169 -0.3315402 -0.3321722 -0.3328819 -0.3324662 -0.3316535 -0.329888 -0.3300234 -0.3302685 -0.3305629 -0.3298072 -0.3268786 -0.3250503 -0.2779678 -0.184555 -0.299938 -0.3262726 -0.322098 -0.3151022 -0.3223209 -0.3323945 -0.3326825 -0.3313957 -0.3280268 -0.3264496 -0.3254009 -0.3250321 -0.325152 -0.3238061 -0.3246136 -0.3215764 -0.3204305 -0.3199367 -0.3202567 -0.3171211 -0.3188092 -0.319904 -0.3233052 -0.3264428 -0.3292691 -0.3335339
-0.3272559 -0.3267609 -0.3260871 -0.3265834 -0.3268205 -0.3275966 -0.3252699 -0.3275833 -0.3245785 -0.3247893 -0.3226492 -0.3231771 -0.3237855 -0.3247232 -0.326678 -0.3278838 -0.3303367 -0.3326411 -0.3322755 -0.3327872 -0.3312425 -0.3322144 -0.330898 -0.3325406 -0.329724 -0.01142155 -0.05289346 -0.3101566 -0.323281 -0.304985 -0.2910118 -0.3175625 -0.3381891 -0.3446169 -0.3452476 -0.3399481 -0.335847 -0.3307773 -0.3297445 -0.3301341 -0.3286103 -0.3301544 -0.3298005 -0.3299369 -0.327966 -0.3280511 -0.3299615 -0.3277488
-0.9171472 -0.9146253 -0.914659 -0.913872 -0.9148222 -0.9150627 -0.9149333 -0.9169463 -0.9194682 -0.9185877 -0.9175877 -0.8258324 -0.6741954 -0.7977522 -0.9136366 -0.923279 -0.9189044 -0.9182572 -0.9191641 -0.9182471 -0.9187236 -0.9196965 -0.9160199 -0.9140321 -0.9134827 -0.9113784 -0.9108763 -0.9128631 -0.9112775 -0.9124702 -0.9135009 -0.9148788 -0.9149565 -0.9165014 -0.918676 -0.9192426 -0.9199664 -0.9207281 -0.922505 -0.9226056 -0.9238683 -0.9255103 -0.9268031 -0.9275935 -0.9280595 -0.9257905 -0.9266901 -0.9277706
-0.9218378 -0.920669 -0.9219109 -0.9222358 -0.9219791 -0.9220393 -0.9223135 -0.9217985 -0.9191369 -0.9204829 -0.9207237 -0.8957186 -0.4270821 -0.4721192 -0.6800625 -0.801289 -0.8916733 -0.9063055 -0.8824671 -0.9030277 -0.9279646 -0.9299733 -0.9300434 -0.9306815 -0.9297972 -0.9277667 -0.9262099 -0.9237331 -0.9228428 -0.923176 -0.9135377 -0.9129881 -0.9127831 -0.9094276 -0.9072923 -0.9046665 -0.9067844 -0.9045256 -0.9024708 -0.9056875 -0.9033616 -0.9038776 -0.9036887 -0.9018087 -0.90187 -0.8987277 -0.9009537 -0.896542
-0.8981246 -0.8968945 -0.8998346 -0.8958488 -0.899778 -0.900232 -0.9026359 -0.9025571 -0.9043427 -0.9063527 -0.9096639 -0.91174 -0.9124671 -0.6366059 -0.8733 -0.900411 -0.9034921 -0.9105271 -0.9280574 -0.9296848 -0.9341267 -0.9373847 -0.9381263 -0.9366693 -0.9372769 -0.9362354 -0.9337298 -0.9327359 -0.933148 -0.9335407 -0.935505 -0.9343622 -0.9332095 -0.9343824 -0.9323764 -0.9333003 -0.931901 -0.9336146 -0.9323297 -0.9288987 -0.9218642 -0.9216902 -0.9210904 -0.9189584 -0.9190552 -0.9177758 -0.9165602 -0.919477
-0.9165602 -0.919477 -0.9166541 -0.9156984 -0.9161117 -0.9228575 -0.9221582 -0.9247701 -0.9196199 -0.9182261 -0.9208063 -0.9200647 -0.9117076 -0.5784607 -0.6267354 -0.8064535 -0.8876161 -0.9158164 -0.9197854 -0.9277464 -0.9389169 -0.9416143 -0.9389681 -0.9411148 -0.9426575 -0.9426072 -0.9429013 -0.9459667 -0.9442694 -0.9432072 -0.9465935 -0.9427111 -0.9465247 -0.9464351 -0.9442605 -0.946324 -0.9469522 -0.94904 -0.9483733 -0.950421 -0.9488034 -0.9508318 -0.9479125 -0.9496033 -0.9469537 -0.9455268 -0.9478115 -0.9467325
-0.9503383 -0.9483536 -0.9420898 -0.9413748 -0.9364806 -0.9376819 -0.9381751 -0.9399992 -0.9417819 -0.9425187 -0.9431996 -0.94334 -0.837434 -0.5934401 -0.8824337 -0.9060799 -0.9378016 -0.9398988 -0.9391099 -0.9417071 -0.9415277 -0.9441111 -0.9441122 -0.9419171 -0.9434972 -0.939874 -0.9386145 -0.936066 -0.9330747 -0.9339093 -0.9301448 -0.9291274 -0.9302663 -0.9274684 -0.9266712 -0.927673 -0.9243058 -0.9244171 -0.9245942 -0.9230128 -0.9261809 -0.9257572 -0.934575 -0.9423541 -0.9379234 -0.944075 -0.9448076 -0.9423978
-0.9553088 -0.9530203 -0.9502616 -0.9510388 -0.9498903 -0.9485326 -0.9495929 -0.9496513 -0.9479875 -0.9491335 -0.9490331 -0.950727 -0.9527525 -0.9508457 -0.7742353 -0.7467337 -0.8829472 -0.9438615 -0.945381 -0.9443242 -0.9471055 -0.9521334 -0.9565222 -0.9555374 -0.9563677 -0.9528262 -0.9511451 -0.9498467 -0.9504527 -0.9504868 -0.9483798 -0.9493966 -0.9497216 -0.9496438 -0.9499875 -0.9508936 -0.9509934 -0.9483687 -0.950048 -0.9509 -0.9499412 -0.9526547 -0.9503297 -0.9513546 -0.9511514 -0.9547626 -0.955384 -0.9540294
-1.711543 -1.712661 -1.712799 -1.71057 -1.707417 -1.7016 -1.725638 -1.72116 -1.700185 -1.697874 -1.699555 -1.703966 -1.703077 -1.709861 -1.710461 -1.709065 -1.615929 -1.603289 -1.717672 -1.731425 -1.712109 -1.725424 -1.725405 -1.727036 -1.72541 -1.719779 -1.708033 -1.707373 -1.711742 -1.719235 -1.720972 -1.718207 -1.719041 -1.719248 -1.727973 -1.738549 -1.73689 -1.741424 -1.740246 -1.738617 -1.74614 -1.75263 -1.750448 -1.74826 -1.754754 -1.744249 -1.743535 -1.740196
-1.833207 -1.835683 -1.842265 -1.832664 -1.853335 -1.854775 -1.847126 -1.850932 -1.861217 -1.853598 -1.841084 -1.834417 -1.835122 -1.833446 -1.836955 -1.837714 -1.837629 -1.988277 -2.27842 -2.428941 -2.393638 -2.301284 -2.222923 -2.165294 -2.151578 -2.154175 -2.154195 -2.149576 -2.151977 -2.156012 -2.151344 -2.141149 -2.140572 -2.135706 -2.123336 -2.124671 -2.136535 -2.149361 -2.14204 -2.141454 -2.136554 -2.131578 -2.136353 -2.135991 -2.134885 -2.132642 -2.131262 -2.125094
-1.608859 -1.610419 -1.605848 -1.607457 -1.610567 -1.608696 -1.603645 -1.606078 -1.605721 -1.605612 -1.606796 -1.604637 -1.595942 -1.596471 -1.600331 -1.601646 -1.601573 -1.604569 -1.483376 -1.533229 -1.618395 -1.616806 -1.600063 -1.622478 -1.624021 -1.62082 -1.615831 -1.616616 -1.610303 -1.600916 -1.600937 -1.609121 -1.614558 -1.614984 -1.610111 -1.607495 -1.609747 -1.613222 -1.611549 -1.61282 -1.611939 -1.612226 -1.614292 -1.610897 -1.605341 -1.598798 -1.582068 -1.582793
-1.508421 -1.501959 -1.496754 -1.491096 -1.488451 -1.485093 -1.475562 -1.469724 -1.473996 -1.470643 -1.483002 -1.508805 -1.510646 -1.503859 -1.504257 -1.504989 -1.508473 -1.505689 -1.50929 -1.509328 -1.50518 -1.497106 -1.487639 -1.482193 -1.477191 -1.482057 -1.479199 -1.479532 -1.479197 -1.478782 -1.4756 -1.464915 -1.467426 -1.490878 -1.488658 -1.481215 -1.495101 -1.504858 -1.500424 -1.490946 -1.488386 -1.481661 -1.478997 -1.477427 -1.478887 -1.484097 -1.47473 -1.476207
-1.611473 -1.613165 -1.609147 -1.607491 -1.626795 -1.638265 -1.651525 -1.648216 -1.654436 -1.65039 -1.638672 -1.62558 -1.608189 -1.466314 -1.546475 -1.600179 -1.61269 -1.600574 -1.606763 -1.609922 -1.600166 -1.601715 -1.605377 -1.613091 -1.620981 -1.621324 -1.619715 -1.604151 -1.607271 -1.612485 -1.616449 -1.631703 -1.643887 -1.632941 -1.630121 -1.634673 -1.655378 -1.66433 -1.639166 -1.625218 -1.627688 -1.635955 -1.640643 -1.642686 -1.637533 -1.627296 -1.617324 -1.62408
-1.475092 -1.48495 -1.47945 -1.478563 -1.477417 -1.473098 -1.477248 -1.476462 -1.474268 -1.466189 -1.455637 -1.449964 -1.449415 -1.438207 -1.425422 -1.447916 -1.470367 -1.472655 -1.471479 -1.46462 -1.524816 -1.506017 -1.465094 -1.460421 -1.463087 -1.460986 -1.446316 -1.456644 -1.459649 -1.460323 -1.462324 -1.460016 -1.463076 -1.468029 -1.463179 -1.456592 -1.461439 -1.467626 -1.469106 -1.479342 -1.477823 -1.4665 -1.463826 -1.465406 -1.475956 -1.475116 -1.473436 -1.470469
-1.501438 -1.487676 -1.477827 -1.47757 -1.467235 -1.470639 -1.473427 -1.471961 -1.475012 -1.470902 -1.473115 -1.455846 -1.451411 -1.453359 -1.457833 -1.44761 -1.439958 -1.439134 -1.445437 -1.448325 -1.527468 -1.568766 -1.466234 -1.427135 -1.487955 -1.506343 -1.481078 -1.46717 -1.461836 -1.465441 -1.440154 -1.436293 -1.427953 -1.429786 -1.435597 -1.429623 -1.416658 -1.419933 -1.432049 -1.436869 -1.445415 -1.456507 -1.465338 -1.462496 -1.461308 -1.467981 -1.465392 -1.467734
-1.489922 -1.50021 -1.502047 -1.492164 -1.482664 -1.478985 -1.490283 -1.494032 -1.494738 -1.503692 -1.498054 -1.48824 -1.496706 -1.656671 -1.685784 -1.636391 -1.585155 -1.575287 -1.5435 -1.490233 -1.480999 -1.479599 -1.479559 -1.474938 -1.460217 -1.468678 -1.480889 -1.479825 -1.461229 -1.472078 -1.500255 -1.499825 -1.495456 -1.471715 -1.464963 -1.470073 -1.470634 -1.481119 -1.483838 -1.493173 -1.484601 -1.492247 -1.492815 -1.484838 -1.491941 -1.484656 -1.475383 -1.460142
-1.468171 -1.480768 -1.485959 -1.477688 -1.475502 -1.475577 -1.477558 -1.472751 -1.488287 -1.483535 -1.489311 -1.49767 -1.478789 -1.484501 -1.500756 -1.492611 -1.497678 -1.485021 -1.486194 -1.507806 -1.507879 -1.484203 -1.475481 -1.489272 -1.484035 -1.471226 -1.494323 -1.487126 -1.473055 -1.467194 -1.46669 -1.492312 -1.493342 -1.473521 -1.455066 -1.460497 -1.459064 -1.466565 -1.48837 -1.48514 -1.482427 -1.478465 -1.468151 -1.481016 -1.485498 -1.493254 -1.498522 -1.500878
-1.497936 -1.500919 -1.482986 -1.469524 -1.473875 -1.485404 -1.487294 -1.48948 -1.488972 -1.483186 -1.491764 -1.460977 -1.465849 -1.462965 -1.459033 -1.456505 -1.455898 -1.481068 -1.489359 -1.601505 -1.641798 -1.469381 -1.466012 -1.502678 -1.502853 -1.491468 -1.492334 -1.481765 -1.458373 -1.453022 -1.444249 -1.456404 -1.468066 -1.471821 -1.481113 -1.476989 -1.468235 -1.464795 -1.468785 -1.470824 -1.464814 -1.469059 -1.479369 -1.487632 -1.485768 -1.48632 -1.485093 -1.492856
-1.796598 -1.797526 -1.795905 -1.799087 -1.797725 -1.794475 -1.793641 -1.791456 -1.788427 -1.788126 -1.789424 -1.790744 -1.789732 -1.792453 -1.790543 -1.790437 -1.791588 -1.823455 -1.790388 -1.785941 -1.786425 -1.785102 -1.786152 -1.787187 -1.786286 -1.787349 -1.78675 -1.784373 -1.784568 -1.782167 -1.782452 -1.779448 -1.779242 -1.77783 -1.77912 -1.777755 -1.777735 -1.777925 -1.776973 -1.776845 -1.775754 -1.776814 -1.77462 -1.772693 -1.771302 -1.772096 -1.769724 -1.77035
-1.752097 -1.751494 -1.751176 -1.748703 -1.748956 -1.745416 -1.745013 -1.740868 -1.740297 -1.738461 -1.739692 -1.740465 -1.813019 -1.746795 -1.749861 -1.7455 -1.747683 -1.744854 -1.74421 -1.744132 -1.743345 -1.741857 -1.741291 -1.739316 -1.738053 -1.736266 -1.736146 -1.733899 -1.734105 -1.733141 -1.731224 -1.729318 -1.727887 -1.728242 -1.728347 -1.729508 -1.729244 -1.728457 -1.72888 -1.727044 -1.727515 -1.724879 -1.725494 -1.723964 -1.724483 -1.721077 -1.720633 -1.718109
-1.719598 -1.720043 -1.719979 -1.72109 -1.71915 -1.720116 -1.719416 -1.719123 -1.719824 -1.725401 -1.747551 -1.712593 -1.716959 -1.713647 -1.716173 -1.714411 -1.715361 -1.713725 -1.714238 -1.713474 -1.714504 -1.714876 -1.715623 -1.71422 -1.714799 -1.713278 -1.714048 -1.713414 -1.712675 -1.712488 -1.711667 -1.712431 -1.711785 -1.711383 -1.709356 -1.71025 -1.709236 -1.708762 -1.706958 -1.707151 -1.706141 -1.706588 -1.706375 -1.704422 -1.70491 -1.703935 -1.702344 -1.703296
-1.698075 -1.697202 -1.697174 -1.696267 -1.695967 -1.696243 -1.696571 -1.696282 -1.696679 -1.696017 -1.696418 -1.695966 -1.684781 -1.733252 -1.724469 -1.684868 -1.698264 -1.691876 -1.691531 -1.691358 -1.6928 -1.693247 -1.694844 -1.695592 -1.697462 -1.695203 -1.694969 -1.694601 -1.693243 -1.694435 -1.691379 -1.691332 -1.689729 -1.690359 -1.690235 -1.690392 -1.690332 -1.68973 -1.69184 -1.691453 -1.691576 -1.690024 -1.688575 -1.68836 -1.688226 -1.685017 -1.682644 -1.684045
-1.781611 -1.779392 -1.777981 -1.779173 -1.777259 -1.777564 -1.778315 -1.775144 -1.777361 -1.807978 -1.796143 -1.773707 -1.766366 -1.765143 -1.76807 -1.770961 -1.774653 -1.783344 -1.781317 -1.78156 -1.780221 -1.783249 -1.779237 -1.778927 -1.777773 -1.778315 -1.775784 -1.773975 -1.775687 -1.773442 -1.771571 -1.767935 -1.768282 -1.769353 -1.768151 -1.765724 -1.766369 -1.76665 -1.764376 -1.766684 -1.766792 -1.767204 -1.770609 -1.769185 -1.768206 -1.767652 -1.764532 -1.766624
-1.763933 -1.763348 -1.767381 -1.768095 -1.76877 -1.766142 -1.759428 -1.757024 -1.754498 -1.751116 -1.752474 -1.750284 -1.752917 -1.796933 -1.775271 -1.779175 -1.785019 -1.784706 -1.792404 -1.783239 -1.777476 -1.771981 -1.774109 -1.772568 -1.771422 -1.769939 -1.767561 -1.76377 -1.765499 -1.762102 -1.762233 -1.76079 -1.761672 -1.766925 -1.772798 -1.779183 -1.778649 -1.781737 -1.783847 -1.787549 -1.792193 -1.795158 -1.793467 -1.793782 -1.792931 -1.791915 -1.791349 -1.791132
-1.783422 -1.78543 -1.78823 -1.78826 -1.792799 -1.789677 -1.791515 -1.787477 -1.788603 -1.789016 -1.783821 -1.78208 -1.78471 -1.829918 -1.829735 -1.779879 -1.786708 -1.784621 -1.786827 -1.78681 -1.786073 -1.784399 -1.78358 -1.783979 -1.790628 -1.78892 -1.790816 -1.788332 -1.786938 -1.786305 -1.784328 -1.784986 -1.784248 -1.782329 -1.786821 -1.787086 -1.790118 -1.793967 -1.794675 -1.794781 -1.796286 -1.794468 -1.792906 -1.788316 -1.789114 -1.786159 -1.78519 -1.789002
-1.780616 -1.781012 -1.780295 -1.777561 -1.778043 -1.776827 -1.781438 -1.780424 -1.78125 -1.78147 -1.779072 -1.778306 -1.775474 -1.832625 -1.885517 -1.808761 -1.79767 -1.79325 -1.789429 -1.790171 -1.786862 -1.78646 -1.784319 -1.783907 -1.783084 -1.783181 -1.781604 -1.782194 -1.780622 -1.780592 -1.780035 -1.780372 -1.780175 -1.779022 -1.778124 -1.778051 -1.780594 -1.779734 -1.781512 -1.781574 -1.782548 -1.781567 -1.783182 -1.781969 -1.781415 -1.780458 -1.780324 -1.781636
1.232295 1.230781 1.232806 1.232462 1.234872 1.238169 1.236979 1.241094 1.24681 1.254313 1.252349 1.172601 1.256319 1.22866 1.254505 1.256145 1.260921 1.267876 1.262732 1.260578 1.264515 1.251236 1.244552 1.237616 1.230213 1.223696 1.220213 1.218733 1.21512 1.209443 1.211219 1.21644 1.219294 1.220281 1.22086 1.218359 1.21892 1.224501 1.225715 1.224713 1.223089 1.220764 1.221486 1.222872 1.225214 1.228061 1.233048 1.238494
1.231498 1.233197 1.233587 1.236642 1.235204 1.237081 1.231598 1.228162 1.224403 1.216155 1.211588 1.207218 1.207222 1.208091 1.209023 1.151948 1.082969 1.143595 1.170899 1.169855 1.183776 1.186315 1.192021 1.202427 1.205051 1.201915 1.197223 1.198106 1.200874 1.204374 1.208121 1.213969 1.218387 1.218543 1.216169 1.213423 1.209271 1.212087 1.211482 1.215232 1.221395 1.221868 1.230322 1.227762 1.223144 1.225592 1.222929 1.224049
1.178666 1.180328 1.180864 1.178423 1.177855 1.179309 1.1786 1.17806 1.179139 1.179178 1.179494 1.183164 1.183457 1.181954 1.181215 1.18691 1.181377 1.182258 1.193428 1.193277 1.189002 1.188518 1.184237 1.182114 1.180151 1.180548 1.184897 1.180789 1.178703 1.179956 1.181339 1.180679 1.185106 1.18795 1.186097 1.186452 1.185266 1.187036 1.188498 1.1857 1.183513 1.185069 1.184436 1.183295 1.183822 1.182959 1.184239 1.184847
0.6922662 0.6880633 0.6859958 0.6850119 0.6859765 0.6870165 0.6823817 0.6822993 0.6843714 0.6855845 0.6882864 0.6940992 0.6900356 0.6848578 0.6856025 0.7054931 0.7128196 0.687896 0.6849145 0.6749684 0.6768704 0.6804614 0.6831665 0.6856691 0.6884218 0.6902304 0.6891003 0.6887877 0.6861252 0.6853267 0.6851208 0.6815026 0.6821797 0.679846 0.6787927 0.7135067 0.9031496 1.16134 1.387383 1.666475 1.951048 2.047525 2.059021 2.059911 2.059674 2.05967 2.058959 2.057091
2.014722 2.012598 2.013047 2.012828 2.014428 2.013718 2.012682 2.009683 2.012929 2.011422 2.009589 2.009856 2.006253 2.004246 2.004838 2.014967 2.018409 2.000533 1.996317 1.991437 1.995893 1.999375 1.999568 2.003032 2.012048 2.014646 2.016638 2.017555 2.016904 2.016833 2.020087 2.02047 2.0216 2.022239 2.023331 2.024134 2.026952 2.029799 2.030813 2.030842 2.024272 2.017035 2.013089 2.009913 2.010119 2.012736 2.012519 2.007824
1.457374 1.452231 1.450581 1.450887 1.446914 1.433944 1.438517 1.441367 1.446158 1.443608 1.447645 1.445934 1.469659 1.459175 1.146504 1.439162 1.430176 1.446787 1.451296 1.449518 1.442949 1.440002 1.454541 1.460748 1.455332 1.455124 1.453694 1.45678 1.460491 1.463868 1.47094 1.463239 1.455079 1.450174 1.452153 1.448928 1.448124 1.443724 1.446099 1.439571 1.442257 1.437503 1.442261 1.443526 1.442773 1.442567 1.450163 1.442307
1.450163 1.442307 1.446874 1.43882 1.436489 1.440036 1.442079 1.446454 1.432032 1.043368 0.9142532 1.255716 1.423399 1.39626 1.394259 1.393624 1.408007 1.417703 1.431123 1.440229 1.430603 1.433217 1.43426 1.430932 1.435474 1.434399 1.439161 1.428272 1.421937 1.422756 1.428122 1.414873 1.419198 1.404414 1.423113 1.425295 1.4311 1.428538 1.429736 1.428138 1.417745 1.42019 1.426068 1.427304 1.425252 1.428952 1.432921 1.431885
1.43926 1.445343 1.453959 1.439729 1.445664 1.440378 1.437794 1.437048 1.430894 1.427895 1.43169 1.436969 1.439229 1.444144 1.305223 1.380917 1.437932 1.438009 1.44545 1.442297 1.436028 1.432733 1.437591 1.433688 1.433225 1.43093 1.417269 1.413261 1.413942 1.41648 1.421052 1.434536 1.43502 1.446003 1.448955 1.438697 1.437467 1.440908 1.441443 1.440461 1.440912 1.444722 1.437879 1.441371 1.442858 1.440053 1.442741 1.440674
1.446723 1.456476 1.457839 1.467546 1.467029 1.45287 1.451839 1.457718 1.45632 1.440161 1.443975 1.450096 1.462018 1.456742 1.460901 1.4522 1.411309 1.3267 1.42627 1.43036 1.448678 1.458876 1.449914 1.445995 1.452919 1.453471 1.457501 1.452343 1.453191 1.451616 1.450453 1.441502 1.43254 1.427249 1.434743 1.450897 1.454487 1.451185 1.467595 1.462243 1.471621 1.468541 1.463649 1.460844 1.463359 1.468335 1.45712 1.458583
1.482906 1.49468 1.497843 1.488965 1.489065 1.486471 1.498966 1.488554 1.476106 1.477662 1.474165 1.454694 1.431741 1.458856 1.479949 1.486797 1.49317 1.485463 1.483753 1.491109 1.488384 1.489916 1.489694 1.489622 1.48065 1.485639 1.484284 1.470685 1.479615 1.47927 1.488574 1.492324 1.498253 1.510226 1.486718 1.479839 1.498646 1.495188 1.499323 1.48313 1.473999 1.480357 1.481697 1.487694 1.497862 1.490713 1.490329 1.489664
1.492428 1.489086 1.485518 1.484419 1.485204 1.488476 1.486276 1.486474 1.488635 1.491067 1.48531 1.483799 1.390851 1.284586 1.466082 1.476796 1.483533 1.477518 1.465221 1.470405 1.479173 1.484954 1.49524 1.496952 1.497824 1.503629 1.51205 1.512676 1.512816 1.510114 1.508401 1.501835 1.497178 1.49219 1.493186 1.494635 1.494894 1.499113 1.504532 1.503255 1.504218 1.505579 1.500355 1.503748 1.502813 1.498976 1.494268 1.490878
1.496325 1.497602 1.518654 1.509904 1.51437 1.515306 1.516914 1.516345 1.51551 1.511997 1.503839 1.503473 1.504409 1.505619 1.497212 1.496055 1.483417 1.313496 1.18773 1.385368 1.434752 1.480135 1.479191 1.49219 1.493063 1.504314 1.509868 1.505918 1.504131 1.488824 1.505907 1.490428 1.49373 1.484377 1.497143 1.502602 1.506418 1.49821 1.500117 1.496394 1.49116 1.487405 1.497062 1.505057 1.513694 1.505311 1.504603 1.507925
1.503892 1.512798 1.505349 1.506865 1.493446 1.487642 1.488982 1.496808 1.486088 1.484132 1.404271 1.459652 1.49749 1.510405 1.504789 1.492066 1.49641 1.502872 1.502128 1.51599 1.491926 1.477299 1.479396 1.482803 1.495535 1.509532 1.511543 1.536222 1.546959 1.531053 1.517393 1.51708 1.508893 1.514686 1.513112 1.500911 1.500805 1.503446 1.499425 1.499885 1.501166 1.491043 1.501175 1.499629 1.502243 1.499439 1.499524 1.497149
1.520043 1.520965 1.522239 1.512901 1.515698 1.522187 1.523511 1.521237 1.524981 1.520552 1.523711 1.519536 1.514538 1.575669 1.60298 1.523916 1.522939 1.517385 1.506433 1.488435 1.502108 1.499661 1.504246 1.512459 1.507796 1.501309 1.502838 1.519289 1.506705 1.50615 1.51341 1.52046 1.52746 1.527056 1.518124 1.524339 1.512702 1.496035 1.503312 1.512438 1.513831 1.512858 1.518022 1.525049 1.511482 1.508719 1.501069 1.50361
1.500483 1.504948 1.505463 1.509217 1.516646 1.507416 1.51143 1.511808 1.511371 1.502287 1.504779 1.501335 1.502947 1.501702 1.498006 1.497115 1.495933 1.496796 1.513261 1.521238 1.510712 1.506692 1.514247 1.50419 1.504722 1.494859 1.498789 1.499998 1.500978 1.5042 1.505462 1.499765 1.502896 1.50127 1.50024 1.503447 1.504501 1.507789 1.504732 1.496816 1.497845 1.499418 1.500342 1.505318 1.499531 1.505487 1.500797 1.500163
1.48015 1.49315 1.495107 1.490548 1.479694 1.488726 1.488878 1.484592 1.483306 1.491011 1.487792 1.482399 1.482671 1.39661 1.334462 1.375442 1.44436 1.470263 1.475577 1.46584 1.474449 1.470054 1.469708 1.476958 1.481057 1.491595 1.493065 1.495043 1.49607 1.502739 1.500984 1.483563 1.492708 1.495787 1.492057 1.479164 1.48694 1.477111 1.459593 1.486597 1.476698 1.479292 1.48878 1.482583 1.477412 1.480964 1.480104 1.494277
1.525848 1.525794 1.528225 1.525185 1.508666 1.521448 1.54416 1.55321 1.54944 1.54938 1.546525 1.549691 1.550421 1.546742 1.54299 1.538191 1.542937 1.541176 1.54273 1.563015 1.555078 1.541065 1.542089 1.541199 1.533921 1.534894 1.528177 1.531451 1.555607 1.547445 1.544052 1.540753 1.54223 1.544402 1.543312 1.544286 1.541147 1.542773 1.548713 1.542328 1.538231 1.539319 1.537327 1.54113 1.546329 1.541959 1.539688 1.547148
1.517932 1.531364 1.544785 1.550741 1.560324 1.560621 1.561763 1.544831 1.546453 1.540777 1.539455 1.539589 1.537659 1.551016 1.526909 1.449099 1.416496 1.506474 1.564007 1.560772 1.564266 1.560854 1.565005 1.56799 1.56595 1.556523 1.559782 1.553901 1.554079 1.557654 1.561303 1.56261 1.559135 1.550481 1.559341 1.556626 1.566794 1.559989 1.556292 1.56513 1.565899 1.563986 1.556595 1.560542 1.559022 1.561278 1.560735 1.56424
3.119473 3.118351 3.120187 3.118922 3.1195 3.120691 3.119102 3.121302 3.120296 3.122236 3.119703 3.121824 3.120943 3.124135 3.122541 3.13029 -3.052658 -3.118843 3.121646 3.130787 3.130248 3.127036 3.125121 3.127512 3.126255 3.128567 3.12995 3.132456 3.133527 3.133059 3.133996 3.133559 3.135495 3.135325 3.138121 3.139175 3.137545 3.137872 3.139214 3.138232 3.139186 3.14005 -3.141577 -3.140441 -3.141 3.140723 -3.140261 -3.138828
3.132562 3.133121 3.134239 3.133024 3.133214 3.131373 3.132202 3.131473 3.133455 3.132574 3.133269 3.13373 3.13197 3.133066 3.133815 3.13285 3.132704 -3.01793 -2.799215 -2.9819 -3.120505 3.116157 3.110615 3.106758 3.100466 3.097225 3.102264 3.101174 3.102359 3.101891 3.102364 3.105067 3.10653 3.104415 3.106859 3.104742 3.103912 3.105451 3.102236 3.100769 3.100776 3.100247 3.099396 3.102079 3.099205 3.101815 3.100573 3.100648
3.106708 3.105528 3.105649 3.106519 3.103938 3.102256 3.101873 3.101035 3.099584 3.101749 3.100417 3.100938 3.103562 3.103218 3.106794 3.10727 3.109062 -3.085412 -2.543488 -2.584574 -2.760453 -2.899599 -2.940116 -2.959932 -2.977768 -2.993773 -2.995723 -2.997729 -2.996779 -2.999529 -3.000244 -2.996685 -2.995789 -2.998678 -3.002758 -3.001806 -3.002842 -3.002312 -3.000683 -2.998375 -2.996921 -2.997026 -2.993104 -2.991927 -2.994081 -2.993092 -2.991156 -2.988825
-2.839929 -2.83994 -2.841515 -2.844191 -2.843968 -2.84478 -2.845195 -2.845319 -2.844359 -2.823345 -2.569207 -2.785834 -2.816493 -2.823525 -2.829822 -2.834199 -2.837557 -2.837249 -2.835553 -2.833298 -2.834188 -2.83366 -2.835763 -2.834676 -2.834196 -2.83199 -2.83315 -2.83333 -2.832136 -2.831254 -2.828602 -2.82699 -2.826509 -2.826121 -2.824467 -2.823924 -2.82579 -2.826764 -2.826793 -2.825392 -2.825469 -2.826339 -2.827016 -2.826125 -2.825788 -2.824647 -2.824204 -2.82542
-2.853096 -2.855439 -2.854584 -2.855437 -2.85685 -2.859118 -2.862278 -2.859016 -2.858732 -2.859931 -2.859614 -2.858003 -2.859396 -2.855569 -2.855703 -2.732955 -2.753384 -2.840955 -2.844948 -2.85032 -2.852746 -2.855706 -2.856333 -2.857513 -2.85357 -2.848999 -2.843351 -2.84083 -2.840644 -2.841746 -2.836447 -2.839668 -2.839781 -2.838405 -2.839153 -2.838145 -2.837829 -2.836719 -2.836884 -2.836021 -2.837451 -2.837472 -2.836796 -2.836799 -2.83641 -2.838874 -2.836277 -2.836001
-2.838239 -2.841914 -2.841846 -2.844847 -2.849229 -2.851467 -2.851044 -2.852204 -2.85301 -2.853852 -2.856822 -2.860257 -2.859061 -2.857894 -2.857503 -2.85878 -2.857703 -2.859702 -2.464165 -2.519188 -2.705588 -2.78027 -2.803501 -2.845263 -2.858309 -2.853791 -2.847703 -2.850407 -2.854608 -2.855798 -2.851998 -2.845493 -2.844754 -2.845979 -2.847178 -2.847819 -2.84888 -2.847935 -2.850387 -2.849397 -2.8544 -2.854715 -2.85721 -2.85702 -2.860037 -2.857536 -2.857927 -2.857896
-2.375934 -2.378051 -2.380223 -2.383685 -2.385903 -2.385567 -2.386685 -2.387503 -2.386012 -2.386892 -2.384708 -2.384821 -2.354244 -2.219672 -2.356024 -2.373736 -2.345531 -2.335706 -2.347805 -2.353504 -2.362169 -2.365553 -2.362498 -2.361708 -2.357983 -2.352371 -2.352501 -2.345623 -2.348712 -2.346884 -2.349355 -2.347165 -2.347493 -2.345827 -2.341474 -2.336008 -2.329051 -2.323339 -2.317159 -2.317597 -2.318165 -2.31902 -2.32419 -2.327708 -2.331701 -2.337689 -2.341153 -2.339851
-2.341153 -2.339851 -2.340379 -2.339724 -2.340139 -2.341556 -2.343706 -2.346542 -2.344793 -2.34523 -2.346613 -2.347046 -2.346986 -2.347056 -2.347521 -2.346308 -2.339118 -2.264115 -2.346027 -2.339017 -2.323782 -2.341063 -2.359239 -2.368667 -2.368841 -2.360482 -2.357614 -2.35852 -2.359321 -2.361815 -2.3692 -2.363519 -2.364819 -2.376741 -2.381895 -2.383994 -2.386473 -2.382336 -2.3862 -2.386697 -2.385737 -2.387765 -2.387327 -2.387484 -2.391074 -2.393571 -2.391351 -2.389985
-0.1908913 -0.1892629 -0.1886329 -0.1893712 -0.1894047 -0.1900409 -0.1871063 -0.1860227 -0.1862204 -0.1854173 -0.1850054 -0.1841898 -0.1844439 -0.1857226 -0.1823494 -0.1827367 -0.1818266 -0.1803724 -0.1790079 -0.1756296 -0.1712291 -0.1292074 -0.1953185 -0.182051 -0.1879983 -0.2803952 -0.2815472 -0.2475447 -0.2452815 -0.2498606 -0.2210573 -0.2260214 -0.1967291 -0.1891029 -0.2003459 -0.1930026 -0.1850796 -0.1845536 -0.1819615 -0.1737449 -0.1513945 -0.1357584 -0.1377782 -0.153206 -0.1564926 -0.1669979 -0.173097 -0.1754416
-0.1707785 -0.1727755 -0.1714242 -0.1727079 -0.1757748 -0.1779699 -0.176394 -0.176449 -0.1766657 -0.1764026 -0.1775492 -0.174203 -0.1736226 -0.1731979 -0.174246 -0.1766583 -0.177947 -0.1774606 -0.1783141 -0.1817664 -0.1806413 -0.1827895 -0.1808451 -0.181902 -0.1246164 0.002768256 -0.02634291 -0.08583306 -0.08275644 -0.09795368 -0.1421616 -0.1471444 -0.1533437 -0.169123 -0.1734142 -0.1632497 -0.1561113 -0.1658229 -0.1901761 -0.1845023 -0.1847918 -0.1907081 -0.1925591 -0.1853125 -0.1795867 -0.1863359 -0.187564 -0.1873022
-0.1838817 -0.1806874 -0.1836708 -0.1814402 -0.179013 -0.1807492 -0.1874797 -0.1903587 -0.1921614 -0.1960755 -0.195049 -0.2009929 -0.1924098 -0.187165 -0.1839349 -0.1778256 -0.1725542 -0.1731869 -0.1905361 -0.1885599 -0.1906322 -0.1881438 -0.1852245 -0.2012823 -0.2054304 -0.1924774 -0.1426095 -0.1302773 -0.09487571 -0.1052257 -0.1498296 -0.1564366 -0.1319489 -0.1584902 -0.1525233 -0.1610316 -0.1656379 -0.173788 -0.1816717 -0.1831386 -0.1870306 -0.1848502 -0.1817209 -0.1873161 -0.1918781 -0.1923696 -0.1984063 -0.2016585
-0.2131209 -0.2162791 -0.2125835 -0.20935 -0.2137132 -0.2222302 -0.2285949 -0.2217582 -0.2197556 -0.2182916 -0.2189356 -0.2185777 -0.2165426 -0.2166784 -0.2238977 -0.2239926 -0.2176792 -0.2207044 -0.2228734 -0.2198063 -0.2139321 -0.2114396 -0.09777344 -0.03206718 -0.06572817 -0.03687196 -0.0472183 -0.1007281 -0.1925544 -0.2369107 -0.2727264 -0.2681259 -0.2426744 -0.223227 -0.2176954 -0.2197402 -0.2220101 -0.2208593 -0.2212635 -0.2148482 -0.2157611 -0.2199524 -0.2250767 -0.2189682 -0.2165748 -0.2147379 -0.2152953 -0.2115012
-0.2159552 -0.2138414 -0.2076851 -0.2072616 -0.2127391 -0.2141343 -0.2132889 -0.2156653 -0.2159018 -0.2177544 -0.2194131 -0.2193458 -0.1918351 -0.08688046 -0.01236767 -0.09811255 -0.1876297 -0.2027588 -0.2050212 -0.198513 -0.276856 -0.2840241 -0.2853607 -0.2772776 -0.2590644 -0.2481722 -0.2480439 -0.2453479 -0.2333143 -0.226318 -0.230745 -0.2301635 -0.2366781 -0.2378882 -0.2343097 -0.2325064 -0.2311615 -0.2283621 -0.2246743 -0.2228857 -0.2247398 -0.2323945 -0.2301106 -0.2329985 -0.2342445 -0.2444832 -0.2406067 -0.240382
-0.2397543 -0.2437222 -0.243327 -0.2432083 -0.2432585 -0.2441687 -0.2407815 -0.2449454 -0.2467319 -0.241951 -0.2428909 -0.2424828 -0.2397764 -0.2398531 -0.2372737 -0.2364317 -0.2324033 -0.2293622 -0.2268365 -0.1503456 0.007951055 0.1889516 0.2218549 0.1842944 0.1622859 0.1429791 0.07633544 0.02585892 -0.06576991 -0.09837853 -0.09031191 -0.08613244 -0.07327314 -0.08848681 -0.08487198 -0.07094371 -0.08018184 -0.08197425 -0.07924107 -0.08565657 -0.09082225 -0.09420142 -0.09959631 -0.09577486 -0.08841147 -0.08443049 -0.08727761 -0.08458984
-0.07764372 -0.07487474 -0.07227566 -0.07619752 -0.07723418 -0.07087504 -0.07026166 -0.0757628 -0.07619578 -0.07472845 -0.07393148 -0.07096259 -0.06733729 -0.06674431 -0.0647431 -0.0669091 -0.06594955 -0.07137025 -0.1387347 -0.1084294 -0.07061285 -0.144221 -0.1623956 -0.127177 -0.09747448 -0.09172387 -0.08513738 -0.07614115 -0.06716055 -0.06624646 -0.0713435 -0.06683092 -0.06768491 -0.0611776 -0.06264806 -0.06620013 -0.0653524 -0.06664901 -0.06510481 -0.07030386 -0.07325238 -0.07138886 -0.07067507 -0.06494024 -0.05707888 -0.05572193 -0.0542437 -0.05533154
-0.05647298 -0.05728976 -0.06327898 -0.06117642 -0.06379185 -0.06020779 -0.05718716 -0.06328025 -0.06349316 -0.06138887 -0.06152965 -0.06182111 -0.05615564 -0.05632015 -0.05630086 -0.05813276 -0.05927784 -0.0636047 -0.06448099 -0.06534579 -0.06544146 -0.06092636 -0.05080923 -0.03718514 -0.02408538 0.05045194 -0.006058789 -0.02674088 -0.03059517 -0.05001999 -0.06228377 -0.07541334 -0.08228119 -0.0898347 -0.08376671 -0.07517424 -0.07982522 -0.07852083 -0.07502327 -0.0717799 -0.07236414 -0.07685611 -0.07508606 -0.07876493 -0.08037138 -0.07472491 -0.07817653 -0.080275
-0.07579971 -0.07047971 -0.07233593 -0.07239654 -0.07576996 -0.07612696 -0.073021 -0.07195046 -0.06909966 -0.07043187 -0.06866794 -0.061765 0.07006122 0.8307145 1.404038 1.772003 1.847988 1.686803 1.630571 1.571466 1.558697 1.55434 1.575584 1.572057 1.579335 1.564657 1.554026 1.542787 1.53246 1.554936 1.570809 1.465337 1.317662 1.170299 1.017939 0.8257862 0.6290199 0.3843823 0.2080063 0.01221603 -0.1838654 -0.2393229 -0.1875134 -0.18558 -0.1838159 -0.1800536 -0.1775278 -0.1737989
-0.1078244 -0.109079 -0.1109689 -0.1147051 -0.1200153 -0.1197818 -0.113889 -0.1085136 -0.1113844 -0.11267 -0.1132821 -0.1179017 -0.1170174 -0.1253902 -0.1307249 -0.09841562 -0.06940383 -0.1155704 -0.1248603 -0.1058676 -0.1107117 -0.1242656 -0.1343222 -0.1352073 -0.1327485 -0.1365459 -0.1420659 -0.1371687 -0.1257543 -0.121677 -0.120707 -0.1184602 -0.1207808 -0.1276542 -0.121915 -0.1199584 -0.1188019 -0.1227657 -0.1200108 -0.1193474 -0.1139547 -0.1085898 -0.1224117 -0.1298629 -0.1262363 -0.1280747 -0.1206186 -0.1190431
-0.1941474 -0.189555 -0.1924325 -0.191003 -0.185487 -0.1836575 -0.1861037 -0.1876556 -0.1876664 -0.1905414 -0.1922832 -0.2001307 -0.2010516 -0.2012702 -0.2007025 -0.1978928 -0.195801 -0.1955512 -0.1919159 -0.1942061 -0.1977138 -0.1914204 -0.1134259 -0.009708804 -0.01950292 -0.09958285 -0.1630217 -0.1854968 -0.195661 -0.2071003 -0.2060605 -0.2054313 -0.2075586 -0.2029445 -0.2075688 -0.2101506 -0.2071521 -0.2023958 -0.1993797 -0.195277 -0.1933052 -0.197362 -0.1884408 -0.1794149 -0.1833741 -0.1796647 -0.1830039 -0.1843553
-0.1590268 -0.1612843 -0.1576506 -0.1555214 -0.1683279 -0.1829623 -0.1799689 -0.1734845 -0.1718817 -0.1711641 -0.1678427 -0.1661425 -0.1667368 -0.1713627 -0.1779327 -0.1001235 0.04271876 -0.01575533 -0.1100032 -0.1400896 -0.145323 -0.1486446 -0.1500538 -0.160919 -0.1768726 -0.165157 -0.1656904 -0.1744847 -0.1628273 -0.1686073 -0.1665017 -0.1650327 -0.1663888 -0.1681297 -0.1688329 -0.1737663 -0.1761388 -0.173701 -0.1700013 -0.1678143 -0.1617971 -0.1564995 -0.1624912 -0.1594882 -0.1623799 -0.1646819 -0.1754463 -0.1788164
-0.1725879 -0.1723648 -0.1728264 -0.173017 -0.1752676 -0.1757129 -0.1773273 -0.1751281 -0.1742062 -0.1755119 -0.1738383 -0.1712236 -0.1738582 -0.1732679 -0.1733052 -0.1728142 -0.1745921 -0.1720024 -0.1711321 -0.1716698 -0.1695773 -0.1681741 -0.168313 -0.1711789 -0.1704531 -0.1692964 -0.1678674 -0.1672006 -0.09101262 0.4075988 0.5350339 0.4314609 0.3422466 0.2949156 0.2473512 0.2578275 0.27757 0.2534469 0.2367029 0.2285575 0.218746 0.2200531 0.2276584 0.2183967 0.2086762 0.2002928 0.2008501 0.1989984
-3.11745 -3.123036 -3.12601 -3.078893 -3.094969 -3.067878 -3.085964 -3.116653 -3.118357 -3.12036 -3.114736 -3.117612 -3.119691 -3.121111 -3.123446 -3.074262 -2.997616 -3.087891 -3.109756 -3.132046 -3.127967 -3.135918 3.138808 3.135869 3.139864 3.133047 3.130657 3.132051 3.13377 3.135666 3.140485 -3.139706 -3.136164 -3.135233 -3.124093 -3.114783 -3.102633 -3.093002 -3.085816 -3.086656 -3.088246 -3.083769 -3.076051 -3.077549 -3.082067 -3.091062 -3.087575 -3.087349
-3.102633 -3.093002 -3.085816 -3.086656 -3.088246 -3.083769 -3.076051 -3.077549 -3.082067 -3.091062 -3.087575 -3.087349 -3.094076 -3.092902 -3.092796 -3.126812 3.07799 2.966998 2.933456 3.034693 3.138718 -3.101007 -3.088931 -3.08524 -3.08392 -3.084436 -3.084543 -3.082277 -3.078397 -3.076555 -3.074695 -3.07399 -3.070662 -3.070491 -3.070445 -3.071407 -3.068332 -3.067317 -3.068861 -3.069766 -3.067197 -3.066612 -3.066255 -3.068615 -3.069835 -3.069804 -3.067158 -3.059282
-2.896566 -2.897138 -2.892205 -2.891169 -2.886336 -2.883508 -2.882173 -2.876259 -2.875708 -2.87706 -2.87296 -2.87067 -2.870668 -2.874186 -2.84654 -2.799473 -2.90479 -2.879635 -2.936376 -2.993307 -3.013294 -3.021888 -3.015762 -2.983922 -2.918319 -2.860693 -2.851183 -2.85647 -2.857266 -2.863641 -2.869747 -2.859255 -2.855308 -2.866203 -2.868724 -2.874523 -2.876594 -2.874603 -2.873087 -2.868378 -2.863212 -2.861593 -2.863039 -2.860699 -2.861301 -2.861776 -2.862468 -2.857529
-2.850505 -2.851669 -2.84985 -2.849625 -2.847609 -2.846332 -2.84851 -2.85188 -2.849803 -2.847746 -2.846417 -2.845564 -2.845461 -2.841901 -2.814058 -2.726129 -2.755199 -2.784545 -2.781678 -2.808468 -2.828285 -2.871249 -2.892457 -2.898166 -2.913031 -2.912501 -2.896998 -2.891224 -2.881079 -2.868543 -2.861722 -2.859973 -2.85814 -2.854873 -2.846828 -2.848017 -2.856119 -2.854722 -2.853562 -2.850023 -2.842956 -2.836848 -2.841234 -2.839508 -2.84005 -2.83968 -2.845312 -2.846403
-2.828862 -2.829952 -2.829848 -2.831523 -2.828889 -2.828424 -2.829591 -2.833399 -2.834232 -2.835268 -2.830499 -2.826609 -2.823878 -2.826128 -2.828082 -2.829483 -2.83511 -2.944343 3.020752 2.768631 2.543332 2.340385 2.191327 2.097954 2.108848 2.187715 2.273742 2.320961 2.35797 2.365234 2.369922 2.388029 2.385654 2.387542 2.393782 2.401541 2.405919 2.40468 2.401052 2.403852 2.413524 2.420217 2.473884 2.577703 2.716513 2.800328 2.944895 3.049482
-2.926793 -2.928438 -2.931035 -2.935753 -2.937706 -2.939501 -2.937099 -2.936605 -2.933725 -2.936478 -2.933199 -2.93145 -2.935863 -2.939284 -2.937502 -2.930837 -2.925402 -2.927343 -2.954884 -2.964418 -3.012694 -2.995499 -2.950926 -2.951537 -2.950157 -2.939579 -2.943828 -2.940584 -2.933048 -2.935377 -2.93496 -2.933123 -2.93301 -2.929664 -2.932675 -2.931309 -2.928459 -2.926327 -2.929655 -2.937173 -2.93791 -2.934597 -2.938401 -2.948463 -2.945128 -2.931261 -2.926829 -2.920834
-3.040501 -3.042868 -3.041071 -3.039815 -3.03812 -3.03938 -3.038826 -3.039058 -3.038313 -3.040164 -3.041557 -3.042554 -3.043425 -3.043075 -3.040236 -3.039477 -3.042602 -3.041097 -3.036983 -2.998555 -3.017459 -3.032505 -3.007904 -3.030492 -3.070366 -3.112076 -3.096678 -3.088158 -3.091429 -3.085082 -3.081273 -3.078174 -3.054212 -3.052019 -3.050686 -3.050956 -3.049923 -3.049685 -3.05144 -3.050854 -3.053572 -3.060104 -3.058024 -3.061702 -3.065666 -3.067909 -3.068267 -3.064985
-3.081269 -3.082703 -3.085189 -3.08509 -3.082871 -3.083891 -3.083747 -3.081707 -3.082315 -3.080051 -3.082502 -3.084857 -3.085818 -3.084291 -3.078272 -3.036627 -3.027869 -3.053449 -3.085259 -3.097914 -3.102789 -3.13431 3.127549 -3.138558 -3.12896 -3.101578 -3.130126 -3.139171 -3.123736 -3.115925 -3.109046 -3.104344 -3.10128 -3.09739 -3.074815 -3.064404 -3.075371 -3.079983 -3.077862 -3.090542 -3.098565 -3.100449 -3.099981 -3.097172 -3.095901 -3.095562 -3.094405 -3.093556
-3.134548 -3.134789 -3.137613 -3.141059 3.135348 3.132352 3.135669 -3.137632 -3.133357 -3.134993 -3.130655 -3.128432 -3.124034 -3.13919 3.08596 2.78956 2.445895 2.351493 2.504867 2.576458 2.612743 2.62206 2.631352 2.637589 2.633314 2.636275 2.634044 2.638306 2.643727 2.64432 2.647483 2.648659 2.643484 2.644247 2.647203 2.640901 2.641734 2.644893 2.63835 2.634828 2.637557 2.634262 2.646988 2.67062 2.761532 2.85779 2.947487 3.055494
-3.108179 -3.104424 -3.104194 -3.107797 -3.112657 -3.106349 -3.100215 -3.095091 -3.086781 -3.085253 -3.094499 -3.101783 -3.094118 -3.088568 -3.098684 -3.096497 -3.097447 -3.096459 -3.10656 3.069025 2.870651 2.790382 2.792572 2.861459 3.025272 3.051693 3.061582 3.067835 3.076927 3.084347 3.087113 3.087407 3.091956 3.092353 3.092273 3.090472 3.088648 3.087923 3.089303 3.094075 3.091073 3.090184 3.090939 3.087287 3.082626 3.079301 3.080335 3.079246
3.069096 3.067956 3.058877 3.054287 3.05871 3.059642 3.059426 3.062086 3.061442 3.059917 3.058311 3.047436 3.050595 3.060628 3.05692 3.054565 2.889411 2.752252 2.702496 2.825291 2.897427 2.972317 2.988669 2.98644 2.986404 2.98175 2.975756 2.981644 2.994227 2.998554 2.998755 2.996597 2.995529 2.997374 3.000148 2.998158 2.995764 2.996841 2.997331 2.99786 3.004221 3.007183 3.002359 2.996916 2.993996 2.994981 3.039382 3.122416
-3.087734 -3.095676 -3.096263 -3.096588 -3.095331 -3.094957 -3.092626 -3.090558 -3.090105 -3.088878 -3.094805 -3.094439 -3.097272 -3.096547 -3.095912 -3.094791 -3.093252 -3.097038 -3.102013 3.10347 3.056611 3.01469 2.92614 2.784264 2.787224 2.86987 2.939909 2.993937 3.003056 3.012735 3.026441 3.038771 3.043973 3.043029 3.043969 3.044758 3.044983 3.048635 3.052786 3.05217 3.047334 3.041921 3.049145 3.052712 3.054352 3.050917 3.038932 3.038997
3.074125 3.054223 3.072144 3.088549 3.085425 3.080364 3.087967 3.086434 3.083658 3.071506 3.062578 3.04529 3.017997 3.054079 3.072621 3.043713 2.888562 2.76025 2.681696 2.62599 2.686236 2.77966 2.852673 2.877833 2.880232 2.894493 2.90367 2.900898 2.904387 2.908775 2.911562 2.914943 2.909696 2.91069 2.911181 2.902968 2.898209 2.898964 2.90448 2.905602 2.906318 2.910741 2.916243 2.918817 2.91656 2.917534 2.918942 2.915369
-1.545825 -1.54793 -1.542269 -1.532383 -1.536653 -1.539482 -1.537304 -1.536035 -1.53525 -1.54038 -1.545712 -1.543351 -1.541773 -1.543859 -1.545192 -1.544962 -1.548788 -1.551156 -1.553462 -1.557204 -1.652431 -1.785182 -1.779909 -1.688887 -1.578222 -1.55349 -1.546384 -1.551631 -1.545177 -1.553877 -1.55179 -1.547219 -1.54704 -1.548129 -1.554852 -1.561211 -1.566962 -1.567599 -1.564888 -1.56022 -1.552809 -1.552674 -1.556578 -1.554425 -1.556879 -1.558586 -1.561932 -1.568128
-1.606913 -1.599137 -1.593817 -1.598338 -1.596895 -1.596232 -1.624135 -1.623568 -1.610663 -1.621907 -1.614899 -1.610181 -1.618339 -1.621041 -1.613597 -1.61124 -1.611229 -1.611945 -1.610647 -1.616956 -1.629679 -1.706001 -1.799218 -1.818321 -1.72386 -1.642009 -1.614505 -1.617879 -1.624288 -1.617087 -1.62792 -1.627894 -1.62167 -1.616794 -1.615742 -1.622369 -1.626236 -1.627728 -1.62667 -1.626334 -1.62818 -1.628788 -1.629673 -1.630138 -1.629152 -1.629863 -1.624629 -1.621186
-1.633961 -1.632617 -1.631068 -1.62764 -1.627729 -1.628387 -1.627863 -1.625902 -1.625504 -1.623365 -1.622206 -1.621647 -1.623136 -1.620633 -1.619571 -1.619806 -1.61755 -1.616247 -1.616514 -1.61839 -1.62103 -1.621762 -1.622839 -1.620166 -1.618075 -1.622303 -1.622521 -1.614949 -1.70238 -1.887227 -2.028342 -2.127999 -2.262898 -2.305264 -2.277749 -2.163848 -2.113605 -2.087999 -2.056789 -2.027138 -2.018651 -2.024476 -2.022594 -2.015556 -2.013137 -2.010191 -2.006281 -2.006257
-1.486282 -1.486873 -1.488017 -1.48899 -1.486593 -1.48678 -1.486984 -1.485346 -1.482933 -1.486328 -1.486561 -1.4865 -1.485924 -1.484849 -1.486871 -1.485605 -1.495481 -1.525325 -1.62474 -1.68348 -1.642606 -1.596867 -1.551987 -1.547439 -1.520083 -1.490929 -1.506336 -1.522306 -1.49794 -1.491518 -1.485094 -1.483762 -1.488072 -1.488534 -1.48508 -1.488414 -1.49361 -1.497943 -1.497372 -1.487903 -1.482203 -1.479987 -1.477896 -1.481391 -1.47927 -1.477604 -1.479914 -1.481813
-1.485036 -1.490951 -1.494903 -1.495734 -1.495336 -1.486909 -1.479245 -1.476438 -1.478593 -1.473472 -1.465359 -1.46532 -1.465504 -1.471615 -1.474875 -1.480912 -1.479764 -1.481413 -1.482734 -1.481023 -1.484002 -1.4807 -1.477992 -1.47686 -1.534268 -1.868845 -2.262726 -2.668151 -3.027547 -3.057863 -2.912593 -2.825436 -2.792909 -2.787427 -2.786023 -2.766667 -2.765697 -2.776069 -2.776207 -2.764719 -2.759505 -2.758017 -2.758501 -2.7587 -2.760927 -2.762638 -2.763073 -2.764417
-1.440665 -1.433699 -1.429337 -1.435241 -1.437611 -1.436035 -1.432782 -1.436967 -1.436627 -1.43337 -1.432073 -1.433436 -1.439991 -1.441513 -1.434844 -1.436031 -1.441897 -1.443437 -1.436585 -1.42755 -1.42729 -1.430716 -1.424961 -1.426823 -1.420252 -1.418069 -1.42318 -1.39046 -1.398841 -1.421535 -1.431414 -1.44048 -1.432766 -1.453112 -1.443769 -1.427135 -1.421169 -1.422111 -1.423331 -1.42505 -1.427138 -1.431066 -1.432697 -1.431212 -1.434986 -1.443285 -1.447228 -1.441834
-1.433388 -1.438359 -1.445098 -1.446944 -1.451761 -1.450953 -1.457254 -1.458002 -1.457476 -1.458485 -1.45773 -1.453948 -1.451089 -1.449597 -1.44864 -1.446975 -1.444404 -1.444782 -1.446758 -1.44796 -1.44768 -1.443981 -1.438946 -1.439603 -1.448344 -1.452997 -1.443796 -1.476592 -1.536036 -1.448936 -1.423757 -1.448336 -1.442132 -1.434442 -1.437827 -1.435515 -1.431723 -1.431086 -1.435658 -1.436358 -1.436466 -1.435074 -1.430635 -1.432232 -1.432016 -1.429311 -1.429164 -1.43057
-1.439043 -1.441342 -1.44035 -1.4431 -1.444841 -1.445747 -1.442654 -1.442795 -1.445268 -1.44375 -1.444059 -1.435645 -1.430392 -1.432197 -1.433187 -1.435768 -1.439523 -1.440507 -1.436105 -1.437791 -1.447533 -1.44954 -1.431341 -1.445875 -1.481924 -1.403009 -1.43616 -1.474723 -1.446429 -1.44085 -1.42443 -1.421498 -1.428331 -1.422148 -1.419824 -1.426745 -1.42924 -1.43318 -1.431953 -1.435794 -1.435071 -1.437095 -1.433746 -1.433176 -1.432884 -1.43715 -1.441006 -1.441511
-1.761259 -1.760371 -1.76103 -1.756478 -1.754234 -1.755465 -1.753838 -1.754972 -1.752967 -1.753987 -1.75283 -1.754429 -1.72892 -1.681604 -1.626299 -1.640076 -1.714179 -1.736952 -1.726149 -1.730485 -1.734422 -1.744717 -1.742375 -1.743963 -1.742482 -1.748913 -1.750273 -1.753181 -1.756366 -1.755552 -1.762133 -1.77187 -1.774766 -1.778287 -1.777508 -1.778062 -1.780555 -1.780123 -1.780864 -1.77852 -1.776435 -1.776228 -1.774749 -1.777729 -1.776617 -1.777977 -1.780604 -1.779505
-1.756541 -1.752818 -1.749943 -1.750577 -1.756149 -1.759751 -1.761826 -1.762609 -1.761004 -1.757598 -1.756422 -1.754069 -1.755915 -1.757105 -1.758963 -1.757727 -1.755779 -1.715099 -1.679404 -1.72599 -1.758517 -1.761367 -1.783827 -1.776922 -1.781786 -1.783656 -1.780965 -1.779333 -1.774745 -1.77286 -1.771011 -1.770254 -1.772539 -1.766486 -1.766657 -1.764227 -1.765468 -1.76581 -1.766567 -1.76579 -1.764664 -1.765569 -1.765935 -1.766772 -1.768152 -1.768771 -1.769272 -1.770971
-1.764105 -1.768657 -1.769597 -1.770563 -1.773841 -1.77244 -1.769681 -1.770746 -1.769706 -1.770653 -1.756274 -1.71725 -1.775804 -1.72369 -1.739707 -1.752922 -1.766109 -1.770638 -1.76904 -1.766692 -1.768386 -1.766284 -1.768096 -1.769543 -1.770218 -1.770469 -1.773992 -1.777384 -1.778165 -1.783161 -1.783168 -1.783546 -1.783155 -1.784565 -1.783263 -1.784217 -1.784452 -1.783977 -1.781053 -1.779389 -1.778621 -1.775015 -1.775382 -1.774561 -1.776878 -1.779196 -1.778978 -1.777044
-1.776201 -1.778318 -1.779211 -1.778594 -1.780539 -1.782515 -1.781374 -1.782059 -1.779066 -1.780372 -1.780345 -1.778663 -1.780031 -1.783542 -1.746444 -1.757119 -1.768471 -1.73073 -1.745766 -1.754376 -1.766755 -1.790336 -1.786874 -1.785631 -1.785095 -1.784346 -1.782768 -1.784296 -1.783476 -1.783866 -1.785198 -1.785696 -1.786579 -1.785236 -1.78685 -1.78742 -1.787667 -1.787993 -1.793365 -1.793952 -1.796448 -1.798439 -1.801174 -1.804905 -1.805442 -1.80608 -1.806997 -1.801945
-1.797673 -1.797624 -1.79581 -1.796372 -1.795767 -1.798495 -1.800322 -1.800989 -1.802477 -1.804425 -1.803715 -1.804331 -1.809914 -1.776986 -1.785831 -1.772021 -1.790469 -1.773424 -1.786988 -1.782028 -1.779528 -1.772236 -1.774866 -1.783232 -1.78573 -1.785504 -1.784388 -1.782675 -1.78489 -1.784297 -1.788441 -1.789904 -1.792101 -1.795008 -1.796497 -1.796742 -1.796093 -1.79654 -1.795249 -1.799142 -1.797744 -1.798763 -1.80003 -1.799908 -1.799821 -1.799646 -1.797814 -1.796855
