332.0 300.0 281.0 248.0 258.0 259.0 265.0 310.0 322.0 295.0 278.0 258.0 261.0 277.0 299.0 295.0 313.0 351.0 383.0 427.0 392.0 408.0 367.0 354.0 324.0 366.0 390.0 323.0 283.0 243.0 308.0 317.0 348.0 314.0 310.0 322.0 298.0 312.0 329.0 280.0 341.0 361.0 332.0 308.0 286.0 287.0 310.0 315.0 307.0
359.0 380.0 291.0 288.0 302.0 296.0 316.0 358.0 402.0 329.0 292.0 303.0 337.0 333.0 318.0 318.0 309.0 310.0 328.0 321.0 337.0 339.0 349.0 349.0 336.0 327.0 371.0 347.0 336.0 341.0 297.0 324.0 321.0 347.0 331.0 328.0 318.0 335.0 312.0 342.0 338.0 312.0 319.0 330.0 324.0 324.0 320.0 325.0 329.0
327.0 306.0 328.0 350.0 348.0 316.0 327.0 326.0 324.0 306.0 318.0 306.0 311.0 354.0 330.0 311.0 291.0 323.0 331.0 339.0 327.0 324.0 316.0 328.0 335.0 338.0 319.0 321.0 323.0 333.0 333.0 327.0 325.0 336.0 342.0 331.0 334.0 338.0 327.0 326.0 340.0 325.0 314.0 316.0 312.0 316.0 321.0 338.0 314.0
338.0 331.0 330.0 321.0 344.0 327.0 341.0 345.0 336.0 329.0 331.0 337.0 338.0 352.0 345.0 345.0 336.0 330.0 327.0 335.0 330.0 345.0 315.0 332.0 321.0 355.0 368.0 360.0 392.0 378.0 379.0 407.0 378.0 422.0 387.0 364.0 374.0 369.0 350.0 364.0 364.0 343.0 354.0 347.0 370.0 359.0 363.0 371.0 368.0
328.0 322.0 338.0 327.0 308.0 297.0 302.0 292.0 277.0 308.0 309.0 316.0 296.0 274.0 291.0 289.0 306.0 311.0 290.0 288.0 289.0 284.0 277.0 275.0 272.0 276.0 271.0 271.0 277.0 275.0 291.0 288.0 281.0 284.0 287.0 297.0 298.0 314.0 296.0 284.0 287.0 291.0 291.0 311.0 326.0 330.0 311.0 339.0 336.0
347.0 352.0 325.0 320.0 328.0 312.0 321.0 331.0 317.0 317.0 315.0 331.0 320.0 307.0 307.0 303.0 315.0 304.0 304.0 305.0 310.0 319.0 328.0 320.0 331.0 322.0 315.0 332.0 327.0 326.0 328.0 316.0 319.0 334.0 322.0 314.0 285.0 289.0 297.0 284.0 294.0 284.0 295.0 291.0 293.0 313.0 333.0 334.0 321.0
343.0 381.0 361.0 376.0 360.0 330.0 359.0 387.0 405.0 333.0 355.0 420.0 402.0 363.0 362.0 348.0 359.0 402.0 339.0 395.0 349.0 303.0 411.0 361.0 292.0 308.0 326.0 268.0 285.0 372.0 404.0 376.0 378.0 387.0 383.0 389.0 397.0 372.0 410.0 455.0 358.0 371.0 352.0 338.0 301.0 394.0 366.0 385.0 386.0
418.0 391.0 388.0 376.0 353.0 379.0 412.0 412.0 395.0 368.0 389.0 426.0 453.0 380.0 428.0 458.0 426.0 433.0 430.0 485.0 489.0 489.0 450.0 441.0 478.0 489.0 463.0 472.0 417.0 467.0 463.0 447.0 490.0 462.0 432.0 473.0 412.0 421.0 373.0 490.0 465.0 490.0 490.0 345.0 436.0 379.0 481.0 490.0 490.0
304.0 320.0 333.0 332.0 335.0 343.0 333.0 327.0 324.0 305.0 296.0 313.0 315.0 302.0 310.0 303.0 321.0 325.0 319.0 332.0 312.0 307.0 298.0 312.0 329.0 329.0 337.0 339.0 319.0 322.0 337.0 329.0 300.0 315.0 317.0 334.0 315.0 325.0 325.0 328.0 323.0 325.0 323.0 306.0 312.0 315.0 307.0 308.0 329.0
307.0 341.0 382.0 367.0 347.0 357.0 343.0 359.0 342.0 345.0 349.0 338.0 351.0 354.0 355.0 359.0 345.0 347.0 353.0 364.0 357.0 357.0 350.0 348.0 349.0 352.0 344.0 344.0 353.0 353.0 335.0 348.0 332.0 338.0 335.0 348.0 327.0 331.0 352.0 357.0 347.0 343.0 357.0 358.0 328.0 348.0 350.0 328.0 329.0
356.0 351.0 368.0 371.0 352.0 362.0 371.0 352.0 360.0 346.0 358.0 359.0 353.0 347.0 371.0 378.0 358.0 349.0 367.0 343.0 354.0 344.0 365.0 360.0 346.0 363.0 357.0 346.0 367.0 369.0 361.0 351.0 371.0 353.0 340.0 346.0 370.0 335.0 361.0 346.0 339.0 335.0 367.0 343.0 360.0 367.0 355.0 365.0 349.0
348.0 348.0 354.0 348.0 342.0 349.0 348.0 357.0 366.0 350.0 381.0 393.0 380.0 388.0 393.0 388.0 362.0 364.0 339.0 343.0 342.0 341.0 359.0 343.0 348.0 349.0 361.0 359.0 366.0 389.0 382.0 405.0 369.0 368.0 373.0 376.0 370.0 359.0 368.0 355.0 362.0 352.0 379.0 373.0 381.0 349.0 364.0 389.0 377.0
440.0 417.0 400.0 394.0 388.0 371.0 376.0 380.0 365.0 368.0 380.0 374.0 365.0 365.0 349.0 373.0 367.0 361.0 388.0 383.0 379.0 380.0 388.0 386.0 399.0 385.0 400.0 375.0 376.0 376.0 378.0 369.0 381.0 384.0 417.0 385.0 405.0 376.0 376.0 378.0 370.0 391.0 380.0 382.0 362.0 372.0 362.0 389.0 392.0
342.0 381.0 342.0 392.0 385.0 370.0 365.0 345.0 399.0 371.0 368.0 345.0 333.0 407.0 361.0 383.0 341.0 386.0 411.0 345.0 369.0 97.0 432.0 472.0 360.0 360.0 363.0 406.0 381.0 374.0 389.0 332.0 360.0 341.0 362.0 351.0 353.0 343.0 332.0 321.0 269.0 266.0 323.0 392.0 435.0 435.0 411.0 401.0 350.0
360.0 338.0 356.0 346.0 365.0 371.0 335.0 377.0 352.0 365.0 331.0 339.0 330.0 355.0 343.0 337.0 354.0 376.0 379.0 365.0 364.0 353.0 327.0 353.0 364.0 80.0 475.0 475.0 341.0 386.0 352.0 473.0 379.0 338.0 336.0 325.0 365.0 329.0 323.0 337.0 318.0 343.0 326.0 317.0 349.0 318.0 320.0 334.0 310.0
358.0 393.0 376.0 376.0 357.0 366.0 358.0 351.0 349.0 373.0 365.0 382.0 263.0 475.0 355.0 385.0 391.0 335.0 362.0 367.0 391.0 400.0 353.0 363.0 379.0 344.0 352.0 355.0 330.0 340.0 360.0 325.0 353.0 336.0 353.0 345.0 389.0 369.0 350.0 369.0 354.0 358.0 374.0 407.0 382.0 400.0 354.0 402.0 361.0
381.0 347.0 395.0 379.0 369.0 362.0 348.0 382.0 364.0 396.0 360.0 396.0 117.0 442.0 424.0 369.0 365.0 342.0 372.0 473.0 475.0 413.0 428.0 421.0 400.0 373.0 402.0 363.0 376.0 368.0 344.0 317.0 348.0 332.0 346.0 331.0 331.0 360.0 346.0 338.0 354.0 371.0 329.0 328.0 311.0 339.0 322.0 340.0 359.0
343.0 328.0 363.0 338.0 328.0 350.0 322.0 323.0 333.0 29.0 453.0 378.0 342.0 361.0 362.0 342.0 363.0 358.0 333.0 363.0 365.0 362.0 369.0 348.0 354.0 368.0 362.0 338.0 351.0 374.0 345.0 363.0 335.0 355.0 346.0 332.0 334.0 312.0 323.0 345.0 302.0 307.0 329.0 348.0 312.0 356.0 344.0 336.0 325.0
329.0 348.0 312.0 356.0 344.0 336.0 325.0 356.0 331.0 347.0 23.0 171.0 475.0 475.0 475.0 475.0 423.0 396.0 370.0 362.0 351.0 360.0 347.0 383.0 356.0 390.0 375.0 360.0 390.0 383.0 390.0 402.0 347.0 399.0 388.0 388.0 390.0 384.0 367.0 374.0 360.0 389.0 366.0 375.0 372.0 372.0 417.0 356.0 375.0
396.0 390.0 367.0 377.0 379.0 375.0 375.0 394.0 371.0 393.0 414.0 49.0 475.0 427.0 419.0 366.0 359.0 387.0 416.0 370.0 421.0 408.0 375.0 387.0 399.0 343.0 390.0 348.0 374.0 365.0 354.0 351.0 366.0 361.0 359.0 337.0 356.0 346.0 324.0 321.0 355.0 274.0 346.0 357.0 397.0 444.0 418.0 385.0 358.0
372.0 348.0 326.0 356.0 356.0 325.0 338.0 336.0 333.0 348.0 369.0 335.0 356.0 322.0 268.0 128.0 475.0 438.0 405.0 347.0 384.0 361.0 353.0 374.0 369.0 393.0 391.0 361.0 369.0 368.0 341.0 349.0 345.0 367.0 374.0 395.0 383.0 369.0 366.0 378.0 343.0 348.0 395.0 372.0 371.0 358.0 366.0 390.0 362.0
394.0 406.0 363.0 364.0 371.0 377.0 443.0 366.0 337.0 363.0 348.0 367.0 387.0 354.0 374.0 371.0 270.0 451.0 376.0 374.0 365.0 390.0 392.0 356.0 375.0 364.0 353.0 336.0 349.0 381.0 378.0 340.0 353.0 356.0 368.0 406.0 387.0 363.0 374.0 366.0 407.0 421.0 373.0 392.0 408.0 414.0 371.0 358.0 337.0
376.0 405.0 362.0 336.0 431.0 380.0 406.0 376.0 438.0 392.0 391.0 408.0 362.0 407.0 379.0 365.0 368.0 315.0 460.0 460.0 441.0 337.0 373.0 340.0 363.0 371.0 412.0 353.0 358.0 370.0 358.0 348.0 336.0 346.0 353.0 304.0 341.0 375.0 367.0 333.0 347.0 333.0 348.0 363.0 364.0 361.0 351.0 352.0 347.0
386.0 412.0 373.0 416.0 402.0 377.0 376.0 374.0 369.0 376.0 379.0 378.0 356.0 361.0 360.0 365.0 367.0 357.0 259.0 464.0 455.0 371.0 368.0 436.0 394.0 414.0 388.0 374.0 407.0 372.0 387.0 417.0 399.0 370.0 376.0 369.0 364.0 367.0 387.0 381.0 396.0 366.0 409.0 387.0 383.0 378.0 369.0 338.0 362.0
392.0 377.0 364.0 342.0 331.0 325.0 324.0 326.0 344.0 336.0 335.0 401.0 403.0 361.0 370.0 375.0 393.0 389.0 400.0 406.0 394.0 378.0 378.0 362.0 362.0 363.0 382.0 369.0 368.0 366.0 365.0 351.0 336.0 376.0 430.0 412.0 357.0 413.0 409.0 386.0 394.0 436.0 378.0 380.0 408.0 422.0 410.0 370.0 359.0
412.0 363.0 352.0 357.0 373.0 427.0 407.0 383.0 396.0 379.0 328.0 323.0 253.0 438.0 368.0 321.0 320.0 367.0 358.0 333.0 329.0 319.0 346.0 351.0 372.0 352.0 349.0 359.0 348.0 363.0 375.0 370.0 416.0 397.0 376.0 420.0 445.0 383.0 333.0 365.0 428.0 451.0 409.0 413.0 371.0 366.0 346.0 379.0 379.0
419.0 438.0 403.0 430.0 376.0 397.0 418.0 381.0 369.0 425.0 370.0 386.0 340.0 316.0 328.0 439.0 419.0 434.0 402.0 479.0 447.0 339.0 269.0 335.0 384.0 358.0 398.0 396.0 425.0 401.0 384.0 382.0 399.0 385.0 363.0 389.0 450.0 427.0 421.0 426.0 408.0 410.0 405.0 465.0 454.0 387.0 397.0 387.0 385.0
480.0 445.0 370.0 403.0 434.0 409.0 437.0 367.0 414.0 414.0 408.0 405.0 422.0 418.0 380.0 389.0 343.0 348.0 364.0 391.0 376.0 458.0 413.0 425.0 323.0 287.0 376.0 405.0 386.0 392.0 464.0 345.0 330.0 337.0 365.0 383.0 340.0 321.0 301.0 347.0 369.0 390.0 401.0 430.0 419.0 413.0 408.0 406.0 383.0
401.0 449.0 383.0 432.0 409.0 476.0 475.0 438.0 431.0 421.0 406.0 429.0 297.0 352.0 399.0 496.0 496.0 496.0 439.0 481.0 496.0 430.0 383.0 340.0 365.0 431.0 409.0 389.0 356.0 388.0 426.0 457.0 474.0 406.0 377.0 411.0 407.0 427.0 452.0 428.0 413.0 434.0 430.0 480.0 340.0 454.0 434.0 386.0 403.0
396.0 439.0 459.0 392.0 479.0 462.0 439.0 433.0 425.0 379.0 441.0 474.0 347.0 493.0 497.0 446.0 390.0 404.0 453.0 424.0 440.0 419.0 448.0 497.0 497.0 470.0 386.0 497.0 425.0 398.0 493.0 369.0 498.0 460.0 411.0 433.0 408.0 372.0 408.0 467.0 428.0 435.0 419.0 413.0 478.0 443.0 448.0 443.0 398.0
385.0 458.0 381.0 366.0 382.0 384.0 415.0 452.0 470.0 427.0 421.0 329.0 367.0 398.0 372.0 390.0 332.0 423.0 446.0 304.0 498.0 424.0 347.0 362.0 498.0 498.0 499.0 484.0 448.0 389.0 401.0 375.0 424.0 390.0 433.0 437.0 399.0 421.0 473.0 436.0 402.0 403.0 461.0 445.0 456.0 477.0 497.0 434.0 455.0
304.0 300.0 310.0 328.0 325.0 312.0 318.0 307.0 307.0 323.0 318.0 334.0 334.0 335.0 336.0 487.0 447.0 364.0 335.0 320.0 323.0 328.0 324.0 358.0 333.0 334.0 328.0 334.0 340.0 330.0 327.0 316.0 344.0 318.0 323.0 326.0 316.0 339.0 318.0 338.0 333.0 332.0 334.0 324.0 337.0 328.0 328.0 331.0 334.0
343.0 350.0 339.0 341.0 327.0 333.0 335.0 328.0 314.0 351.0 330.0 322.0 336.0 434.0 496.0 351.0 314.0 323.0 337.0 337.0 339.0 365.0 366.0 369.0 368.0 345.0 362.0 341.0 334.0 348.0 340.0 341.0 338.0 351.0 340.0 327.0 343.0 336.0 351.0 347.0 337.0 336.0 357.0 363.0 345.0 356.0 349.0 345.0 349.0
350.0 337.0 340.0 352.0 349.0 329.0 341.0 346.0 394.0 260.0 207.0 297.0 298.0 364.0 347.0 333.0 336.0 354.0 338.0 361.0 338.0 348.0 358.0 360.0 352.0 328.0 346.0 322.0 356.0 340.0 346.0 346.0 341.0 342.0 354.0 355.0 360.0 357.0 353.0 359.0 365.0 357.0 349.0 338.0 362.0 353.0 347.0 343.0 337.0
344.0 346.0 341.0 349.0 351.0 334.0 351.0 330.0 328.0 333.0 350.0 410.0 161.0 422.0 275.0 298.0 261.0 341.0 340.0 335.0 345.0 358.0 362.0 368.0 361.0 348.0 344.0 348.0 349.0 347.0 340.0 344.0 330.0 343.0 345.0 327.0 339.0 337.0 341.0 352.0 340.0 347.0 344.0 332.0 332.0 320.0 324.0 336.0 345.0
324.0 320.0 315.0 333.0 330.0 333.0 309.0 435.0 421.0 247.0 286.0 306.0 315.0 325.0 332.0 342.0 324.0 337.0 337.0 334.0 328.0 320.0 331.0 339.0 306.0 308.0 320.0 332.0 307.0 332.0 307.0 309.0 331.0 328.0 308.0 324.0 330.0 316.0 319.0 312.0 329.0 346.0 345.0 324.0 292.0 331.0 328.0 322.0 330.0
339.0 354.0 353.0 355.0 369.0 353.0 328.0 324.0 346.0 330.0 333.0 500.0 151.0 334.0 210.0 281.0 314.0 361.0 332.0 301.0 290.0 296.0 327.0 347.0 339.0 320.0 304.0 285.0 341.0 313.0 305.0 316.0 297.0 314.0 325.0 351.0 353.0 344.0 337.0 347.0 338.0 322.0 319.0 325.0 342.0 337.0 317.0 322.0 328.0
307.0 341.0 340.0 340.0 330.0 326.0 342.0 325.0 317.0 322.0 300.0 296.0 325.0 465.0 477.0 239.0 250.0 275.0 337.0 354.0 351.0 357.0 351.0 336.0 343.0 334.0 351.0 336.0 331.0 335.0 342.0 345.0 339.0 333.0 339.0 367.0 371.0 361.0 360.0 368.0 354.0 348.0 352.0 362.0 367.0 352.0 348.0 359.0 342.0
334.0 355.0 354.0 343.0 354.0 332.0 336.0 349.0 346.0 353.0 349.0 321.0 336.0 349.0 406.0 500.0 414.0 318.0 269.0 351.0 358.0 366.0 367.0 353.0 343.0 361.0 362.0 344.0 331.0 343.0 307.0 341.0 382.0 367.0 347.0 357.0 343.0 359.0 342.0 345.0 349.0 338.0 351.0 354.0 355.0 359.0 345.0 347.0 353.0
332.0 335.0 308.0 325.0 304.0 322.0 303.0 313.0 307.0 292.0 288.0 475.0 285.0 326.0 313.0 335.0 295.0 245.0 226.0 252.0 201.0 243.0 256.0 242.0 242.0 260.0 272.0 267.0 277.0 317.0 299.0 311.0 291.0 311.0 321.0 301.0 316.0 299.0 318.0 321.0 304.0 312.0 294.0 312.0 332.0 329.0 314.0 301.0 313.0
317.0 300.0 292.0 320.0 326.0 331.0 343.0 322.0 380.0 385.0 373.0 355.0 390.0 354.0 346.0 15.0 475.0 475.0 475.0 450.0 341.0 403.0 321.0 314.0 280.0 331.0 355.0 316.0 337.0 334.0 318.0 326.0 296.0 338.0 311.0 318.0 328.0 330.0 343.0 308.0 292.0 288.0 270.0 284.0 279.0 285.0 291.0 318.0 311.0
301.0 291.0 288.0 332.0 328.0 315.0 309.0 316.0 317.0 328.0 324.0 328.0 282.0 290.0 15.0 276.0 384.0 366.0 344.0 292.0 322.0 327.0 281.0 305.0 319.0 336.0 321.0 320.0 311.0 339.0 318.0 332.0 322.0 326.0 316.0 304.0 289.0 327.0 339.0 289.0 324.0 316.0 313.0 327.0 307.0 323.0 318.0 314.0 311.0
346.0 332.0 341.0 324.0 309.0 292.0 309.0 309.0 314.0 307.0 291.0 282.0 316.0 333.0 331.0 308.0 43.0 382.0 406.0 322.0 322.0 361.0 307.0 309.0 287.0 281.0 285.0 308.0 315.0 314.0 315.0 316.0 317.0 325.0 331.0 324.0 354.0 354.0 328.0 352.0 330.0 322.0 386.0 309.0 325.0 323.0 327.0 327.0 328.0
327.0 330.0 345.0 342.0 356.0 353.0 372.0 337.0 371.0 396.0 375.0 368.0 379.0 345.0 15.0 406.0 459.0 403.0 404.0 375.0 410.0 355.0 381.0 358.0 348.0 341.0 321.0 325.0 367.0 335.0 336.0 356.0 350.0 329.0 312.0 319.0 314.0 312.0 350.0 358.0 353.0 365.0 331.0 361.0 342.0 343.0 377.0 398.0 363.0
331.0 292.0 322.0 283.0 331.0 349.0 303.0 284.0 306.0 307.0 306.0 301.0 303.0 15.0 468.0 453.0 309.0 227.0 258.0 322.0 312.0 298.0 248.0 253.0 282.0 299.0 277.0 301.0 229.0 274.0 262.0 263.0 299.0 240.0 241.0 293.0 275.0 313.0 294.0 317.0 277.0 264.0 304.0 274.0 305.0 306.0 265.0 265.0 293.0
265.0 265.0 293.0 287.0 303.0 278.0 271.0 285.0 271.0 15.0 40.0 331.0 469.0 469.0 469.0 328.0 329.0 355.0 322.0 308.0 235.0 309.0 308.0 277.0 288.0 289.0 280.0 245.0 282.0 322.0 291.0 294.0 279.0 321.0 261.0 220.0 304.0 283.0 274.0 289.0 298.0 328.0 297.0 281.0 293.0 302.0 298.0 287.0 275.0
307.0 295.0 291.0 303.0 282.0 293.0 297.0 313.0 380.0 338.0 349.0 351.0 293.0 86.0 473.0 263.0 303.0 281.0 304.0 305.0 279.0 291.0 281.0 358.0 327.0 363.0 352.0 375.0 356.0 300.0 307.0 310.0 359.0 260.0 342.0 327.0 321.0 294.0 300.0 300.0 263.0 333.0 330.0 317.0 324.0 313.0 284.0 285.0 299.0
286.0 309.0 309.0 315.0 346.0 306.0 310.0 283.0 337.0 338.0 314.0 311.0 336.0 302.0 307.0 329.0 478.0 307.0 296.0 348.0 284.0 336.0 321.0 318.0 306.0 296.0 295.0 293.0 328.0 289.0 322.0 368.0 381.0 369.0 351.0 270.0 325.0 346.0 290.0 330.0 271.0 317.0 306.0 287.0 295.0 293.0 389.0 303.0 310.0
274.0 267.0 268.0 276.0 290.0 292.0 294.0 245.0 301.0 348.0 370.0 321.0 256.0 417.0 273.0 391.0 280.0 284.0 341.0 345.0 269.0 281.0 263.0 283.0 272.0 291.0 315.0 275.0 326.0 318.0 308.0 313.0 323.0 296.0 280.0 241.0 356.0 244.0 271.0 281.0 303.0 282.0 308.0 279.0 318.0 301.0 296.0 314.0 317.0
322.0 333.0 321.0 332.0 303.0 320.0 322.0 327.0 315.0 295.0 328.0 358.0 83.0 82.0 256.0 477.0 378.0 325.0 390.0 362.0 328.0 312.0 317.0 316.0 314.0 312.0 302.0 291.0 277.0 297.0 261.0 299.0 334.0 314.0 320.0 283.0 308.0 322.0 300.0 290.0 292.0 313.0 312.0 307.0 288.0 301.0 285.0 307.0 335.0
291.0 291.0 225.0 307.0 332.0 270.0 280.0 271.0 289.0 273.0 325.0 305.0 292.0 276.0 326.0 299.0 309.0 15.0 485.0 485.0 432.0 330.0 295.0 306.0 285.0 287.0 264.0 290.0 254.0 292.0 317.0 289.0 307.0 311.0 318.0 255.0 267.0 293.0 294.0 290.0 272.0 304.0 312.0 286.0 260.0 268.0 342.0 293.0 304.0
289.0 296.0 328.0 294.0 322.0 334.0 328.0 315.0 325.0 331.0 281.0 430.0 248.0 296.0 317.0 350.0 325.0 306.0 292.0 252.0 277.0 315.0 314.0 325.0 352.0 282.0 171.0 250.0 254.0 197.0 252.0 270.0 232.0 271.0 295.0 260.0 328.0 314.0 295.0 295.0 317.0 335.0 293.0 272.0 315.0 299.0 287.0 303.0 326.0
286.0 272.0 271.0 274.0 289.0 258.0 259.0 262.0 273.0 282.0 266.0 259.0 263.0 241.0 71.0 335.0 285.0 334.0 299.0 296.0 323.0 291.0 278.0 301.0 279.0 279.0 277.0 287.0 288.0 304.0 258.0 238.0 253.0 271.0 273.0 253.0 259.0 293.0 253.0 269.0 264.0 245.0 253.0 234.0 286.0 277.0 318.0 280.0 252.0
287.0 269.0 277.0 232.0 242.0 277.0 235.0 276.0 242.0 285.0 279.0 280.0 256.0 275.0 273.0 287.0 283.0 268.0 351.0 222.0 265.0 272.0 290.0 278.0 261.0 246.0 261.0 268.0 286.0 288.0 285.0 281.0 275.0 276.0 290.0 260.0 266.0 276.0 282.0 301.0 287.0 300.0 264.0 283.0 272.0 243.0 275.0 262.0 288.0
278.0 247.0 296.0 324.0 357.0 269.0 247.0 268.0 284.0 254.0 332.0 289.0 287.0 288.0 357.0 271.0 256.0 297.0 280.0 319.0 296.0 283.0 284.0 262.0 256.0 287.0 232.0 300.0 306.0 206.0 277.0 315.0 289.0 314.0 350.0 354.0 334.0 413.0 451.0 271.0 307.0 240.0 375.0 395.0 335.0 318.0 294.0 282.0 187.0
359.0 344.0 312.0 336.0 393.0 289.0 260.0 272.0 292.0 288.0 297.0 259.0 286.0 298.0 303.0 308.0 314.0 313.0 299.0 279.0 320.0 283.0 350.0 298.0 342.0 327.0 347.0 331.0 279.0 281.0 281.0 311.0 277.0 334.0 318.0 348.0 319.0 313.0 297.0 288.0 275.0 311.0 288.0 297.0 305.0 294.0 339.0 326.0 319.0
249.0 300.0 270.0 315.0 316.0 327.0 251.0 323.0 318.0 333.0 308.0 299.0 326.0 320.0 300.0 297.0 279.0 272.0 274.0 318.0 334.0 326.0 298.0 298.0 268.0 277.0 287.0 321.0 299.0 299.0 304.0 308.0 284.0 281.0 289.0 287.0 279.0 277.0 299.0 235.0 293.0 303.0 259.0 291.0 287.0 301.0 291.0 298.0 259.0
286.0 314.0 308.0 317.0 285.0 305.0 279.0 297.0 297.0 321.0 288.0 316.0 304.0 310.0 294.0 232.0 299.0 316.0 336.0 346.0 352.0 343.0 303.0 326.0 282.0 332.0 298.0 298.0 287.0 287.0 313.0 296.0 287.0 282.0 293.0 299.0 289.0 315.0 301.0 320.0 311.0 305.0 296.0 312.0 281.0 299.0 292.0 306.0 276.0
292.0 289.0 296.0 291.0 286.0 278.0 282.0 309.0 283.0 286.0 313.0 308.0 309.0 283.0 273.0 315.0 286.0 296.0 129.0 188.0 336.0 277.0 337.0 349.0 340.0 310.0 318.0 296.0 285.0 289.0 286.0 300.0 289.0 264.0 279.0 286.0 273.0 302.0 318.0 293.0 288.0 296.0 306.0 301.0 287.0 281.0 316.0 293.0 293.0
296.0 280.0 319.0 290.0 294.0 314.0 298.0 316.0 309.0 300.0 314.0 298.0 323.0 319.0 296.0 302.0 312.0 313.0 59.0 236.0 265.0 449.0 408.0 438.0 377.0 375.0 327.0 310.0 306.0 307.0 295.0 313.0 289.0 311.0 328.0 309.0 317.0 302.0 296.0 317.0 314.0 309.0 314.0 311.0 282.0 309.0 283.0 280.0 299.0
279.0 307.0 306.0 316.0 307.0 295.0 291.0 301.0 290.0 296.0 89.0 244.0 386.0 312.0 305.0 309.0 323.0 295.0 300.0 296.0 322.0 327.0 320.0 301.0 289.0 314.0 301.0 317.0 288.0 295.0 283.0 293.0 291.0 283.0 282.0 301.0 301.0 309.0 304.0 307.0 304.0 316.0 304.0 291.0 295.0 311.0 300.0 334.0 310.0
318.0 302.0 315.0 328.0 314.0 341.0 310.0 313.0 312.0 308.0 330.0 307.0 308.0 72.0 219.0 339.0 347.0 319.0 336.0 340.0 321.0 300.0 289.0 314.0 282.0 288.0 320.0 284.0 297.0 270.0 288.0 301.0 286.0 285.0 297.0 288.0 308.0 275.0 326.0 297.0 295.0 284.0 277.0 281.0 303.0 290.0 305.0 320.0 289.0
282.0 291.0 300.0 310.0 323.0 302.0 316.0 314.0 321.0 299.0 305.0 308.0 336.0 293.0 303.0 326.0 334.0 297.0 320.0 67.0 245.0 445.0 475.0 392.0 333.0 292.0 293.0 290.0 320.0 311.0 297.0 301.0 297.0 290.0 310.0 300.0 309.0 305.0 313.0 306.0 298.0 300.0 324.0 324.0 300.0 313.0 295.0 313.0 307.0
338.0 336.0 369.0 370.0 338.0 339.0 331.0 328.0 333.0 357.0 327.0 278.0 424.0 389.0 335.0 384.0 371.0 379.0 336.0 370.0 342.0 314.0 326.0 356.0 335.0 330.0 326.0 327.0 326.0 332.0 333.0 314.0 304.0 292.0 278.0 272.0 262.0 246.0 235.0 265.0 260.0 269.0 298.0 279.0 273.0 299.0 296.0 293.0 297.0
299.0 296.0 293.0 297.0 298.0 290.0 297.0 289.0 293.0 286.0 302.0 304.0 312.0 299.0 323.0 310.0 291.0 475.0 364.0 322.0 432.0 372.0 301.0 331.0 293.0 321.0 286.0 316.0 289.0 347.0 320.0 294.0 322.0 354.0 338.0 376.0 339.0 310.0 358.0 343.0 349.0 367.0 367.0 321.0 362.0 364.0 385.0 327.0 376.0
377.0 376.0 369.0 362.0 371.0 351.0 355.0 357.0 349.0 352.0 348.0 346.0 332.0 359.0 352.0 345.0 338.0 345.0 339.0 342.0 205.0 165.0 361.0 196.0 366.0 454.0 454.0 454.0 454.0 454.0 454.0 369.0 384.0 371.0 411.0 359.0 373.0 346.0 384.0 343.0 313.0 230.0 241.0 318.0 315.0 319.0 326.0 336.0 331.0
316.0 332.0 310.0 337.0 333.0 338.0 334.0 321.0 329.0 330.0 322.0 330.0 318.0 327.0 326.0 329.0 323.0 332.0 330.0 342.0 340.0 321.0 352.0 338.0 351.0 184.0 20.0 147.0 305.0 161.0 320.0 362.0 232.0 298.0 319.0 308.0 290.0 295.0 321.0 342.0 319.0 304.0 328.0 321.0 323.0 295.0 311.0 314.0 320.0
289.0 304.0 308.0 305.0 301.0 309.0 327.0 316.0 318.0 337.0 336.0 335.0 298.0 303.0 298.0 301.0 298.0 307.0 295.0 346.0 327.0 318.0 330.0 322.0 363.0 367.0 343.0 326.0 145.0 256.0 180.0 282.0 270.0 273.0 275.0 285.0 284.0 305.0 289.0 291.0 308.0 290.0 317.0 298.0 308.0 297.0 304.0 315.0 317.0
312.0 325.0 318.0 331.0 334.0 379.0 362.0 323.0 309.0 317.0 308.0 328.0 340.0 338.0 359.0 346.0 330.0 319.0 333.0 324.0 318.0 329.0 237.0 64.0 158.0 224.0 95.0 220.0 321.0 349.0 389.0 339.0 354.0 373.0 291.0 321.0 303.0 314.0 336.0 338.0 317.0 333.0 319.0 318.0 335.0 332.0 334.0 334.0 330.0
338.0 322.0 310.0 313.0 323.0 342.0 313.0 329.0 326.0 340.0 336.0 352.0 350.0 209.0 15.0 286.0 335.0 290.0 381.0 262.0 221.0 376.0 467.0 467.0 450.0 426.0 403.0 374.0 377.0 373.0 362.0 334.0 344.0 373.0 354.0 366.0 361.0 382.0 385.0 360.0 369.0 381.0 383.0 361.0 408.0 371.0 352.0 342.0 378.0
366.0 379.0 380.0 408.0 407.0 421.0 400.0 402.0 370.0 380.0 388.0 380.0 396.0 392.0 391.0 394.0 375.0 374.0 371.0 194.0 32.0 24.0 25.0 96.0 218.0 154.0 346.0 396.0 418.0 405.0 333.0 348.0 332.0 297.0 363.0 280.0 299.0 341.0 373.0 329.0 351.0 357.0 365.0 358.0 381.0 364.0 326.0 344.0 363.0
368.0 359.0 356.0 357.0 349.0 338.0 345.0 369.0 357.0 364.0 362.0 356.0 335.0 354.0 345.0 342.0 358.0 317.0 478.0 305.0 277.0 478.0 478.0 479.0 430.0 408.0 375.0 349.0 349.0 341.0 375.0 371.0 360.0 366.0 353.0 368.0 376.0 361.0 353.0 370.0 399.0 383.0 370.0 355.0 360.0 345.0 361.0 348.0 360.0
373.0 376.0 379.0 393.0 363.0 375.0 372.0 372.0 389.0 389.0 390.0 396.0 368.0 369.0 378.0 363.0 372.0 363.0 364.0 385.0 383.0 374.0 378.0 347.0 332.0 255.0 303.0 303.0 286.0 285.0 376.0 412.0 449.0 380.0 398.0 351.0 341.0 371.0 360.0 352.0 364.0 350.0 353.0 339.0 379.0 363.0 345.0 361.0 378.0
375.0 356.0 378.0 359.0 382.0 369.0 359.0 396.0 392.0 391.0 376.0 373.0 26.0 54.0 57.0 486.0 144.0 486.0 486.0 486.0 486.0 474.0 320.0 299.0 309.0 380.0 353.0 373.0 393.0 382.0 305.0 219.0 287.0 303.0 350.0 349.0 318.0 341.0 336.0 360.0 360.0 381.0 488.0 298.0 350.0 359.0 367.0 347.0 355.0
387.0 407.0 392.0 403.0 408.0 418.0 394.0 384.0 403.0 398.0 376.0 398.0 401.0 408.0 302.0 335.0 165.0 440.0 428.0 394.0 398.0 383.0 479.0 445.0 389.0 428.0 421.0 448.0 390.0 390.0 377.0 395.0 412.0 405.0 417.0 398.0 419.0 423.0 414.0 423.0 419.0 384.0 412.0 431.0 425.0 390.0 426.0 438.0 395.0
357.0 355.0 363.0 356.0 344.0 350.0 377.0 378.0 379.0 370.0 378.0 386.0 388.0 386.0 389.0 379.0 395.0 390.0 369.0 388.0 388.0 374.0 381.0 241.0 58.0 284.0 446.0 461.0 443.0 432.0 420.0 394.0 410.0 393.0 416.0 434.0 412.0 416.0 412.0 400.0 411.0 392.0 397.0 362.0 378.0 399.0 367.0 368.0 383.0
318.0 322.0 345.0 319.0 354.0 399.0 343.0 357.0 342.0 359.0 339.0 344.0 356.0 370.0 404.0 388.0 115.0 224.0 129.0 354.0 420.0 393.0 358.0 368.0 351.0 409.0 384.0 362.0 400.0 374.0 371.0 408.0 377.0 382.0 348.0 355.0 365.0 375.0 369.0 376.0 374.0 380.0 376.0 369.0 388.0 384.0 369.0 385.0 376.0
397.0 394.0 401.0 412.0 409.0 400.0 411.0 391.0 395.0 383.0 381.0 400.0 405.0 401.0 409.0 407.0 417.0 404.0 401.0 414.0 410.0 388.0 413.0 401.0 395.0 390.0 392.0 390.0 246.0 103.0 78.0 45.0 466.0 362.0 384.0 385.0 283.0 255.0 403.0 351.0 395.0 369.0 346.0 374.0 388.0 400.0 407.0 402.0 434.0
318.0 332.0 274.0 347.0 239.0 380.0 328.0 338.0 334.0 342.0 331.0 326.0 336.0 342.0 131.0 31.0 262.0 377.0 369.0 353.0 372.0 384.0 376.0 398.0 399.0 395.0 371.0 367.0 379.0 362.0 360.0 343.0 353.0 354.0 340.0 318.0 300.0 289.0 303.0 302.0 290.0 264.0 269.0 284.0 313.0 315.0 310.0 309.0 331.0
300.0 289.0 303.0 302.0 290.0 264.0 269.0 284.0 313.0 315.0 310.0 309.0 331.0 325.0 322.0 441.0 441.0 123.0 441.0 374.0 313.0 343.0 305.0 324.0 334.0 328.0 335.0 315.0 316.0 307.0 307.0 313.0 302.0 283.0 302.0 295.0 312.0 307.0 316.0 319.0 316.0 317.0 315.0 328.0 334.0 326.0 328.0 336.0 318.0
333.0 332.0 329.0 316.0 319.0 320.0 314.0 311.0 316.0 333.0 315.0 316.0 319.0 322.0 448.0 113.0 448.0 297.0 441.0 415.0 448.0 444.0 352.0 361.0 425.0 448.0 448.0 379.0 374.0 369.0 412.0 375.0 340.0 294.0 347.0 353.0 339.0 374.0 380.0 375.0 354.0 336.0 332.0 333.0 340.0 330.0 324.0 328.0 342.0
333.0 321.0 322.0 314.0 328.0 327.0 332.0 328.0 315.0 315.0 317.0 304.0 319.0 310.0 344.0 174.0 230.0 352.0 282.0 392.0 341.0 407.0 407.0 451.0 440.0 395.0 365.0 364.0 372.0 362.0 362.0 352.0 357.0 360.0 328.0 334.0 355.0 369.0 346.0 340.0 320.0 317.0 306.0 325.0 331.0 345.0 338.0 335.0 340.0
331.0 327.0 332.0 322.0 331.0 330.0 324.0 342.0 342.0 338.0 346.0 338.0 321.0 323.0 319.0 334.0 337.0 445.0 454.0 454.0 216.0 416.0 454.0 379.0 404.0 346.0 450.0 442.0 432.0 354.0 340.0 345.0 292.0 315.0 327.0 309.0 306.0 280.0 307.0 326.0 315.0 313.0 280.0 364.0 332.0 298.0 286.0 287.0 294.0
324.0 348.0 351.0 357.0 373.0 352.0 345.0 332.0 327.0 336.0 329.0 315.0 326.0 346.0 336.0 306.0 305.0 318.0 459.0 326.0 319.0 373.0 304.0 313.0 333.0 327.0 313.0 319.0 320.0 315.0 319.0 325.0 311.0 329.0 331.0 344.0 309.0 324.0 312.0 303.0 315.0 307.0 291.0 311.0 340.0 344.0 330.0 321.0 327.0
367.0 363.0 389.0 365.0 370.0 365.0 359.0 359.0 379.0 387.0 379.0 385.0 388.0 369.0 366.0 356.0 363.0 380.0 372.0 275.0 276.0 303.0 386.0 283.0 302.0 472.0 500.0 500.0 500.0 485.0 435.0 463.0 448.0 409.0 430.0 412.0 386.0 376.0 390.0 382.0 381.0 375.0 386.0 413.0 393.0 403.0 426.0 396.0 386.0
359.0 350.0 370.0 375.0 364.0 355.0 362.0 357.0 356.0 346.0 360.0 361.0 365.0 373.0 379.0 246.0 347.0 205.0 339.0 362.0 423.0 500.0 489.0 442.0 500.0 365.0 438.0 500.0 500.0 474.0 413.0 406.0 430.0 384.0 398.0 395.0 357.0 402.0 353.0 372.0 376.0 434.0 397.0 391.0 379.0 392.0 396.0 392.0 373.0
387.0 395.0 418.0 414.0 431.0 423.0 411.0 395.0 369.0 365.0 379.0 357.0 338.0 375.0 500.0 153.0 500.0 500.0 478.0 397.0 399.0 356.0 351.0 344.0 359.0 360.0 361.0 351.0 339.0 338.0 349.0 324.0 341.0 353.0 338.0 348.0 371.0 363.0 328.0 346.0 347.0 343.0 361.0 334.0 312.0 386.0 359.0 355.0 409.0
393.0 347.0 365.0 388.0 389.0 372.0 370.0 355.0 329.0 362.0 372.0 375.0 321.0 332.0 350.0 347.0 358.0 375.0 427.0 500.0 500.0 394.0 426.0 438.0 286.0 338.0 357.0 358.0 335.0 340.0 335.0 335.0 325.0 318.0 341.0 353.0 358.0 360.0 361.0 358.0 334.0 339.0 338.0 328.0 340.0 357.0 344.0 326.0 355.0
377.0 401.0 381.0 365.0 366.0 371.0 356.0 362.0 360.0 367.0 387.0 374.0 331.0 355.0 351.0 491.0 310.0 286.0 373.0 351.0 320.0 282.0 309.0 376.0 372.0 389.0 387.0 377.0 336.0 350.0 345.0 335.0 345.0 339.0 356.0 353.0 364.0 357.0 356.0 357.0 338.0 301.0 343.0 341.0 330.0 348.0 381.0 368.0 338.0
333.0 365.0 355.0 360.0 351.0 348.0 345.0 360.0 332.0 357.0 371.0 370.0 348.0 361.0 349.0 350.0 355.0 373.0 500.0 463.0 497.0 282.0 465.0 435.0 432.0 423.0 365.0 467.0 462.0 486.0 425.0 396.0 381.0 383.0 371.0 372.0 381.0 405.0 394.0 380.0 385.0 402.0 382.0 365.0 355.0 361.0 382.0 407.0 383.0
380.0 431.0 296.0 289.0 348.0 378.0 362.0 366.0 406.0 347.0 422.0 424.0 377.0 401.0 348.0 349.0 402.0 500.0 386.0 136.0 343.0 471.0 197.0 271.0 275.0 320.0 341.0 360.0 365.0 407.0 392.0 362.0 347.0 350.0 346.0 353.0 358.0 371.0 364.0 361.0 351.0 348.0 322.0 317.0 326.0 312.0 335.0 306.0 359.0
340.0 365.0 375.0 320.0 323.0 357.0 355.0 346.0 347.0 326.0 363.0 349.0 335.0 327.0 341.0 338.0 317.0 337.0 334.0 345.0 361.0 451.0 441.0 402.0 362.0 251.0 337.0 320.0 366.0 326.0 335.0 371.0 363.0 330.0 330.0 310.0 335.0 356.0 355.0 381.0 355.0 365.0 370.0 342.0 335.0 338.0 333.0 332.0 315.0
378.0 360.0 334.0 331.0 352.0 336.0 320.0 361.0 376.0 332.0 386.0 368.0 345.0 371.0 401.0 388.0 358.0 373.0 364.0 337.0 412.0 460.0 203.0 460.0 460.0 402.0 320.0 369.0 382.0 401.0 365.0 390.0 436.0 359.0 369.0 324.0 370.0 382.0 365.0 377.0 380.0 374.0 393.0 374.0 390.0 375.0 361.0 367.0 368.0
340.0 345.0 341.0 337.0 349.0 350.0 341.0 359.0 344.0 349.0 338.0 340.0 334.0 337.0 348.0 335.0 322.0 340.0 337.0 333.0 338.0 331.0 348.0 342.0 330.0 346.0 345.0 350.0 314.0 463.0 409.0 284.0 463.0 463.0 463.0 346.0 399.0 427.0 463.0 421.0 347.0 385.0 385.0 387.0 355.0 364.0 330.0 336.0 340.0
351.0 360.0 344.0 352.0 341.0 352.0 357.0 338.0 355.0 356.0 361.0 358.0 361.0 353.0 359.0 363.0 146.0 403.0 468.0 294.0 468.0 399.0 468.0 468.0 468.0 345.0 370.0 468.0 468.0 407.0 405.0 361.0 383.0 389.0 366.0 364.0 407.0 400.0 408.0 419.0 389.0 372.0 369.0 371.0 365.0 374.0 372.0 375.0 371.0
405.0 403.0 389.0 377.0 393.0 401.0 374.0 380.0 381.0 359.0 350.0 344.0 361.0 372.0 380.0 396.0 382.0 379.0 379.0 370.0 380.0 394.0 359.0 373.0 378.0 253.0 454.0 155.0 402.0 464.0 409.0 328.0 378.0 391.0 384.0 439.0 366.0 359.0 406.0 415.0 330.0 346.0 357.0 342.0 358.0 361.0 380.0 371.0 368.0
386.0 400.0 377.0 386.0 402.0 380.0 384.0 369.0 381.0 365.0 371.0 366.0 405.0 390.0 372.0 380.0 390.0 377.0 376.0 337.0 353.0 380.0 373.0 373.0 382.0 328.0 284.0 344.0 276.0 369.0 360.0 424.0 382.0 376.0 425.0 364.0 344.0 380.0 353.0 362.0 396.0 358.0 361.0 374.0 350.0 387.0 406.0 396.0 378.0
365.0 383.0 389.0 371.0 382.0 386.0 403.0 410.0 390.0 406.0 411.0 395.0 407.0 396.0 385.0 388.0 373.0 382.0 381.0 375.0 392.0 396.0 381.0 376.0 389.0 422.0 414.0 405.0 489.0 489.0 229.0 305.0 427.0 384.0 374.0 397.0 380.0 375.0 375.0 377.0 379.0 379.0 378.0 365.0 365.0 366.0 371.0 348.0 377.0
399.0 390.0 383.0 427.0 412.0 402.0 388.0 382.0 379.0 396.0 372.0 380.0 392.0 378.0 367.0 353.0 401.0 378.0 376.0 404.0 427.0 477.0 240.0 430.0 245.0 238.0 494.0 494.0 466.0 416.0 414.0 415.0 376.0 331.0 361.0 388.0 383.0 372.0 379.0 396.0 373.0 382.0 389.0 367.0 375.0 379.0 410.0 409.0 402.0
358.0 342.0 355.0 344.0 336.0 324.0 335.0 342.0 329.0 337.0 326.0 344.0 268.0 132.0 78.0 298.0 247.0 319.0 293.0 324.0 354.0 333.0 371.0 321.0 328.0 315.0 322.0 315.0 353.0 346.0 358.0 352.0 370.0 380.0 365.0 373.0 354.0 378.0 401.0 389.0 400.0 392.0 385.0 392.0 393.0 388.0 401.0 390.0 387.0
358.0 352.0 350.0 347.0 347.0 367.0 370.0 366.0 368.0 348.0 351.0 357.0 362.0 356.0 381.0 386.0 345.0 284.0 368.0 150.0 319.0 318.0 338.0 398.0 416.0 416.0 391.0 418.0 440.0 417.0 400.0 394.0 388.0 371.0 376.0 380.0 365.0 368.0 380.0 374.0 365.0 365.0 349.0 373.0 367.0 361.0 388.0 383.0 379.0
338.0 357.0 380.0 340.0 339.0 362.0 349.0 345.0 336.0 341.0 353.0 500.0 500.0 500.0 240.0 236.0 397.0 251.0 334.0 336.0 345.0 353.0 343.0 344.0 355.0 361.0 354.0 359.0 356.0 351.0 368.0 371.0 352.0 362.0 371.0 352.0 360.0 346.0 358.0 359.0 353.0 347.0 371.0 378.0 358.0 349.0 367.0 343.0 354.0
335.0 367.0 343.0 360.0 367.0 355.0 365.0 349.0 365.0 347.0 374.0 456.0 486.0 395.0 374.0 200.0 283.0 342.0 337.0 391.0 401.0 376.0 366.0 355.0 354.0 351.0 346.0 325.0 344.0 342.0 340.0 341.0 357.0 355.0 348.0 348.0 354.0 348.0 342.0 349.0 348.0 357.0 366.0 350.0 381.0 393.0 380.0 388.0 393.0
355.0 362.0 352.0 379.0 373.0 381.0 349.0 364.0 389.0 377.0 374.0 394.0 387.0 262.0 332.0 230.0 270.0 301.0 287.0 347.0 446.0 366.0 359.0 301.0 330.0 349.0 345.0 349.0 336.0 336.0 345.0 358.0 367.0 344.0 357.0 365.0 367.0 362.0 353.0 362.0 373.0 374.0 374.0 384.0 389.0 386.0 366.0 385.0 353.0
