180.0 157.0 241.0 265.0 251.0 263.0 251.0 188.0 197.0 208.0 237.0 236.0 274.0 259.0 220.0 181.0 181.0 151.0 112.0 104.0 119.0 136.0 156.0 175.0 174.0 141.0 114.0 176.0 238.0 221.0 189.0 187.0 193.0 197.0 229.0 220.0 230.0 227.0 190.0 185.0 158.0 149.0 198.0 199.0 230.0 229.0 213.0 214.0 223.0
173.0 143.0 211.0 240.0 225.0 230.0 223.0 189.0 165.0 151.0 199.0 226.0 230.0 200.0 205.0 194.0 214.0 199.0 194.0 180.0 179.0 207.0 202.0 201.0 200.0 206.0 203.0 203.0 214.0 205.0 232.0 246.0 248.0 237.0 222.0 219.0 211.0 216.0 236.0 194.0 201.0 215.0 223.0 198.0 211.0 219.0 202.0 203.0 203.0
194.0 203.0 197.0 195.0 222.0 220.0 222.0 202.0 205.0 219.0 205.0 201.0 220.0 207.0 193.0 211.0 226.0 217.0 209.0 216.0 215.0 222.0 216.0 205.0 205.0 203.0 207.0 213.0 214.0 193.0 193.0 190.0 187.0 189.0 193.0 193.0 188.0 189.0 188.0 180.0 177.0 177.0 190.0 196.0 207.0 220.0 223.0 220.0 211.0
192.0 182.0 182.0 182.0 181.0 181.0 172.0 173.0 178.0 172.0 167.0 179.0 167.0 162.0 168.0 150.0 165.0 174.0 167.0 165.0 171.0 178.0 161.0 169.0 174.0 143.0 131.0 115.0 118.0 126.0 121.0 148.0 143.0 121.0 126.0 134.0 146.0 146.0 138.0 119.0 110.0 113.0 132.0 159.0 152.0 144.0 133.0 145.0 154.0
176.0 185.0 199.0 185.0 204.0 211.0 197.0 208.0 189.0 199.0 192.0 210.0 231.0 233.0 224.0 226.0 216.0 204.0 204.0 207.0 192.0 196.0 209.0 201.0 215.0 220.0 206.0 225.0 215.0 212.0 215.0 213.0 211.0 202.0 200.0 201.0 190.0 194.0 180.0 197.0 191.0 211.0 202.0 187.0 186.0 180.0 165.0 170.0 169.0
161.0 151.0 161.0 159.0 148.0 151.0 150.0 159.0 179.0 166.0 168.0 165.0 169.0 173.0 184.0 190.0 195.0 192.0 188.0 194.0 204.0 191.0 190.0 178.0 195.0 180.0 182.0 178.0 181.0 182.0 182.0 186.0 182.0 180.0 177.0 177.0 195.0 208.0 212.0 212.0 212.0 227.0 219.0 216.0 202.0 190.0 180.0 186.0 186.0
220.0 199.0 192.0 179.0 191.0 222.0 223.0 194.0 199.0 194.0 203.0 124.0 172.0 201.0 208.0 213.0 220.0 165.0 236.0 198.0 232.0 250.0 164.0 220.0 242.0 235.0 179.0 264.0 234.0 243.0 218.0 208.0 214.0 223.0 214.0 200.0 176.0 206.0 220.0 157.0 205.0 228.0 221.0 177.0 231.0 176.0 182.0 174.0 203.0
182.0 194.0 190.0 201.0 209.0 201.0 168.0 164.0 186.0 189.0 170.0 148.0 142.0 167.0 149.0 140.0 166.0 152.0 153.0 195.0 130.0 120.0 151.0 152.0 103.0 126.0 81.0 103.0 123.0 150.0 117.0 119.0 125.0 123.0 156.0 166.0 167.0 141.0 136.0 135.0 58.0 93.0 84.0 113.0 122.0 161.0 222.0 159.0 66.0
198.0 199.0 213.0 201.0 192.0 202.0 207.0 207.0 200.0 206.0 210.0 215.0 209.0 215.0 204.0 212.0 203.0 201.0 215.0 217.0 208.0 212.0 200.0 213.0 217.0 204.0 229.0 192.0 201.0 206.0 208.0 192.0 195.0 210.0 210.0 200.0 194.0 211.0 191.0 226.0 214.0 219.0 213.0 197.0 211.0 212.0 208.0 220.0 212.0
215.0 211.0 233.0 232.0 234.0 234.0 205.0 230.0 197.0 229.0 226.0 211.0 216.0 223.0 202.0 214.0 221.0 227.0 222.0 220.0 232.0 231.0 202.0 225.0 222.0 225.0 236.0 208.0 210.0 212.0 219.0 202.0 224.0 215.0 207.0 206.0 217.0 235.0 214.0 216.0 220.0 211.0 202.0 206.0 201.0 198.0 197.0 202.0 205.0
214.0 202.0 212.0 206.0 191.0 210.0 201.0 207.0 221.0 211.0 214.0 211.0 208.0 215.0 236.0 228.0 233.0 227.0 220.0 216.0 216.0 231.0 215.0 227.0 206.0 223.0 213.0 231.0 220.0 229.0 215.0 235.0 246.0 227.0 227.0 226.0 233.0 219.0 207.0 204.0 223.0 214.0 216.0 199.0 203.0 216.0 214.0 210.0 200.0
229.0 219.0 225.0 215.0 229.0 233.0 213.0 203.0 199.0 211.0 191.0 211.0 190.0 185.0 191.0 208.0 226.0 224.0 211.0 210.0 225.0 220.0 207.0 187.0 223.0 202.0 215.0 231.0 206.0 206.0 215.0 203.0 177.0 206.0 183.0 200.0 179.0 191.0 187.0 202.0 199.0 202.0 203.0 194.0 199.0 175.0 178.0 187.0 176.0
198.0 194.0 213.0 192.0 192.0 188.0 196.0 206.0 208.0 192.0 191.0 190.0 182.0 183.0 182.0 185.0 177.0 181.0 180.0 176.0 187.0 173.0 180.0 172.0 178.0 175.0 175.0 173.0 159.0 160.0 184.0 179.0 167.0 169.0 167.0 184.0 169.0 171.0 163.0 191.0 183.0 202.0 192.0 195.0 180.0 187.0 200.0 180.0 188.0
211.0 231.0 221.0 258.0 226.0 212.0 239.0 205.0 242.0 218.0 247.0 207.0 199.0 241.0 215.0 230.0 197.0 248.0 252.0 209.0 244.0 358.0 348.0 136.0 142.0 185.0 199.0 211.0 240.0 247.0 233.0 220.0 257.0 222.0 241.0 258.0 243.0 222.0 233.0 215.0 191.0 176.0 223.0 249.0 277.0 279.0 233.0 244.0 206.0
232.0 215.0 238.0 214.0 251.0 235.0 211.0 226.0 225.0 234.0 220.0 228.0 219.0 232.0 207.0 201.0 193.0 205.0 233.0 204.0 237.0 200.0 196.0 194.0 234.0 436.0 431.0 159.0 56.0 53.0 191.0 273.0 203.0 227.0 224.0 219.0 264.0 242.0 248.0 245.0 231.0 238.0 229.0 243.0 269.0 243.0 258.0 246.0 234.0
233.0 229.0 248.0 236.0 226.0 217.0 204.0 227.0 203.0 201.0 205.0 237.0 475.0 321.0 102.0 162.0 236.0 225.0 231.0 232.0 247.0 261.0 238.0 246.0 267.0 236.0 251.0 253.0 218.0 234.0 243.0 222.0 239.0 233.0 231.0 232.0 245.0 237.0 225.0 237.0 233.0 212.0 220.0 260.0 239.0 248.0 216.0 240.0 214.0
245.0 223.0 253.0 228.0 249.0 233.0 217.0 244.0 237.0 249.0 236.0 296.0 475.0 437.0 269.0 104.0 87.0 53.0 335.0 289.0 269.0 233.0 248.0 257.0 216.0 215.0 272.0 216.0 260.0 234.0 234.0 219.0 248.0 239.0 261.0 259.0 250.0 258.0 256.0 266.0 267.0 275.0 271.0 255.0 248.0 301.0 262.0 292.0 310.0
306.0 290.0 303.0 306.0 293.0 264.0 255.0 241.0 251.0 475.0 475.0 172.0 300.0 253.0 274.0 262.0 258.0 243.0 231.0 246.0 246.0 248.0 264.0 256.0 241.0 257.0 237.0 230.0 242.0 254.0 244.0 235.0 237.0 252.0 236.0 275.0 282.0 251.0 272.0 252.0 241.0 258.0 284.0 267.0 232.0 235.0 243.0 271.0 278.0
284.0 267.0 232.0 235.0 243.0 271.0 278.0 256.0 246.0 264.0 171.0 347.0 280.0 173.0 158.0 197.0 291.0 253.0 239.0 242.0 254.0 235.0 234.0 247.0 223.0 226.0 241.0 249.0 232.0 244.0 219.0 247.0 222.0 248.0 232.0 238.0 219.0 226.0 215.0 212.0 197.0 203.0 222.0 232.0 217.0 233.0 221.0 199.0 198.0
226.0 230.0 216.0 239.0 234.0 208.0 203.0 240.0 201.0 243.0 243.0 350.0 316.0 72.0 307.0 224.0 223.0 244.0 237.0 205.0 240.0 227.0 208.0 247.0 230.0 214.0 245.0 225.0 247.0 246.0 254.0 264.0 251.0 268.0 250.0 240.0 262.0 253.0 229.0 217.0 230.0 205.0 217.0 243.0 279.0 300.0 270.0 249.0 250.0
255.0 243.0 238.0 252.0 250.0 246.0 252.0 243.0 256.0 248.0 266.0 237.0 241.0 228.0 475.0 409.0 254.0 168.0 155.0 174.0 240.0 224.0 238.0 228.0 267.0 268.0 259.0 239.0 266.0 240.0 235.0 243.0 226.0 236.0 239.0 254.0 236.0 242.0 260.0 238.0 215.0 229.0 238.0 242.0 229.0 224.0 231.0 232.0 213.0
209.0 204.0 176.0 184.0 190.0 209.0 123.0 171.0 213.0 215.0 209.0 212.0 171.0 181.0 197.0 202.0 451.0 173.0 124.0 49.0 125.0 212.0 197.0 188.0 189.0 190.0 201.0 220.0 228.0 207.0 182.0 197.0 191.0 207.0 205.0 175.0 159.0 159.0 157.0 175.0 186.0 164.0 159.0 176.0 152.0 161.0 182.0 163.0 163.0
164.0 153.0 147.0 164.0 111.0 141.0 130.0 143.0 121.0 141.0 158.0 156.0 162.0 160.0 149.0 156.0 160.0 346.0 40.0 84.0 73.0 173.0 164.0 192.0 207.0 168.0 152.0 162.0 162.0 158.0 152.0 178.0 184.0 164.0 177.0 202.0 168.0 153.0 136.0 176.0 168.0 168.0 178.0 172.0 169.0 167.0 182.0 177.0 178.0
161.0 170.0 189.0 155.0 184.0 176.0 189.0 186.0 179.0 170.0 183.0 189.0 206.0 196.0 177.0 186.0 174.0 180.0 432.0 161.0 119.0 38.0 127.0 162.0 164.0 166.0 188.0 195.0 184.0 202.0 210.0 192.0 166.0 174.0 182.0 173.0 185.0 188.0 168.0 187.0 177.0 191.0 173.0 181.0 181.0 170.0 212.0 235.0 186.0
179.0 174.0 174.0 197.0 192.0 204.0 235.0 267.0 257.0 252.0 259.0 173.0 155.0 165.0 191.0 187.0 175.0 167.0 181.0 179.0 160.0 161.0 191.0 239.0 207.0 195.0 207.0 200.0 194.0 200.0 190.0 205.0 241.0 230.0 189.0 207.0 212.0 188.0 171.0 214.0 220.0 201.0 232.0 231.0 244.0 231.0 205.0 202.0 215.0
206.0 237.0 238.0 219.0 171.0 169.0 147.0 154.0 155.0 174.0 206.0 217.0 469.0 241.0 181.0 114.0 117.0 195.0 256.0 237.0 247.0 255.0 239.0 234.0 212.0 201.0 212.0 264.0 243.0 243.0 229.0 211.0 185.0 202.0 210.0 206.0 111.0 100.0 176.0 258.0 224.0 206.0 181.0 188.0 185.0 207.0 196.0 211.0 201.0
156.0 191.0 197.0 174.0 181.0 185.0 161.0 187.0 189.0 211.0 201.0 221.0 221.0 295.0 279.0 160.0 188.0 190.0 188.0 176.0 255.0 186.0 210.0 243.0 222.0 257.0 225.0 198.0 213.0 179.0 184.0 186.0 176.0 189.0 199.0 209.0 182.0 168.0 181.0 155.0 169.0 200.0 204.0 178.0 166.0 169.0 188.0 213.0 242.0
85.0 121.0 208.0 163.0 173.0 171.0 150.0 166.0 161.0 166.0 168.0 163.0 193.0 214.0 180.0 201.0 228.0 233.0 240.0 198.0 188.0 185.0 263.0 237.0 241.0 172.0 214.0 254.0 223.0 185.0 151.0 234.0 240.0 255.0 277.0 255.0 240.0 269.0 271.0 260.0 271.0 263.0 229.0 228.0 207.0 215.0 224.0 184.0 221.0
185.0 155.0 169.0 206.0 244.0 179.0 203.0 138.0 134.0 122.0 179.0 175.0 20.0 68.0 39.0 180.0 117.0 122.0 271.0 244.0 186.0 178.0 160.0 199.0 218.0 156.0 178.0 188.0 238.0 257.0 211.0 131.0 140.0 145.0 213.0 212.0 184.0 196.0 173.0 187.0 154.0 153.0 160.0 124.0 226.0 158.0 157.0 203.0 218.0
205.0 166.0 167.0 200.0 198.0 192.0 187.0 189.0 175.0 153.0 203.0 136.0 217.0 241.0 88.0 186.0 108.0 195.0 174.0 144.0 114.0 206.0 274.0 230.0 183.0 185.0 231.0 138.0 139.0 213.0 187.0 259.0 147.0 173.0 229.0 263.0 176.0 176.0 216.0 160.0 196.0 193.0 181.0 237.0 201.0 193.0 177.0 92.0 149.0
161.0 145.0 192.0 213.0 183.0 176.0 175.0 157.0 158.0 199.0 163.0 213.0 230.0 214.0 241.0 206.0 248.0 199.0 158.0 94.0 90.0 212.0 316.0 232.0 256.0 220.0 268.0 181.0 242.0 245.0 227.0 238.0 194.0 175.0 170.0 169.0 216.0 215.0 229.0 252.0 217.0 235.0 194.0 203.0 155.0 179.0 150.0 160.0 119.0
222.0 205.0 206.0 188.0 202.0 213.0 202.0 217.0 207.0 204.0 207.0 202.0 203.0 199.0 209.0 177.0 245.0 217.0 216.0 222.0 216.0 182.0 215.0 212.0 209.0 201.0 204.0 191.0 219.0 199.0 226.0 211.0 217.0 224.0 207.0 212.0 218.0 217.0 199.0 210.0 206.0 222.0 222.0 212.0 228.0 224.0 218.0 213.0 222.0
206.0 210.0 206.0 200.0 216.0 196.0 205.0 212.0 215.0 224.0 203.0 216.0 196.0 169.0 196.0 218.0 172.0 216.0 221.0 229.0 215.0 188.0 194.0 202.0 190.0 210.0 197.0 191.0 205.0 189.0 216.0 215.0 202.0 218.0 206.0 202.0 214.0 216.0 206.0 197.0 204.0 196.0 205.0 210.0 209.0 210.0 204.0 218.0 204.0
213.0 197.0 188.0 201.0 195.0 197.0 203.0 194.0 190.0 174.0 251.0 177.0 216.0 197.0 210.0 189.0 201.0 195.0 206.0 200.0 204.0 201.0 209.0 202.0 196.0 189.0 196.0 200.0 193.0 194.0 200.0 191.0 202.0 188.0 202.0 203.0 208.0 205.0 199.0 210.0 210.0 201.0 208.0 209.0 209.0 184.0 204.0 214.0 211.0
214.0 217.0 215.0 218.0 231.0 207.0 201.0 195.0 207.0 216.0 212.0 153.0 365.0 156.0 218.0 168.0 234.0 233.0 231.0 221.0 216.0 207.0 205.0 206.0 196.0 200.0 198.0 203.0 206.0 217.0 226.0 219.0 222.0 205.0 213.0 203.0 213.0 193.0 209.0 194.0 211.0 223.0 198.0 197.0 206.0 212.0 226.0 210.0 204.0
219.0 211.0 218.0 228.0 204.0 243.0 198.0 168.0 220.0 202.0 245.0 235.0 217.0 216.0 211.0 203.0 211.0 224.0 211.0 198.0 199.0 204.0 214.0 200.0 209.0 215.0 216.0 219.0 211.0 229.0 235.0 218.0 236.0 224.0 227.0 227.0 236.0 224.0 224.0 219.0 228.0 222.0 221.0 227.0 221.0 226.0 227.0 215.0 222.0
208.0 200.0 192.0 207.0 197.0 214.0 214.0 238.0 222.0 219.0 222.0 231.0 359.0 169.0 213.0 191.0 256.0 257.0 220.0 230.0 249.0 227.0 224.0 208.0 236.0 218.0 217.0 228.0 245.0 244.0 237.0 233.0 253.0 238.0 237.0 230.0 220.0 225.0 219.0 213.0 193.0 194.0 181.0 189.0 185.0 197.0 192.0 194.0 199.0
196.0 197.0 178.0 173.0 180.0 184.0 183.0 175.0 186.0 197.0 214.0 203.0 194.0 225.0 244.0 240.0 202.0 233.0 226.0 222.0 220.0 220.0 229.0 225.0 195.0 205.0 204.0 211.0 219.0 218.0 219.0 231.0 212.0 227.0 217.0 216.0 189.0 236.0 217.0 198.0 203.0 198.0 217.0 225.0 206.0 222.0 220.0 216.0 202.0
219.0 219.0 211.0 229.0 227.0 208.0 238.0 207.0 236.0 221.0 217.0 218.0 207.0 228.0 280.0 256.0 225.0 168.0 229.0 241.0 241.0 220.0 214.0 203.0 204.0 240.0 214.0 224.0 215.0 236.0 215.0 211.0 233.0 232.0 234.0 234.0 205.0 230.0 197.0 229.0 226.0 211.0 216.0 223.0 202.0 214.0 221.0 227.0 222.0
267.0 248.0 244.0 244.0 241.0 256.0 232.0 241.0 281.0 270.0 294.0 179.0 475.0 264.0 259.0 253.0 232.0 289.0 276.0 299.0 299.0 318.0 344.0 297.0 294.0 270.0 247.0 236.0 245.0 231.0 211.0 231.0 222.0 208.0 216.0 223.0 229.0 222.0 231.0 230.0 215.0 240.0 227.0 247.0 245.0 234.0 229.0 219.0 231.0
252.0 234.0 229.0 265.0 265.0 256.0 237.0 207.0 235.0 224.0 201.0 196.0 232.0 208.0 240.0 231.0 364.0 156.0 242.0 341.0 306.0 292.0 213.0 236.0 224.0 264.0 250.0 230.0 275.0 269.0 265.0 291.0 309.0 307.0 274.0 265.0 256.0 290.0 292.0 280.0 275.0 319.0 326.0 339.0 309.0 291.0 316.0 336.0 327.0
207.0 222.0 227.0 239.0 235.0 247.0 235.0 227.0 220.0 221.0 210.0 233.0 220.0 212.0 146.0 295.0 251.0 223.0 269.0 243.0 268.0 258.0 252.0 248.0 222.0 238.0 224.0 233.0 273.0 251.0 249.0 241.0 250.0 256.0 260.0 263.0 240.0 252.0 256.0 254.0 274.0 262.0 258.0 270.0 258.0 286.0 276.0 253.0 258.0
243.0 231.0 245.0 260.0 249.0 238.0 235.0 222.0 236.0 235.0 214.0 219.0 228.0 215.0 262.0 243.0 361.0 279.0 216.0 219.0 227.0 270.0 237.0 205.0 222.0 232.0 244.0 232.0 240.0 232.0 248.0 235.0 226.0 228.0 225.0 225.0 169.0 235.0 193.0 222.0 214.0 238.0 196.0 241.0 256.0 261.0 257.0 265.0 263.0
207.0 212.0 223.0 218.0 219.0 209.0 211.0 202.0 213.0 215.0 215.0 208.0 219.0 192.0 175.0 262.0 190.0 190.0 161.0 174.0 224.0 172.0 210.0 213.0 221.0 228.0 210.0 211.0 241.0 241.0 226.0 239.0 250.0 229.0 234.0 234.0 243.0 235.0 218.0 222.0 224.0 221.0 190.0 210.0 208.0 200.0 212.0 203.0 191.0
212.0 243.0 223.0 235.0 172.0 190.0 185.0 185.0 158.0 210.0 164.0 229.0 194.0 95.0 58.0 456.0 260.0 175.0 227.0 212.0 207.0 208.0 155.0 202.0 213.0 233.0 240.0 212.0 230.0 237.0 236.0 262.0 184.0 180.0 222.0 206.0 230.0 221.0 220.0 194.0 222.0 193.0 213.0 224.0 202.0 239.0 196.0 222.0 197.0
196.0 222.0 197.0 186.0 196.0 195.0 189.0 218.0 188.0 28.0 169.0 284.0 291.0 226.0 210.0 240.0 227.0 223.0 212.0 184.0 212.0 171.0 227.0 217.0 196.0 211.0 181.0 203.0 193.0 171.0 203.0 154.0 158.0 147.0 162.0 194.0 179.0 193.0 220.0 189.0 190.0 189.0 168.0 214.0 193.0 194.0 185.0 207.0 180.0
243.0 242.0 209.0 217.0 207.0 210.0 221.0 234.0 198.0 205.0 194.0 230.0 222.0 182.0 109.0 344.0 252.0 244.0 220.0 262.0 200.0 208.0 191.0 193.0 200.0 190.0 174.0 168.0 144.0 161.0 162.0 201.0 197.0 206.0 213.0 211.0 202.0 222.0 212.0 192.0 211.0 209.0 197.0 214.0 188.0 204.0 177.0 195.0 172.0
222.0 210.0 251.0 261.0 202.0 174.0 212.0 216.0 168.0 211.0 184.0 226.0 238.0 215.0 267.0 181.0 77.0 296.0 237.0 207.0 254.0 231.0 188.0 196.0 200.0 217.0 220.0 203.0 214.0 186.0 183.0 178.0 206.0 143.0 166.0 223.0 202.0 178.0 297.0 198.0 240.0 239.0 215.0 207.0 218.0 262.0 190.0 275.0 220.0
203.0 239.0 271.0 204.0 208.0 210.0 240.0 229.0 259.0 192.0 225.0 195.0 231.0 215.0 315.0 179.0 164.0 235.0 228.0 198.0 202.0 175.0 200.0 197.0 204.0 196.0 219.0 208.0 188.0 206.0 210.0 202.0 234.0 241.0 237.0 234.0 202.0 220.0 227.0 225.0 233.0 163.0 185.0 180.0 199.0 196.0 233.0 201.0 207.0
218.0 245.0 190.0 205.0 204.0 206.0 193.0 204.0 201.0 227.0 176.0 199.0 186.0 169.0 398.0 215.0 181.0 197.0 227.0 190.0 210.0 216.0 198.0 208.0 196.0 224.0 243.0 207.0 263.0 194.0 227.0 210.0 189.0 204.0 177.0 204.0 177.0 218.0 197.0 194.0 195.0 206.0 198.0 208.0 197.0 188.0 201.0 193.0 164.0
185.0 173.0 240.0 198.0 199.0 224.0 248.0 241.0 220.0 227.0 201.0 199.0 201.0 190.0 209.0 200.0 207.0 29.0 45.0 442.0 174.0 207.0 231.0 213.0 249.0 197.0 248.0 206.0 178.0 189.0 226.0 187.0 189.0 163.0 160.0 243.0 204.0 229.0 195.0 177.0 213.0 178.0 170.0 217.0 193.0 247.0 169.0 204.0 203.0
210.0 231.0 194.0 185.0 188.0 170.0 162.0 187.0 179.0 169.0 205.0 163.0 458.0 173.0 156.0 166.0 197.0 182.0 228.0 263.0 194.0 118.0 151.0 160.0 140.0 193.0 211.0 186.0 253.0 244.0 190.0 194.0 178.0 204.0 235.0 214.0 216.0 199.0 208.0 209.0 206.0 216.0 203.0 193.0 181.0 222.0 201.0 201.0 222.0
192.0 197.0 203.0 169.0 182.0 193.0 185.0 192.0 187.0 198.0 194.0 198.0 151.0 69.0 442.0 138.0 196.0 129.0 192.0 121.0 182.0 151.0 176.0 182.0 169.0 132.0 152.0 172.0 168.0 132.0 171.0 181.0 197.0 203.0 162.0 188.0 172.0 136.0 153.0 136.0 216.0 162.0 182.0 190.0 162.0 155.0 167.0 154.0 162.0
180.0 163.0 181.0 187.0 189.0 178.0 181.0 180.0 171.0 165.0 197.0 179.0 180.0 172.0 172.0 178.0 173.0 107.0 151.0 226.0 187.0 193.0 194.0 175.0 155.0 166.0 182.0 153.0 172.0 172.0 183.0 178.0 202.0 176.0 186.0 192.0 167.0 187.0 158.0 169.0 157.0 185.0 177.0 199.0 156.0 190.0 165.0 165.0 160.0
143.0 199.0 225.0 212.0 201.0 167.0 182.0 179.0 165.0 188.0 208.0 158.0 170.0 17.0 189.0 165.0 179.0 192.0 201.0 138.0 188.0 146.0 142.0 166.0 147.0 155.0 202.0 177.0 234.0 235.0 168.0 224.0 245.0 202.0 188.0 194.0 222.0 188.0 63.0 255.0 213.0 166.0 213.0 258.0 194.0 182.0 181.0 153.0 60.0
198.0 201.0 193.0 205.0 176.0 157.0 229.0 217.0 235.0 186.0 214.0 206.0 220.0 200.0 220.0 168.0 206.0 219.0 214.0 15.0 291.0 229.0 186.0 229.0 203.0 206.0 201.0 195.0 238.0 233.0 188.0 212.0 214.0 197.0 235.0 191.0 228.0 220.0 201.0 225.0 201.0 178.0 207.0 223.0 205.0 238.0 228.0 213.0 225.0
132.0 183.0 212.0 233.0 280.0 197.0 238.0 171.0 224.0 174.0 185.0 167.0 185.0 179.0 222.0 37.0 104.0 335.0 258.0 199.0 267.0 228.0 195.0 193.0 200.0 202.0 200.0 187.0 226.0 169.0 190.0 198.0 201.0 202.0 187.0 171.0 201.0 187.0 211.0 206.0 182.0 209.0 194.0 214.0 202.0 185.0 203.0 190.0 196.0
201.0 220.0 196.0 217.0 192.0 195.0 189.0 193.0 197.0 214.0 181.0 202.0 218.0 199.0 195.0 15.0 272.0 254.0 226.0 231.0 235.0 232.0 187.0 202.0 169.0 186.0 190.0 190.0 192.0 198.0 207.0 209.0 197.0 194.0 211.0 222.0 209.0 224.0 215.0 230.0 196.0 210.0 209.0 215.0 193.0 209.0 211.0 213.0 188.0
228.0 213.0 230.0 217.0 227.0 204.0 207.0 228.0 216.0 227.0 221.0 241.0 215.0 216.0 207.0 232.0 219.0 198.0 15.0 475.0 351.0 159.0 145.0 205.0 243.0 221.0 241.0 192.0 223.0 212.0 213.0 220.0 206.0 201.0 218.0 198.0 206.0 211.0 221.0 225.0 210.0 203.0 220.0 212.0 204.0 198.0 215.0 211.0 222.0
203.0 179.0 198.0 192.0 186.0 199.0 178.0 218.0 191.0 183.0 192.0 184.0 226.0 214.0 189.0 205.0 222.0 202.0 15.0 475.0 475.0 321.0 169.0 185.0 229.0 209.0 186.0 181.0 184.0 202.0 173.0 209.0 195.0 216.0 189.0 197.0 199.0 181.0 190.0 207.0 224.0 202.0 212.0 216.0 188.0 212.0 192.0 202.0 205.0
204.0 212.0 227.0 200.0 203.0 197.0 182.0 194.0 195.0 203.0 15.0 475.0 325.0 176.0 176.0 176.0 202.0 186.0 190.0 176.0 191.0 203.0 189.0 185.0 182.0 209.0 185.0 184.0 183.0 204.0 189.0 214.0 216.0 202.0 201.0 215.0 221.0 225.0 211.0 212.0 206.0 204.0 195.0 192.0 197.0 212.0 195.0 213.0 205.0
188.0 203.0 197.0 214.0 208.0 208.0 200.0 195.0 206.0 194.0 202.0 206.0 191.0 15.0 353.0 220.0 241.0 187.0 194.0 231.0 193.0 200.0 202.0 232.0 210.0 213.0 226.0 229.0 229.0 189.0 244.0 226.0 234.0 227.0 234.0 216.0 261.0 214.0 251.0 244.0 224.0 230.0 220.0 230.0 263.0 242.0 252.0 268.0 233.0
220.0 248.0 224.0 220.0 230.0 206.0 213.0 223.0 219.0 207.0 193.0 188.0 210.0 189.0 205.0 231.0 210.0 209.0 211.0 15.0 475.0 342.0 171.0 199.0 156.0 207.0 217.0 203.0 223.0 212.0 210.0 227.0 227.0 225.0 222.0 218.0 237.0 210.0 233.0 210.0 201.0 214.0 210.0 200.0 185.0 180.0 184.0 202.0 180.0
224.0 197.0 225.0 213.0 198.0 198.0 186.0 197.0 220.0 200.0 181.0 290.0 289.0 275.0 198.0 246.0 206.0 216.0 182.0 214.0 198.0 191.0 184.0 219.0 229.0 224.0 248.0 231.0 244.0 227.0 239.0 244.0 233.0 248.0 250.0 249.0 294.0 262.0 265.0 274.0 256.0 237.0 258.0 218.0 235.0 233.0 235.0 230.0 239.0
233.0 235.0 230.0 239.0 238.0 234.0 224.0 218.0 229.0 242.0 216.0 218.0 230.0 218.0 246.0 220.0 234.0 326.0 456.0 283.0 278.0 252.0 193.0 243.0 228.0 215.0 205.0 246.0 208.0 236.0 236.0 214.0 217.0 217.0 205.0 198.0 190.0 174.0 187.0 207.0 188.0 209.0 216.0 187.0 216.0 199.0 232.0 171.0 208.0
192.0 186.0 189.0 183.0 181.0 177.0 200.0 181.0 182.0 185.0 184.0 196.0 195.0 192.0 185.0 188.0 189.0 202.0 200.0 202.0 405.0 454.0 160.0 207.0 93.0 28.0 74.0 166.0 152.0 119.0 248.0 132.0 242.0 223.0 177.0 184.0 173.0 197.0 186.0 195.0 280.0 303.0 273.0 250.0 267.0 224.0 225.0 212.0 212.0
210.0 218.0 216.0 222.0 210.0 210.0 204.0 208.0 207.0 206.0 206.0 200.0 210.0 201.0 209.0 207.0 199.0 196.0 199.0 196.0 183.0 195.0 189.0 191.0 190.0 396.0 457.0 225.0 282.0 236.0 248.0 275.0 275.0 271.0 252.0 230.0 231.0 241.0 263.0 205.0 185.0 219.0 228.0 194.0 210.0 223.0 210.0 211.0 198.0
197.0 183.0 195.0 186.0 192.0 192.0 174.0 178.0 178.0 171.0 189.0 169.0 180.0 192.0 191.0 205.0 218.0 249.0 223.0 172.0 188.0 178.0 190.0 209.0 185.0 167.0 175.0 299.0 329.0 284.0 237.0 257.0 254.0 319.0 266.0 254.0 261.0 231.0 205.0 208.0 221.0 205.0 203.0 229.0 212.0 213.0 207.0 199.0 215.0
205.0 213.0 205.0 218.0 206.0 169.0 166.0 173.0 206.0 182.0 190.0 196.0 191.0 192.0 185.0 183.0 213.0 188.0 191.0 197.0 203.0 177.0 388.0 298.0 329.0 386.0 412.0 424.0 223.0 218.0 153.0 95.0 142.0 139.0 237.0 187.0 221.0 196.0 191.0 219.0 223.0 220.0 210.0 194.0 216.0 205.0 227.0 202.0 211.0
206.0 203.0 235.0 220.0 220.0 213.0 215.0 212.0 212.0 213.0 210.0 211.0 217.0 453.0 467.0 393.0 376.0 248.0 216.0 197.0 284.0 171.0 81.0 149.0 216.0 194.0 175.0 179.0 180.0 182.0 185.0 217.0 227.0 213.0 200.0 194.0 178.0 204.0 194.0 203.0 218.0 219.0 228.0 223.0 208.0 217.0 203.0 195.0 172.0
193.0 173.0 183.0 174.0 186.0 170.0 188.0 174.0 170.0 182.0 180.0 177.0 176.0 180.0 191.0 188.0 190.0 192.0 205.0 470.0 470.0 470.0 470.0 381.0 360.0 177.0 411.0 266.0 187.0 176.0 213.0 213.0 226.0 252.0 198.0 217.0 238.0 230.0 220.0 240.0 236.0 215.0 219.0 222.0 206.0 173.0 233.0 238.0 226.0
216.0 233.0 249.0 221.0 220.0 244.0 236.0 225.0 212.0 215.0 232.0 220.0 228.0 239.0 227.0 233.0 241.0 244.0 63.0 175.0 283.0 46.0 79.0 170.0 261.0 211.0 216.0 228.0 225.0 228.0 210.0 219.0 217.0 234.0 234.0 235.0 232.0 216.0 220.0 224.0 196.0 197.0 203.0 198.0 203.0 238.0 225.0 226.0 219.0
230.0 237.0 220.0 201.0 212.0 193.0 243.0 225.0 198.0 209.0 212.0 210.0 215.0 218.0 216.0 220.0 215.0 214.0 207.0 197.0 194.0 195.0 192.0 232.0 206.0 413.0 263.0 192.0 151.0 273.0 192.0 242.0 207.0 221.0 185.0 206.0 226.0 208.0 214.0 233.0 241.0 234.0 233.0 230.0 222.0 213.0 230.0 228.0 232.0
189.0 209.0 189.0 208.0 199.0 208.0 207.0 206.0 212.0 210.0 210.0 209.0 391.0 447.0 486.0 465.0 486.0 428.0 96.0 113.0 183.0 207.0 241.0 342.0 291.0 237.0 215.0 206.0 181.0 192.0 211.0 307.0 259.0 280.0 227.0 238.0 265.0 257.0 255.0 239.0 236.0 191.0 73.0 239.0 213.0 213.0 219.0 233.0 234.0
239.0 238.0 244.0 229.0 208.0 208.0 228.0 247.0 247.0 233.0 240.0 231.0 239.0 212.0 257.0 290.0 230.0 144.0 153.0 251.0 257.0 248.0 196.0 181.0 213.0 190.0 188.0 190.0 227.0 222.0 239.0 234.0 218.0 217.0 210.0 212.0 220.0 236.0 239.0 245.0 229.0 281.0 268.0 211.0 225.0 224.0 201.0 217.0 229.0
230.0 226.0 230.0 227.0 235.0 247.0 243.0 231.0 234.0 225.0 244.0 220.0 212.0 218.0 211.0 213.0 227.0 211.0 229.0 227.0 210.0 234.0 471.0 401.0 354.0 198.0 184.0 180.0 190.0 243.0 248.0 234.0 224.0 216.0 234.0 200.0 211.0 215.0 229.0 227.0 230.0 227.0 233.0 251.0 267.0 242.0 252.0 234.0 249.0
253.0 247.0 264.0 278.0 270.0 223.0 219.0 209.0 244.0 255.0 245.0 248.0 248.0 247.0 237.0 221.0 483.0 379.0 212.0 215.0 172.0 218.0 238.0 291.0 299.0 259.0 305.0 313.0 289.0 247.0 270.0 262.0 266.0 279.0 260.0 267.0 256.0 244.0 237.0 231.0 256.0 272.0 260.0 280.0 261.0 268.0 281.0 274.0 275.0
241.0 236.0 233.0 244.0 223.0 224.0 218.0 223.0 223.0 219.0 227.0 222.0 221.0 222.0 223.0 216.0 213.0 222.0 218.0 224.0 222.0 226.0 230.0 204.0 217.0 212.0 221.0 228.0 500.0 350.0 339.0 217.0 206.0 352.0 376.0 211.0 472.0 340.0 283.0 344.0 279.0 254.0 278.0 252.0 245.0 243.0 228.0 239.0 246.0
191.0 182.0 156.0 194.0 270.0 229.0 170.0 174.0 172.0 192.0 186.0 180.0 187.0 166.0 150.0 304.0 203.0 190.0 129.0 161.0 145.0 144.0 126.0 132.0 121.0 111.0 120.0 126.0 130.0 136.0 131.0 134.0 120.0 132.0 147.0 158.0 164.0 177.0 167.0 163.0 171.0 183.0 196.0 175.0 159.0 164.0 170.0 169.0 153.0
164.0 177.0 167.0 163.0 171.0 183.0 196.0 175.0 159.0 164.0 170.0 169.0 153.0 161.0 135.0 79.0 41.0 206.0 30.0 41.0 250.0 217.0 171.0 166.0 163.0 157.0 160.0 157.0 158.0 162.0 165.0 155.0 173.0 169.0 170.0 169.0 169.0 159.0 172.0 164.0 171.0 166.0 174.0 173.0 166.0 167.0 166.0 172.0 161.0
138.0 137.0 144.0 145.0 172.0 177.0 169.0 186.0 183.0 180.0 176.0 182.0 175.0 176.0 79.0 248.0 92.0 154.0 87.0 27.0 44.0 38.0 48.0 72.0 179.0 301.0 328.0 287.0 222.0 182.0 153.0 140.0 219.0 210.0 202.0 184.0 207.0 183.0 192.0 187.0 181.0 170.0 171.0 177.0 175.0 178.0 184.0 178.0 181.0
175.0 179.0 187.0 177.0 187.0 185.0 185.0 180.0 182.0 186.0 184.0 178.0 174.0 181.0 113.0 261.0 174.0 204.0 242.0 178.0 209.0 126.0 134.0 110.0 116.0 107.0 131.0 146.0 132.0 152.0 148.0 147.0 151.0 155.0 170.0 165.0 140.0 140.0 151.0 157.0 156.0 178.0 168.0 166.0 178.0 169.0 153.0 148.0 158.0
180.0 166.0 169.0 160.0 171.0 168.0 177.0 166.0 166.0 169.0 169.0 176.0 175.0 167.0 166.0 151.0 152.0 101.0 15.0 29.0 102.0 33.0 19.0 45.0 84.0 40.0 217.0 217.0 148.0 169.0 148.0 150.0 167.0 155.0 163.0 172.0 176.0 170.0 172.0 157.0 172.0 177.0 192.0 132.0 143.0 148.0 157.0 141.0 143.0
181.0 184.0 171.0 157.0 151.0 165.0 162.0 154.0 159.0 154.0 149.0 165.0 150.0 145.0 137.0 151.0 167.0 156.0 15.0 52.0 86.0 79.0 185.0 202.0 135.0 136.0 154.0 138.0 142.0 152.0 157.0 155.0 156.0 161.0 155.0 151.0 165.0 157.0 173.0 154.0 145.0 126.0 140.0 140.0 126.0 131.0 150.0 175.0 159.0
207.0 210.0 218.0 209.0 212.0 210.0 208.0 208.0 217.0 211.0 217.0 200.0 206.0 209.0 204.0 219.0 220.0 198.0 111.0 167.0 24.0 99.0 262.0 294.0 260.0 157.0 91.0 122.0 157.0 147.0 169.0 193.0 163.0 201.0 213.0 186.0 195.0 196.0 196.0 201.0 200.0 209.0 199.0 194.0 195.0 184.0 189.0 183.0 188.0
189.0 195.0 200.0 195.0 202.0 196.0 193.0 201.0 198.0 200.0 197.0 196.0 191.0 188.0 106.0 149.0 214.0 123.0 89.0 129.0 153.0 117.0 89.0 49.0 141.0 166.0 178.0 114.0 73.0 137.0 148.0 149.0 139.0 158.0 149.0 181.0 223.0 182.0 173.0 171.0 162.0 150.0 150.0 157.0 154.0 154.0 162.0 159.0 159.0
183.0 182.0 183.0 174.0 161.0 161.0 157.0 184.0 172.0 180.0 166.0 185.0 199.0 169.0 54.0 224.0 34.0 35.0 83.0 302.0 181.0 166.0 170.0 176.0 170.0 158.0 169.0 174.0 185.0 175.0 191.0 194.0 191.0 179.0 183.0 194.0 172.0 181.0 180.0 184.0 155.0 147.0 154.0 178.0 182.0 138.0 162.0 151.0 131.0
151.0 144.0 156.0 151.0 158.0 171.0 186.0 193.0 185.0 181.0 165.0 157.0 192.0 175.0 161.0 185.0 191.0 182.0 145.0 20.0 15.0 187.0 28.0 154.0 255.0 227.0 204.0 211.0 190.0 214.0 227.0 234.0 219.0 252.0 251.0 234.0 248.0 232.0 245.0 241.0 235.0 228.0 232.0 233.0 239.0 228.0 220.0 229.0 228.0
207.0 197.0 206.0 213.0 219.0 215.0 217.0 195.0 213.0 207.0 183.0 200.0 214.0 189.0 162.0 15.0 182.0 108.0 77.0 206.0 208.0 275.0 239.0 187.0 189.0 177.0 183.0 204.0 210.0 218.0 208.0 206.0 203.0 201.0 211.0 195.0 199.0 197.0 185.0 195.0 217.0 210.0 214.0 178.0 174.0 202.0 161.0 175.0 198.0
166.0 161.0 148.0 184.0 179.0 180.0 196.0 186.0 191.0 166.0 158.0 161.0 177.0 172.0 171.0 174.0 168.0 147.0 15.0 87.0 36.0 78.0 46.0 138.0 20.0 165.0 218.0 228.0 189.0 150.0 178.0 211.0 206.0 178.0 187.0 193.0 187.0 180.0 183.0 179.0 199.0 179.0 183.0 205.0 192.0 207.0 180.0 166.0 184.0
134.0 105.0 118.0 187.0 159.0 170.0 171.0 186.0 164.0 145.0 139.0 105.0 18.0 83.0 177.0 134.0 75.0 45.0 15.0 56.0 68.0 18.0 81.0 198.0 166.0 155.0 133.0 180.0 181.0 172.0 196.0 203.0 186.0 175.0 168.0 195.0 195.0 171.0 169.0 171.0 160.0 177.0 184.0 168.0 167.0 171.0 163.0 177.0 172.0
183.0 168.0 183.0 194.0 210.0 192.0 189.0 201.0 207.0 206.0 192.0 203.0 195.0 187.0 193.0 188.0 188.0 185.0 174.0 186.0 329.0 41.0 16.0 22.0 108.0 241.0 214.0 255.0 180.0 241.0 214.0 196.0 218.0 229.0 206.0 211.0 226.0 196.0 160.0 178.0 174.0 190.0 206.0 228.0 201.0 204.0 189.0 189.0 190.0
180.0 205.0 223.0 226.0 214.0 214.0 220.0 166.0 161.0 191.0 176.0 199.0 191.0 187.0 167.0 197.0 201.0 194.0 216.0 201.0 200.0 179.0 285.0 79.0 16.0 133.0 274.0 281.0 219.0 187.0 189.0 213.0 153.0 196.0 199.0 200.0 201.0 192.0 186.0 181.0 185.0 186.0 191.0 175.0 198.0 185.0 193.0 181.0 196.0
165.0 184.0 184.0 173.0 183.0 173.0 173.0 188.0 189.0 189.0 188.0 187.0 185.0 184.0 199.0 192.0 198.0 195.0 190.0 195.0 182.0 180.0 185.0 178.0 189.0 209.0 188.0 194.0 230.0 71.0 244.0 28.0 18.0 19.0 59.0 27.0 273.0 184.0 164.0 115.0 205.0 200.0 186.0 155.0 177.0 199.0 180.0 204.0 199.0
177.0 184.0 175.0 176.0 180.0 185.0 189.0 186.0 188.0 188.0 184.0 185.0 184.0 184.0 182.0 197.0 173.0 203.0 161.0 35.0 67.0 118.0 152.0 136.0 173.0 261.0 272.0 65.0 145.0 225.0 192.0 236.0 197.0 175.0 177.0 207.0 168.0 169.0 171.0 167.0 204.0 196.0 206.0 209.0 199.0 205.0 215.0 191.0 194.0
174.0 169.0 150.0 145.0 157.0 172.0 188.0 191.0 204.0 185.0 215.0 214.0 218.0 209.0 215.0 197.0 191.0 191.0 192.0 201.0 198.0 194.0 181.0 201.0 212.0 476.0 39.0 237.0 31.0 21.0 43.0 228.0 215.0 173.0 177.0 94.0 187.0 208.0 133.0 158.0 162.0 186.0 185.0 192.0 191.0 191.0 193.0 192.0 188.0
186.0 234.0 222.0 218.0 192.0 191.0 201.0 195.0 199.0 204.0 209.0 222.0 204.0 189.0 197.0 190.0 204.0 175.0 181.0 225.0 222.0 221.0 221.0 231.0 217.0 216.0 199.0 231.0 339.0 224.0 237.0 169.0 256.0 161.0 169.0 212.0 233.0 246.0 245.0 255.0 221.0 222.0 225.0 212.0 217.0 206.0 184.0 184.0 206.0
187.0 187.0 179.0 175.0 173.0 182.0 162.0 166.0 161.0 170.0 150.0 181.0 169.0 184.0 173.0 181.0 178.0 196.0 181.0 168.0 175.0 170.0 190.0 202.0 194.0 176.0 181.0 300.0 51.0 51.0 197.0 240.0 139.0 181.0 200.0 191.0 217.0 206.0 216.0 184.0 188.0 194.0 193.0 197.0 188.0 197.0 204.0 195.0 198.0
203.0 200.0 203.0 214.0 188.0 190.0 207.0 182.0 192.0 200.0 216.0 229.0 229.0 210.0 219.0 199.0 198.0 206.0 216.0 192.0 195.0 224.0 492.0 15.0 60.0 298.0 115.0 121.0 271.0 277.0 267.0 244.0 228.0 240.0 259.0 206.0 206.0 207.0 223.0 202.0 214.0 212.0 219.0 247.0 223.0 230.0 216.0 198.0 220.0
191.0 209.0 199.0 210.0 208.0 184.0 220.0 206.0 216.0 218.0 213.0 220.0 284.0 240.0 346.0 118.0 310.0 227.0 275.0 301.0 285.0 257.0 239.0 258.0 242.0 213.0 242.0 216.0 232.0 200.0 243.0 223.0 208.0 182.0 190.0 181.0 169.0 169.0 174.0 178.0 189.0 182.0 186.0 203.0 188.0 192.0 189.0 184.0 171.0
196.0 200.0 203.0 203.0 212.0 188.0 196.0 179.0 190.0 187.0 193.0 174.0 208.0 189.0 190.0 197.0 198.0 250.0 274.0 468.0 143.0 185.0 188.0 207.0 197.0 160.0 183.0 199.0 198.0 194.0 213.0 192.0 192.0 188.0 196.0 206.0 208.0 192.0 191.0 190.0 182.0 183.0 182.0 185.0 177.0 181.0 180.0 176.0 187.0
219.0 231.0 208.0 205.0 227.0 231.0 232.0 223.0 221.0 240.0 227.0 136.0 385.0 297.0 450.0 288.0 157.0 216.0 225.0 231.0 229.0 234.0 233.0 217.0 219.0 231.0 232.0 216.0 214.0 202.0 212.0 206.0 191.0 210.0 201.0 207.0 221.0 211.0 214.0 211.0 208.0 215.0 236.0 228.0 233.0 227.0 220.0 216.0 216.0
214.0 216.0 199.0 203.0 216.0 214.0 210.0 200.0 214.0 207.0 345.0 35.0 159.0 180.0 231.0 258.0 319.0 379.0 302.0 273.0 214.0 196.0 205.0 220.0 215.0 237.0 218.0 220.0 213.0 231.0 227.0 214.0 220.0 227.0 229.0 219.0 225.0 215.0 229.0 233.0 213.0 203.0 199.0 211.0 191.0 211.0 190.0 185.0 191.0
202.0 199.0 202.0 203.0 194.0 199.0 175.0 178.0 187.0 176.0 183.0 192.0 51.0 349.0 211.0 395.0 261.0 265.0 256.0 266.0 185.0 200.0 230.0 215.0 231.0 249.0 224.0 247.0 237.0 255.0 269.0 233.0 232.0 229.0 213.0 208.0 204.0 213.0 214.0 231.0 225.0 228.0 212.0 229.0 225.0 212.0 212.0 227.0 247.0
