39.0 42.0 45.0 49.0 52.0 57.0 64.0 76.0 113.0 179.0 203.0 211.0 214.0 215.0 218.0 220.0 223.0 225.0 227.0 228.0 228.0 228.0 228.0 228.0 227.0 227.0 226.0 226.0 225.0 225.0 224.0 223.0 221.0 219.0 216.0 214.0 212.0 212.0 212.0 213.0 215.0 217.0 219.0 222.0 224.0 226.0 228.0 229.0 230.0 231.0 233.0 234.0 235.0 237.0 237.0 238.0 239.0 239.0 240.0 239.0
239.0 240.0 239.0 239.0 239.0 239.0 240.0 240.0 241.0 240.0 239.0 238.0 236.0 233.0 231.0 228.0 225.0 220.0 215.0 210.0 205.0 201.0 198.0 195.0 194.0 192.0 191.0 190.0 189.0 188.0 187.0 186.0 185.0 184.0 182.0 181.0 179.0 178.0 176.0 174.0 173.0 171.0 170.0 168.0 168.0 166.0 165.0 164.0 163.0 160.0 159.0 157.0 155.0 153.0 149.0 147.0 145.0 143.0 141.0 138.0
145.0 143.0 141.0 138.0 136.0 133.0 129.0 126.0 121.0 118.0 115.0 110.0 107.0 103.0 100.0 98.0 94.0 92.0 89.0 85.0 82.0 79.0 77.0 73.0 71.0 68.0 65.0 63.0 60.0 57.0 55.0 52.0 51.0 48.0 46.0 45.0 43.0 42.0 40.0 39.0 38.0 36.0 35.0 33.0 31.0 29.0 28.0 26.0 25.0 24.0 23.0 22.0 20.0 20.0 19.0 18.0 18.0 17.0 17.0 18.0
17.0 17.0 18.0 18.0 18.0 19.0 19.0 20.0 21.0 22.0 22.0 23.0 24.0 25.0 26.0 27.0 28.0 29.0 30.0 31.0 33.0 34.0 35.0 36.0 37.0 38.0 39.0 40.0 41.0 42.0 42.0 43.0 44.0 45.0 46.0 47.0 48.0 49.0 51.0 52.0 53.0 55.0 57.0 59.0 60.0 62.0 62.0 64.0 64.0 65.0 65.0 66.0 66.0 67.0 68.0 69.0 72.0 74.0 76.0 79.0
76.0 79.0 82.0 84.0 87.0 90.0 93.0 94.0 96.0 98.0 99.0 100.0 101.0 102.0 103.0 103.0 104.0 105.0 105.0 106.0 106.0 106.0 105.0 105.0 104.0 104.0 103.0 103.0 102.0 102.0 101.0 100.0 99.0 98.0 97.0 95.0 93.0 91.0 89.0 86.0 83.0 79.0 76.0 72.0 68.0 64.0 61.0 59.0 58.0 59.0 60.0 61.0 62.0 63.0 64.0 65.0 66.0 66.0 67.0 67.0
117.0 115.0 113.0 111.0 109.0 107.0 106.0 105.0 105.0 105.0 105.0 105.0 105.0 105.0 105.0 105.0 106.0 106.0 107.0 107.0 108.0 109.0 110.0 110.0 111.0 113.0 116.0 123.0 131.0 150.0 174.0 186.0 199.0 203.0 203.0 200.0 195.0 190.0 185.0 181.0 179.0 178.0 177.0 178.0 176.0 175.0 172.0 169.0 166.0 163.0 160.0 158.0 157.0 156.0 155.0 155.0 156.0 156.0 155.0 153.0
114.0 114.0 113.0 113.0 113.0 113.0 113.0 113.0 114.0 114.0 115.0 115.0 116.0 116.0 116.0 116.0 116.0 116.0 116.0 117.0 117.0 118.0 118.0 119.0 119.0 120.0 120.0 119.0 119.0 119.0 119.0 122.0 126.0 138.0 152.0 181.0 202.0 216.0 222.0 224.0 225.0 226.0 227.0 228.0 230.0 230.0 230.0 229.0 228.0 224.0 221.0 217.0 212.0 209.0 205.0 200.0 197.0 191.0 185.0 180.0
105.0 100.0 95.0 92.0 89.0 86.0 82.0 80.0 77.0 74.0 73.0 72.0 70.0 68.0 66.0 64.0 63.0 62.0 61.0 61.0 60.0 56.0 50.0 46.0 43.0 44.0 47.0 52.0 58.0 64.0 68.0 69.0 73.0 75.0 80.0 85.0 98.0 112.0 134.0 156.0 173.0 185.0 194.0 193.0 189.0 179.0 172.0 166.0 163.0 159.0 156.0 153.0 150.0 149.0 148.0 147.0 146.0 145.0 145.0 144.0
145.0 145.0 145.0 145.0 145.0 145.0 145.0 144.0 144.0 143.0 142.0 140.0 139.0 137.0 136.0 134.0 133.0 131.0 127.0 125.0 123.0 122.0 119.0 118.0 113.0 111.0 108.0 108.0 107.0 107.0 106.0 106.0 106.0 106.0 105.0 105.0 105.0 106.0 107.0 108.0 110.0 112.0 117.0 123.0 130.0 140.0 154.0 161.0 166.0 167.0 167.0 166.0 165.0 163.0 162.0 160.0 158.0 156.0 155.0 155.0
141.0 140.0 140.0 140.0 140.0 140.0 140.0 140.0 139.0 138.0 137.0 137.0 136.0 136.0 135.0 135.0 134.0 133.0 133.0 132.0 131.0 130.0 129.0 128.0 127.0 126.0 126.0 127.0 131.0 136.0 147.0 163.0 175.0 185.0 192.0 198.0 200.0 204.0 206.0 206.0 205.0 191.0 181.0 174.0 162.0 156.0 147.0 140.0 134.0 127.0 123.0 120.0 118.0 116.0 114.0 113.0 111.0 109.0 107.0 105.0
95.0 95.0 95.0 96.0 96.0 96.0 97.0 97.0 97.0 98.0 98.0 98.0 98.0 99.0 99.0 99.0 99.0 100.0 101.0 103.0 105.0 107.0 113.0 120.0 139.0 166.0 188.0 190.0 189.0 185.0 181.0 172.0 164.0 155.0 147.0 141.0 138.0 135.0 133.0 133.0 133.0 133.0 134.0 135.0 136.0 136.0 135.0 135.0 134.0 133.0 132.0 130.0 129.0 127.0 126.0 124.0 123.0 122.0 122.0 122.0
121.0 121.0 121.0 120.0 121.0 121.0 122.0 123.0 122.0 119.0 116.0 114.0 109.0 107.0 106.0 105.0 104.0 104.0 103.0 103.0 103.0 102.0 102.0 101.0 101.0 100.0 99.0 99.0 99.0 98.0 90.0 286.0 283.0 282.0 282.0 282.0 282.0 282.0 280.0 279.0 276.0 273.0 272.0 270.0 268.0 267.0 265.0 261.0 258.0 254.0 252.0 246.0 241.0 237.0 230.0 224.0 215.0 210.0 198.0 191.0
146.0 144.0 140.0 137.0 136.0 134.0 134.0 134.0 134.0 134.0 134.0 134.0 133.0 132.0 131.0 130.0 128.0 127.0 127.0 126.0 126.0 126.0 126.0 126.0 125.0 125.0 125.0 125.0 125.0 126.0 126.0 126.0 126.0 127.0 127.0 127.0 127.0 130.0 135.0 143.0 159.0 174.0 187.0 200.0 205.0 209.0 212.0 212.0 212.0 211.0 211.0 209.0 208.0 205.0 203.0 200.0 198.0 194.0 192.0 188.0
118.0 120.0 122.0 124.0 126.0 128.0 130.0 131.0 131.0 132.0 132.0 133.0 133.0 133.0 132.0 132.0 132.0 131.0 131.0 131.0 131.0 131.0 132.0 135.0 139.0 145.0 152.0 156.0 161.0 164.0 165.0 164.0 161.0 157.0 154.0 149.0 145.0 143.0 141.0 139.0 139.0 138.0 137.0 136.0 136.0 136.0 135.0 135.0 135.0 135.0 135.0 135.0 135.0 135.0 135.0 134.0 134.0 133.0 132.0 131.0
111.0 110.0 110.0 110.0 109.0 109.0 109.0 109.0 109.0 110.0 111.0 111.0 112.0 112.0 113.0 113.0 114.0 115.0 115.0 116.0 117.0 118.0 119.0 120.0 121.0 123.0 124.0 126.0 127.0 128.0 131.0 136.0 144.0 162.0 188.0 207.0 221.0 228.0 229.0 227.0 223.0 218.0 209.0 206.0 205.0 205.0 204.0 204.0 204.0 205.0 205.0 205.0 206.0 207.0 208.0 207.0 207.0 206.0 205.0 204.0
95.0 94.0 93.0 93.0 93.0 93.0 94.0 95.0 95.0 96.0 96.0 97.0 98.0 98.0 99.0 98.0 95.0 86.0 71.0 58.0 50.0 49.0 51.0 56.0 65.0 69.0 72.0 75.0 76.0 74.0 68.0 63.0 56.0 51.0 47.0 44.0 42.0 41.0 40.0 40.0 41.0 43.0 46.0 48.0 51.0 53.0 55.0 55.0 55.0 55.0 54.0 53.0 52.0 51.0 50.0 49.0 49.0 48.0 48.0 47.0
45.0 43.0 40.0 36.0 33.0 29.0 15.0 4.0 344.0 328.0 309.0 287.0 270.0 248.0 238.0 227.0 222.0 219.0 218.0 218.0 220.0 222.0 222.0 222.0 223.0 223.0 224.0 225.0 226.0 227.0 227.0 227.0 227.0 227.0 225.0 223.0 222.0 221.0 220.0 219.0 219.0 219.0 218.0 218.0 217.0 216.0 215.0 213.0 212.0 210.0 208.0 207.0 204.0 203.0 201.0 199.0 198.0 196.0 194.0 191.0
227.0 227.0 225.0 223.0 222.0 221.0 220.0 219.0 219.0 219.0 218.0 218.0 217.0 216.0 215.0 213.0 212.0 210.0 208.0 207.0 204.0 203.0 201.0 199.0 198.0 196.0 194.0 191.0 189.0 185.0 183.0 180.0 177.0 174.0 170.0 167.0 164.0 161.0 158.0 146.0 134.0 125.0 114.0 108.0 105.0 105.0 105.0 103.0 101.0 98.0 93.0 90.0 86.0 83.0 81.0 80.0 78.0 78.0 78.0 77.0
76.0 76.0 76.0 77.0 77.0 78.0 79.0 79.0 80.0 80.0 80.0 81.0 81.0 82.0 83.0 84.0 85.0 86.0 87.0 89.0 90.0 93.0 96.0 101.0 109.0 119.0 139.0 159.0 177.0 187.0 192.0 192.0 190.0 187.0 183.0 180.0 176.0 175.0 175.0 176.0 176.0 177.0 177.0 176.0 175.0 173.0 172.0 171.0 169.0 167.0 166.0 165.0 164.0 164.0 163.0 163.0 162.0 161.0 160.0 158.0
153.0 152.0 151.0 149.0 149.0 148.0 148.0 148.0 147.0 146.0 146.0 145.0 144.0 144.0 143.0 142.0 141.0 140.0 139.0 138.0 137.0 136.0 135.0 134.0 133.0 132.0 131.0 132.0 135.0 138.0 145.0 157.0 162.0 167.0 172.0 174.0 175.0 176.0 177.0 179.0 180.0 180.0 180.0 179.0 178.0 176.0 174.0 172.0 168.0 165.0 160.0 157.0 153.0 151.0 149.0 147.0 145.0 144.0 143.0 141.0
132.0 131.0 130.0 129.0 128.0 127.0 125.0 124.0 122.0 120.0 119.0 117.0 116.0 115.0 114.0 112.0 110.0 108.0 107.0 106.0 105.0 105.0 104.0 104.0 103.0 101.0 98.0 96.0 94.0 91.0 88.0 84.0 73.0 292.0 276.0 272.0 266.0 264.0 266.0 269.0 273.0 277.0 280.0 285.0 289.0 292.0 297.0 300.0 307.0 319.0 338.0 3.0 29.0 45.0 58.0 64.0 70.0 71.0 73.0 74.0
74.0 75.0 75.0 76.0 76.0 77.0 78.0 78.0 78.0 79.0 79.0 79.0 79.0 80.0 81.0 81.0 82.0 82.0 82.0 81.0 81.0 80.0 79.0 79.0 79.0 78.0 79.0 79.0 81.0 82.0 83.0 82.0 81.0 80.0 79.0 80.0 81.0 82.0 83.0 86.0 89.0 92.0 95.0 98.0 101.0 104.0 108.0 115.0 118.0 120.0 123.0 125.0 127.0 128.0 129.0 131.0 131.0 132.0 132.0 133.0
82.0 82.0 83.0 83.0 84.0 85.0 86.0 87.0 88.0 89.0 90.0 90.0 91.0 92.0 93.0 94.0 94.0 93.0 94.0 95.0 99.0 103.0 105.0 107.0 108.0 109.0 110.0 111.0 112.0 114.0 115.0 116.0 116.0 117.0 116.0 115.0 113.0 112.0 109.0 107.0 105.0 102.0 100.0 99.0 96.0 93.0 90.0 88.0 83.0 80.0 77.0 74.0 72.0 70.0 68.0 67.0 66.0 66.0 65.0 64.0
93.0 90.0 88.0 83.0 80.0 77.0 74.0 72.0 70.0 68.0 67.0 66.0 66.0 65.0 64.0 64.0 64.0 63.0 63.0 63.0 63.0 62.0 62.0 61.0 61.0 61.0 60.0 60.0 58.0 51.0 39.0 20.0 357.0 338.0 324.0 316.0 308.0 304.0 301.0 298.0 297.0 296.0 298.0 302.0 305.0 309.0 317.0 327.0 336.0 344.0 349.0 357.0 7.0 16.0 24.0 36.0 43.0 50.0 58.0 67.0
115.0 117.0 118.0 118.0 118.0 118.0 119.0 119.0 119.0 119.0 119.0 118.0 118.0 119.0 119.0 119.0 120.0 119.0 119.0 119.0 119.0 118.0 118.0 118.0 118.0 119.0 120.0 120.0 120.0 121.0 122.0 123.0 127.0 133.0 141.0 153.0 165.0 169.0 171.0 170.0 167.0 164.0 158.0 155.0 153.0 151.0 149.0 148.0 146.0 144.0 142.0 140.0 137.0 135.0 132.0 131.0 130.0 130.0 130.0 130.0
129.0 130.0 132.0 133.0 134.0 134.0 134.0 134.0 135.0 135.0 136.0 137.0 138.0 139.0 140.0 143.0 149.0 159.0 173.0 188.0 201.0 212.0 217.0 220.0 220.0 220.0 218.0 216.0 215.0 213.0 211.0 209.0 207.0 207.0 207.0 208.0 209.0 211.0 211.0 212.0 212.0 213.0 212.0 213.0 211.0 210.0 208.0 205.0 203.0 199.0 196.0 192.0 189.0 186.0 184.0 183.0 180.0 176.0 169.0 161.0
80.0 78.0 78.0 76.0 76.0 76.0 76.0 76.0 76.0 77.0 77.0 78.0 78.0 79.0 79.0 80.0 81.0 81.0 81.0 82.0 81.0 82.0 82.0 82.0 82.0 82.0 83.0 84.0 89.0 133.0 241.0 251.0 253.0 254.0 256.0 257.0 258.0 259.0 260.0 261.0 262.0 263.0 265.0 267.0 271.0 272.0 275.0 278.0 282.0 286.0 289.0 291.0 292.0 293.0 292.0 290.0 287.0 281.0 272.0 141.0
90.0 89.0 88.0 87.0 86.0 85.0 85.0 85.0 86.0 86.0 87.0 88.0 89.0 90.0 91.0 91.0 91.0 92.0 92.0 93.0 95.0 102.0 105.0 108.0 108.0 107.0 106.0 103.0 102.0 101.0 101.0 101.0 103.0 105.0 108.0 112.0 116.0 121.0 127.0 129.0 131.0 130.0 128.0 128.0 127.0 127.0 128.0 129.0 133.0 136.0 137.0 139.0 140.0 140.0 136.0 132.0 126.0 124.0 123.0 122.0
122.0 121.0 121.0 121.0 121.0 122.0 122.0 122.0 122.0 122.0 121.0 120.0 118.0 116.0 114.0 112.0 110.0 109.0 106.0 105.0 103.0 101.0 100.0 100.0 101.0 108.0 124.0 156.0 179.0 195.0 198.0 195.0 190.0 185.0 180.0 174.0 169.0 164.0 160.0 155.0 152.0 149.0 147.0 147.0 147.0 147.0 148.0 148.0 149.0 149.0 148.0 147.0 145.0 143.0 141.0 139.0 138.0 136.0 135.0 133.0
112.0 110.0 108.0 106.0 104.0 102.0 101.0 99.0 98.0 94.0 89.0 86.0 82.0 79.0 77.0 76.0 74.0 73.0 72.0 71.0 70.0 69.0 68.0 66.0 65.0 63.0 61.0 60.0 62.0 68.0 74.0 85.0 95.0 98.0 97.0 92.0 82.0 74.0 67.0 65.0 63.0 64.0 68.0 71.0 76.0 81.0 87.0 92.0 97.0 100.0 103.0 106.0 107.0 108.0 108.0 109.0 110.0 112.0 112.0 113.0
90.0 90.0 90.0 89.0 89.0 88.0 88.0 87.0 87.0 87.0 88.0 88.0 89.0 89.0 90.0 91.0 92.0 92.0 93.0 93.0 93.0 93.0 94.0 94.0 94.0 95.0 96.0 97.0 99.0 101.0 104.0 106.0 110.0 111.0 112.0 112.0 111.0 109.0 107.0 105.0 104.0 105.0 107.0 110.0 114.0 120.0 126.0 131.0 137.0 141.0 147.0 157.0 167.0 173.0 176.0 177.0 177.0 174.0 168.0 162.0
128.0 128.0 127.0 127.0 127.0 128.0 129.0 130.0 130.0 130.0 130.0 130.0 130.0 130.0 131.0 131.0 132.0 132.0 133.0 136.0 143.0 154.0 164.0 172.0 178.0 179.0 177.0 175.0 171.0 167.0 161.0 151.0 145.0 137.0 127.0 118.0 111.0 104.0 99.0 94.0 91.0 87.0 83.0 81.0 80.0 80.0 81.0 81.0 82.0 81.0 82.0 82.0 82.0 82.0 82.0 82.0 82.0 83.0 84.0 85.0
98.0 98.0 97.0 97.0 97.0 97.0 96.0 95.0 95.0 94.0 93.0 92.0 92.0 91.0 92.0 92.0 92.0 93.0 99.0 111.0 135.0 185.0 208.0 214.0 217.0 218.0 217.0 216.0 214.0 213.0 212.0 212.0 212.0 214.0 214.0 216.0 216.0 216.0 215.0 215.0 212.0 210.0 207.0 205.0 202.0 199.0 198.0 198.0 199.0 199.0 200.0 201.0 203.0 203.0 205.0 206.0 208.0 209.0 210.0 211.0
95.0 101.0 106.0 112.0 119.0 123.0 127.0 129.0 130.0 131.0 132.0 133.0 133.0 134.0 135.0 136.0 136.0 135.0 135.0 138.0 157.0 235.0 267.0 272.0 273.0 272.0 269.0 266.0 261.0 256.0 251.0 248.0 246.0 244.0 243.0 242.0 239.0 234.0 223.0 206.0 184.0 166.0 150.0 137.0 129.0 122.0 118.0 116.0 114.0 113.0 112.0 111.0 110.0 109.0 108.0 107.0 106.0 106.0 106.0 106.0
108.0 109.0 109.0 110.0 110.0 110.0 111.0 111.0 111.0 112.0 112.0 113.0 113.0 113.0 114.0 114.0 114.0 115.0 115.0 115.0 115.0 115.0 116.0 116.0 116.0 116.0 116.0 116.0 116.0 116.0 116.0 117.0 117.0 118.0 118.0 119.0 119.0 117.0 114.0 110.0 109.0 113.0 122.0 125.0 131.0 134.0 136.0 137.0 133.0 125.0 115.0 105.0 98.0 91.0 83.0 84.0 86.0 91.0 96.0 108.0
296.0 299.0 302.0 306.0 308.0 309.0 309.0 307.0 305.0 306.0 307.0 309.0 312.0 315.0 320.0 326.0 332.0 337.0 339.0 340.0 343.0 345.0 347.0 350.0 353.0 356.0 358.0 359.0 359.0 359.0 0.0 1.0 3.0 4.0 7.0 8.0 11.0 13.0 15.0 16.0 18.0 18.0 19.0 20.0 20.0 20.0 20.0 19.0 18.0 18.0 18.0 18.0 17.0 17.0 16.0 15.0 14.0 13.0 10.0 3.0
18.0 18.0 19.0 20.0 20.0 20.0 20.0 19.0 18.0 18.0 18.0 18.0 17.0 17.0 16.0 15.0 14.0 13.0 10.0 3.0 356.0 343.0 328.0 318.0 312.0 303.0 299.0 296.0 293.0 292.0 290.0 289.0 286.0 285.0 282.0 280.0 276.0 272.0 270.0 268.0 265.0 262.0 260.0 258.0 257.0 255.0 253.0 252.0 251.0 250.0 250.0 249.0 249.0 248.0 248.0 247.0 247.0 246.0 246.0 246.0
246.0 246.0 246.0 246.0 245.0 246.0 246.0 247.0 249.0 251.0 253.0 255.0 257.0 259.0 260.0 261.0 263.0 264.0 265.0 266.0 265.0 265.0 266.0 268.0 271.0 275.0 280.0 284.0 289.0 292.0 295.0 298.0 301.0 302.0 304.0 305.0 306.0 309.0 310.0 313.0 315.0 316.0 318.0 320.0 321.0 322.0 322.0 323.0 323.0 323.0 322.0 322.0 322.0 322.0 321.0 321.0 321.0 321.0 321.0 321.0
4.0 4.0 4.0 4.0 4.0 4.0 4.0 4.0 5.0 5.0 5.0 6.0 6.0 7.0 7.0 7.0 7.0 6.0 3.0 358.0 353.0 346.0 338.0 334.0 327.0 323.0 318.0 314.0 311.0 308.0 306.0 305.0 305.0 307.0 309.0 312.0 316.0 319.0 324.0 327.0 330.0 331.0 333.0 334.0 336.0 338.0 340.0 342.0 343.0 346.0 347.0 349.0 351.0 353.0 355.0 356.0 357.0 357.0 358.0 357.0
356.0 355.0 354.0 353.0 352.0 352.0 352.0 352.0 352.0 352.0 353.0 353.0 353.0 353.0 353.0 353.0 354.0 354.0 354.0 354.0 354.0 353.0 349.0 346.0 343.0 339.0 337.0 335.0 334.0 333.0 333.0 333.0 334.0 335.0 336.0 337.0 338.0 338.0 339.0 339.0 340.0 341.0 342.0 342.0 343.0 344.0 345.0 346.0 347.0 348.0 348.0 349.0 350.0 350.0 351.0 351.0 352.0 352.0 352.0 352.0
196.0 198.0 199.0 201.0 204.0 208.0 215.0 222.0 232.0 239.0 251.0 262.0 272.0 282.0 290.0 296.0 302.0 308.0 312.0 317.0 320.0 324.0 328.0 330.0 333.0 335.0 337.0 338.0 339.0 339.0 338.0 334.0 327.0 322.0 317.0 314.0 313.0 312.0 313.0 314.0 317.0 319.0 321.0 322.0 323.0 324.0 325.0 325.0 326.0 327.0 327.0 328.0 329.0 330.0 331.0 332.0 333.0 334.0 335.0 336.0
332.0 333.0 334.0 335.0 336.0 337.0 338.0 339.0 339.0 340.0 341.0 342.0 343.0 344.0 345.0 347.0 347.0 349.0 351.0 352.0 354.0 355.0 356.0 356.0 352.0 347.0 339.0 335.0 332.0 331.0 331.0 333.0 334.0 336.0 338.0 339.0 340.0 341.0 342.0 343.0 343.0 343.0 343.0 343.0 342.0 341.0 340.0 339.0 337.0 334.0 333.0 331.0 330.0 326.0 325.0 322.0 319.0 315.0 313.0 309.0
299.0 298.0 297.0 296.0 296.0 295.0 294.0 293.0 291.0 290.0 287.0 283.0 280.0 277.0 274.0 270.0 266.0 263.0 260.0 260.0 259.0 260.0 258.0 256.0 252.0 249.0 246.0 246.0 246.0 249.0 252.0 254.0 256.0 258.0 262.0 265.0 269.0 271.0 275.0 277.0 279.0 280.0 281.0 282.0 282.0 284.0 285.0 287.0 288.0 289.0 290.0 291.0 292.0 294.0 295.0 296.0 298.0 300.0 302.0 302.0
329.0 330.0 332.0 334.0 336.0 337.0 339.0 341.0 343.0 344.0 345.0 346.0 346.0 346.0 346.0 345.0 343.0 341.0 337.0 331.0 324.0 318.0 312.0 308.0 305.0 302.0 301.0 301.0 301.0 303.0 305.0 308.0 311.0 314.0 317.0 320.0 322.0 324.0 325.0 326.0 327.0 328.0 329.0 330.0 331.0 332.0 333.0 334.0 335.0 336.0 337.0 338.0 339.0 340.0 341.0 342.0 343.0 344.0 344.0 345.0
224.0 221.0 219.0 217.0 216.0 215.0 216.0 215.0 216.0 217.0 219.0 221.0 222.0 223.0 223.0 224.0 223.0 224.0 225.0 226.0 226.0 226.0 226.0 227.0 229.0 233.0 239.0 243.0 246.0 247.0 247.0 246.0 246.0 245.0 244.0 245.0 246.0 247.0 249.0 252.0 254.0 256.0 258.0 260.0 261.0 262.0 264.0 266.0 268.0 271.0 274.0 279.0 283.0 288.0 293.0 298.0 303.0 307.0 311.0 314.0
307.0 295.0 291.0 285.0 280.0 275.0 270.0 267.0 265.0 265.0 264.0 263.0 260.0 259.0 257.0 256.0 255.0 254.0 255.0 255.0 257.0 257.0 258.0 257.0 256.0 255.0 255.0 256.0 257.0 258.0 259.0 261.0 263.0 265.0 267.0 269.0 271.0 273.0 276.0 278.0 279.0 280.0 281.0 282.0 283.0 284.0 285.0 287.0 288.0 291.0 294.0 299.0 303.0 309.0 314.0 322.0 327.0 330.0 332.0 335.0
221.0 212.0 210.0 209.0 208.0 209.0 207.0 207.0 205.0 204.0 201.0 200.0 199.0 199.0 198.0 200.0 202.0 205.0 207.0 211.0 215.0 219.0 223.0 228.0 234.0 241.0 246.0 251.0 253.0 254.0 253.0 251.0 250.0 248.0 247.0 248.0 248.0 250.0 252.0 254.0 256.0 258.0 259.0 260.0 260.0 261.0 262.0 262.0 263.0 263.0 263.0 264.0 264.0 264.0 263.0 262.0 260.0 260.0 259.0 260.0
203.0 204.0 205.0 206.0 206.0 208.0 209.0 210.0 212.0 213.0 215.0 216.0 218.0 220.0 222.0 225.0 228.0 230.0 233.0 236.0 241.0 245.0 249.0 257.0 263.0 267.0 273.0 275.0 277.0 279.0 280.0 281.0 283.0 285.0 287.0 290.0 292.0 294.0 296.0 298.0 301.0 302.0 304.0 305.0 307.0 307.0 309.0 311.0 313.0 315.0 317.0 319.0 321.0 323.0 325.0 326.0 328.0 330.0 333.0 335.0
241.0 240.0 239.0 238.0 238.0 236.0 237.0 236.0 236.0 236.0 236.0 236.0 237.0 238.0 240.0 241.0 243.0 247.0 252.0 256.0 261.0 264.0 266.0 267.0 268.0 268.0 268.0 268.0 268.0 268.0 268.0 269.0 270.0 271.0 271.0 272.0 272.0 273.0 274.0 276.0 277.0 278.0 279.0 279.0 280.0 280.0 280.0 281.0 282.0 282.0 283.0 284.0 285.0 286.0 287.0 287.0 288.0 289.0 291.0 291.0
307.0 312.0 318.0 324.0 331.0 337.0 342.0 343.0 340.0 339.0 332.0 326.0 321.0 312.0 304.0 288.0 271.0 264.0 251.0 248.0 250.0 256.0 262.0 267.0 270.0 272.0 271.0 270.0 269.0 268.0 267.0 267.0 267.0 267.0 267.0 268.0 268.0 270.0 271.0 272.0 274.0 275.0 277.0 278.0 280.0 281.0 282.0 283.0 285.0 286.0 289.0 290.0 292.0 293.0 295.0 297.0 298.0 300.0 302.0 304.0
312.0 311.0 309.0 307.0 305.0 303.0 302.0 301.0 300.0 299.0 298.0 298.0 298.0 297.0 298.0 298.0 298.0 297.0 295.0 291.0 286.0 282.0 278.0 277.0 278.0 279.0 282.0 286.0 293.0 302.0 308.0 314.0 320.0 324.0 329.0 333.0 337.0 340.0 344.0 346.0 350.0 352.0 355.0 359.0 0.0 2.0 2.0 3.0 2.0 2.0 0.0 358.0 356.0 355.0 353.0 352.0 350.0 348.0 347.0 344.0
124.0 122.0 119.0 117.0 114.0 111.0 110.0 109.0 109.0 108.0 108.0 106.0 105.0 103.0 101.0 100.0 99.0 98.0 96.0 95.0 95.0 94.0 93.0 96.0 103.0 154.0 235.0 237.0 233.0 228.0 225.0 217.0 209.0 205.0 194.0 189.0 177.0 177.0 183.0 298.0 326.0 322.0 310.0 295.0 285.0 278.0 274.0 270.0 271.0 271.0 274.0 275.0 275.0 276.0 276.0 276.0 277.0 277.0 278.0 278.0
321.0 322.0 323.0 323.0 323.0 323.0 323.0 323.0 323.0 323.0 324.0 324.0 325.0 325.0 326.0 326.0 328.0 330.0 331.0 329.0 324.0 315.0 310.0 301.0 296.0 293.0 290.0 290.0 291.0 294.0 297.0 302.0 305.0 307.0 308.0 309.0 309.0 309.0 309.0 309.0 309.0 311.0 312.0 313.0 315.0 317.0 318.0 319.0 320.0 319.0 319.0 319.0 319.0 319.0 320.0 320.0 321.0 321.0 321.0 322.0
309.0 307.0 304.0 303.0 300.0 297.0 294.0 292.0 289.0 287.0 286.0 284.0 283.0 281.0 279.0 277.0 275.0 274.0 272.0 270.0 270.0 269.0 269.0 267.0 266.0 264.0 262.0 260.0 258.0 255.0 253.0 252.0 251.0 251.0 252.0 253.0 254.0 254.0 254.0 255.0 255.0 255.0 255.0 255.0 255.0 256.0 257.0 257.0 257.0 258.0 258.0 259.0 260.0 261.0 262.0 263.0 263.0 263.0 264.0 264.0
323.0 324.0 325.0 325.0 325.0 325.0 326.0 326.0 326.0 326.0 326.0 325.0 190.0 190.0 190.0 190.0 190.0 190.0 190.0 189.0 189.0 189.0 189.0 190.0 191.0 191.0 191.0 190.0 190.0 189.0 188.0 187.0 187.0 187.0 186.0 186.0 186.0 185.0 186.0 186.0 186.0 186.0 186.0 187.0 187.0 186.0 186.0 185.0 184.0 183.0 182.0 181.0 179.0 178.0 176.0 174.0 173.0 172.0 172.0 172.0
285.0 282.0 277.0 275.0 269.0 265.0 261.0 258.0 254.0 251.0 248.0 246.0 244.0 241.0 239.0 235.0 232.0 227.0 224.0 220.0 217.0 213.0 210.0 209.0 208.0 209.0 209.0 209.0 207.0 205.0 202.0 199.0 197.0 194.0 190.0 187.0 185.0 181.0 178.0 170.0 160.0 147.0 135.0 123.0 114.0 108.0 101.0 96.0 91.0 87.0 83.0 81.0 78.0 76.0 73.0 72.0 70.0 69.0 68.0 68.0
348.0 348.0 347.0 347.0 346.0 344.0 343.0 341.0 338.0 337.0 336.0 335.0 335.0 335.0 334.0 333.0 331.0 329.0 328.0 326.0 325.0 324.0 324.0 324.0 325.0 325.0 324.0 322.0 320.0 317.0 317.0 318.0 321.0 325.0 328.0 332.0 335.0 338.0 341.0 344.0 347.0 350.0 353.0 0.0 3.0 6.0 10.0 14.0 17.0 20.0 23.0 25.0 28.0 30.0 33.0 37.0 39.0 42.0 44.0 47.0
79.0 80.0 80.0 80.0 80.0 80.0 80.0 80.0 80.0 79.0 78.0 77.0 76.0 75.0 74.0 73.0 72.0 70.0 69.0 66.0 64.0 62.0 59.0 56.0 54.0 50.0 47.0 44.0 41.0 39.0 37.0 35.0 33.0 28.0 22.0 14.0 4.0 344.0 332.0 320.0 313.0 312.0 310.0 313.0 317.0 325.0 332.0 343.0 353.0 3.0 9.0 14.0 18.0 21.0 23.0 26.0 28.0 32.0 35.0 39.0
317.0 316.0 316.0 315.0 315.0 315.0 315.0 314.0 315.0 314.0 314.0 314.0 315.0 315.0 316.0 316.0 317.0 317.0 318.0 318.0 317.0 315.0 311.0 305.0 300.0 297.0 294.0 294.0 294.0 296.0 298.0 300.0 302.0 304.0 305.0 306.0 308.0 311.0 313.0 315.0 317.0 319.0 320.0 322.0 324.0 326.0 328.0 330.0 332.0 334.0 337.0 339.0 341.0 344.0 346.0 348.0 351.0 352.0 354.0 356.0
84.0 84.0 84.0 85.0 85.0 85.0 85.0 85.0 85.0 85.0 85.0 86.0 86.0 87.0 88.0 90.0 92.0 94.0 98.0 101.0 104.0 106.0 108.0 110.0 113.0 117.0 119.0 122.0 124.0 129.0 136.0 143.0 155.0 166.0 175.0 179.0 181.0 179.0 175.0 167.0 159.0 148.0 138.0 127.0 119.0 110.0 104.0 97.0 93.0 88.0 84.0 79.0 75.0 72.0 69.0 68.0 67.0 67.0 67.0 67.0
50.0 50.0 50.0 49.0 49.0 48.0 47.0 47.0 47.0 46.0 46.0 46.0 47.0 48.0 49.0 49.0 50.0 51.0 52.0 52.0 53.0 53.0 53.0 53.0 54.0 54.0 54.0 55.0 55.0 55.0 51.0 45.0 37.0 18.0 349.0 331.0 316.0 314.0 311.0 312.0 315.0 324.0 347.0 2.0 20.0 35.0 44.0 55.0 63.0 70.0 75.0 81.0 85.0 89.0 90.0 91.0 91.0 91.0 92.0 92.0
78.0 77.0 76.0 75.0 74.0 73.0 71.0 70.0 69.0 69.0 68.0 68.0 67.0 67.0 67.0 66.0 66.0 65.0 65.0 65.0 64.0 63.0 63.0 63.0 63.0 62.0 62.0 61.0 59.0 58.0 56.0 54.0 53.0 52.0 49.0 44.0 37.0 29.0 18.0 9.0 0.0 354.0 347.0 345.0 342.0 339.0 334.0 330.0 325.0 321.0 319.0 317.0 316.0 316.0 317.0 318.0 319.0 322.0 323.0 324.0
74.0 75.0 76.0 77.0 77.0 77.0 76.0 76.0 74.0 73.0 73.0 72.0 72.0 72.0 72.0 72.0 71.0 70.0 69.0 67.0 65.0 64.0 63.0 62.0 61.0 60.0 54.0 46.0 30.0 12.0 357.0 346.0 339.0 338.0 338.0 338.0 339.0 339.0 340.0 340.0 341.0 340.0 340.0 339.0 339.0 338.0 339.0 340.0 340.0 342.0 343.0 345.0 347.0 348.0 351.0 355.0 359.0 2.0 6.0 9.0
87.0 88.0 89.0 90.0 92.0 93.0 95.0 96.0 98.0 100.0 101.0 103.0 105.0 105.0 106.0 106.0 107.0 106.0 106.0 106.0 107.0 109.0 112.0 114.0 120.0 131.0 142.0 152.0 168.0 180.0 182.0 184.0 184.0 184.0 184.0 187.0 192.0 204.0 222.0 249.0 266.0 279.0 287.0 297.0 304.0 314.0 322.0 330.0 336.0 341.0 343.0 345.0 346.0 348.0 349.0 350.0 353.0 355.0 358.0 0.0
116.0 115.0 114.0 113.0 113.0 113.0 115.0 115.0 117.0 118.0 119.0 118.0 117.0 114.0 111.0 108.0 102.0 100.0 100.0 101.0 99.0 81.0 50.0 28.0 17.0 17.0 18.0 19.0 20.0 19.0 17.0 15.0 14.0 14.0 14.0 14.0 14.0 15.0 16.0 16.0 16.0 14.0 13.0 10.0 3.0 2.0 359.0 358.0 357.0 358.0 359.0 2.0 6.0 9.0 15.0 19.0 24.0 29.0 32.0 36.0
26.0 15.0 11.0 6.0 3.0 359.0 358.0 355.0 353.0 352.0 350.0 349.0 348.0 347.0 345.0 344.0 342.0 341.0 337.0 331.0 325.0 322.0 321.0 323.0 325.0 328.0 332.0 336.0 340.0 343.0 347.0 349.0 352.0 354.0 356.0 358.0 0.0 3.0 6.0 8.0 10.0 11.0 12.0 13.0 13.0 14.0 15.0 15.0 15.0 15.0 15.0 14.0 14.0 15.0 16.0 17.0 19.0 23.0 25.0 28.0
318.0 319.0 320.0 324.0 327.0 329.0 330.0 331.0 333.0 333.0 334.0 334.0 334.0 334.0 333.0 332.0 332.0 332.0 334.0 335.0 337.0 339.0 339.0 334.0 320.0 300.0 271.0 259.0 253.0 257.0 273.0 359.0 22.0 25.0 24.0 22.0 18.0 15.0 11.0 9.0 8.0 8.0 9.0 10.0 12.0 14.0 16.0 19.0 22.0 24.0 26.0 28.0 29.0 30.0 31.0 32.0 32.0 33.0 33.0 33.0
81.0 83.0 84.0 85.0 85.0 85.0 86.0 86.0 87.0 87.0 87.0 87.0 87.0 87.0 86.0 86.0 85.0 86.0 88.0 91.0 94.0 97.0 99.0 99.0 100.0 100.0 100.0 98.0 97.0 95.0 92.0 89.0 87.0 85.0 84.0 82.0 80.0 76.0 73.0 70.0 66.0 63.0 60.0 56.0 53.0 50.0 48.0 46.0 45.0 43.0 43.0 42.0 42.0 42.0 42.0 42.0 41.0 41.0 40.0 39.0
293.0 282.0 270.0 259.0 253.0 245.0 241.0 237.0 234.0 232.0 230.0 228.0 225.0 223.0 220.0 217.0 215.0 214.0 213.0 211.0 208.0 206.0 203.0 198.0 191.0 185.0 180.0 171.0 164.0 153.0 145.0 133.0 127.0 116.0 106.0 99.0 91.0 82.0 76.0 67.0 60.0 52.0 45.0 41.0 33.0 28.0 24.0 18.0 17.0 15.0 14.0 13.0 12.0 10.0 8.0 7.0 5.0 3.0 2.0 1.0
56.0 56.0 56.0 56.0 56.0 57.0 57.0 59.0 61.0 65.0 67.0 70.0 73.0 75.0 77.0 78.0 78.0 77.0 76.0 76.0 79.0 86.0 93.0 97.0 99.0 97.0 93.0 85.0 79.0 70.0 65.0 63.0 61.0 60.0 58.0 57.0 56.0 55.0 54.0 54.0 54.0 55.0 56.0 56.0 56.0 56.0 56.0 56.0 56.0 56.0 57.0 57.0 57.0 58.0 59.0 59.0 60.0 60.0 61.0 61.0
49.0 43.0 37.0 24.0 5.0 347.0 332.0 317.0 308.0 298.0 290.0 281.0 275.0 270.0 266.0 262.0 259.0 258.0 256.0 255.0 254.0 253.0 252.0 251.0 249.0 248.0 246.0 246.0 245.0 246.0 246.0 247.0 247.0 247.0 247.0 246.0 246.0 245.0 245.0 245.0 244.0 243.0 242.0 241.0 237.0 236.0 234.0 229.0 225.0 219.0 208.0 183.0 124.0 95.0 77.0 69.0 66.0 64.0 63.0 63.0
55.0 54.0 54.0 54.0 53.0 52.0 52.0 51.0 51.0 51.0 50.0 49.0 48.0 47.0 46.0 45.0 43.0 41.0 39.0 36.0 34.0 30.0 29.0 28.0 29.0 31.0 34.0 37.0 39.0 41.0 41.0 42.0 41.0 40.0 38.0 36.0 35.0 34.0 33.0 32.0 31.0 30.0 30.0 30.0 29.0 28.0 27.0 27.0 26.0 26.0 25.0 25.0 26.0 26.0 27.0 27.0 28.0 29.0 29.0 30.0
319.0 315.0 311.0 307.0 303.0 301.0 300.0 299.0 298.0 297.0 295.0 292.0 287.0 283.0 280.0 277.0 275.0 273.0 272.0 270.0 267.0 256.0 253.0 252.0 252.0 253.0 252.0 252.0 252.0 253.0 254.0 255.0 256.0 258.0 259.0 261.0 262.0 265.0 267.0 270.0 273.0 276.0 279.0 283.0 287.0 290.0 294.0 296.0 298.0 299.0 300.0 304.0 306.0 309.0 312.0 316.0 319.0 322.0 325.0 329.0
9.0 17.0 26.0 34.0 41.0 48.0 58.0 61.0 63.0 64.0 65.0 66.0 68.0 69.0 70.0 70.0 70.0 69.0 69.0 69.0 68.0 70.0 75.0 91.0 121.0 160.0 172.0 171.0 166.0 159.0 148.0 138.0 122.0 98.0 84.0 74.0 63.0 55.0 50.0 45.0 40.0 37.0 34.0 33.0 33.0 33.0 33.0 33.0 33.0 33.0 32.0 31.0 30.0 29.0 27.0 25.0 23.0 22.0 20.0 17.0
74.0 66.0 61.0 55.0 51.0 48.0 46.0 45.0 45.0 44.0 45.0 45.0 46.0 47.0 49.0 49.0 51.0 52.0 53.0 53.0 53.0 52.0 50.0 49.0 47.0 45.0 43.0 41.0 38.0 34.0 31.0 28.0 23.0 19.0 16.0 13.0 10.0 7.0 4.0 2.0 0.0 358.0 356.0 355.0 354.0 353.0 353.0 355.0 356.0 358.0 0.0 3.0 4.0 6.0 6.0 7.0 7.0 7.0 7.0 7.0
64.0 64.0 64.0 64.0 63.0 63.0 62.0 61.0 61.0 61.0 61.0 61.0 61.0 61.0 61.0 62.0 63.0 64.0 66.0 68.0 69.0 69.0 66.0 56.0 50.0 45.0 39.0 35.0 28.0 24.0 20.0 17.0 15.0 14.0 13.0 11.0 11.0 9.0 9.0 8.0 8.0 9.0 10.0 12.0 13.0 15.0 16.0 18.0 21.0 23.0 25.0 27.0 28.0 28.0 29.0 29.0 30.0 31.0 31.0 32.0
32.0 31.0 31.0 32.0 34.0 36.0 38.0 42.0 46.0 51.0 56.0 62.0 67.0 74.0 76.0 77.0 77.0 78.0 80.0 83.0 86.0 90.0 94.0 94.0 89.0 62.0 14.0 351.0 341.0 338.0 337.0 336.0 336.0 337.0 337.0 337.0 336.0 336.0 335.0 335.0 336.0 336.0 337.0 338.0 339.0 340.0 341.0 342.0 344.0 345.0 346.0 348.0 350.0 352.0 354.0 356.0 359.0 2.0 6.0 9.0
110.0 106.0 103.0 99.0 96.0 94.0 91.0 89.0 88.0 89.0 89.0 90.0 91.0 91.0 89.0 86.0 76.0 61.0 40.0 26.0 14.0 8.0 4.0 4.0 6.0 11.0 17.0 22.0 26.0 32.0 34.0 37.0 38.0 39.0 39.0 40.0 40.0 42.0 44.0 48.0 55.0 71.0 77.0 85.0 92.0 94.0 95.0 96.0 95.0 95.0 94.0 93.0 92.0 92.0 90.0 90.0 90.0 89.0 89.0 89.0
89.0 88.0 87.0 86.0 85.0 84.0 83.0 83.0 82.0 82.0 81.0 80.0 78.0 74.0 71.0 66.0 59.0 49.0 39.0 28.0 23.0 18.0 17.0 17.0 19.0 19.0 18.0 17.0 15.0 15.0 15.0 15.0 17.0 17.0 19.0 20.0 21.0 20.0 20.0 19.0 18.0 17.0 16.0 13.0 12.0 9.0 7.0 5.0 3.0 1.0 0.0 359.0 359.0 0.0 1.0 4.0 7.0 11.0 15.0 18.0
22.0 23.0 25.0 28.0 31.0 34.0 36.0 37.0 37.0 37.0 37.0 37.0 37.0 38.0 40.0 42.0 44.0 46.0 47.0 48.0 48.0 47.0 42.0 36.0 32.0 28.0 26.0 26.0 27.0 29.0 31.0 34.0 38.0 41.0 44.0 46.0 48.0 49.0 50.0 51.0 52.0 52.0 53.0 54.0 54.0 53.0 52.0 50.0 49.0 48.0 49.0 51.0 53.0 57.0 61.0 65.0 70.0 73.0 77.0 81.0
88.0 90.0 92.0 93.0 95.0 97.0 100.0 102.0 106.0 108.0 111.0 113.0 113.0 113.0 113.0 114.0 115.0 116.0 118.0 120.0 122.0 123.0 126.0 128.0 129.0 124.0 109.0 350.0 331.0 328.0 326.0 326.0 327.0 328.0 330.0 330.0 330.0 328.0 325.0 322.0 321.0 321.0 321.0 323.0 324.0 326.0 329.0 331.0 336.0 340.0 345.0 351.0 355.0 357.0 1.0 3.0 4.0 6.0 7.0 8.0
130.0 129.0 128.0 127.0 126.0 124.0 122.0 120.0 118.0 117.0 114.0 112.0 109.0 108.0 105.0 102.0 100.0 96.0 90.0 85.0 74.0 38.0 22.0 7.0 2.0 357.0 355.0 354.0 354.0 354.0 354.0 354.0 353.0 353.0 352.0 352.0 352.0 352.0 352.0 353.0 353.0 354.0 354.0 355.0 356.0 357.0 358.0 359.0 0.0 1.0 2.0 4.0 5.0 6.0 7.0 8.0 9.0 9.0 9.0 10.0
270.0 270.0 270.0 269.0 269.0 268.0 267.0 266.0 264.0 262.0 260.0 256.0 253.0 251.0 247.0 244.0 239.0 233.0 228.0 224.0 222.0 220.0 218.0 217.0 214.0 210.0 208.0 204.0 202.0 199.0 197.0 195.0 194.0 193.0 193.0 193.0 194.0 195.0 197.0 199.0 204.0 207.0 212.0 216.0 222.0 226.0 232.0 237.0 245.0 250.0 254.0 258.0 260.0 264.0 266.0 267.0 269.0 270.0 271.0 271.0
268.0 268.0 269.0 270.0 270.0 272.0 274.0 276.0 278.0 280.0 281.0 283.0 285.0 287.0 288.0 290.0 291.0 292.0 292.0 293.0 293.0 291.0 289.0 286.0 284.0 283.0 282.0 282.0 282.0 283.0 284.0 285.0 286.0 286.0 286.0 286.0 286.0 286.0 285.0 283.0 283.0 282.0 282.0 280.0 279.0 277.0 275.0 273.0 271.0 269.0 267.0 266.0 265.0 264.0 263.0 262.0 261.0 260.0 259.0 257.0
243.0 243.0 242.0 241.0 240.0 239.0 237.0 235.0 232.0 231.0 229.0 228.0 227.0 227.0 228.0 230.0 231.0 233.0 234.0 234.0 234.0 235.0 235.0 236.0 237.0 239.0 240.0 242.0 244.0 246.0 248.0 250.0 252.0 254.0 255.0 257.0 257.0 258.0 257.0 257.0 256.0 254.0 252.0 250.0 249.0 248.0 248.0 250.0 252.0 254.0 256.0 259.0 261.0 264.0 266.0 271.0 272.0 273.0 271.0 269.0
224.0 225.0 226.0 226.0 227.0 228.0 229.0 229.0 229.0 230.0 231.0 235.0 241.0 248.0 254.0 259.0 264.0 267.0 269.0 271.0 272.0 273.0 274.0 275.0 275.0 275.0 274.0 274.0 272.0 271.0 269.0 267.0 265.0 265.0 266.0 268.0 271.0 273.0 276.0 276.0 277.0 277.0 279.0 279.0 281.0 281.0 281.0 282.0 282.0 282.0 281.0 281.0 280.0 280.0 277.0 275.0 272.0 270.0 267.0 265.0
272.0 270.0 267.0 265.0 263.0 262.0 260.0 259.0 258.0 257.0 254.0 251.0 247.0 241.0 236.0 229.0 224.0 221.0 221.0 225.0 231.0 237.0 241.0 245.0 247.0 247.0 247.0 245.0 242.0 238.0 234.0 230.0 227.0 223.0 220.0 217.0 215.0 213.0 210.0 208.0 206.0 204.0 202.0 201.0 199.0 198.0 197.0 195.0 193.0 191.0 189.0 187.0 184.0 182.0 180.0 179.0 178.0 177.0 176.0 176.0
178.0 177.0 176.0 176.0 176.0 176.0 176.0 175.0 175.0 175.0 175.0 176.0 178.0 182.0 189.0 201.0 216.0 225.0 234.0 237.0 239.0 238.0 237.0 235.0 232.0 230.0 229.0 229.0 229.0 230.0 231.0 233.0 233.0 234.0 234.0 234.0 233.0 233.0 233.0 233.0 233.0 234.0 235.0 237.0 238.0 240.0 242.0 244.0 245.0 245.0 244.0 243.0 241.0 240.0 237.0 235.0 233.0 232.0 230.0 229.0
112.0 113.0 113.0 114.0 115.0 117.0 119.0 121.0 123.0 128.0 132.0 137.0 142.0 146.0 151.0 154.0 157.0 161.0 164.0 166.0 170.0 174.0 180.0 187.0 196.0 201.0 205.0 205.0 205.0 203.0 202.0 201.0 200.0 200.0 201.0 203.0 205.0 210.0 214.0 218.0 220.0 223.0 225.0 227.0 229.0 231.0 231.0 232.0 232.0 231.0 231.0 230.0 229.0 229.0 231.0 232.0 234.0 235.0 236.0 238.0
237.0 238.0 239.0 240.0 240.0 241.0 242.0 242.0 242.0 242.0 242.0 243.0 244.0 246.0 247.0 248.0 250.0 251.0 253.0 257.0 261.0 267.0 272.0 277.0 281.0 284.0 287.0 289.0 291.0 292.0 293.0 293.0 293.0 292.0 292.0 291.0 289.0 288.0 286.0 285.0 282.0 280.0 278.0 276.0 274.0 273.0 271.0 270.0 268.0 267.0 266.0 265.0 264.0 263.0 261.0 260.0 258.0 255.0 253.0 251.0
193.0 190.0 189.0 187.0 185.0 183.0 181.0 178.0 176.0 174.0 172.0 172.0 171.0 171.0 171.0 172.0 175.0 182.0 190.0 200.0 209.0 216.0 220.0 224.0 225.0 225.0 224.0 223.0 222.0 221.0 219.0 217.0 216.0 213.0 209.0 206.0 200.0 195.0 190.0 185.0 180.0 175.0 170.0 169.0 168.0 169.0 170.0 171.0 172.0 174.0 176.0 177.0 179.0 179.0 181.0 182.0 183.0 183.0 184.0 185.0
280.0 281.0 280.0 280.0 280.0 280.0 279.0 278.0 277.0 276.0 275.0 274.0 273.0 273.0 273.0 272.0 271.0 271.0 269.0 268.0 266.0 267.0 271.0 275.0 280.0 285.0 289.0 293.0 296.0 300.0 302.0 304.0 306.0 307.0 307.0 308.0 307.0 306.0 304.0 301.0 299.0 293.0 290.0 281.0 269.0 218.0 190.0 171.0 162.0 158.0 157.0 156.0 156.0 155.0 155.0 155.0 155.0 154.0 154.0 153.0
149.0 149.0 150.0 150.0 152.0 153.0 155.0 158.0 160.0 164.0 166.0 169.0 170.0 174.0 177.0 183.0 193.0 202.0 218.0 229.0 235.0 239.0 242.0 244.0 245.0 246.0 247.0 247.0 247.0 246.0 246.0 247.0 247.0 247.0 247.0 247.0 248.0 249.0 250.0 250.0 250.0 249.0 248.0 246.0 244.0 243.0 243.0 243.0 242.0 243.0 243.0 244.0 246.0 248.0 251.0 253.0 255.0 257.0 258.0 259.0
235.0 231.0 229.0 229.0 231.0 232.0 234.0 237.0 239.0 242.0 244.0 246.0 247.0 249.0 250.0 252.0 253.0 254.0 255.0 255.0 253.0 251.0 247.0 244.0 243.0 242.0 241.0 241.0 241.0 242.0 243.0 243.0 244.0 244.0 245.0 246.0 246.0 247.0 247.0 248.0 249.0 250.0 250.0 251.0 252.0 253.0 255.0 256.0 257.0 259.0 260.0 262.0 263.0 264.0 265.0 265.0 266.0 267.0 268.0 269.0
