0.078605 0.04955557 0.04930413 0.06546387 0.0659266 0.06571233 0.06793026 0.05979541 0.04988823 0.003209916 -0.01715849 -0.02552502 -0.004468626 0.0305675 0.07040571 0.07256799 0.06267659 0.02277568 -0.01584441 -0.04354652 -0.002215644 0.02019037 0.0100232 0.02756315 0.04750544 0.04163641 0.03888748 0.08626897 0.1250047 0.1296319 0.1037548 0.02367494 -0.02600758 -0.01727597 -0.02236482 -0.00692668 0.01384184 0.02104263 0.03433016 0.01061288 -0.006637625 0.00806493 0.007694348 0.01950764 0.02315332 0.03836058 0.04530926 0.04528589
0.06453963 0.02371454 -0.0437673 -0.05670094 -0.02965684 0.009514028 0.05530992 0.07438464 0.01555727 -0.02591243 -0.008576157 0.02299477 0.0458755 0.03448885 0.01857227 -0.002453261 0.01234572 0.007864418 -0.01135379 -0.03548091 -0.05173339 -0.04908929 -0.04415922 -0.05696205 -0.04952551 -0.05932296 -0.06212356 -0.05285173 -0.05649809 -0.06065339 -0.04467526 -0.02789149 -0.04979308 -0.05584412 -0.04542413 -0.03674378 -0.06766161 -0.07234638 -0.09228684 -0.1021053 -0.09015917 -0.07147038 -0.0643831 -0.05768282 -0.06195977 -0.06486171 -0.0704463 -0.07498252
0.01193997 0.01035555 0.001033115 -0.001007137 0.000859647 -0.000108442 0.00103384 -0.01007294 -0.01131148 -0.004011638 0.007878899 0.0149398 0.02773176 0.02764163 0.02332714 0.01145408 -0.000111643 -0.001993243 0.002209242 0.008850173 0.005632964 0.006296619 0.001566426 0.01091558 0.0312244 0.02594203 0.02012812 0.006784055 0.002158627 0.006605028 0.01506742 0.02484235 0.02625662 0.01860606 -0.001645093 -0.02200237 -0.01739946 -0.003437699 -0.006631806 -0.009647413 -0.0139107 -0.007869748 0.01121592 0.02804183 0.04242733 0.04718761 0.03735375 0.02103765
0.02103765 0.008368893 -8.66e-05 -0.004792221 -0.01102982 -0.01676109 -0.01900768 -0.02813737 -0.03109694 -0.03711107 -0.01783483 -0.01167371 -0.007378077 -0.00297505 -0.002660849 -0.01257729 -0.02144476 -0.02894199 -0.03224078 -0.02695464 -0.02605684 -0.02388356 -0.02223598 -0.0213095 -0.01819462 -0.006017895 0.000483155 -0.005675407 -0.02196672 -0.02514298 -0.01229081 -0.02582934 -0.009137332 -0.0151773 0.001165017 0.01476843 0.03597706 0.05516034 0.05643148 0.05059295 0.04101154 0.01805734 0.01432051 0.006698661 0.009554069 0.00931996 0.01062308 0.001311401
0.01137842 0.01150999 0.01989471 0.02072351 0.01902581 0.0129011 0.01181038 0.000156873 -0.0199443 -0.02330013 -0.02010933 0.01584495 0.02499988 0.02706154 0.01598565 -0.003509995 -0.01400867 -0.02373082 -0.0263718 -0.02587561 -0.01166574 -0.006992489 -0.01305897 -0.006867324 0.002383453 0.001260596 0.01465362 0.02304802 0.0223968 0.01465901 0.007895173 0.002872894 -0.002832093 -0.01096816 -0.01475179 -0.0165631 -0.003060863 0.0164111 0.03398291 0.04000302 0.03167799 0.0240387 0.003127503 -0.000640737 -0.01064578 0.002832972 0.02156931 0.03232254
0.05941927 0.06554474 0.06189997 0.05403924 0.03401886 0.02731008 0.004558266 0.001950051 0.003626838 0.01127125 0.01775045 0.03174086 0.03639451 0.03585024 0.03658896 0.03551108 0.03656757 0.03995375 0.04660627 0.05058065 0.04066976 0.02269116 0.01409528 0.0182482 0.02292003 0.03708295 0.03500061 0.02277909 0.01651095 0.01264984 0.01481679 0.01254328 0.008699352 0.01894196 0.0170678 0.01896163 0.01160588 0.001364582 0.01003387 0.0223203 0.04829107 0.04747787 0.04487472 0.04598503 0.05334681 0.06367759 0.06648684 0.06018566
0.1167647 0.1072273 0.1307241 0.1290062 0.09112417 0.0807404 0.08093212 0.08181413 0.09569448 0.09494343 0.1004835 0.1107576 0.1416276 0.09093529 0.05396146 0.0560079 0.05248304 0.04065464 0.04002489 0.02862824 0.02457617 0.0369111 0.01272155 0.03146238 0.02564567 0.03201655 0.04668988 0.05301138 0.04531807 0.02884666 0.04481546 0.04161607 0.05371909 0.03181628 0.02022662 0.04188879 0.06135366 0.0853539 0.09406252 0.06042548 0.06753303 0.04710793 0.02053288 -5.490092e-05 0.02803049 0.03401688 0.03209671 0.03377431
0.01868315 0.008630702 0.01036479 0.02199945 0.04333388 0.05563346 0.05273803 0.04532215 0.06674424 0.09533896 0.07506031 0.06622779 0.08427591 0.07980525 0.08214434 0.06458288 0.08331894 0.1119962 0.1455308 0.1606271 0.1555657 0.1504934 0.1708566 0.177018 0.1725273 0.1645564 0.1573557 0.1529557 0.1661312 0.210966 0.2104064 0.2146403 0.2124425 0.2036657 0.1797043 0.1807428 0.1808515 0.190253 0.1837249 0.1711561 0.1253766 0.122245 0.1147277 0.1178671 0.1889836 0.2087214 0.2038081 0.1560031
-0.07525698 -0.07099096 -0.07130215 -0.07049952 -0.07476539 -0.06760961 -0.05982233 -0.06219212 -0.05323233 -0.05965211 -0.07326273 -0.07410391 -0.07233702 -0.07196766 -0.0727874 -0.08591226 -0.09177617 -0.08682299 -0.077824 -0.07082153 -0.06448145 -0.06559318 -0.06878698 -0.07307535 -0.07567716 -0.06872004 -0.0706961 -0.05728242 -0.04998793 -0.0468968 -0.04788759 -0.07782507 -0.0881594 -0.08952227 -0.08374818 -0.07527572 -0.06919534 -0.0593965 -0.05336896 -0.05726014 -0.05330016 -0.04679738 -0.04025101 -0.03596466 -0.03043322 -0.03344113 -0.04556615 -0.03044218
-0.0617816 -0.05653369 -0.05948581 -0.06675421 -0.07566017 -0.07938293 -0.0878767 -0.08609302 -0.0763238 -0.05937394 -0.0519004 -0.04849734 -0.05338162 -0.06737513 -0.07188231 -0.08253706 -0.08222148 -0.07328501 -0.06131551 -0.06114806 -0.06839782 -0.06914906 -0.07903802 -0.08118425 -0.07759556 -0.06927782 -0.07575535 -0.07848231 -0.08115508 -0.0764172 -0.07287781 -0.0699498 -0.06242021 -0.05720143 -0.05152884 -0.04123938 -0.03849405 -0.04661798 -0.06150599 -0.06950408 -0.07500145 -0.07322635 -0.07273296 -0.0714654 -0.07000982 -0.06588314 -0.05499484 -0.05415269
-0.044851 -0.03677139 -0.02598543 -0.02951206 -0.03567017 -0.03991715 -0.04860285 -0.05534387 -0.05709602 -0.04719973 -0.04789073 -0.05207693 -0.04937489 -0.05264827 -0.0467249 -0.02946963 -0.02794672 -0.03199843 -0.04839833 -0.07132311 -0.06409196 -0.05890251 -0.07079227 -0.07615843 -0.05750451 -0.02779718 -0.01375887 -0.01984182 -0.03228397 -0.04330848 -0.06327346 -0.06687499 -0.05907319 -0.05738411 -0.04636414 -0.03772713 -0.04055448 -0.04748712 -0.04512899 -0.04481469 -0.06787365 -0.09312657 -0.09696187 -0.08700873 -0.05833968 -0.04190853 -0.03650491 -0.03274928
-0.05833049 -0.0630971 -0.06665977 -0.07211629 -0.06488111 -0.0595819 -0.05677428 -0.05979614 -0.06876417 -0.07220668 -0.07810924 -0.07177299 -0.06956965 -0.06713428 -0.0581444 -0.04502631 -0.04715784 -0.0500124 -0.04547073 -0.04025174 -0.04382129 -0.03430045 -0.03972009 -0.0483228 -0.05189204 -0.0552661 -0.05748382 -0.06109638 -0.0625156 -0.05434055 -0.05293208 -0.05741377 -0.05558733 -0.04482621 -0.04240063 -0.03552012 -0.03534724 -0.04155924 -0.04534308 -0.04520707 -0.04331647 -0.04257551 -0.04050117 -0.03762237 -0.02883708 -0.02910989 -0.03842025 -0.03447461
-0.08091722 -0.06714185 -0.05337177 -0.03429848 -0.02862697 -0.02687183 -0.0291798 -0.03417588 -0.03960744 -0.03186947 -0.03854347 -0.03998831 -0.03783994 -0.03451503 -0.03411206 -0.03352899 -0.03361256 -0.03614269 -0.04324984 -0.0395628 -0.03394152 -0.03794201 -0.0376524 -0.03517227 -0.03335635 -0.03226215 -0.03111606 -0.03189293 -0.02977852 -0.02342077 -0.02572757 -0.02707422 -0.03161111 -0.03411483 -0.02883107 -0.02594973 -0.03170426 -0.0320575 -0.03535307 -0.03365828 -0.03548608 -0.03960919 -0.04335779 -0.04098986 -0.03123427 -0.03278789 -0.0266693 -0.02639097
-0.004043254 -0.002254704 -0.00459173 -0.001409749 0.0004378816 0.001295716 0.001737959 0.007841993 0.01530831 0.007977061 0.006464756 0.002617107 0.002586505 0.001467728 0.00148313 0.003038584 0.001089492 5.60111e-05 0.00182239 -0.0006826873 0.2050083 0.3548381 0.1075808 -0.07793579 -0.168743 -0.1826776 -0.1568542 -0.0529505 0.002666192 0.008457751 0.005428897 0.009340412 0.009362684 0.00775897 0.007061854 7.403791e-05 -9.618583e-05 0.003578712 -0.002229007 -0.004856452 -0.001936419 0.005245222 0.006272828 0.003562639 -0.001068951 0.0003431378 -0.002831138 -0.002758542
0.01218063 0.01204381 0.01187013 0.0100961 0.008317956 0.0001986601 -0.004785151 -0.003611367 -0.003157094 -0.004381925 0.002559793 0.0001230693 -0.005035383 -0.003465431 -0.001983025 -0.003804549 -0.008215484 -0.004740989 -0.002926071 -0.002440515 -0.001464652 0.000204558 -0.0003322935 1.392218e-05 0.01072702 0.6932605 0.5238364 -0.09550644 -0.2728224 -0.338757 -0.2817042 -0.2125177 -0.1289838 -0.0635926 -0.02007295 -0.004284829 8.243611e-05 -0.0007478915 -0.008420467 -0.01558213 -0.01553048 -0.01507709 -0.01797319 -0.01403482 -0.001414963 -0.004211693 -0.007864227 -0.01531003
0.0207367 0.02585568 0.02717513 0.02351386 0.02643749 0.01538815 0.007333532 0.005755649 0.005244544 0.005707633 0.01390653 0.310801 0.5091519 0.2842312 -0.138775 -0.1465505 -0.04770862 -0.01552527 0.01575192 0.01943722 0.02528284 0.02758852 0.03339858 0.03390604 0.03186626 0.01886845 0.005847493 -0.003449892 -0.01040053 -0.007316201 -0.002378562 -0.001321681 0.005282282 0.00448887 0.006934307 0.00629979 0.002590926 0.0005055286 0.0006809467 -0.0005463978 -0.0006611368 -0.003232806 0.0002593575 0.002862247 0.00193397 0.006405414 0.002237479 -0.00301768
0.01755814 0.01576873 0.01609209 0.01287408 0.01933939 0.02095684 0.02071635 0.01832099 0.01611681 0.009671021 0.006796685 0.1105824 0.8017846 0.5693567 0.1390278 -0.1080325 -0.2558423 -0.213392 -0.1376348 -0.06035868 0.002805102 0.007227224 -0.002453052 -0.01380032 -0.0233616 -0.02720488 -0.03001003 -0.02457573 -0.01487373 -0.004604461 0.008577619 0.007658618 0.004916393 -0.002239053 -0.01118625 -0.001950663 -0.006317189 -0.008875855 -0.01179733 -0.009210007 0.004521524 0.001299569 0.005002122 0.004236874 0.007814131 0.004350088 0.003083616 -0.006963716
-0.00117284 0.001348091 0.006941039 0.006973064 0.006153687 0.007313902 0.006602128 0.006984522 -0.00412847 -0.009287649 -0.003886573 0.005491391 0.008199856 0.3463362 -0.1125628 -0.1994346 -0.1399147 -0.08481569 -0.02205976 -0.01616431 -0.01216906 -0.01348016 -0.01632486 -0.02081632 -0.02410774 -0.01842462 -0.01174971 -0.009851527 -0.01127921 -0.007674918 -0.01060896 -0.01176608 -0.01604869 -0.02043184 -0.02108726 -0.0257365 -0.02419407 -0.01837916 -0.01841602 -0.009349045 0.0001116029 0.006273373 -0.007482986 -0.006121902 -0.007896375 0.0003355644 0.006245397 0.00315069
0.006245397 0.00315069 0.003297723 -0.01118339 -0.0164315 -0.007433079 -6.61991e-05 0.005846674 0.00787144 0.01625835 0.01260714 0.002677061 0.05027294 0.5244981 0.2604247 -0.0009946908 -0.1565624 -0.1917245 -0.1556281 -0.08874886 -0.01538356 0.001745229 0.01537955 0.02356946 0.01944189 0.01242191 0.005271958 -0.002570647 -0.004001872 -0.004628513 -0.008595058 -0.008600923 -0.005201521 -0.004880907 -0.005066664 -0.005712649 -0.008374901 -0.01208026 -0.01590109 -0.01835507 -0.01744821 -0.01920764 -0.01318197 -0.01005884 -0.009172334 -0.003257465 -0.004479059 -0.002472458
0.01003689 0.006631526 0.008624527 0.01014806 0.003105825 0.00792988 0.01087856 0.01006544 0.0131813 0.0110707 0.00925833 0.01480095 0.01223432 0.01830119 0.4281097 0.351995 0.07932267 -0.1575394 -0.1890626 -0.1476007 -0.1022037 -0.05860844 -0.03120344 -0.00927023 0.004226675 0.01077955 0.0135562 0.01696286 0.02161486 0.01893614 0.01510877 0.01714783 0.01499415 0.007874556 0.0003213928 -0.002077574 0.001162654 0.003795826 0.01609093 0.02904752 0.02462156 0.02067951 0.02050829 0.02543217 0.03031046 0.02291883 0.02042614 0.02413981
0.02017823 0.02304532 0.02636094 0.02659288 0.02808811 0.025636 0.0285054 0.02218955 0.02076756 0.02022958 0.02316063 0.03095528 0.03551506 0.03393083 0.0306293 0.02834878 0.09263956 0.4428123 0.296416 -0.02374736 -0.1352514 -0.1666776 -0.1428545 -0.08310123 -0.03748979 -0.008694397 0.01765655 0.03231839 0.03695921 0.03939406 0.03659755 0.03106206 0.02570922 0.01724938 0.01318814 0.007738458 0.007828514 0.006867063 0.008087016 0.004943486 0.002699524 -0.005258086 -0.01151887 -0.008124813 -0.008408721 -0.007285463 -0.00839397 -0.004234996
-0.01026158 -0.01498589 -0.01702384 -0.01637964 -0.01133093 -0.01115963 -0.009433963 -0.009133622 -0.01442291 -0.01326488 -0.01367472 -0.0127245 -0.00365176 0.004095785 0.0044278 0.00139716 0.009739713 0.2514391 0.3976094 0.124701 -0.2041449 -0.2058779 -0.09284061 0.01361484 0.03964651 0.0500598 0.04150867 0.03443831 0.03032416 0.01707735 0.006122257 -0.003515909 0.003546128 0.008782668 0.01317982 0.01374444 0.01741821 0.01972968 0.01947768 0.01928285 0.01957887 0.01462416 0.007427542 -0.0001955317 -0.003514381 -0.002840548 0.001091975 0.009180901
0.04290904 0.05478753 0.09324352 0.07813357 0.07086796 0.06042054 0.03769418 0.01616943 0.001036461 0.008775664 0.01932026 0.03479075 0.04459556 0.2412429 0.09630267 0.02785725 -0.01977231 -0.01873465 -0.01092524 0.01282963 0.03677758 0.0544541 0.06840767 0.0550317 0.03597999 0.02879041 0.02745024 0.03325192 0.0627948 0.06868862 0.08044019 0.08486599 0.106204 0.09447227 0.07339404 0.03059852 -0.01453934 -0.0140284 0.0157772 0.0545217 0.08626705 0.09156678 0.06353797 0.04701677 0.03617926 0.0278595 0.03363549 0.04682903
0.03818121 0.08283754 0.09418475 0.09314746 0.1074176 0.126414 0.1410173 0.1244566 0.1053429 0.1119179 0.1175708 0.1195114 0.1115634 0.1048743 0.3692237 0.419551 0.1356937 0.03102645 0.009021131 0.0366754 0.07936415 0.09993418 0.07570693 0.07329085 0.08246154 0.1030427 0.1200379 0.1205098 0.1338956 0.1532052 0.1811034 0.162278 0.1382781 0.160562 0.1464236 0.1160556 0.1128267 0.1504331 0.1702522 0.2238806 0.2173528 0.1924129 0.1929419 0.1755483 0.1907559 0.1212457 0.1456358 0.1491212
0.05619665 0.04418499 0.08869284 0.1284632 0.09228311 0.118734 0.08894504 0.1092227 0.06156443 0.05008758 0.05281964 0.1044348 0.1458537 0.484301 0.2659198 0.07085948 -0.03277989 -0.0212564 0.009278832 0.004278862 0.03946688 0.01099765 0.04087838 0.05476971 0.0469183 0.125181 0.1553139 0.1095976 0.07793282 0.04550976 0.04997673 0.05104274 0.05987112 0.1042945 0.1256243 0.1402702 0.1420627 0.1241092 0.1411718 0.1531841 0.1568831 0.1329931 0.1217296 0.119812 0.1176921 0.09609096 0.1002405 0.1046961
0.06009816 0.0616129 0.06607644 0.06530419 0.07058905 0.07281383 0.07606101 0.07184017 0.08205666 0.08425307 0.07714033 0.1266786 0.09702905 0.1133022 0.1241948 0.37984 0.4513395 0.1317651 -0.05714103 -0.1876618 -0.1726574 -0.06467518 -0.001715372 0.0236495 0.08918549 0.1050729 0.1080936 0.07611865 0.06167134 0.04065635 0.03947499 0.0759732 0.08707706 0.08395062 0.08572335 0.06992994 0.08734286 0.1072887 0.1385812 0.1227444 0.1102785 0.1315673 0.0962969 0.08654484 0.08525631 0.08960889 0.09798234 0.1048243
0.1160902 0.1408815 0.08885989 0.148445 0.1191198 0.1092658 0.1040877 0.08131871 0.09236155 0.1282249 0.090428 0.07702176 0.09430419 0.07425775 0.08867607 0.3278551 0.5025489 0.214241 0.002942589 -0.0842188 -0.06557532 -0.03816695 0.008548981 0.05588989 0.09566447 0.1313562 0.1796092 0.1356323 0.1266335 0.1179062 0.1484238 0.1358216 0.1601725 0.1384108 0.08263821 0.0854082 0.07787647 0.1004967 0.1214836 0.1196379 0.1334941 0.1323875 0.1313045 0.1198146 0.09365207 0.1316852 0.1047701 0.09907291
0.06663147 0.08214234 0.1080437 0.08605707 0.08412588 0.09048156 0.1089398 0.09302373 0.09026649 0.08487946 0.08689021 0.08826052 0.05053178 0.05089494 0.06728973 0.06650417 0.5193307 0.4288093 -0.007127454 -0.1062429 -0.1795634 -0.09999681 -0.05159577 -0.01508822 -0.007766673 0.005117358 0.01052845 0.03478483 0.07458934 0.06634163 0.06266431 0.05572773 0.0587247 0.07306818 0.09217551 0.09662235 0.07636791 0.08874688 0.07144765 0.07059879 0.07158752 0.08233871 0.08431245 0.07295191 0.07528179 0.06977793 0.07928445 0.08501653
0.08507201 0.08369952 0.07759237 0.1131936 0.1088261 0.09638214 0.0775713 0.07620414 0.1102235 0.09958175 0.08868707 0.07422788 0.08513363 0.08971801 0.1029216 0.1111061 0.133892 0.6905819 0.3917529 0.07183449 -0.03592775 -0.03311896 -0.01831803 -0.01654431 -0.00239599 0.03865381 0.03702888 0.05811967 0.0663713 0.07603368 0.08572093 0.09051775 0.08257213 0.07079247 0.04086795 0.04541674 0.03684955 0.05106536 0.05441427 0.08128885 0.08754387 0.07824529 0.07354199 0.06448509 0.04774672 0.03647401 0.03455159 0.03507213
0.02211327 0.02368893 0.02162528 0.03174613 0.0440448 0.05222411 0.05294747 0.04689134 0.04761138 0.04817212 0.03795967 0.02267604 0.02083106 0.01751645 0.02290847 0.02191365 0.269268 0.4393997 0.1197559 -0.0909828 -0.1398962 -0.1074286 -0.07909089 -0.04253288 0.001957868 0.03402338 0.04129782 0.04226756 0.03129436 0.03228097 0.03387623 0.02256666 0.02822272 0.0307487 0.03326021 0.04008913 0.043207 0.03283621 0.0398878 0.05996075 0.08458592 0.06543358 0.05312158 0.04416772 0.04008824 0.04333162 0.04858407 0.06264312
0.076662 0.03782799 0.01588521 0.0120309 0.01201696 0.02507552 0.03364864 0.04193097 0.04603041 0.04072856 0.03543425 0.03766686 0.04625449 0.03743321 0.03612266 0.04546278 0.04234762 0.04881452 0.6036754 0.3787071 -0.02195484 -0.2161692 -0.2228786 -0.1344497 -0.06459519 -0.03711239 -0.01450122 0.02181098 0.04322119 0.04924867 0.05519291 0.04595688 0.04735488 0.0594178 0.06080369 0.05583543 0.06948829 0.08220632 0.07585387 0.08431697 0.07971486 0.07860119 0.0654762 0.06330479 0.05859918 0.05541589 0.07136563 0.0806068
0.08923544 0.07627669 0.08721266 0.107857 0.09450716 0.09938759 0.09264857 0.09059176 0.08131203 0.06416856 0.06394682 0.06537233 0.06372181 0.05581511 0.06069099 0.05673011 0.7271519 0.5157981 0.01376836 -0.2506531 -0.336396 -0.2376835 -0.1798697 -0.1352483 -0.0814544 0.01018003 0.05895985 0.05622611 0.06254282 0.05987304 0.02114096 0.01469672 0.006308442 0.07972445 0.1068787 0.1185114 0.07898332 0.06311884 0.04623477 0.03199965 0.03098564 0.03101498 0.06120678 0.05001064 0.06935718 0.06854708 0.09521434 0.09051405
0.05473506 0.03987005 0.02676964 0.04585575 0.06271496 0.0833834 0.09742256 0.1145625 0.1227466 0.1125656 0.09540992 0.03767459 0.01608376 0.01818977 0.02010089 0.01481092 0.009007446 0.00456675 0.007892092 0.03322862 0.03889219 0.03789055 0.06294994 0.07894116 0.05931137 0.07411868 0.06370342 0.05287638 0.06829265 0.07361802 0.07904664 0.09287658 0.1039644 0.1229857 0.1286838 0.1220473 0.1099979 0.0779952 0.1048839 0.08240081 0.04394318 0.04073139 0.0555886 0.06470943 0.05809513 0.05287417 0.04458642 0.05484543
0.0584595 0.05420629 0.06227518 0.06223886 0.07106182 0.08215076 0.1034289 0.1044408 0.08333771 0.08972663 0.09287013 0.1072383 0.1231292 0.4767245 0.142153 -0.01743996 -0.1105725 -0.1545921 -0.1087851 -0.03868839 0.008640477 0.04445742 0.0986931 0.1027574 0.08866694 0.06512062 0.05026922 0.06038066 0.06692398 0.07842346 0.09551783 0.09852709 0.1066824 0.05731905 0.05512439 0.04819395 -0.003678476 -0.01002567 0.07075514 0.1057094 0.09858938 0.0675103 0.06512158 0.0891382 0.08940416 0.08937655 0.08946212 0.08088277
0.08013067 0.06495751 0.06189779 0.07479134 0.08004773 0.06104318 0.07170007 0.05448531 0.05972406 0.07216048 0.04052513 0.02396093 0.01003249 0.04761322 0.0953234 0.0967604 0.06355915 0.04081462 0.02196647 0.005443697 -0.4278772 -0.2119819 0.03411546 0.2423961 0.2395039 0.1953474 0.1551651 0.08223174 0.07022583 0.0653467 0.06567282 0.05126258 0.06077554 0.07672984 0.07958278 0.07780677 0.07121409 0.04952351 0.04454903 0.07428937 0.09119723 0.0864114 0.09031967 0.09681798 0.0881146 0.09287467 0.1029244 0.1139398
0.1315068 0.1101784 0.1402151 0.1452563 0.1359559 0.1192999 0.1114337 0.1199784 0.1126643 0.113371 0.1195649 0.1063986 0.08108612 0.1121935 0.1200804 0.1383617 0.1465194 0.1214345 0.1032382 0.06512772 -0.4716412 -0.5544772 -0.2892736 0.07938462 0.3231428 0.3857644 0.3608955 0.2920184 0.1938291 0.09903339 0.06587328 0.05363711 0.06548936 0.08347423 0.07772861 0.07061059 0.06217259 0.05652452 0.08703005 0.1113552 0.1078474 0.0886541 0.08049151 0.04711647 0.02386492 0.02744804 0.03434489 0.07333987
0.04406388 0.0339698 0.03958052 0.05669599 0.07402717 0.1017342 0.1282043 0.1254281 0.08591872 0.041898 0.03132001 0.04451649 -0.3387249 -0.3378227 -0.003043012 0.1688945 0.2526689 0.2600843 0.2179426 0.1396695 0.1037732 0.1064436 0.1155074 0.06899118 0.04714425 0.06377368 0.04428652 0.02210569 -0.001593027 0.03015683 0.1275157 0.1492453 0.1536296 0.1218009 0.06405547 0.04619021 0.02448427 -0.03161764 -0.001050405 0.03754818 0.04902795 0.04863224 0.04877415 0.06894352 0.07255375 0.08204166 0.08143416 0.06279371
0.07788932 0.06962304 0.07361047 0.04764247 0.0747827 0.09456749 0.1068168 0.09788714 0.1209374 0.1008262 0.08889573 0.08444867 0.101708 0.105819 0.08011563 0.05828362 -0.2116321 -0.07832633 0.08184358 0.1540868 0.1936322 0.2134371 0.2307622 0.1607476 0.1078037 0.07724807 0.03669042 0.03842754 0.02796526 0.05352016 0.06207393 0.08893301 0.1031989 0.116794 0.1291549 0.06864027 0.03897512 0.06717107 0.07634035 0.09493252 0.1074881 0.09816407 0.1003004 0.1273839 0.1224043 0.08394615 0.02263185 0.03315195
0.06463234 0.0670382 0.04044619 0.04507719 0.08380071 0.07620257 0.05836901 0.03275988 -0.01565537 -0.008167573 0.03294769 0.03292792 0.06469709 0.05529804 0.05776605 0.04374385 0.04927242 0.07532766 0.07431261 -0.4910197 -0.5896398 -0.1226799 0.1728394 0.2681783 0.2457061 0.1611651 0.1043235 0.08627154 0.03388276 0.03398576 0.04307579 0.0711174 0.06528202 0.02179773 0.03141502 0.06199086 0.09353358 0.07069165 0.08862942 0.1150677 0.08029268 0.08754319 0.1075255 0.1243359 0.1228671 0.1461694 0.1501321 0.1570672
0.06061559 0.06382751 0.07428599 0.1010804 0.08323056 0.04978669 0.1008473 0.1175512 0.09040193 0.07840195 0.07889263 -0.2837529 -0.345308 -0.02010007 0.1150688 0.1819148 0.1904555 0.1900389 0.1462444 0.1187732 0.09007429 0.05139953 0.05628872 0.05623316 0.08935436 0.07118281 0.07596731 0.06066903 0.06743442 0.07526056 0.04565468 0.04195516 0.03759937 0.001143438 -0.01448552 0.04705404 0.0642947 0.04337063 0.03850232 0.03350741 0.03968935 0.04390401 0.04236968 0.03507828 0.03455069 0.02727438 0.02150591 0.02075555
0.03455069 0.02727438 0.02150591 0.02075555 0.03134501 0.03567265 0.05600143 0.05518767 0.04737286 0.05769954 0.05622429 0.0515678 0.04379636 0.0495382 0.05170138 0.04983744 -0.3632258 -0.35174 -0.04656833 0.2048109 0.3155806 0.3159503 0.2717462 0.2153447 0.1615048 0.1415651 0.1128212 0.1109687 0.1209676 0.1282511 0.1445633 0.1418636 0.1367278 0.1312396 0.1197506 0.1176616 0.1195024 0.1070018 0.1299462 0.1341483 0.1416817 0.1471977 0.1321489 0.1411256 0.1425718 0.1095616 0.09204181 0.08545544
-0.06327603 -0.07652659 -0.07811058 -0.08378941 -0.07664125 -0.06984591 -0.0652765 -0.06905102 -0.07188597 -0.05353669 -0.05221825 -0.05365189 -0.06316809 -0.06749529 -0.07041834 -0.06606049 -0.06625561 -0.274425 -0.3946544 -0.1251907 0.01518171 0.08578041 0.1156297 0.1052635 0.01181975 -0.0272329 -0.06882827 -0.1170052 -0.1181853 -0.09769306 -0.08182069 -0.06765954 -0.05539736 -0.05328283 -0.05168886 -0.04868782 -0.06449242 -0.06326054 -0.05565174 -0.05016161 -0.05128533 -0.04542287 -0.0516734 -0.05616007 -0.0591619 -0.07200398 -0.07590219 -0.07050525
-0.05128533 -0.04542287 -0.0516734 -0.05616007 -0.0591619 -0.07200398 -0.07590219 -0.07050525 -0.0777955 -0.0809558 -0.08407433 -0.07577412 -0.07762122 -0.08782691 -0.09281989 -0.08528209 -0.08533037 -0.2711906 -0.1126446 -0.03709308 0.01031178 0.02729001 0.0233275 -0.007485893 -0.02929955 -0.04609393 -0.04507064 -0.05021858 -0.04984698 -0.05730271 -0.06419826 -0.05663486 -0.05137521 -0.05199136 -0.04922718 -0.049881 -0.05233039 -0.05963185 -0.06006444 -0.06550858 -0.06787697 -0.06708371 -0.06896392 -0.06572699 -0.06160469 -0.05895121 -0.05865278 -0.05734558
-0.07146391 -0.06522252 -0.05866548 -0.05332941 -0.05655712 -0.05833485 -0.0627428 -0.0705232 -0.07708244 -0.07818316 -0.07327738 -0.07456135 -0.07752506 -0.3398591 -0.0553864 0.04696538 0.06003948 0.0515794 0.03377058 0.00314829 -0.02552521 -0.04228503 -0.05859391 -0.05885591 -0.06041799 -0.06318574 -0.05730857 -0.05101458 -0.0553394 -0.05563147 -0.05329813 -0.05667042 -0.05604805 -0.05625021 -0.05723219 -0.05858016 -0.06319437 -0.06598506 -0.06987485 -0.07325774 -0.06929155 -0.06189544 -0.05941911 -0.05570567 -0.05677213 -0.05761629 -0.05777878 -0.0619088
-0.06618476 -0.07370675 -0.07363483 -0.06748058 -0.06540852 -0.05494244 -0.04962571 -0.05155324 -0.05255685 -0.05790625 -0.05379597 -0.0657824 -0.3481765 -0.08965389 0.03999819 0.1170326 0.1125662 0.08857719 0.000457426 -0.04506991 -0.07904982 -0.08665069 -0.08173186 -0.0673303 -0.05170705 -0.0425619 -0.04246558 -0.04367909 -0.04832976 -0.05101744 -0.048578 -0.04467144 -0.03950937 -0.03578291 -0.03929949 -0.04975048 -0.04714238 -0.05188686 -0.0558002 -0.05305405 -0.04751362 -0.04912874 -0.04941559 -0.05016284 -0.04621353 -0.0496302 -0.05355456 -0.05792899
-0.06366656 -0.0592406 -0.06365593 -0.0680282 -0.07156916 -0.06929648 -0.06361387 -0.06068452 -0.0577647 -0.1272704 -0.1842381 -0.07653546 0.0001427604 0.01407231 0.01354185 -0.003428109 -0.01656243 -0.03163002 -0.04327996 -0.05566503 -0.05824183 -0.06217396 -0.06398885 -0.06261445 -0.05381149 -0.05122859 -0.04603191 -0.04365602 -0.04430363 -0.04761827 -0.05271239 -0.04991649 -0.04709413 -0.05294009 -0.05680768 -0.05429025 -0.05457527 -0.06092045 -0.05768375 -0.06081614 -0.0570248 -0.05031521 -0.04733988 -0.05161677 -0.04984122 -0.05242981 -0.05453181 -0.04590409
-0.06447144 -0.06810652 -0.06888755 -0.06625443 -0.06186427 -0.0574774 -0.05562372 -0.06340107 -0.07030123 -0.2994418 -0.2022966 -0.08083424 0.007348465 0.03016889 0.02253339 -0.005152453 -0.03248831 -0.0710263 -0.07960502 -0.07681386 -0.07560982 -0.0722507 -0.06773728 -0.06472139 -0.07307011 -0.06988852 -0.05565646 -0.03266334 -0.03969526 -0.0471094 -0.0587111 -0.06595843 -0.05787772 -0.05273184 -0.05587212 -0.05401428 -0.05606898 -0.0537194 -0.05673026 -0.04584202 -0.04732795 -0.06726901 -0.06439165 -0.05584144 -0.04510959 -0.03973945 -0.03069261 -0.03579822
-0.03930362 -0.0432588 -0.05213358 -0.05820677 -0.04975048 -0.05800097 -0.05897013 -0.06342218 -0.06528039 -0.06174546 -0.05544216 -0.05362788 -0.06369542 -0.4008428 -0.3850688 -0.09055247 0.06248482 0.1075273 0.1107137 0.08616859 0.05219664 0.02046115 -0.01482877 -0.03308419 -0.0465599 -0.05056883 -0.06046616 -0.06270748 -0.06899263 -0.0633985 -0.05749041 -0.06379341 -0.0669672 -0.07196624 -0.07487234 -0.07854965 -0.08141038 -0.07752678 -0.07789993 -0.0737522 -0.06732482 -0.07081717 -0.08611865 -0.08749295 -0.08297183 -0.08716988 -0.08671828 -0.07956816
-0.05493268 -0.04784271 -0.05300531 -0.06081175 -0.07101651 -0.07172164 -0.08234411 -0.07918836 -0.06830315 -0.0680542 -0.04959901 -0.03097352 -0.5170927 -0.3330758 -0.04534098 0.08735443 0.1259203 0.144514 0.1131529 0.03970626 0.01473345 -0.02682892 -0.07298073 -0.1190621 -0.1308525 -0.1166234 -0.1073234 -0.08743907 -0.06783529 -0.06893506 -0.06196363 -0.06717446 -0.06086612 -0.06731001 -0.06555818 -0.06623075 -0.06531802 -0.06013191 -0.05532557 -0.04989025 -0.0466654 -0.03586289 -0.03413588 -0.04755265 -0.05230629 -0.05227115 -0.04503073 -0.04398938
-0.06826346 -0.06097389 -0.05756104 -0.06729677 -0.07597276 -0.06587008 -0.06214771 -0.05896022 -0.05549655 -0.04509726 -0.0366793 -0.02053392 -0.03408864 -0.4339369 -0.2599948 -0.06627398 0.04778187 0.09024464 0.07973933 0.06220525 0.04175916 0.0147543 -0.01134879 -0.02263699 -0.03374364 -0.04367593 -0.04197893 -0.05039402 -0.06171127 -0.0580281 -0.05783811 -0.05269355 -0.03987047 -0.02432308 -0.02916623 -0.03823673 -0.04089105 -0.0832991 -0.09382694 -0.08114138 -0.08450949 -0.09006163 -0.09851859 -0.09368099 -0.08274543 -0.07834288 -0.08130394 -0.07474485
-0.05898818 -0.05260293 -0.05645026 -0.05658578 -0.04463914 -0.04295595 -0.03927482 -0.04245759 -0.05040234 -0.05687834 -0.06243952 -0.06299609 -0.05816285 -0.5011925 -0.44779 -0.06172703 0.1227229 0.132046 0.09405848 0.05962825 -0.005473434 -0.04245765 -0.06685656 -0.07995366 -0.08973362 -0.08358558 -0.08123752 -0.07680316 -0.0617816 -0.05653369 -0.05948581 -0.06675421 -0.07566017 -0.07938293 -0.0878767 -0.08609302 -0.0763238 -0.05937394 -0.0519004 -0.04849734 -0.05338162 -0.06737513 -0.07188231 -0.08253706 -0.08222148 -0.07328501 -0.06131551 -0.06114806
-0.02102772 -0.02900123 -0.0395625 -0.04803123 -0.03885174 -0.04411034 -0.02461262 -0.007600442 0.00445723 0.001926639 0.01463931 0.01801898 0.340556 0.7825706 0.5909057 0.2608645 -0.01164861 -0.1473539 -0.1933085 -0.1895339 -0.1592486 -0.1356176 -0.1112698 -0.08690725 -0.07113107 -0.04847852 -0.02397662 0.006936961 0.01454476 0.01678983 0.02864406 0.02531105 0.02119188 0.01877319 0.02152322 0.02440017 0.01404434 0.008440669 0.001108935 -0.03536781 -0.04314766 -0.03927785 -0.03782598 -0.02590608 0.003882802 0.02200923 0.03373108 -0.02115784
-0.01548559 0.001957994 0.01572886 0.02502742 0.03228857 0.02847813 0.01938039 0.008426098 0.001896738 -0.01152014 -0.02228817 -0.02305897 -0.007598156 0.01007517 0.03395612 0.4419999 0.5749021 0.2770873 -0.07765562 -0.1974562 -0.2291543 -0.2004422 -0.1585616 -0.111476 -0.06325132 -0.01592014 -0.005130436 0.008647121 0.01981016 0.01641946 0.007957213 -0.01010992 -0.01690874 -0.01792385 -0.0242196 -0.0227069 -0.01459351 -0.005372752 -0.001251753 0.01098552 0.01052378 0.02212473 0.03740533 0.03643964 0.008837546 -0.0270644 -0.0434913 -0.05328025
-0.05067626 -0.04687921 -0.04650543 -0.04616913 -0.04582407 -0.03673631 -0.03734675 -0.04361355 -0.05032244 -0.06067754 -0.06272288 -0.05232699 -0.03787098 -0.009534074 0.2686494 0.1575082 0.006170642 -0.09809719 -0.06115153 -0.05306987 0.0008135745 0.01840519 0.02609151 0.002047591 -0.006955124 -0.01247571 0.003724792 -0.01050145 -0.02159991 -0.02265401 -0.01162974 -0.007631323 -0.008550211 -0.01401198 -0.02480179 -0.03342403 -0.03713347 -0.02688862 -0.01710087 -0.0133025 -0.02350955 -0.0369225 -0.03786235 -0.02923882 -0.03186931 -0.04115669 -0.04279587 -0.03606664
-0.1180142 -0.1100371 -0.09786115 -0.06032515 -0.03560551 -0.02819434 -0.02120676 -0.02588974 -0.03656053 -0.04434924 -0.04760908 -0.06343673 -0.06972137 -0.06183269 -0.03947949 0.1158056 0.2381276 0.06395716 -0.06282582 -0.1385785 -0.1390854 -0.1212734 -0.09837332 -0.07453685 -0.05411198 -0.04029525 -0.03042666 -0.02487234 -0.01361599 -0.008465691 -0.005934015 -0.005906374 -0.008604511 -0.01150678 -0.01882396 -0.01155815 0.002567067 -0.001190553 -0.03513775 -0.02275565 0.002357029 0.01969346 0.003430931 0.007356659 0.005766413 -0.00340242 -0.01720649 -0.02477
-0.002752662 0.001387996 0.004438038 0.01987009 0.02121441 0.01614052 0.002290764 -0.01050238 -0.01220983 -0.0154632 -0.01702959 -0.01503014 -0.007139769 0.00494654 0.0171833 0.1758005 0.1353853 0.007150516 -0.07464322 -0.1068368 -0.09072724 -0.05601277 -0.03535544 -0.01943134 0.0007456004 0.008806634 0.02020147 0.03715093 0.04396839 0.03272412 0.02295359 0.01776537 0.004145174 -0.002955631 -0.004127956 -0.004768263 -0.01028873 -0.002696099 -0.01295656 -0.01430225 -0.01697171 -0.01056318 -0.004048561 -0.002392058 -0.0007891955 -0.003952322 -0.01143036 -0.02879154
0.02608761 0.04402651 0.03517313 0.01651948 0.002637303 0.01472771 0.0104402 -0.02210563 0.2381002 0.1827036 0.06529449 -0.04757254 -0.1056243 -0.1225721 -0.1231184 -0.1124991 -0.07460877 -0.07662103 -0.04157405 -0.02638269 -0.03088841 -0.0599827 -0.06189342 -0.03436189 -0.01904437 -0.01765955 -0.02296707 0.009915098 0.02116742 -0.01277667 -0.0434605 -0.07246161 -0.03486168 -0.03662676 -0.0395508 -0.04345099 -0.0303205 -0.04161035 -0.0466862 -0.02762392 -0.03682113 -0.04131577 -0.04471631 -0.04399992 -0.05334069 -0.08329955 -0.08576199 -0.05208251
-0.05386245 -0.04834821 -0.0107052 -0.005286152 0.002292163 -0.005251171 -0.01754484 -0.03389158 -0.04702679 -0.06485973 -0.04387896 -0.02356192 -0.01335164 0.05709972 0.6276177 0.176019 0.04274796 -0.05998324 -0.1257124 -0.1561708 -0.1511054 -0.1139604 -0.1065969 -0.0898222 -0.06125059 -0.01994266 0.01149618 -0.004451558 0.002743411 0.03970912 0.03434277 0.03270452 0.01483319 0.02390898 0.02053027 0.02106193 0.03991794 0.03233805 0.007369827 0.02049255 0.01206134 0.02700554 0.02669713 0.02945279 0.01168744 0.03067451 0.02948662 0.03724093
0.02948662 0.03724093 0.0385512 0.02794117 0.03056717 0.03796478 0.03343336 0.04334012 0.093108 0.8244886 0.9277892 0.437301 0.05476728 -0.166586 -0.2082268 -0.1971364 -0.1338705 -0.07467355 -0.05942961 -0.02425067 -0.002168749 0.0350293 0.03414704 0.02655649 0.004047866 -0.02613792 -0.03626013 -0.02916357 -0.00619481 0.001393687 -0.009852547 -0.00303405 -0.003618954 0.01613566 0.005402761 -0.01671982 -0.0110241 0.003482913 -0.01564567 -0.02697915 -0.06006156 -0.0586867 -0.03320482 -0.01738753 -0.006097537 0.001973913 0.01849214 0.01727549
0.01373908 0.002712617 -0.01052639 -0.02354274 -0.01840737 -0.005621385 -0.003972191 0.005209321 0.01326717 0.0247181 0.0326746 0.04748549 0.04175009 0.05511092 0.05757675 0.06049546 0.129254 0.1698569 0.09297315 -0.01194356 -0.03059367 -0.03642455 -0.02252796 -0.01782349 4.418596e-06 0.01144561 0.01943558 0.01853735 0.02982886 0.03948107 0.03374297 0.01751195 0.002692292 0.008365232 0.02008928 0.01232333 0.01006064 -0.02801231 -0.007718442 -0.003214872 0.004147596 0.00043396 0.0205452 0.02627988 0.03126864 0.02406207 0.01026731 0.004953375
0.04492165 0.03818944 0.02015889 -0.003405377 0.007841399 0.01174412 0.02015238 0.01570567 0.02676084 0.03265258 0.0441255 0.03069098 0.003566042 -0.008661275 -0.01350351 -0.001390789 0.2550789 0.4740103 0.159588 -0.04422512 -0.1189277 -0.1519139 -0.1582837 -0.1510838 -0.1001244 -0.07240919 -0.08102423 -0.06187798 -0.05363136 -0.03313198 -0.01852244 -0.01103771 -0.004061892 0.001882541 -0.02085066 -0.006719379 -0.004473632 0.006406252 -0.0004344205 -0.001803637 -0.01618299 -0.01825618 -0.006577979 -0.003810622 -0.03576146 -0.0153493 -0.03008074 -0.03262831
0.0697742 0.07296056 0.07510842 0.02126655 -0.003814221 -0.01735306 -0.01845875 -0.009095591 0.01205129 0.03469108 0.02677866 0.2424208 0.3852919 0.1991417 0.02392647 -0.09597747 -0.1159536 -0.1079291 -0.1135418 -0.05915191 -0.0379978 -0.006203845 0.0330662 0.04073906 0.02088703 0.01272555 0.0168856 0.004100044 0.007034025 -0.01027817 -0.0180719 -0.02213646 -0.01026178 -0.02362341 -0.01781144 -0.006557413 0.004014956 0.007983215 0.01425834 0.01064349 0.01101565 0.001777577 0.01571902 0.02909441 0.02684347 0.04149071 0.0301317 0.01500494
0.01704995 0.0127663 0.02391589 0.01863134 0.02312558 0.03201099 0.01201347 0.01076831 -0.001566372 0.0178862 0.01495993 0.02656675 0.3887138 0.5764762 0.2863588 0.04500108 -0.1232527 -0.1921973 -0.1691111 -0.1492013 -0.1058663 -0.065177 -0.01438528 0.008315333 0.03508342 0.04030429 0.03511067 0.02275853 0.03816583 0.01084504 0.01808201 0.02126028 0.01347932 0.01590713 0.02035857 0.02659785 0.01144604 0.03078358 0.05013385 0.05291354 0.06664573 0.06387229 0.06911471 0.06754189 0.05359257 0.04273654 0.03932843 0.0384767
0.06075004 0.06303912 0.05889521 0.04326059 0.02493357 0.02555622 0.02799194 0.02211242 0.02449986 0.06395172 0.4291026 0.2981312 0.1244124 0.02831611 -0.04104732 -0.04515241 -0.02699559 6.49268e-05 0.03281905 0.02796681 -0.002702235 -0.009094112 0.03869219 0.04636921 0.02753351 0.03139082 0.03357198 0.04885603 0.05660684 0.01473186 0.01401675 0.02261738 0.02897299 0.06001903 0.05533683 0.06334484 0.0515776 0.03458724 0.02392351 0.02424829 0.01696084 0.01028676 0.01033038 0.003199763 0.004678392 -0.003354951 -0.01006308 0.0002718203
-0.02817862 -0.03081085 -0.01487357 -0.03290952 -0.02888368 -0.01843973 -0.02526636 -0.02334555 -0.02295513 -0.0180171 -0.0073106 -0.006159798 -0.01227677 -0.1466825 -0.1012958 -0.001632162 0.09002706 0.09574832 0.1002805 0.1000205 0.09790026 0.08876827 0.08601569 0.07312496 0.04292388 0.02215662 0.0354817 0.009263837 -0.008732154 0.003046605 0.02167688 0.05600271 0.06755883 0.06541238 0.05828088 0.04964761 0.03731483 0.03786109 0.05939469 0.01137235 0.01318831 0.01575961 0.02323139 0.01360448 -0.0004702903 -0.007952242 -0.009156086 -0.01688579
0.08231632 0.09528776 0.08545873 0.07509562 0.0580771 0.05290847 0.03133477 0.006083214 -0.01061183 -0.009685733 -0.008498498 -0.001362136 -0.005224693 -0.003657382 -0.01741843 -0.0256 -0.01709313 -0.02230482 -0.3336832 -0.1573709 -0.03004054 0.06069271 0.1088312 0.1219351 0.1122919 0.08560812 0.05540242 0.000249784 -0.0185653 -0.03487024 -0.04322713 -0.03438793 -0.00674743 0.0006263017 0.007269964 0.02027879 0.02353556 0.01443245 -0.0005145415 0.001756971 0.01915752 0.02826014 0.04573733 0.04282646 0.04749809 0.06363224 0.04254647 0.02880077
0.046909 0.05385096 0.01048584 0.0028251 -0.002423064 0.006307805 0.008462838 0.0242996 0.006481428 0.003123672 0.01401861 0.009853466 -0.004696418 -0.02141262 -0.3083611 -0.3415789 -0.09394354 0.1354317 0.1643678 0.1511993 0.1039991 0.05747455 0.005358883 -0.02371383 -0.03787658 -0.05134204 -0.06079414 -0.02915139 -0.01876715 -0.0127863 -0.0224665 -0.01991099 -0.02657232 -0.0325293 -0.03073836 -0.03785891 -0.04123857 -0.003908073 0.006634892 0.005718573 -0.00292265 -0.00155573 0.003574868 -0.005693543 -0.006189966 -0.008800557 -0.03061405 -0.05224375
0.03763524 0.03814631 0.02645831 0.01382829 0.04264287 0.06205378 0.06377272 0.03208688 0.03661026 0.01907554 0.02379081 0.03992296 0.04707525 0.05363747 0.04952283 0.05892 0.04436347 0.03722577 0.03101704 -0.2984525 -0.1297477 0.02749703 0.08718698 0.1195441 0.1285909 0.129083 0.1146675 0.102002 0.03798495 0.007781133 0.008354653 0.02773642 0.0287921 0.02688563 -0.00488524 0.003228262 0.02193637 0.01788519 0.03164426 0.02908964 0.007796786 0.03659668 0.05002515 0.05529765 0.05168647 0.02795325 0.0190015 0.009593925
0.02921389 0.05565468 0.006516933 0.02036907 0.05593714 0.03849629 0.002533074 1.788674e-05 0.01446058 0.009134672 0.005481489 -0.005378248 -0.006944853 -0.02526513 -0.2397028 -0.5109119 -0.1249434 0.08388529 0.2116798 0.1610657 0.1174763 0.07439055 0.04217462 0.0175631 0.007966097 0.006946535 0.03389107 0.03671649 0.01992764 0.0136886 0.01533144 0.01548727 0.008746311 0.01439556 0.02897462 0.004501509 0.005392976 -0.02014885 -0.01801423 -0.005261186 -0.008509283 -0.02498998 -0.02085261 -0.0176523 -0.01887118 0.0004757123 0.004303092 -0.02097783
-0.02784169 -0.02339088 -0.02187722 -0.02714764 -0.03055329 -0.02816296 -0.02848426 -0.03458247 -0.3130241 -0.2436643 -0.03452118 0.08849086 0.1076306 0.08912726 0.06037149 0.0279862 -0.002426934 -0.02272109 -0.03429796 -0.03493941 -0.02914097 -0.02357133 -0.01711669 -0.01320014 -0.005870363 -0.005480887 -0.003415473 -0.01181516 -0.01404988 -0.01763687 -0.01847406 -0.02091889 -0.01917083 -0.01693014 -0.01125078 -0.008419674 -0.01109863 -0.01538059 -0.01917435 -0.01518534 -0.01290527 -0.008804118 -0.005131672 -0.002767122 -0.005058222 -0.004959695 -0.0085201 -0.009138063
-0.01525121 -0.01286995 -0.008983817 -0.006727312 -0.00655897 -0.006664886 -0.007705814 -0.002187042 -0.003786991 -0.005639242 -0.008429503 -0.008362762 -0.01113953 -0.009464144 -0.008773902 -0.08010079 -0.4644724 -0.2381179 0.07848699 0.16493 0.1186746 0.07063252 0.01214367 -0.01983221 -0.03675639 -0.03386456 -0.02806148 -0.02034057 -0.01091727 -0.002939072 0.002465809 0.0004826658 -0.001083472 -0.004718326 -0.008593832 -0.01351598 -0.0214258 -0.02521168 -0.02860602 -0.02809009 -0.03071655 -0.03219506 -0.03558844 -0.02893248 -0.02786546 -0.02624445 -0.02747043 -0.03000646
-0.02770659 -0.02510355 -0.0125848 -0.01032497 -0.005072764 -0.0009959246 0.0004246348 0.003096034 0.0005118544 -0.003820509 -0.003390682 -0.006320818 -0.007532465 -0.01372851 -0.02091839 -0.0187977 -0.01692086 -0.2412078 -0.7501921 -0.3891408 -0.05568083 0.1894877 0.2189873 0.1672996 0.09723655 0.03028561 -0.02407542 -0.04734408 -0.04499082 -0.03052629 -0.01855963 -0.009419876 -0.01152917 -0.01492705 -0.01482184 -0.000426349 0.004771755 0.004518826 0.0006295231 -0.005251157 -0.01043799 -0.01113288 -0.01080418 -0.01569964 -0.01420072 -0.009706928 -0.002753678 -0.001335897
-0.01961854 -0.013558 -0.003393496 -0.001263435 -0.002845386 -0.00656693 -0.0542968 -0.6567737 -0.2423418 0.2218746 0.1162955 0.05148431 0.008171125 -0.01162455 -0.01792777 -0.008605028 -0.002351964 0.001245144 0.003696624 0.007680082 0.00963459 0.01246867 0.01734302 0.02156331 0.02362629 0.0243414 0.01775618 0.01221587 0.01226071 0.008748203 0.0069951 0.00301837 -0.0001563568 0.0009022428 0.0007350725 0.002871247 0.005035533 0.007519739 0.01059679 0.01144441 0.01126578 0.01109076 0.008597931 0.01016085 0.006099397 0.00375992 0.005702926 0.005707988
0.001538258 0.002769149 0.007090888 0.001131556 -0.002950999 -0.001633125 -0.002229223 -0.003100344 -0.006746651 -0.1054048 -0.5403723 -0.00502159 0.1406067 0.1123266 0.02171881 -0.02013791 -0.008836771 0.006200475 0.003650533 -0.003365443 -0.01658114 -0.01125317 -0.001059615 0.00841786 0.01421758 0.0203268 0.009986208 0.005927939 0.005053872 0.008117183 0.01571542 0.01149179 0.004719529 -0.0008149563 -0.005417712 -0.006224088 -0.002628202 0.0001796228 0.003902142 0.006109891 0.01036863 0.01248706 0.006661589 0.001597392 -0.002273598 -0.006720471 -0.003074922 0.001247899
-0.02159886 -0.0171677 -0.004215274 0.007837315 0.01683912 0.01295663 0.02005501 0.01775775 0.01340137 0.002482431 -0.005378641 -0.002393958 -0.004648113 -0.005851238 -0.009683236 -0.2989552 -0.1696608 0.01496723 0.06937496 0.08509236 0.07129127 0.04582001 0.02369661 0.006070374 0.000696127 -0.004211396 -0.008465908 -0.007272652 -0.006442829 -0.008210048 0.005091378 0.0048026 0.0009367596 0.003183433 0.005983321 0.009228794 0.007030483 0.002930227 -0.002890503 0.0007286899 -0.0005907223 -0.006950437 0.0005299536 0.01134185 0.007302319 0.01669347 0.01049192 0.019987
0.02055955 0.02155714 0.02218617 0.01877343 0.01856547 0.0185129 0.02026162 0.02139956 0.02032369 0.02716378 0.03062571 0.02197042 -0.2088696 -0.5083241 -0.1650593 0.1198677 0.2385828 0.2546898 0.1928174 0.1359056 0.07611146 0.02860328 -0.004467594 -0.007002027 -0.01150343 -0.0148985 -0.003763965 0.0002802037 0.008327233 0.01151029 0.01187069 0.01336686 0.01618537 0.02827634 0.03211585 0.0329685 0.02778937 0.02415445 0.0157977 -0.0001326595 -0.020501 -0.03817885 -0.0514819 -0.04599922 -0.0284412 -0.003735125 0.02173285 0.05390507
0.02173285 0.05390507 0.05975119 0.06279295 0.05423048 0.04578697 0.03452073 0.03198979 0.03952359 0.04172717 0.02960243 0.02870039 0.03261872 0.03844472 0.04634478 0.04914767 -0.2881603 -0.6144114 -0.2887643 0.3379147 0.3773034 0.3283463 0.2267628 0.141118 0.05259588 -0.07097811 -0.06470842 0.0003947947 0.02338748 0.04239244 0.04576798 0.06779012 0.06311874 0.06320953 0.03093234 0.02708521 0.0272116 0.03629476 0.04234784 0.04186587 0.04103447 0.0367219 0.03778706 0.0455653 0.04381517 0.03088821 0.01965769 0.004657147
0.0002359799 0.009109068 0.02123273 0.02181412 0.02217317 0.02518952 0.03405293 0.05182336 0.06233692 0.05548417 0.04418866 0.0423881 0.03883216 0.03792597 0.02613779 0.0203341 0.02095205 0.02619904 0.02918646 0.02988369 0.1248009 0.3393663 0.3526289 0.1637274 -0.01113537 -0.4003812 -0.4403365 -0.3712774 -0.3001541 -0.132284 -0.03181996 0.07240747 0.08319119 0.05021114 0.003548485 -0.03537953 -0.06906724 -0.06376762 -0.0498865 -0.05963005 -0.02857902 0.03747966 0.05698369 0.06007094 0.0389877 -8.475049e-05 -0.03333481 -0.04376129
-0.009149681 -0.01217764 -0.01691294 -0.02028607 -0.0212175 -0.02392326 -0.02262096 -0.03285016 -0.02886603 -0.02040477 -0.02475912 -0.006516167 -0.01783717 -0.02039655 -0.007131231 -0.004139998 -0.009962652 -0.007297253 -0.01650116 -0.04164587 -0.05739131 -0.06038326 -0.04776248 -0.05103121 -0.03796282 -0.02279828 -0.01388853 0.03031668 0.01441943 -0.00786985 -0.05588361 0.00398894 -0.03631697 -0.0494139 -0.08031853 -0.1045745 -0.115559 -0.09473789 -0.06604493 -0.03841849 -0.03497926 -0.01182162 -0.02384107 -0.03170617 -0.02424562 -0.02095267 -0.01025099 -0.01692417
-0.01647216 -0.0309635 -0.04344448 -0.05423886 -0.05240298 -0.02368284 -0.03580007 -0.06504677 -0.04527957 -0.05107785 -0.03713666 -0.01320129 -0.01872201 -0.01829653 -0.01784865 -0.01148557 -0.002025644 -0.006469179 -0.0352839 -0.04666336 -0.05057954 -0.03631487 -0.01727517 -0.002349561 0.008173787 0.007286011 0.004239076 0.1141758 0.02099529 -0.02856272 -0.006140662 -0.03802675 0.002425382 -0.05018607 -0.02306772 -0.07481068 -0.146964 -0.1524911 -0.1078345 -0.1242405 -0.08363871 -0.07676339 -0.04270517 -0.0582586 -0.06562363 -0.02364976 -0.01300851 0.002549184
-0.00657179 0.004338094 0.0005152965 -0.008924914 -0.01983036 -0.03781492 -0.05061691 -0.03159765 -0.02391046 -0.009032235 0.002950782 -0.0006336718 -0.01442113 -0.02486891 -0.0306018 -0.01785567 0.0005307837 -0.004530162 0.002949774 0.004187268 -0.001807014 -0.006179826 0.08163235 0.06160277 0.04449757 -0.03148461 -0.06671188 -0.1473438 -0.1828502 -0.1547339 -0.09651873 -0.09583433 -0.1238577 -0.07785662 -0.03203485 -0.04385698 -0.05624827 -0.06607015 -0.05325764 -0.03571441 -0.02121922 -0.008445342 0.002872842 -0.001040956 -0.03755556 -0.04057084 -0.05006411 -0.0415855
0.03069885 0.04112922 0.04512701 0.04377958 0.04321309 0.03823161 0.04113628 0.03922055 0.03319302 0.02256123 0.004417522 -0.004005921 0.01283343 0.06634533 0.1165006 0.06531446 0.07043661 -0.04425418 -0.1218356 -0.09449991 -0.1692904 -0.2161032 -0.2115302 -0.1484894 -0.07289376 -0.007720144 0.01581963 0.0304129 0.01952427 0.01811239 0.01099203 0.02683408 0.03507187 0.0181789 -0.01269055 -0.03058713 -0.02774421 -0.005342678 -0.001096228 -0.003059919 0.008239922 0.0121551 0.0172733 0.03002627 0.03671 0.03527384 0.01503778 -0.004465435
0.002150471 0.003650669 -0.003711852 -0.008887684 -0.01870543 -0.02294465 -0.01992708 -0.01569437 -0.01618936 -0.01575186 -0.01372711 -0.0154233 -0.001661976 0.004437414 -0.002679017 0.004582582 0.02976619 0.03713207 0.03064501 0.02632494 0.02209109 0.01979271 0.02632911 0.02509773 0.01258249 0.002957108 -0.01030909 -0.01839061 -0.006200064 0.1356706 0.3154054 0.2658901 0.0351477 -0.2681534 -0.3574912 -0.3811944 -0.2998919 -0.2475787 -0.2641168 -0.1234239 -0.03995762 -0.03609417 -0.0462172 -0.01660073 -0.01538773 -0.01410658 -0.02008394 -0.0199157
0.0111455 -0.003207671 -0.02176926 -0.03018474 -0.03107545 -0.02761674 -0.01139076 0.0216977 0.02828717 0.02315377 0.007618039 -0.001258275 -0.003814695 -0.02157457 -0.02924159 -0.05188657 -0.03367185 -0.01468251 0.004052472 0.2628409 0.06446546 0.04868419 -0.06155901 -0.1789463 -0.2834766 -0.2216805 -0.1673676 -0.1409027 -0.08707627 -0.06087856 -0.0348931 -0.03076145 -0.05068121 -0.0660945 -0.03763752 -0.00348668 0.005119365 -0.02064283 -0.02510209 -0.03217742 -0.06345375 -0.06657729 -0.07199256 -0.04721535 -0.04246617 -0.01141939 -0.006232808 -0.0006830221
0.006915588 -0.01735679 -0.0212057 -0.04059304 -0.05009281 -0.04699601 -0.04082903 -0.02982295 -0.04085343 -0.04942947 -0.06321473 -0.0560083 -0.04508608 -0.03650203 -0.03013097 -0.02600514 -0.01967137 0.00218123 0.173364 0.05989571 0.0007438966 -0.07999404 -0.1725852 -0.2273759 -0.2127751 -0.1551955 -0.1030671 -0.05193157 -0.0360957 -0.005633871 -0.003594265 -0.00815826 -0.01684634 -0.02390432 -0.01780029 -0.001192106 0.008014742 -0.008794894 -0.021188 -0.01430327 -0.02633896 -0.03072572 -0.03348723 -0.02624083 -0.01057513 0.006431308 0.0304034 0.01335438
0.03730579 0.02204817 -0.00195101 -0.01115531 0.004276685 0.008248982 0.02744622 0.03209365 0.02302689 0.005280372 0.00526595 0.007204111 0.01674119 0.03019448 0.02488508 0.02998304 0.04338093 0.04138811 0.02725423 0.009561945 -0.001293007 -0.006782 0.01092148 0.07397768 0.512616 0.2731569 0.02153897 -0.1928793 -0.2188408 -0.329706 -0.3128505 -0.226772 -0.0418701 0.03577894 0.02907714 0.03740016 0.02193067 -0.0002929726 -0.01518102 -0.01641391 -0.01456531 -0.006099311 -0.01203038 -0.0294127 -0.03337041 -0.03708605 -0.02663183 -0.01958145
0.03559486 0.0234573 -0.006644369 -0.02156158 -0.02742639 -0.04094098 -0.04805489 -0.0532896 -0.05123448 -0.03083324 -0.01112732 0.003706068 0.006158064 0.008305152 0.00747635 -0.02046372 -0.1088058 -0.2070316 -0.2237365 -0.2054861 -0.1655774 -0.1210774 -0.1011883 -0.1010883 -0.1075402 -0.1078714 -0.08840263 -0.01424197 0.1181165 0.1489687 0.1278473 0.0727585 0.03029367 -0.005290769 -0.03800052 -0.06131511 -0.06472552 -0.06230168 -0.05586288 -0.04788006 -0.03842452 -0.02256659 -0.01188573 -0.0134969 -0.007973734 -0.01491132 -0.02136032 -0.02257231
-0.01424197 0.1181165 0.1489687 0.1278473 0.0727585 0.03029367 -0.005290769 -0.03800052 -0.06131511 -0.06472552 -0.06230168 -0.05586288 -0.04788006 -0.03842452 -0.02256659 -0.01188573 -0.0134969 -0.007973734 -0.01491132 -0.02136032 -0.02257231 -0.0303483 -0.02301176 -0.01510277 -0.01886807 -0.01859836 -0.01317872 -0.01064223 -0.0003568008 -0.004540597 -0.02048101 0.01256321 0.2094735 0.2950979 0.22326 -0.02287974 -0.187536 -0.2084432 -0.15585 -0.09185205 -0.04072801 0.003099824 0.03583115 0.05836711 0.06808973 0.06699661 0.05621042 0.04361023
0.0227493 0.02230757 0.02455554 0.02869547 0.03562728 0.04822267 0.05392715 0.05857627 0.05146194 0.03604597 0.02931928 0.032167 0.04938059 0.05167878 0.04529569 0.044103 0.03139971 0.2017383 0.219263 0.1067168 -0.02527818 -0.0987373 -0.1455187 -0.1727675 -0.1676732 -0.1270404 -0.03176802 0.01060733 0.05542367 0.0656665 0.04959711 0.03291737 0.01489154 0.002214083 -0.005543197 8.704753e-05 0.005039655 0.007480786 0.007096292 0.01127976 0.01489071 0.01725291 0.01877877 0.0166422 0.009279397 0.005305977 0.003850432 0.001488356
0.01876929 0.02385003 0.02640047 0.02657996 0.02012648 0.01537125 0.01423124 0.01639305 0.01684443 0.01435599 0.01882677 0.02085227 0.02241825 0.01935307 0.01539266 0.01456038 0.01178915 0.01694737 0.01514354 0.0181228 0.02738355 0.2384306 0.3241221 0.08779009 -0.1284629 -0.2038282 -0.1687972 -0.1233762 -0.03844339 -0.0007340677 -0.006637418 -0.04426737 -0.06365744 -0.05883653 -0.06456768 -0.05563647 -0.04104305 -0.02245848 -0.006002214 0.001214992 0.007111078 0.007902918 0.01063307 0.01182465 0.008644779 0.005736348 0.009304646 0.0145972
0.004770189 0.01092052 0.02132956 0.01907803 0.01030196 0.003276836 -0.009244773 -0.01256995 -0.0002123661 0.01123365 0.02184045 0.02201974 0.02297291 0.02598162 0.03114366 0.0568427 0.05743749 0.05904847 0.02046666 -0.01035878 -0.01321779 -0.01504915 -0.008924707 -0.02778295 -0.07904737 -0.09278645 -0.062949 -0.02549989 0.01934984 0.0275941 0.02904216 0.01768972 0.01036344 0.007053858 0.003039015 -0.001498676 -0.002608549 0.002730621 0.001560831 0.009765587 0.009086888 0.01029686 0.0128047 0.01171616 0.001204137 -0.01060765 -0.0166597 -0.01063794
0.001204137 -0.01060765 -0.0166597 -0.01063794 -0.006291825 -0.009035611 -0.01037554 -0.009092979 -0.01104714 -0.01289365 -0.008119252 -0.009742999 -0.007216687 -0.002152096 0.003385711 -0.005011453 -0.009896532 0.004300032 0.02471621 0.2316145 0.1268959 -0.04039903 -0.1443182 -0.1802877 -0.1697215 -0.1163223 -0.08485282 -0.05188359 -0.06554395 -0.06186165 -0.02684059 -0.0376862 -0.07145525 -0.1017203 -0.0757332 -0.0522272 -0.03157539 -0.01168255 0.006881036 0.0004208708 -0.0122511 -0.009777049 -0.01154742 -0.01220244 -0.01154366 -0.008078774 -0.01048073 -0.008390034
0.0131318 0.01901398 0.0352577 0.03817686 0.03371549 0.02821961 0.02179528 0.01525272 0.005979577 0.03049406 0.2256734 0.1775384 -0.01412204 -0.1444086 -0.2792834 -0.2590071 -0.1913279 -0.1389636 -0.01871575 0.005291519 0.01239073 0.01807355 0.01739729 0.0115764 0.003759055 -0.01330622 -0.01944142 -0.02470593 -0.02690549 -0.02536254 -0.01549912 -0.005641298 -0.005414206 -0.007438203 -0.015718 -0.02644266 -0.03198574 -0.02880222 -0.0225218 -0.01788393 -0.01787799 -0.01720158 -0.02071279 -0.01853649 -0.01326131 -0.001399436 -0.001642818 -0.005724267
-0.02644266 -0.03198574 -0.02880222 -0.0225218 -0.01788393 -0.01787799 -0.01720158 -0.02071279 -0.01853649 -0.01326131 -0.001399436 -0.001642818 -0.005724267 -0.008737925 -0.009717839 -0.001102905 -0.003486986 -0.006636355 -0.007308949 -0.007330687 -0.00319368 0.01030978 0.1342127 0.2756858 0.0319538 -0.07989159 -0.1403408 -0.210998 -0.172258 -0.1554698 -0.1561407 -0.1536654 -0.1377663 -0.1331377 -0.07956323 -0.0239842 8.348677e-05 0.008751929 0.01153745 0.003841173 0.000697806 -0.01428227 -0.01397229 -0.009546787 -0.01871283 -0.03782683 -0.0376208 -0.04822429
-0.006755036 -0.02320386 -0.03428236 -0.03545126 -0.01860731 0.005750243 0.007823968 0.002006465 0.01931973 0.02257862 0.01060084 0.008078656 0.1223583 0.2654414 0.0687562 -0.00209625 -0.1114131 -0.2520908 -0.3628695 -0.1854887 -0.07457212 -0.06258461 -0.1329703 -0.05737435 0.02070067 0.05651067 0.07035179 0.04945806 0.02716422 -0.02683625 -0.03691123 -0.05828222 -0.05828628 -0.07450466 -0.07054269 -0.06006491 -0.04247701 -0.02153853 -0.0007838567 0.004742302 -0.003784561 -0.00654036 -0.002150671 -0.006741415 -0.02393552 -0.03716409 -0.05003852 -0.05904454
-0.02041494 -0.01159016 0.01327138 0.02899764 0.03678215 0.02602292 0.01212317 -0.001180969 -0.01503999 -0.02762221 -0.03450459 -0.02623605 -0.006488615 -0.008618983 -0.03428333 -0.03107442 -0.02810061 -0.007257132 0.02485823 0.03383213 0.04602228 0.3962017 0.0445164 -0.233138 -0.2799512 -0.1904704 -0.07871805 -0.02460233 -0.01349606 -0.03034776 -0.04507626 -0.04219102 -0.06053188 -0.08063576 -0.09389557 -0.08719768 -0.06565964 -0.03832506 -0.03210494 -0.0264709 -0.01330777 -0.01711204 -0.03721596 -0.03938681 -0.04782312 -0.04519857 -0.059914 -0.04613791
0.0007650426 0.006701674 0.02413802 0.01530597 0.001620085 0.03117891 0.02472482 0.02912647 0.0193835 -0.006385332 0.0139763 -0.01992143 -0.06493948 -0.0444066 -0.006343868 0.04658259 0.08257976 0.02381939 -0.169824 -0.190602 -0.154668 -0.08076695 -0.01246853 0.02271103 0.02953311 0.0251958 0.02581799 0.02012387 -0.009936868 -0.02274899 -0.04694069 -0.06837826 -0.07305448 -0.06293419 -0.02123049 -0.003493407 0.008241525 0.02009859 0.01878267 -0.004085663 -0.01806502 -0.03187694 -0.04300343 -0.04455477 -0.04885212 -0.04065929 -0.01957649 0.00407606
-0.01263685 -0.02650826 -0.02446642 -0.008931607 -0.01740725 -0.02599666 -0.03950198 -0.04730942 -0.0499419 -0.03804096 -0.02696768 -0.04318654 -0.03635678 -0.02186727 -0.01700312 -0.01080333 -0.005728327 0.009361763 0.1482616 0.1083449 -0.01636771 -0.2442399 -0.2989433 -0.2047255 -0.1156594 -0.08317464 -0.06213671 -0.05748121 -0.05051375 -0.04860321 -0.04701005 -0.05057888 -0.04981438 -0.04233957 -0.07299616 -0.06936671 -0.05872644 -0.05863317 -0.06279622 -0.06340704 -0.06794744 -0.06553286 -0.04751075 -0.06374577 -0.05020644 -0.0429955 -0.05090336 -0.0378376
-0.01133528 -0.009123264 -0.01703054 -0.02011264 -0.01669906 -0.02494628 -0.03059651 -0.04474195 -0.04297274 -0.03766844 -0.01483758 0.02383736 0.06590512 0.09211247 0.3404146 0.2304126 0.01845272 -0.1095586 -0.1628772 -0.1766409 -0.1634367 -0.08290479 -0.04227247 -0.01782787 0.007611291 0.03440701 0.03229752 0.002646959 -0.01912448 -0.04759453 -0.04577465 -0.009876784 0.01147649 0.005507212 0.006678771 -0.03736357 -0.04846594 -0.03539625 -0.02536467 -0.00601171 0.0007347847 0.01074629 0.01752692 0.01354408 -9.959789e-05 -0.002667209 0.02184775 0.0353764
-0.03539625 -0.02536467 -0.00601171 0.0007347847 0.01074629 0.01752692 0.01354408 -9.959789e-05 -0.002667209 0.02184775 0.0353764 0.03589632 0.02638844 0.008822712 -0.01210795 -0.0001124165 0.01687925 0.02295253 0.0295267 0.06035842 0.2182806 0.03304065 -0.08931062 -0.08433618 -0.09199107 -0.0644427 -0.09114974 -0.06699566 -0.05695938 -0.008471442 0.04212351 0.05441117 0.04774144 0.03340197 0.02284316 0.003238018 -0.03381978 -0.05156271 -0.03140332 -0.0005307691 -0.001884358 -0.003576063 -0.04382717 -0.06743823 -0.0467037 -0.02232624 -0.02532019 -0.02339621
-0.0163241 -0.01215553 0.002042238 0.002080821 0.003460533 -0.006460833 -0.02170322 -0.02046926 0.002387728 0.01517994 0.02623524 0.02850638 0.02426349 0.02514884 0.06276554 0.2070014 0.09742722 -0.02622938 -0.1299503 -0.1717266 -0.1304628 -0.07078945 -0.03722353 -0.04858632 -0.02732689 -0.02352281 -0.01264513 -0.03213077 -0.02581899 0.003171549 0.04291006 0.05071204 0.02027181 0.002006794 -0.002423858 -0.01374052 -0.01578484 -0.008740792 0.006757235 0.005924582 0.004258513 0.01927146 0.03494445 0.03057788 0.02084142 -0.04287328 -0.04437376 -0.03064569
-0.0003761998 0.01586265 0.02688116 0.03213232 0.02610068 0.01045434 0.01232619 0.01100256 0.01234627 0.01447707 0.020369 0.02785985 0.02427286 0.01955625 0.05580913 0.4784755 0.333972 0.01327788 -0.2387897 -0.3288823 -0.2764663 -0.1876288 -0.1210185 -0.07590551 -0.0586021 -0.04770408 -0.01445996 0.009353415 0.02441009 0.04060712 0.02414981 0.003463057 -0.006072505 -0.01188681 -0.009664341 0.00130303 -0.005639311 0.001880872 0.006613762 0.004474399 0.0004026037 0.001391793 -0.0004017816 0.004404878 -0.002855264 -0.0162075 -0.02577708 -0.01088459
-0.01088459 -0.03194022 -0.036109 -0.04421591 -0.0568794 -0.05115002 -0.0430482 -0.05758688 -0.06119559 -0.05956572 -0.02823811 -0.01386784 -0.01688205 -0.01607667 -0.02160321 -0.02953021 -0.03526397 -0.03647316 -0.02578742 -0.0246861 -0.02769039 -0.01561292 0.1743838 0.06874207 -0.01297624 -0.1327629 -0.1846884 -0.1836501 -0.1679071 -0.112641 -0.0502996 -0.009038392 0.005910275 -0.0006263999 -0.01559784 -0.03167554 -0.03458286 -0.0388645 -0.04182087 -0.04020085 -0.04332601 -0.03499219 -0.02300923 -0.01979528 -0.02341559 -0.03455974 -0.03595402 -0.02582544
0.00303266 -0.003464248 -0.01434982 -0.02331294 -0.03096766 -0.03322281 -0.03379651 -0.03593468 -0.02215688 -0.014492 -0.01022089 -0.02717504 -0.03853408 -0.0455749 -0.03793585 0.113843 0.2858304 0.0926775 -0.1780516 -0.2602798 -0.3234461 -0.2891549 -0.2078521 -0.1347825 -0.0769579 -0.05901103 -0.06083294 -0.07260559 -0.1030432 -0.09122722 -0.07778426 -0.04837674 -0.02483985 -0.003697497 0.007137151 0.005326624 -0.01007173 -0.01984566 -0.03688886 -0.04188719 -0.03727577 -0.04306221 -0.04732781 -0.03188299 -0.01025444 0.007313134 0.02421316 0.01738925
0.02238007 0.03276493 0.01070408 -0.2544168 0.09519213 0.2057973 0.1266623 -0.007425498 -0.004393567 0.0154308 0.03474103 0.06853439 0.06820755 0.07142009 0.02926248 -0.01092434 -0.02966641 0.1698764 0.1397433 0.002164485 -0.01035033 0.008034487 0.03249113 0.00537251 -0.007348523 -0.007352775 0.01806312 0.04444775 0.05786701 0.06783769 0.06386661 0.04312264 0.0206802 0.007008174 0.0009865279 -0.009730431 -0.02161902 -0.03031118 -0.02704976 -0.03431333 -0.0223267 0.004262875 0.02182977 0.02041645 0.00906792 -0.007552612 -0.01122823 -0.01499016
-0.02161902 -0.03031118 -0.02704976 -0.03431333 -0.0223267 0.004262875 0.02182977 0.02041645 0.00906792 -0.007552612 -0.01122823 -0.01499016 -0.007259387 0.0004181968 -0.05333595 -0.2405377 -0.1557982 0.1373542 0.2490129 0.2466158 0.1582834 0.05720302 -0.009652128 -0.03866038 -0.04530725 -0.04159742 -0.02166212 -0.006861336 0.007962111 0.01964596 0.02062548 0.02726512 0.0333204 0.0302165 0.01956214 0.01943886 0.01691706 0.01107587 0.007180786 0.006645428 0.008532933 0.007132429 0.007026716 0.009883325 0.01549458 0.02864104 0.03569286 0.04117344
0.02864104 0.03569286 0.04117344 0.03342941 0.01698266 0.005208275 0.007204731 0.02709273 0.03638665 0.04221455 0.04114189 0.03834674 0.03488884 0.03068477 -0.17647 -0.07401691 -0.09292759 0.2106305 0.1196624 0.1560682 0.1611217 0.09698476 0.007306368 -0.07431813 -0.09683484 -0.0265152 -0.05974118 -0.08431061 -0.09361824 -0.03815664 0.01620062 0.02336206 -0.02416127 -0.06124197 -0.06839818 -0.04659548 -0.04940515 -0.07327048 -0.06401572 -0.04218495 -0.05624073 -0.03377117 -0.009351925 0.008997684 0.008140255 0.01728105 0.02010514 0.02381903
0.005105074 0.009008622 0.01618509 0.01614284 0.01337738 0.01302921 0.01408632 0.01630595 0.01817328 0.01540607 0.01074624 0.001035499 -0.002424342 -0.008027741 -0.1046426 -0.1833215 -0.1837016 -0.05827222 -0.01429196 0.1005654 0.1818107 0.2604712 0.2845904 0.2646111 0.2239955 0.1902158 0.1593575 0.1250138 0.08938114 0.04753302 0.03058257 0.007364335 -0.00281266 -0.0008978773 0.009609682 0.02004359 0.02626858 0.02912287 0.03372729 0.04079198 0.03890379 0.03574937 0.03427294 0.04212112 0.03857945 0.009782528 -0.001201438 -0.0006183595
0.03708135 0.04009145 0.03576664 0.04494126 0.05767929 0.05617306 0.04686572 0.0390409 0.04126767 0.05218165 0.05396311 0.04464301 0.03955035 0.03298933 0.0330728 0.03489269 -0.002328335 -0.01058846 -0.03197844 -0.02701189 0.03285407 0.09158002 0.06970391 0.02258067 0.03838338 0.0436479 0.02628168 -0.008128427 -0.04119811 -0.05019522 -0.04395576 -0.02936117 -0.0291139 -0.01601315 -0.01145543 -0.01008445 -0.005651223 -0.01379386 -0.03670307 -0.03812823 -0.04050918 -0.03442044 -0.03858497 -0.04370571 -0.02516926 -0.02801632 -0.04556255 -0.05422293
0.0307457 0.02215539 0.01489869 0.007028629 0.006741836 0.008050366 0.01170836 0.01361754 0.03067844 0.03958589 0.04243549 0.03578567 0.03384302 0.03823073 0.04099743 0.03721871 0.02796344 0.02643719 0.02444054 0.03686091 0.03783207 0.0212704 0.02355797 0.02190964 -0.03623278 -0.2629176 -0.1835684 -0.003314765 0.181511 0.3361374 0.2994774 0.2290472 0.1436823 0.04850723 -0.01812006 -0.01094394 0.0009484448 0.03296669 0.04525046 0.05634513 0.05357603 0.06293931 0.05627948 0.04683138 0.05117895 0.06661829 0.06366473 0.05369034
0.06366473 0.05369034 0.0375048 0.01949132 0.013668 0.03319921 0.04411171 0.05003497 0.0440506 0.04492897 0.04247867 0.04492751 0.03554048 0.03169937 0.02762024 0.03027626 0.03087063 0.01272609 -0.2726608 -0.1114907 0.116328 0.2777162 0.2016123 0.1136741 0.05445825 -0.002521945 0.004329791 0.01140974 0.006546545 0.01180104 0.01983922 0.02283849 0.02126193 0.01038302 -0.00352586 0.0282382 0.02809051 0.02242959 0.02563969 0.04556932 0.04940281 0.05717669 0.01387462 0.009839892 0.0439169 0.04741608 0.04953638 0.04430698
0.02218313 0.02922289 0.0333947 0.04006 0.03387877 0.02472561 0.01592401 0.01439684 0.005483839 -0.0001430314 -0.006297117 -0.007452191 -0.01332379 -0.011563 -0.18585 -0.15172 -0.1961168 -0.05826227 0.2019059 0.3497614 0.3067148 0.2774944 0.2809574 0.1880894 0.1122852 0.03368561 0.008981457 0.002630239 0.003110706 0.01982093 0.02297373 0.02361367 0.02657135 0.03947978 0.05543103 0.0542559 0.04987223 0.05170221 0.04978261 0.04401549 0.03681136 0.03570988 0.03829806 0.04653212 0.04537847 0.0516545 0.06222946 0.04640966
0.02172789 0.009750526 0.01649112 0.01464248 0.01959759 -0.01049661 -0.006191086 -0.01292049 -0.001175814 0.006068942 0.03292621 0.07301687 0.03670871 0.01087676 0.0115696 0.04517926 0.04858837 0.03573698 0.0004472683 -0.1547997 -0.2489486 -0.1463554 0.1446805 0.2712122 0.3195281 0.2629687 0.1648487 0.0829329 0.008891686 -0.003944746 0.009791487 0.02550385 0.03571706 0.03413971 0.04165631 0.0550539 0.05559405 0.05887133 0.03179209 0.03216655 0.03447277 0.03284208 0.04370523 0.04472435 0.0390946 0.04132031 0.05013723 0.05728224
0.07895656 0.1008396 0.1142853 0.108307 0.07137515 0.05109843 0.03310331 0.07993879 0.07172517 0.05256719 0.0313058 0.0227446 0.03946166 0.0677445 0.08219716 0.07360635 0.01228288 -0.2747472 -0.2141123 0.04176435 0.1748511 0.2114663 0.1817564 0.1459649 0.1056888 0.08075061 0.05166265 0.03346686 0.02368689 0.03191675 0.05141086 0.08150363 0.0901346 0.08043333 0.07828869 0.06804358 0.06411484 0.1001732 0.1031861 0.08842541 0.07178983 0.058546 0.01364323 -0.01501019 -0.01358736 0.01925568 0.0004421442 -0.0004926697
0.06144259 0.0871064 0.06862573 0.01391165 0.007778471 0.03409925 0.07392741 0.09398561 0.09538423 0.09053526 0.08612479 0.0747688 0.06670556 0.05811353 0.05359857 0.06901172 0.07009467 0.06342383 0.0576573 0.05935485 0.06107825 0.04907237 0.04061159 0.04326135 0.05409291 0.05310671 0.04498921 0.04326412 0.05140357 0.0503333 0.04470447 0.03009897 0.04330989 0.03803209 0.03974095 0.04204614 0.04963769 0.05902416 0.08621231 0.1144881 0.09522997 0.07486268 0.06354897 0.05853305 0.06828352 0.1061677 0.05907141 0.04615759
0.01531842 0.02069343 0.01301194 0.006262557 0.0005786833 0.001085738 0.00452582 0.005199364 0.002502323 0.0004139954 -0.006922779 -0.006930412 0.008551677 0.02286894 0.03251295 0.03317823 0.03075312 -0.03925792 -0.09205954 -0.1985055 -0.1240621 0.04831093 0.2172903 0.2287356 0.2076509 0.1723085 0.1779244 0.1477229 0.1278211 0.133784 0.1219767 0.1087159 0.06930808 0.01769986 0.01072092 0.01441788 0.03395999 0.03737956 0.05046071 0.06155339 0.07294412 0.04968198 0.02278167 0.0165728 0.02583067 0.03872293 0.05224457 0.06177352
0.02033552 0.02638829 0.02915 0.02696328 0.02081803 0.02033724 0.02362592 0.02853348 0.02596238 0.02477612 0.01866142 0.01687092 0.009423701 -0.01526478 -0.1329882 -0.1004401 -0.2065715 -0.1809067 0.009483587 0.1810455 0.2783022 0.2701608 0.2274346 0.2358824 0.2275627 0.1780435 0.09144783 0.09162335 0.0893775 0.08543149 0.06249785 0.04898546 0.05503639 0.05434759 0.04727121 0.04949515 0.0437177 0.0581316 0.05844643 0.0625451 0.06953841 0.08405516 0.08994088 0.08602592 0.07506579 0.06881212 0.0586353 0.04928829
0.009941371 0.001809679 0.006790449 0.01106461 0.0001815563 0.001912361 0.01115621 0.02588234 0.03153326 0.02585897 0.0271284 0.02323894 0.01542017 0.01138594 0.007507906 0.008560444 -0.0421396 -0.254828 -0.1243294 0.1172403 0.190673 0.1864671 0.1467835 0.1346556 0.1103581 0.1246509 0.1173783 0.1200293 0.1096483 0.08287027 0.05302946 0.05285652 0.05015449 0.002973499 0.01250865 0.05627866 0.06733935 0.06281576 0.0442861 0.02427993 0.03005871 0.04118752 0.04501219 0.0540928 0.04768854 0.0546497 0.04944197 0.04618347
0.0820462 0.08124203 0.08226263 0.07710847 0.08437864 0.08669639 0.08433115 0.0872787 0.06330366 0.05177344 0.04634169 0.06193817 0.07123102 0.0340781 -0.09281532 -0.02982679 0.08636713 0.1720786 0.1236292 0.09184302 0.03418503 0.0111828 0.007503569 0.006469706 -0.007275765 -0.008302521 0.01218986 0.02703502 0.02282065 0.01498618 0.01306475 0.005801823 0.0001772727 -0.003716052 -0.004761918 -0.02339903 -0.01742714 -0.02272302 -0.01948386 -0.01889643 -0.01869895 -0.0005606984 0.02168142 0.007291361 0.01399949 -0.001159724 -0.01072296 0.02455862
0.02258013 0.02779906 0.01799288 0.0192885 0.02293831 0.04089098 0.04408513 0.04168939 0.03091879 0.0009926716 -0.0112822 0.007475135 0.01213494 0.007175946 0.01669323 0.02705433 0.03795034 0.02618062 -0.01714224 -0.2895747 -0.1415787 0.05760939 0.1875204 0.1825518 0.1255561 0.10514 0.06796353 0.03399367 -0.004254033 -0.03224415 -0.04660951 -0.03537998 -0.01406625 0.006996005 0.01082773 -0.00389455 -0.01772944 -0.02059682 -0.01867272 -0.0282905 -0.03237517 -0.01462159 0.01467486 0.04278748 0.04654286 0.04873948 0.05097236 0.04327936
0.00254497 -0.008389801 -0.01818371 -1.255695e-06 0.03046711 0.04523363 0.04434045 0.03609787 0.01562519 0.007913635 0.01206065 0.008795106 0.03057366 0.02397763 0.0118695 -0.01117505 -0.243521 0.03549445 0.1541941 0.1871866 0.1306613 0.09030866 0.04453534 0.009027049 -0.02320509 -0.04864437 -0.02793814 -0.005436061 -0.003795799 -0.004774354 0.002528199 0.01538643 0.02168939 0.0192363 0.007599771 -0.00921285 -0.02161589 -0.03536142 -0.04552098 -0.04483078 -0.03325186 0.001829985 0.0129352 0.001609826 -0.002919667 0.01241171 0.01682881 0.008072553
-0.05370173 0.002134605 0.03863383 0.08539707 0.06773518 0.06182285 0.05675577 0.05483696 0.03387253 0.0272534 0.0347093 -0.01124714 0.02594381 0.06710294 0.06928794 0.0439748 -0.1521761 -0.1200516 -0.05080304 0.1962477 0.2186267 0.1965679 0.1722728 0.09933913 0.05895812 0.05062159 0.03358912 0.01494208 0.004052415 0.01276445 0.02525746 0.001686268 0.01409652 0.04110461 0.04195737 0.03292182 0.04936419 0.03942248 0.03289971 0.04505041 0.05922642 0.04540524 0.001474368 -0.03800798 -0.03889877 -0.04078428 -0.04106748 -0.03111994
0.04199627 0.02808246 0.02128182 0.02713355 0.02846561 0.02702946 0.01883239 0.02150237 0.03083403 0.04144 0.04359376 0.04714392 0.04070828 0.03302827 0.03040874 0.02659243 0.0162728 0.01475781 0.01181874 0.06198089 0.147694 0.0626981 -0.04642298 -0.07095902 -0.02472266 -0.07115547 0.003818847 -0.005379608 0.05362233 0.01761769 -0.002691294 0.05542013 0.0495711 0.06182653 0.07521196 0.03875541 0.004816487 -0.01734105 -0.01621228 0.000396651 0.01263221 0.03550944 0.0424852 0.05036213 0.04768227 0.04701241 0.05402152 0.06452082
0.05370758 0.05457513 0.07508527 0.07946446 0.08621652 0.07579819 0.07869652 0.05926714 0.0359146 0.0371954 0.02740421 0.03548259 0.03767246 0.03218551 0.03697838 0.04833351 0.0529255 0.08232139 0.08392221 0.0876442 0.1064932 0.1725707 0.05007416 0.009995569 -0.0005696377 0.03844006 0.06154848 0.06948253 0.07930922 0.07699166 0.07227808 0.06301105 0.07263718 0.09182641 0.09895635 0.08608934 0.08831181 0.08466225 0.07734707 0.06723592 0.06211568 0.065897 0.0597396 0.06314033 0.07382688 0.07470511 0.05815084 0.06392708
0.03497593 0.03760802 0.03857967 0.0338232 0.03068989 0.02580818 0.02005052 0.02061265 0.01668858 0.01912972 0.02504796 0.02731507 0.02928419 0.02345811 0.02363831 0.02360116 0.02430273 0.02351972 0.02220891 0.02220741 0.02314739 0.0299153 0.03515596 0.04537804 0.04346042 0.04086021 0.03983056 0.03725614 0.1798015 0.05967498 -0.01756468 -0.005684247 0.00546191 0.060308 0.168995 0.1525816 0.1155814 0.06161505 -0.02243437 -0.03336153 -0.02745394 0.008901661 0.002907413 0.01682177 0.04134807 0.05438208 0.05414409 0.06377238
0.01481703 0.01931192 0.01873962 0.03033287 0.03590661 0.04131144 0.03638986 0.03357367 0.03073248 0.03053906 0.02910809 0.03109334 0.03536918 0.03513622 0.03615872 0.03545361 0.1092347 0.07136776 0.07798368 0.06362657 -0.03517679 -0.01570258 -0.06907815 -0.0488563 -0.01892262 0.05479615 0.1252596 0.03943187 -0.002659437 0.00468546 0.0213971 0.07593101 0.09050111 0.06884497 0.07160836 0.07237557 0.04559363 0.03166306 0.02074668 0.02843775 0.04984362 0.06344748 0.08140866 0.08612894 0.08012613 0.07323789 0.05985995 0.05988647
0.06911843 0.06931005 0.06042796 0.04736299 0.04489637 0.05803331 0.06497982 0.07605043 0.07617273 0.06708009 0.05203351 0.05663419 0.06169559 0.0586176 0.05337766 0.04518924 0.03709204 0.0423334 0.0466904 0.05878608 0.06439817 0.05173128 0.03545003 0.03452431 0.2378469 -0.0599018 0.03491376 0.06081845 0.1038937 0.1542166 0.1422372 0.06404407 -0.003727611 -0.02190109 -0.03660335 -0.03427536 0.005388089 0.03345862 0.001323671 -0.006197209 0.003158409 0.01101541 0.02823106 0.03718321 0.02872221 0.02670141 0.01613848 0.007440519
0.06106757 0.08121357 0.07559255 0.08468147 0.07691526 0.06397691 0.04769316 0.04692809 0.05642658 0.05770568 0.0576207 0.07312126 0.06276765 0.04590079 0.04102992 0.04440909 0.04961202 0.04984919 0.04764952 0.06958351 0.07228843 0.0665691 0.05552907 0.05678856 0.05834928 0.03848587 0.0321787 0.03729359 0.04989871 0.02746165 0.0394116 0.02319985 0.05908105 0.0296134 0.02230126 0.02340789 0.02058468 0.0334865 0.04802519 0.05808334 0.05257192 0.05302229 0.04682743 0.0324587 0.02229395 0.02011302 0.01220517 0.02689584
0.01976018 0.01608445 0.02876013 0.04811475 0.06925773 0.08027484 0.06264041 0.05456003 0.0488281 0.05708638 0.05513662 0.04482897 0.04041007 0.04169815 0.05001619 0.05611818 0.05795331 0.05814892 0.05701948 0.04637153 0.04137946 0.02884226 0.03267287 0.04332352 0.05815072 0.06360321 0.07584284 0.1776099 0.006567783 -0.005143614 0.02419255 0.007065211 -0.009286487 6.11881e-05 0.01146817 0.02831784 0.04830512 0.06281394 0.04788319 0.03636042 0.03111622 0.0263939 0.02709917 0.02796371 0.03505564 0.0490145 0.05167075 0.04832159
0.04213502 0.03889716 0.02547792 0.01916215 0.01928018 0.01955227 0.02411911 0.03822039 0.04483234 0.04922932 0.04925087 0.05306953 0.0458063 0.04210163 0.04687924 0.06046867 0.05793958 0.03191344 0.02532374 0.02784332 0.02595069 0.02661683 0.01286359 0.09498418 0.002719748 -0.01276293 0.01726972 0.028302 0.03582232 0.07865725 0.09974886 0.07964294 0.07732765 0.08429775 0.09102163 0.09611049 0.07015885 0.03361387 0.035638 0.03516783 0.04335795 0.04368767 0.0397239 0.05292098 0.05394462 0.06334812 0.05326631 0.03790369
0.03622967 0.04329468 0.04542085 0.04240547 0.04032346 0.03483395 0.02889873 0.01820975 0.01311826 0.007958984 0.009048349 0.008375524 0.01470636 0.01908116 0.02720155 0.03538848 -0.001228044 0.0349491 -0.04115498 0.07447153 0.01329836 0.03601985 0.06030541 -0.02211369 -0.02833133 -0.006113382 -0.005551504 0.01519754 0.02710348 0.03499242 0.03528814 0.03288047 0.02457415 0.02309106 0.01076378 0.005771111 0.007127826 0.009177066 0.01243642 0.0207028 0.02982835 0.03306362 0.04624899 0.04455682 0.0314259 0.01616864 0.01150944 0.009876358
-0.04450824 -0.05346127 -0.04770316 -0.03823846 -0.02654164 -0.01978804 -0.02512011 -0.02790811 -0.03203611 -0.03447172 -0.03476162 -0.05638395 -0.215662 -0.2709247 -0.08552288 0.04829517 0.1137114 0.05735433 0.01183768 0.006826641 -0.03158863 -0.06661205 -0.08505397 -0.08067904 -0.07748108 -0.06328184 -0.05347039 -0.04995793 -0.05668002 -0.05916945 -0.06176437 -0.05244665 -0.05674452 -0.07175108 -0.09292442 -0.09733977 -0.1000295 -0.09880893 -0.09161714 -0.08578026 -0.06787658 -0.06505036 -0.0540609 -0.04263773 -0.03685231 -0.04044125 -0.04494368 -0.0467021
-0.08315689 -0.08553898 -0.07647192 -0.0575698 -0.03695992 -0.02817282 -0.02878945 -0.03470459 -0.04446554 -0.04908137 -0.04538653 -0.04784552 -0.0465903 -0.04229504 -0.03532151 -0.02863854 -0.01828616 -0.2104969 -0.05930524 0.07311092 0.106303 0.1389879 0.1135639 0.06868963 0.02524303 -0.01841758 -0.07036836 -0.07604421 -0.08091722 -0.06714185 -0.05337177 -0.03429848 -0.02862697 -0.02687183 -0.0291798 -0.03417588 -0.03960744 -0.03186947 -0.03854347 -0.03998831 -0.03783994 -0.03451503 -0.03411206 -0.03352899 -0.03361256 -0.03614269 -0.04324984 -0.0395628
-0.04098986 -0.03123427 -0.03278789 -0.0266693 -0.02639097 -0.03845388 -0.02383627 -0.02905596 -0.0359496 -0.04478584 -0.05875112 -0.05843276 -0.05755787 -0.0596218 -0.1880526 -0.1246787 -0.008835694 -0.01749918 -0.000469772 0.05658885 0.03193423 0.01668408 -0.008669691 -0.04638534 -0.06525413 -0.08400353 -0.09845342 -0.09103133 -0.08561172 -0.06661522 -0.05450975 -0.03406075 -0.01531504 -0.01372004 -0.01346802 -0.01149864 -0.005756545 -0.03967774 -0.04600695 -0.06771272 -0.1119902 -0.1171143 -0.1067624 -0.08563954 -0.07680584 -0.07972299 -0.07549501 -0.0792897
-0.07620862 -0.06926527 -0.05790613 -0.04517428 -0.02775065 -0.02616583 -0.03389153 -0.03853913 -0.03818949 -0.05446721 -0.006069202 -0.09044653 -0.09349374 -0.09029962 -0.03775197 -0.06060573 -0.04755831 -0.03167357 -0.02112871 -0.02638713 -0.03086739 -0.050352 -0.05439543 -0.05950634 -0.05939929 -0.07128482 -0.07144908 -0.05446145 -0.03838502 -0.03044582 -0.02771187 -0.0323396 -0.04765652 -0.05632524 -0.05334276 -0.05543463 -0.05679353 -0.06373396 -0.06680252 -0.0744577 -0.07436027 -0.07812915 -0.07792852 -0.07806633 -0.07351919 -0.06493866 -0.05685528 -0.05097171
-0.06941742 -0.06442971 -0.05288252 -0.05766499 -0.0641316 -0.06072668 -0.05817319 -0.05995345 -0.05342682 -0.05221416 -0.05259989 -0.05477078 -0.06074035 -0.1018669 -0.2438326 -0.05992638 -0.01403487 0.1013062 0.1050586 0.0666706 0.008996757 -0.1453076 -0.1750658 -0.1673777 -0.1380907 -0.1012118 -0.08484883 -0.06447039 -0.04642867 -0.04048379 -0.04700921 -0.04767374 -0.05833049 -0.0630971 -0.06665977 -0.07211629 -0.06488111 -0.0595819 -0.05677428 -0.05979614 -0.06876417 -0.07220668 -0.07810924 -0.07177299 -0.06956965 -0.06713428 -0.0581444 -0.04502631
