180.0 157.0 241.0 265.0 251.0 263.0 251.0 188.0 197.0 208.0 237.0 236.0 274.0 259.0 220.0 181.0 181.0 151.0 112.0 104.0 119.0 136.0 156.0 175.0 174.0 141.0 114.0 176.0 238.0 221.0 189.0 187.0 193.0 197.0 229.0 220.0 230.0 227.0 190.0 185.0 158.0 149.0 198.0 199.0 230.0 229.0 213.0 214.0 223.0
173.0 143.0 211.0 240.0 225.0 230.0 223.0 189.0 165.0 151.0 199.0 226.0 230.0 200.0 205.0 194.0 214.0 199.0 194.0 180.0 179.0 207.0 202.0 201.0 200.0 206.0 203.0 203.0 214.0 205.0 232.0 246.0 248.0 237.0 222.0 219.0 211.0 216.0 236.0 194.0 201.0 215.0 223.0 198.0 211.0 219.0 202.0 203.0 203.0
194.0 203.0 197.0 195.0 222.0 220.0 222.0 202.0 205.0 219.0 205.0 201.0 220.0 207.0 193.0 211.0 226.0 217.0 209.0 216.0 215.0 222.0 216.0 205.0 205.0 203.0 207.0 213.0 214.0 193.0 193.0 190.0 187.0 189.0 193.0 193.0 188.0 189.0 188.0 180.0 177.0 177.0 190.0 196.0 207.0 220.0 223.0 220.0 211.0
219.0 222.0 218.0 217.0 214.0 210.0 224.0 206.0 214.0 217.0 221.0 222.0 219.0 207.0 210.0 199.0 197.0 210.0 208.0 211.0 193.0 207.0 190.0 205.0 222.0 206.0 207.0 201.0 193.0 199.0 215.0 208.0 212.0 200.0 201.0 202.0 208.0 222.0 199.0 178.0 182.0 176.0 181.0 170.0 188.0 222.0 222.0 206.0 198.0
192.0 182.0 182.0 182.0 181.0 181.0 172.0 173.0 178.0 172.0 167.0 179.0 167.0 162.0 168.0 150.0 165.0 174.0 167.0 165.0 171.0 178.0 161.0 169.0 174.0 143.0 131.0 115.0 118.0 126.0 121.0 148.0 143.0 121.0 126.0 134.0 146.0 146.0 138.0 119.0 110.0 113.0 132.0 159.0 152.0 144.0 133.0 145.0 154.0
192.0 186.0 189.0 183.0 181.0 177.0 200.0 181.0 182.0 185.0 184.0 196.0 195.0 192.0 185.0 188.0 189.0 202.0 200.0 202.0 405.0 454.0 160.0 207.0 93.0 28.0 74.0 166.0 152.0 119.0 248.0 132.0 242.0 223.0 177.0 184.0 173.0 197.0 186.0 195.0 280.0 303.0 273.0 250.0 267.0 224.0 225.0 212.0 212.0
210.0 218.0 216.0 222.0 210.0 210.0 204.0 208.0 207.0 206.0 206.0 200.0 210.0 201.0 209.0 207.0 199.0 196.0 199.0 196.0 183.0 195.0 189.0 191.0 190.0 396.0 457.0 225.0 282.0 236.0 248.0 275.0 275.0 271.0 252.0 230.0 231.0 241.0 263.0 205.0 185.0 219.0 228.0 194.0 210.0 223.0 210.0 211.0 198.0
197.0 183.0 195.0 186.0 192.0 192.0 174.0 178.0 178.0 171.0 189.0 169.0 180.0 192.0 191.0 205.0 218.0 249.0 223.0 172.0 188.0 178.0 190.0 209.0 185.0 167.0 175.0 299.0 329.0 284.0 237.0 257.0 254.0 319.0 266.0 254.0 261.0 231.0 205.0 208.0 221.0 205.0 203.0 229.0 212.0 213.0 207.0 199.0 215.0
210.0 199.0 184.0 182.0 202.0 219.0 212.0 203.0 187.0 174.0 183.0 203.0 196.0 167.0 178.0 195.0 219.0 212.0 200.0 207.0 188.0 179.0 189.0 208.0 216.0 203.0 192.0 203.0 183.0 250.0 361.0 366.0 280.0 424.0 390.0 424.0 299.0 241.0 154.0 156.0 244.0 202.0 208.0 260.0 197.0 220.0 177.0 174.0 176.0
205.0 213.0 205.0 218.0 206.0 169.0 166.0 173.0 206.0 182.0 190.0 196.0 191.0 192.0 185.0 183.0 213.0 188.0 191.0 197.0 203.0 177.0 388.0 298.0 329.0 386.0 412.0 424.0 223.0 218.0 153.0 95.0 142.0 139.0 237.0 187.0 221.0 196.0 191.0 219.0 223.0 220.0 210.0 194.0 216.0 205.0 227.0 202.0 211.0
206.0 203.0 235.0 220.0 220.0 213.0 215.0 212.0 212.0 213.0 210.0 211.0 217.0 453.0 467.0 393.0 376.0 248.0 216.0 197.0 284.0 171.0 81.0 149.0 216.0 194.0 175.0 179.0 180.0 182.0 185.0 217.0 227.0 213.0 200.0 194.0 178.0 204.0 194.0 203.0 218.0 219.0 228.0 223.0 208.0 217.0 203.0 195.0 172.0
193.0 173.0 183.0 174.0 186.0 170.0 188.0 174.0 170.0 182.0 180.0 177.0 176.0 180.0 191.0 188.0 190.0 192.0 205.0 470.0 470.0 470.0 470.0 381.0 360.0 177.0 411.0 266.0 187.0 176.0 213.0 213.0 226.0 252.0 198.0 217.0 238.0 230.0 220.0 240.0 236.0 215.0 219.0 222.0 206.0 173.0 233.0 238.0 226.0
203.0 213.0 206.0 213.0 208.0 195.0 207.0 214.0 214.0 226.0 219.0 215.0 229.0 228.0 233.0 236.0 231.0 242.0 226.0 235.0 339.0 118.0 185.0 43.0 17.0 34.0 124.0 171.0 197.0 310.0 265.0 236.0 205.0 183.0 225.0 232.0 201.0 215.0 207.0 191.0 218.0 194.0 236.0 222.0 196.0 232.0 234.0 252.0 231.0
216.0 233.0 249.0 221.0 220.0 244.0 236.0 225.0 212.0 215.0 232.0 220.0 228.0 239.0 227.0 233.0 241.0 244.0 63.0 175.0 283.0 46.0 79.0 170.0 261.0 211.0 216.0 228.0 225.0 228.0 210.0 219.0 217.0 234.0 234.0 235.0 232.0 216.0 220.0 224.0 196.0 197.0 203.0 198.0 203.0 238.0 225.0 226.0 219.0
230.0 237.0 220.0 201.0 212.0 193.0 243.0 225.0 198.0 209.0 212.0 210.0 215.0 218.0 216.0 220.0 215.0 214.0 207.0 197.0 194.0 195.0 192.0 232.0 206.0 413.0 263.0 192.0 151.0 273.0 192.0 242.0 207.0 221.0 185.0 206.0 226.0 208.0 214.0 233.0 241.0 234.0 233.0 230.0 222.0 213.0 230.0 228.0 232.0
189.0 209.0 189.0 208.0 199.0 208.0 207.0 206.0 212.0 210.0 210.0 209.0 391.0 447.0 486.0 465.0 486.0 428.0 96.0 113.0 183.0 207.0 241.0 342.0 291.0 237.0 215.0 206.0 181.0 192.0 211.0 307.0 259.0 280.0 227.0 238.0 265.0 257.0 255.0 239.0 236.0 191.0 73.0 239.0 213.0 213.0 219.0 233.0 234.0
234.0 226.0 195.0 199.0 193.0 211.0 199.0 194.0 194.0 190.0 204.0 218.0 209.0 205.0 212.0 209.0 201.0 216.0 211.0 204.0 212.0 218.0 225.0 241.0 232.0 240.0 242.0 243.0 234.0 235.0 239.0 231.0 222.0 229.0 222.0 209.0 216.0 204.0 209.0 211.0 210.0 218.0 223.0 228.0 222.0 237.0 241.0 239.0 224.0
239.0 231.0 222.0 229.0 222.0 209.0 216.0 204.0 209.0 211.0 210.0 218.0 223.0 228.0 222.0 237.0 241.0 239.0 224.0 237.0 214.0 229.0 229.0 220.0 221.0 213.0 227.0 248.0 269.0 291.0 255.0 187.0 173.0 196.0 247.0 263.0 273.0 220.0 162.0 196.0 214.0 212.0 205.0 206.0 211.0 219.0 220.0 210.0 210.0
186.0 196.0 205.0 216.0 221.0 212.0 225.0 209.0 210.0 214.0 213.0 224.0 246.0 220.0 219.0 220.0 308.0 450.0 227.0 49.0 23.0 76.0 142.0 139.0 155.0 226.0 210.0 276.0 220.0 231.0 237.0 207.0 216.0 207.0 218.0 227.0 219.0 220.0 224.0 212.0 229.0 217.0 211.0 216.0 210.0 204.0 195.0 194.0 208.0
203.0 203.0 207.0 210.0 219.0 199.0 208.0 217.0 208.0 213.0 207.0 204.0 210.0 209.0 206.0 208.0 215.0 215.0 204.0 208.0 207.0 198.0 214.0 416.0 333.0 357.0 416.0 333.0 382.0 334.0 392.0 371.0 278.0 300.0 260.0 283.0 279.0 243.0 225.0 232.0 232.0 212.0 209.0 217.0 222.0 220.0 214.0 231.0 217.0
226.0 221.0 225.0 226.0 212.0 210.0 214.0 221.0 214.0 222.0 222.0 226.0 216.0 217.0 214.0 212.0 216.0 216.0 209.0 208.0 209.0 226.0 235.0 496.0 252.0 198.0 238.0 215.0 286.0 171.0 203.0 178.0 258.0 241.0 225.0 218.0 256.0 214.0 224.0 225.0 225.0 232.0 248.0 232.0 238.0 224.0 211.0 215.0 218.0
194.0 193.0 204.0 208.0 202.0 201.0 191.0 189.0 191.0 203.0 208.0 192.0 204.0 199.0 194.0 199.0 245.0 402.0 216.0 164.0 312.0 220.0 263.0 220.0 235.0 260.0 192.0 173.0 198.0 201.0 188.0 178.0 182.0 177.0 197.0 192.0 192.0 199.0 219.0 201.0 218.0 223.0 220.0 223.0 225.0 227.0 217.0 204.0 221.0
217.0 204.0 221.0 230.0 220.0 224.0 225.0 220.0 220.0 221.0 225.0 218.0 218.0 224.0 215.0 212.0 228.0 237.0 219.0 276.0 415.0 182.0 217.0 173.0 192.0 217.0 316.0 238.0 245.0 285.0 284.0 255.0 224.0 223.0 196.0 198.0 215.0 195.0 215.0 246.0 233.0 228.0 216.0 214.0 224.0 218.0 229.0 232.0 232.0
213.0 212.0 210.0 212.0 209.0 221.0 215.0 221.0 219.0 214.0 205.0 204.0 209.0 209.0 216.0 219.0 216.0 209.0 209.0 215.0 214.0 217.0 305.0 62.0 82.0 282.0 190.0 235.0 231.0 179.0 135.0 164.0 178.0 138.0 202.0 245.0 231.0 233.0 242.0 214.0 225.0 224.0 235.0 226.0 232.0 235.0 225.0 235.0 243.0
229.0 242.0 233.0 214.0 239.0 226.0 218.0 223.0 232.0 234.0 234.0 243.0 221.0 204.0 221.0 213.0 236.0 223.0 210.0 219.0 220.0 232.0 214.0 200.0 233.0 217.0 389.0 242.0 118.0 147.0 119.0 245.0 253.0 221.0 215.0 231.0 234.0 236.0 232.0 225.0 226.0 229.0 222.0 243.0 241.0 239.0 234.0 216.0 217.0
202.0 201.0 198.0 200.0 189.0 189.0 175.0 193.0 215.0 199.0 176.0 216.0 297.0 485.0 139.0 165.0 47.0 101.0 22.0 36.0 119.0 332.0 484.0 15.0 168.0 287.0 249.0 243.0 251.0 226.0 229.0 204.0 229.0 218.0 236.0 216.0 225.0 220.0 233.0 258.0 222.0 229.0 238.0 243.0 236.0 237.0 226.0 244.0 223.0
217.0 224.0 235.0 240.0 229.0 224.0 239.0 212.0 215.0 227.0 228.0 222.0 245.0 220.0 238.0 245.0 219.0 226.0 259.0 264.0 277.0 275.0 500.0 15.0 127.0 284.0 257.0 252.0 255.0 211.0 228.0 215.0 232.0 228.0 201.0 207.0 214.0 224.0 237.0 244.0 230.0 225.0 233.0 225.0 231.0 250.0 250.0 226.0 222.0
229.0 241.0 230.0 228.0 274.0 253.0 242.0 277.0 308.0 271.0 276.0 203.0 199.0 252.0 277.0 293.0 225.0 125.0 147.0 60.0 158.0 367.0 264.0 245.0 228.0 228.0 222.0 227.0 219.0 229.0 227.0 222.0 212.0 219.0 248.0 229.0 250.0 260.0 263.0 264.0 250.0 229.0 269.0 232.0 226.0 274.0 273.0 258.0 253.0
227.0 224.0 254.0 250.0 258.0 218.0 213.0 235.0 254.0 227.0 180.0 212.0 219.0 245.0 255.0 241.0 236.0 249.0 462.0 140.0 64.0 30.0 157.0 322.0 318.0 263.0 243.0 230.0 232.0 239.0 232.0 232.0 254.0 246.0 223.0 220.0 261.0 244.0 252.0 225.0 233.0 225.0 246.0 251.0 219.0 221.0 248.0 241.0 225.0
220.0 234.0 239.0 245.0 246.0 243.0 234.0 219.0 215.0 232.0 251.0 224.0 247.0 263.0 250.0 242.0 242.0 233.0 244.0 245.0 251.0 227.0 263.0 187.0 43.0 42.0 33.0 225.0 354.0 323.0 299.0 257.0 271.0 255.0 256.0 287.0 271.0 271.0 262.0 246.0 261.0 264.0 254.0 237.0 223.0 238.0 245.0 236.0 236.0
204.0 195.0 200.0 202.0 221.0 211.0 206.0 198.0 231.0 219.0 236.0 217.0 209.0 218.0 227.0 236.0 216.0 212.0 219.0 230.0 327.0 219.0 25.0 157.0 163.0 229.0 136.0 172.0 180.0 238.0 269.0 236.0 218.0 196.0 221.0 226.0 228.0 227.0 233.0 247.0 280.0 234.0 221.0 199.0 207.0 217.0 235.0 211.0 220.0
239.0 238.0 244.0 229.0 208.0 208.0 228.0 247.0 247.0 233.0 240.0 231.0 239.0 212.0 257.0 290.0 230.0 144.0 153.0 251.0 257.0 248.0 196.0 181.0 213.0 190.0 188.0 190.0 227.0 222.0 239.0 234.0 218.0 217.0 210.0 212.0 220.0 236.0 239.0 245.0 229.0 281.0 268.0 211.0 225.0 224.0 201.0 217.0 229.0
211.0 223.0 228.0 225.0 225.0 222.0 216.0 213.0 211.0 233.0 237.0 222.0 218.0 216.0 353.0 239.0 63.0 92.0 62.0 43.0 37.0 58.0 265.0 329.0 267.0 264.0 237.0 214.0 229.0 237.0 216.0 201.0 198.0 220.0 223.0 190.0 173.0 212.0 216.0 205.0 202.0 207.0 225.0 359.0 245.0 211.0 241.0 224.0 244.0
230.0 226.0 230.0 227.0 235.0 247.0 243.0 231.0 234.0 225.0 244.0 220.0 212.0 218.0 211.0 213.0 227.0 211.0 229.0 227.0 210.0 234.0 471.0 401.0 354.0 198.0 184.0 180.0 190.0 243.0 248.0 234.0 224.0 216.0 234.0 200.0 211.0 215.0 229.0 227.0 230.0 227.0 233.0 251.0 267.0 242.0 252.0 234.0 249.0
253.0 247.0 264.0 278.0 270.0 223.0 219.0 209.0 244.0 255.0 245.0 248.0 248.0 247.0 237.0 221.0 483.0 379.0 212.0 215.0 172.0 218.0 238.0 291.0 299.0 259.0 305.0 313.0 289.0 247.0 270.0 262.0 266.0 279.0 260.0 267.0 256.0 244.0 237.0 231.0 256.0 272.0 260.0 280.0 261.0 268.0 281.0 274.0 275.0
191.0 182.0 156.0 194.0 270.0 229.0 170.0 174.0 172.0 192.0 186.0 180.0 187.0 166.0 150.0 304.0 203.0 190.0 129.0 161.0 145.0 144.0 126.0 132.0 121.0 111.0 120.0 126.0 130.0 136.0 131.0 134.0 120.0 132.0 147.0 158.0 164.0 177.0 167.0 163.0 171.0 183.0 196.0 175.0 159.0 164.0 170.0 169.0 153.0
164.0 177.0 167.0 163.0 171.0 183.0 196.0 175.0 159.0 164.0 170.0 169.0 153.0 161.0 135.0 79.0 41.0 206.0 30.0 41.0 250.0 217.0 171.0 166.0 163.0 157.0 160.0 157.0 158.0 162.0 165.0 155.0 173.0 169.0 170.0 169.0 169.0 159.0 172.0 164.0 171.0 166.0 174.0 173.0 166.0 167.0 166.0 172.0 161.0
138.0 137.0 144.0 145.0 172.0 177.0 169.0 186.0 183.0 180.0 176.0 182.0 175.0 176.0 79.0 248.0 92.0 154.0 87.0 27.0 44.0 38.0 48.0 72.0 179.0 301.0 328.0 287.0 222.0 182.0 153.0 140.0 219.0 210.0 202.0 184.0 207.0 183.0 192.0 187.0 181.0 170.0 171.0 177.0 175.0 178.0 184.0 178.0 181.0
175.0 179.0 187.0 177.0 187.0 185.0 185.0 180.0 182.0 186.0 184.0 178.0 174.0 181.0 113.0 261.0 174.0 204.0 242.0 178.0 209.0 126.0 134.0 110.0 116.0 107.0 131.0 146.0 132.0 152.0 148.0 147.0 151.0 155.0 170.0 165.0 140.0 140.0 151.0 157.0 156.0 178.0 168.0 166.0 178.0 169.0 153.0 148.0 158.0
180.0 166.0 169.0 160.0 171.0 168.0 177.0 166.0 166.0 169.0 169.0 176.0 175.0 167.0 166.0 151.0 152.0 101.0 15.0 29.0 102.0 33.0 19.0 45.0 84.0 40.0 217.0 217.0 148.0 169.0 148.0 150.0 167.0 155.0 163.0 172.0 176.0 170.0 172.0 157.0 172.0 177.0 192.0 132.0 143.0 148.0 157.0 141.0 143.0
164.0 174.0 185.0 190.0 185.0 177.0 183.0 170.0 164.0 181.0 180.0 185.0 182.0 180.0 185.0 192.0 183.0 181.0 176.0 185.0 186.0 175.0 182.0 187.0 172.0 30.0 15.0 15.0 62.0 155.0 116.0 206.0 206.0 185.0 160.0 172.0 149.0 125.0 136.0 181.0 183.0 197.0 168.0 170.0 175.0 152.0 173.0 181.0 184.0
181.0 184.0 171.0 157.0 151.0 165.0 162.0 154.0 159.0 154.0 149.0 165.0 150.0 145.0 137.0 151.0 167.0 156.0 15.0 52.0 86.0 79.0 185.0 202.0 135.0 136.0 154.0 138.0 142.0 152.0 157.0 155.0 156.0 161.0 155.0 151.0 165.0 157.0 173.0 154.0 145.0 126.0 140.0 140.0 126.0 131.0 150.0 175.0 159.0
169.0 155.0 172.0 183.0 165.0 135.0 155.0 163.0 173.0 165.0 194.0 178.0 165.0 182.0 178.0 179.0 168.0 202.0 155.0 235.0 168.0 151.0 153.0 166.0 182.0 179.0 165.0 182.0 182.0 176.0 174.0 202.0 192.0 167.0 148.0 179.0 182.0 179.0 170.0 182.0 189.0 185.0 217.0 248.0 259.0 240.0 184.0 174.0 169.0
163.0 172.0 182.0 183.0 191.0 192.0 190.0 180.0 177.0 178.0 165.0 168.0 175.0 160.0 166.0 189.0 198.0 208.0 187.0 167.0 25.0 161.0 54.0 164.0 211.0 244.0 215.0 151.0 124.0 141.0 176.0 180.0 179.0 163.0 149.0 151.0 162.0 161.0 130.0 116.0 129.0 116.0 121.0 127.0 137.0 148.0 151.0 165.0 175.0
164.0 217.0 216.0 213.0 170.0 157.0 200.0 180.0 205.0 168.0 147.0 148.0 132.0 144.0 140.0 107.0 26.0 114.0 167.0 214.0 165.0 162.0 171.0 143.0 171.0 181.0 179.0 180.0 181.0 186.0 178.0 187.0 164.0 190.0 189.0 166.0 152.0 155.0 182.0 177.0 176.0 187.0 161.0 150.0 155.0 170.0 117.0 136.0 140.0
233.0 247.0 236.0 186.0 184.0 176.0 190.0 175.0 160.0 181.0 171.0 168.0 163.0 169.0 178.0 174.0 168.0 171.0 165.0 162.0 166.0 178.0 162.0 157.0 182.0 187.0 164.0 177.0 173.0 182.0 171.0 156.0 166.0 146.0 151.0 117.0 143.0 139.0 138.0 121.0 128.0 131.0 101.0 107.0 106.0 100.0 73.0 58.0 107.0
210.0 190.0 170.0 144.0 157.0 175.0 177.0 169.0 160.0 150.0 155.0 141.0 152.0 139.0 174.0 142.0 164.0 167.0 173.0 179.0 169.0 30.0 87.0 15.0 134.0 170.0 202.0 208.0 207.0 196.0 156.0 178.0 168.0 177.0 195.0 171.0 186.0 194.0 203.0 196.0 182.0 149.0 159.0 193.0 213.0 183.0 173.0 161.0 157.0
189.0 195.0 200.0 195.0 202.0 196.0 193.0 201.0 198.0 200.0 197.0 196.0 191.0 188.0 106.0 149.0 214.0 123.0 89.0 129.0 153.0 117.0 89.0 49.0 141.0 166.0 178.0 114.0 73.0 137.0 148.0 149.0 139.0 158.0 149.0 181.0 223.0 182.0 173.0 171.0 162.0 150.0 150.0 157.0 154.0 154.0 162.0 159.0 159.0
168.0 186.0 183.0 182.0 177.0 172.0 177.0 178.0 188.0 182.0 185.0 184.0 183.0 189.0 176.0 187.0 161.0 15.0 15.0 188.0 135.0 183.0 116.0 123.0 140.0 191.0 153.0 218.0 202.0 177.0 118.0 119.0 149.0 118.0 148.0 214.0 183.0 189.0 152.0 173.0 192.0 169.0 161.0 164.0 163.0 152.0 176.0 163.0 161.0
183.0 182.0 183.0 174.0 161.0 161.0 157.0 184.0 172.0 180.0 166.0 185.0 199.0 169.0 54.0 224.0 34.0 35.0 83.0 302.0 181.0 166.0 170.0 176.0 170.0 158.0 169.0 174.0 185.0 175.0 191.0 194.0 191.0 179.0 183.0 194.0 172.0 181.0 180.0 184.0 155.0 147.0 154.0 178.0 182.0 138.0 162.0 151.0 131.0
151.0 144.0 156.0 151.0 158.0 171.0 186.0 193.0 185.0 181.0 165.0 157.0 192.0 175.0 161.0 185.0 191.0 182.0 145.0 20.0 15.0 187.0 28.0 154.0 255.0 227.0 204.0 211.0 190.0 214.0 227.0 234.0 219.0 252.0 251.0 234.0 248.0 232.0 245.0 241.0 235.0 228.0 232.0 233.0 239.0 228.0 220.0 229.0 228.0
207.0 197.0 206.0 213.0 219.0 215.0 217.0 195.0 213.0 207.0 183.0 200.0 214.0 189.0 162.0 15.0 182.0 108.0 77.0 206.0 208.0 275.0 239.0 187.0 189.0 177.0 183.0 204.0 210.0 218.0 208.0 206.0 203.0 201.0 211.0 195.0 199.0 197.0 185.0 195.0 217.0 210.0 214.0 178.0 174.0 202.0 161.0 175.0 198.0
134.0 105.0 118.0 187.0 159.0 170.0 171.0 186.0 164.0 145.0 139.0 105.0 18.0 83.0 177.0 134.0 75.0 45.0 15.0 56.0 68.0 18.0 81.0 198.0 166.0 155.0 133.0 180.0 181.0 172.0 196.0 203.0 186.0 175.0 168.0 195.0 195.0 171.0 169.0 171.0 160.0 177.0 184.0 168.0 167.0 171.0 163.0 177.0 172.0
