-0.000120155 -0.0116732 0.02018317 0.04425321 0.056415 0.0674988 0.04545639 -0.02223514 -0.05451781 -0.0752953 -0.06624691 -0.09018782 -0.06292501 -0.02864036 -0.004678579 -0.044512 -0.07613787 -0.1030343 -0.1347013 -0.1460343 -0.1115719 -0.03438765 0.005759709 0.01633366 -0.01332816 -0.04964341 -0.03197129 0.01310091 0.0307046 0.03225313 0.02894874 0.03976527 0.005197753 -0.01486368 -0.03453112 -0.0399068 -0.0390918 -0.05851533 -0.1075565 -0.1377257 -0.1374452 -0.08247305 -0.06128077 -0.03122462 -0.01760362 -0.01913755 -0.02296872 -0.03721783
-0.06527508 -0.09703742 -0.1308183 -0.1427174 -0.1324968 -0.1156518 -0.088626 -0.06797735 -0.03644354 -0.052775 -0.0726833 -0.05480379 -0.001508781 0.008789496 0.006363319 -0.004436966 -0.01640004 -0.02391611 -0.03642305 -0.05136342 -0.06177039 -0.06105925 -0.07598402 -0.07679147 -0.06911012 -0.06201128 -0.06161548 -0.04977393 -0.05615972 -0.0592231 -0.04658831 -0.02832446 -0.03535771 -0.0473423 -0.06615656 -0.05618715 -0.04993846 -0.0542976 -0.05043205 -0.05092946 -0.04511302 -0.04567951 -0.03770569 -0.03183547 -0.02775976 -0.03690033 -0.05171271 -0.06848768
-0.03690033 -0.05171271 -0.06848768 -0.06820431 -0.05988495 -0.03110461 -0.02036216 -0.006489981 -0.01644042 -0.005695807 -0.002478657 -0.01110989 -0.02210769 -0.004647481 -0.002863743 -0.008341614 -0.02668221 -0.04119428 -0.05498195 -0.0478117 -0.03654453 -0.03292104 -0.02915026 -0.02798997 -0.02906091 -0.02796785 -0.02763696 -0.02534341 -0.02230962 -0.02760481 -0.02832395 -0.02783714 -0.03110071 -0.02675385 -0.01771849 -0.01088047 -0.01323136 -0.01631922 -0.02048523 -0.02275092 -0.02834007 -0.02403832 -0.01549769 -0.01797432 -0.02269213 -0.02465915 -0.02851023 -0.02247778
0.001800967 -0.005158244 -0.00034106 -0.009188768 -0.006918149 -0.004288456 -0.001119712 0.001437009 -0.002091253 0.002116201 -0.002141444 -0.006014653 -0.007374275 -0.005121827 0.002054874 0.009678178 0.01584353 0.0137056 0.01797983 0.01954832 0.01555698 0.02014444 0.04657441 0.0439508 0.04182747 0.02981298 0.01421189 -0.003780687 -0.006951591 0.005244105 0.01367797 0.02893536 0.04298554 0.01597957 0.01005339 0.01162811 0.01451731 -0.01077147 -0.04362836 -0.0625276 -0.06397431 -0.02712702 -0.003902776 0.01031467 0.006258436 0.00351061 0.003062085 0.01222865
0.01695313 0.0125142 0.01452867 0.02650394 0.03038096 0.03640789 0.0340854 0.02175934 -0.01233433 -0.02193299 -0.02105118 0.00903745 0.02528529 0.01896038 0.01301785 0.01410904 0.01129846 -0.00347275 -0.01289541 -0.01248764 -0.01504061 -0.01717642 -0.005746848 0.003898023 0.002742752 0.003681134 0.003185163 -0.002206668 -0.008528632 -0.00402372 -0.005616026 -0.007683485 0.004999873 0.007191148 0.006318711 -0.007285299 -0.01017667 -0.02143068 -0.01926685 -0.01292038 0.000871282 -0.01393443 -0.01325764 -0.01287213 -0.001285236 -0.004866298 0.007325777 0.02054029
0.04201612 0.04463477 0.04611422 0.03962512 0.01968502 0.02064316 0.02235587 0.004347533 -0.0114873 -0.01863945 -0.01049328 -0.00713994 0.000680624 0.01677239 0.02927769 0.02994055 0.01882387 0.01174939 0.008324163 0.01652944 0.01874399 0.02177295 0.01304741 0.01125763 0.007453583 0.003313412 0.003886968 0.007927419 0.01013662 0.01375947 0.01570884 0.01391103 0.01071878 0.008741132 0.000998555 0.00793655 0.01525052 0.007499991 -0.003810943 -0.006603826 0.01285216 0.02544298 0.0186068 0.002963059 0.00183144 0.01039946 0.01707238 0.02714639
-0.04349542 -0.0314793 0.0293238 0.05840657 -0.005323391 -0.02596326 -0.03129997 -0.04179463 -0.03268496 -0.02210654 0.007140172 -0.01815434 0.005937394 0.02985978 0.02474016 0.01579886 0.02943872 0.05115934 0.03423538 0.02516274 -0.001313467 -0.007157143 -0.01641511 0.00518467 0.06107535 0.05262192 0.04383019 0.01578471 -0.01981281 -0.02766169 0.009513541 0.006830622 -0.01383396 -0.03973566 -0.09842016 -0.1129877 -0.1261395 -0.1320355 -0.1066931 -0.02966674 -0.01715704 -0.02144673 -0.04541542 -0.07260749 -0.09186899 -0.07872739 -0.08207183 -0.09769715
-0.008232964 -0.001975209 0.002543351 -0.005196867 -0.008168001 -0.01676001 -0.0211359 -0.007508231 -0.01630143 -0.01574566 -0.03603225 -0.04369385 -0.02889472 -0.002957517 0.009368316 -0.0010703 0.005101438 -0.0007666204 -0.02839791 -0.01497824 -0.03591 -0.06621377 -0.07223231 -0.004103692 0.008912859 0.03324516 0.01407864 -0.009300917 0.01683227 0.04063016 0.01153584 -0.03377581 -0.03269153 -0.03250957 0.003752836 0.03909983 0.0006236373 -0.04560469 -0.0729448 -0.08188156 -0.07438914 0.00607427 0.03984185 0.04332889 0.003279778 -0.05025846 -0.06938056 -0.1045489
0.004668341 -0.003436948 0.001734243 0.0006471694 0.002597424 0.002038692 0.005101209 0.004400125 0.004138709 -0.002815237 -0.003593739 -0.01081412 -0.01105895 -0.006420304 -0.00667486 0.005358688 0.006263499 0.002776227 0.008690563 0.01686888 0.2221925 0.3935552 0.1858967 -0.05370253 -0.1977703 -0.2633974 -0.2446442 -0.07898762 0.02956324 0.03378015 0.01215352 0.0010729 -0.005669995 -0.01206431 0.0002691763 -0.006021599 -0.002187073 -0.006352319 -0.001197677 -0.001499354 -0.0005133349 -0.008174811 -0.01119733 -0.01008498 -0.004768869 0.008112162 0.01263051 0.01966584
0.007692778 -0.003965232 -0.005075767 -0.01278993 -0.005562206 -0.003409804 -0.00453599 -0.003200973 0.002693076 0.01237089 0.009741693 0.00739415 -0.00357623 -0.004293433 -0.007263609 -0.008661142 -0.01011032 -0.004357867 0.004322343 -0.002626165 -0.007692988 -0.01099497 -0.01448175 -0.01035715 0.01431297 0.5433031 0.4834489 -0.04645785 -0.2989905 -0.4113021 -0.4037346 -0.2903841 -0.1157211 0.003759042 0.07568602 0.09387861 0.07600036 0.04174172 0.01917787 0.003751572 -0.003478622 -0.01042253 -0.01350824 -0.003005843 0.004232379 0.01111391 0.002350333 0.005480249
0.003972992 0.002821236 0.001121812 -0.004341409 -0.007792253 -0.003723834 0.00231304 0.005931655 0.007418722 0.002888873 -0.01183762 -0.01068079 -0.01310521 0.2203317 0.3685123 -0.07879896 -0.1943956 -0.2237147 -0.1920501 -0.06025543 0.04429936 0.05740199 0.05381564 0.04728161 0.01999216 0.0101557 -0.01056299 -0.004757375 -0.004699984 -0.009946808 -0.003779968 -0.007890151 -0.00998968 -0.007411606 -0.005958027 0.005808459 0.001919586 0.003369448 -0.005176278 0.0006359721 0.004780789 0.01832943 0.02410786 0.01814768 0.01598308 0.01961495 0.01432228 0.03027229
-0.003367756 -0.006428903 -0.001949958 -0.01109065 -0.002810147 -0.003071931 -0.00923205 -0.004329148 -0.01022243 -0.01129176 -0.01618336 0.1145315 0.5989978 0.5146666 0.2296256 -0.09638527 -0.3734583 -0.4432091 -0.3994886 -0.2415606 -0.03189789 0.03341405 0.07559407 0.09692093 0.09997456 0.0829099 0.04789287 0.01924736 -0.007839644 -0.0316428 -0.04266575 -0.03840566 -0.03340866 -0.0239086 -0.005805594 0.004579966 0.007312588 0.01004947 -0.003341329 -0.006189721 -0.001119701 -0.001381114 -0.001313336 0.003016395 -0.005276264 -0.005724035 -0.00793081 0.001390367
0.003296254 -0.004877168 0.003013788 0.004091443 0.007935128 0.00466959 0.008978569 -0.001178375 0.0004476245 -0.01465628 -0.0002604872 0.0125263 0.3876095 -0.08985706 -0.2387388 -0.2308334 -0.1680627 -0.01631468 0.05326577 0.02319137 0.004703282 -0.01148367 -0.001885776 0.00767068 0.01149029 0.01085466 0.0125398 0.0152867 0.02037251 0.02195865 0.01552883 0.01988527 0.01159119 0.01026741 0.01618336 0.01916852 0.01419795 0.01389914 0.02140505 0.02524873 0.02386587 0.0162755 0.01439187 0.02021746 0.02519319 0.03603686 0.02904944 0.0299754
0.02519319 0.03603686 0.02904944 0.0299754 0.03068934 0.01807384 0.01620011 0.006116983 0.01015023 0.01472153 0.01612624 0.02276586 0.0247401 0.08545785 0.5068713 0.4213845 0.1084937 -0.1695564 -0.2901239 -0.3133731 -0.2432236 -0.08726548 -0.01638587 0.05129168 0.07270494 0.07696396 0.05858153 0.03669248 0.02111875 0.00884976 -0.007659351 -0.009863881 -0.006052526 -0.001868758 0.008769848 0.003656486 0.008754294 0.01163576 0.004851846 -0.005180774 -0.01550997 -0.0168915 -0.01170346 -0.003516281 -0.001735493 0.005239503 0.01105742 0.009563784
0.005341794 0.0007166594 -0.00561341 0.0004193738 -0.00183752 -0.006224277 -0.004603881 -0.001615207 0.004036903 0.007087089 0.008610402 0.01058112 0.2750796 0.4124814 -0.202628 -0.3386124 -0.09551993 0.001183008 0.04340187 0.07529047 0.08646878 0.06983033 0.04025183 0.0260969 0.004816573 -0.007436947 -0.01215771 -0.01427271 -0.01572707 -0.01070492 -0.002914943 -0.002436455 -0.001342173 -0.006219654 -0.01118214 -0.01212677 -0.02789734 -0.02314873 -0.01481755 -0.01599524 -0.00952561 -0.006802394 -0.01596497 -0.00520641 -0.0008506184 0.01403801 0.01305941 0.01134412
0.01078761 0.008950869 0.009698815 0.004745977 0.006366096 0.004843157 0.009911746 0.01710789 0.01691673 0.01465197 0.008290453 0.00778657 0.008499276 0.01366342 0.4026602 0.4192126 0.1765599 -0.1583525 -0.2489255 -0.2456083 -0.2003291 -0.1283784 -0.05971772 0.01639697 0.05486866 0.05185824 0.03774849 0.02754513 0.011794 0.01186375 0.006817329 0.01359676 0.005760048 0.0048065 0.004173843 0.006493137 0.01158938 0.008045999 0.0207074 0.01842621 0.01944006 0.0194922 0.02053844 0.02382696 0.0312367 0.02638176 0.01795885 0.0180539
-0.01102943 -0.004830421 -0.00252187 -0.002603998 -0.001180616 0.002408619 0.002150153 -0.002680394 -0.004564735 0.5801055 0.5503322 -0.01909435 -0.3994416 -0.1852527 -0.03121015 0.05440888 0.04812188 0.03453653 0.01945176 -0.02820047 -0.05205962 -0.0444454 -0.03193252 -0.03108341 -0.02625906 -0.02617112 -0.02695196 -0.009220514 -0.015611 -0.0124065 -0.02476913 -0.02721298 -0.02362562 -0.02751893 -0.02960926 -0.02972912 -0.02945283 -0.01285168 0.0001291132 0.003442193 0.00389406 -0.008454429 -0.01059661 -0.007983569 -0.01583404 -0.0213453 -0.01981329 -0.009522143
-0.02751893 -0.02960926 -0.02972912 -0.02945283 -0.01285168 0.0001291132 0.003442193 0.00389406 -0.008454429 -0.01059661 -0.007983569 -0.01583404 -0.0213453 -0.01981329 -0.009522143 -0.008713157 -0.008040711 0.2073535 0.3687648 0.1434904 -0.2353455 -0.2657472 -0.1191744 0.02646106 0.03952665 0.02700546 0.008916523 0.003082675 -0.00672084 -0.01343986 -0.01146966 -0.01122593 -0.008839102 -0.01105302 -0.0106845 -0.01462456 -0.01369749 -0.01375305 -0.01221666 -0.00819125 -0.008015831 -0.00534234 -0.006477601 -0.01042646 -0.009863117 -0.002108054 -0.01165342 -0.006814835
-0.001816066 -0.03807839 -0.04993199 -0.07255201 -0.0762707 -0.06340078 -0.07077059 -0.07801508 -0.08909794 -0.07933997 -0.0617163 -0.05541588 -0.07605822 -0.05709719 0.1568598 0.2311651 -0.05379426 -0.2198398 -0.2625489 -0.2315225 -0.1130023 0.005773759 0.01549899 -0.007864792 -0.01634621 -0.0001290919 0.02671773 -0.002168429 -0.01236639 -0.04481937 -0.04880723 -0.01900733 0.02735249 0.04247553 0.003825493 0.004772147 -0.02696795 -0.06713869 -0.008078879 0.06330114 0.06335966 -0.01323354 -0.05309653 -0.06771037 -0.05950477 -0.1184156 -0.07998548 -0.02341629
-0.01204936 -0.01258331 -0.01733976 -0.009589184 0.001937185 0.004306054 0.0028462 -0.002172155 -0.01036525 -0.01029215 -0.008727823 -0.01945038 -0.02810095 -0.04519314 -0.04792521 -0.047006 -0.02342282 -0.01285489 0.3159536 0.5164471 0.2823068 -0.1018148 -0.2903113 -0.354706 -0.259472 -0.09391087 0.07186693 0.1279252 0.1196284 0.07002042 0.03467752 0.01019605 -0.02225264 -0.04365951 -0.01761387 -0.009778969 -0.01258349 -0.02246323 -0.0265785 -0.01134784 -0.01020265 -0.008522009 0.01519138 0.04076136 0.0394293 0.03696279 0.01912067 0.0354947
0.03899812 0.02259003 0.04528499 0.02955922 0.04209742 0.05714696 0.06996448 0.04643494 0.05016007 0.1005024 0.1438302 0.1792079 0.1597439 0.4107738 0.2456966 0.04247804 -0.1314903 -0.1594846 -0.1149002 -0.07283102 -0.003965117 0.03348636 0.02973945 0.04006276 0.01235228 0.01229596 -0.01106853 -0.07070155 -0.04823557 -0.001005014 0.02062291 0.02401011 0.07882244 0.1178759 0.1073467 0.08861262 0.06445722 0.05855508 0.03919788 0.02978314 0.03971893 0.03281047 0.03167684 0.03876397 0.04632741 0.0643811 0.09109313 0.07649842
0.004429867 -0.02578898 -0.03721328 -0.04180278 -0.0251489 -0.01269036 -0.006298665 -0.008494161 0.006409415 0.01649932 -0.00144395 0.001126151 -0.01837367 0.02398548 0.03378402 0.2798413 0.4641006 0.15321 -0.1587116 -0.3035815 -0.3093198 -0.194914 -0.0752163 -0.01373198 0.02571469 0.001727405 -0.03457558 -0.08381399 -0.1478128 -0.1723468 -0.1618389 0.01484631 0.05643884 0.08614387 0.05722144 -2.318189e-06 -0.01333663 -0.05247547 -0.006525557 0.0003102335 -0.04155905 -0.06236551 -0.08255833 -0.09334554 -0.09687922 -0.1193743 -0.08930815 -0.09308746
0.09798494 0.05869579 0.04358612 0.07713941 0.04158856 -0.005850205 -0.05078148 -0.06300227 0.01438815 0.06392049 0.01815915 -0.03071359 -0.07182711 -0.01432494 0.0129252 0.2141344 0.3543113 0.12643 -0.06597701 -0.1456666 -0.1917418 -0.1724313 -0.1224958 -0.05740868 -0.0221562 0.03700011 0.09260011 0.0779639 0.049007 -0.01384792 -0.01576863 0.01100362 0.03777361 0.02761052 0.01513719 0.01512791 0.01980675 0.01205677 0.03036571 0.08454996 0.06917702 0.04326218 0.06315552 0.04800688 0.04668337 0.08135539 0.05448963 0.08628594
-0.1188854 -0.08311956 -0.07376965 -0.1164762 -0.1010888 -0.08374351 -0.08314974 -0.08622253 -0.04203101 -0.00517672 -0.01329578 -0.0183573 -0.02823554 -0.06025753 -0.07332458 -0.09294991 0.298072 0.2776364 -0.1215037 -0.2863345 -0.3684591 -0.2890577 -0.189024 -0.1117988 -0.05094779 -0.02565005 -0.02448253 -0.04800002 -0.05184018 -0.05701074 -0.05243664 -0.06132818 -0.05712783 -0.06076144 -0.05681657 -0.04952198 -0.03855417 -0.0446963 -0.03977449 -0.01998636 -0.004687398 -0.01365077 0.005643332 0.01670191 0.0206845 0.02142035 -0.007254384 -0.04375996
0.03178157 0.05194375 0.06347511 0.02586842 0.01046945 -0.003507931 0.02983369 0.04608657 0.03624044 0.04652266 0.06639327 0.06897209 0.0583041 0.04053474 0.008189267 -0.002502855 0.01129143 0.4601945 0.296397 -0.009295942 -0.1825011 -0.1698668 -0.08038598 -0.01017329 0.04560598 0.08596168 0.07301506 0.04590198 0.05238831 0.05453506 0.04182127 0.04472935 0.03713142 0.03808963 0.04452382 0.02565753 0.01745743 0.02972729 0.04183542 0.05019363 0.05858606 0.05716753 0.05146245 0.05001923 0.04606376 0.03985845 0.03636344 0.03350103
-0.0001231225 -0.007499585 -0.02595726 -0.03456342 -0.03808595 -0.0413358 -0.02909703 -0.0286061 -0.03836062 -0.03526327 -0.02578695 -0.02172879 -0.01709829 -0.0206095 -0.02093847 -0.02355645 0.2218262 0.4399462 0.1956241 -0.1411342 -0.3363011 -0.297769 -0.2277454 -0.1175934 -0.03211284 0.005558165 0.004368686 -0.0009477215 -0.02017617 -0.02965786 -0.03032744 -0.03635417 -0.02340718 -0.010459 -0.006178433 -0.02256436 -0.03279549 -0.01117399 0.01372228 -0.002132269 -0.03677108 -0.07561972 -0.07266744 -0.04766684 -0.02158745 -0.002981671 -0.008233869 -0.02042359
-0.004347465 -0.02669218 -0.0197143 -0.02127032 -0.017963 0.009230466 0.0086097 0.002412215 -0.003134324 -0.006843314 -0.007538653 -0.00613167 0.007270345 0.003786013 -0.009714225 -0.01646117 -0.01343151 -0.004520725 0.4227842 0.2963845 -0.02188426 -0.2231069 -0.2716187 -0.167474 -0.07537565 -0.01731184 0.01055492 0.02814162 0.0390468 0.03011283 0.02252906 0.01619198 -0.004412918 -0.02485349 -0.03490601 -0.04596475 -0.05188733 -0.02898158 -0.01689187 -0.002664229 0.006449481 0.009423256 0.01493147 0.03046208 0.03309399 0.01865707 0.02401929 0.01713475
0.005997636 0.01063547 -0.005822853 -0.0240605 -0.03193527 -0.02569931 -0.01328224 0.01025562 0.03146173 0.03586008 0.02887996 -0.009155264 -0.01543603 -0.01273117 -0.004184771 0.003221316 0.01018756 0.01014562 0.02600497 0.03815324 0.001333607 -0.009570407 0.01909293 0.03402033 0.03520117 0.03712974 0.03080332 -0.004625599 -0.03083315 -0.03653189 -0.05305627 -0.05322532 -0.04870369 -0.04946457 -0.03159446 -0.06290704 -0.09961372 -0.1442342 -0.119619 -0.08400888 -0.04263247 -0.001238269 0.02670113 0.04447334 0.03921366 0.009114695 -0.02148895 -0.04010145
0.02181782 0.02268449 0.02376632 -0.005975785 -0.01808735 -0.03914119 0.0006294805 0.002649575 -0.01199526 -0.00607385 0.006014956 -0.005795277 0.0501138 0.4428167 0.2236716 -0.01038312 -0.1853049 -0.2745882 -0.1925645 -0.09464142 -0.0500535 -0.0388043 -0.02253088 -0.03045216 -0.03640153 -0.05594642 -0.07001279 -0.02097712 -0.007746306 -0.006369971 -0.0001978569 -0.02593411 -0.03326973 -0.03778807 -0.04437228 0.01737873 -0.04098443 -0.103064 -0.08625836 -0.03141292 0.01944511 0.02820985 0.01634237 -0.005707234 -0.02768505 -0.03134547 -0.02522137 -0.00259516
-0.04476312 -0.09992503 -0.06425314 -0.0328669 -0.02295234 -0.03693701 -0.03580954 -0.03441074 -0.01740387 -0.01320358 0.003060407 0.001853223 0.01263491 -0.03254806 -0.04200178 -0.01853297 -0.02890886 -0.01556692 0.001337925 -0.004730824 0.3824046 0.2530695 -0.007709478 -0.2166174 -0.2187896 -0.182157 -0.1108339 -0.04356733 -0.02326751 0.01694291 0.01656297 -0.03475623 -0.0640973 -0.05546715 -0.04581005 -0.04368341 -0.02260856 -0.02500926 -0.02272601 -0.01788265 -0.03667229 -0.05703259 -0.05719912 -0.03284298 -0.03133876 -0.04731136 -0.07699535 -0.07544454
-0.01093215 -0.0009869168 0.004394809 -0.01306715 -0.0241028 -0.04584988 -0.02467677 -0.01787654 0.00374811 -0.0004903268 -0.02388789 -0.05221758 0.3139053 0.3429013 0.1542194 -0.06073006 -0.232646 -0.2704857 -0.2694656 -0.240879 -0.1768706 -0.1174635 -0.03499672 0.01571867 0.02069714 0.0180624 -0.0153425 -0.04489499 -0.08343586 -0.09178771 -0.03166017 -0.0235017 -0.03063646 -0.05781163 -0.06188495 -0.04518398 -0.002567985 -0.03047024 -0.02958845 -0.03429067 -0.0151917 -0.02722023 -0.02747649 -0.04834666 -0.04594838 -0.03987166 -0.04531448 -0.03435887
-0.05096755 -0.05668312 -0.03787584 -0.02315956 0.01841708 0.04486392 0.02902941 0.04263247 0.02988768 0.01199191 -0.02560662 -0.02053224 0.01942562 0.2617894 0.1506976 -0.009998143 -0.1383344 -0.1488827 -0.1481948 -0.08714042 -0.003996061 0.05258348 0.0291811 -0.03014877 -0.05863454 -0.057629 -0.06427441 -0.04841212 -0.02890744 -0.003794387 0.02133688 -0.0009887139 -0.004258068 -0.01762614 -0.009653336 0.003642318 -0.01208837 -0.02407935 -0.02566719 -0.02322839 -0.0321643 -0.03843586 -0.04785014 -0.07701908 -0.07913026 -0.08444592 -0.08660559 -0.0351716
-0.04388771 -0.07858816 -0.0893974 -0.0744608 0.0003964228 0.0534174 0.05802346 0.0358483 0.005851494 -0.05262444 -0.07828278 -0.0432728 -0.03494982 0.04512155 0.04234934 0.01598265 0.2755294 0.1547915 -0.04275826 -0.117118 -0.1644487 -0.1330022 -0.0503912 -0.01631112 -0.02288863 0.005907234 0.05204576 0.03714837 -0.007062201 0.007962399 -0.02229827 0.01716421 -0.0005555113 0.01587243 0.07318644 0.03561753 -0.01159563 -0.05305862 -0.1416478 -0.1226664 -0.08382777 -0.06339181 -0.01473002 0.02874637 0.0274846 0.04644931 0.01648216 0.003027649
0.01350884 -0.0003921818 0.005967633 0.02073921 -0.001803992 -0.07036281 -0.07236401 -0.05748232 -0.02461048 0.02615987 0.05876647 0.05200922 0.04757382 0.01979409 -0.02188157 -0.0428754 -0.03824799 -0.01053813 -0.0007195786 0.4166077 0.4133179 0.04782983 -0.1769827 -0.2758551 -0.2454755 -0.1700183 -0.08510392 -0.04329457 0.03903489 0.08332296 0.07963791 0.0345558 -0.03266119 -0.08311706 -0.08222634 -0.08812738 -0.1003612 -0.1145378 -0.1094266 -0.1036002 -0.1049651 -0.08682992 -0.05546153 -0.02541365 -0.004142376 0.04147911 0.04623485 0.02392398
-0.01319819 -0.01423899 -0.01053484 -0.003487483 0.01137134 0.0171728 0.02237868 0.02690477 0.01472745 0.02175017 0.04560153 0.05196779 0.02348748 0.008278774 0.0008756405 -0.02106225 0.3048463 0.2819982 -0.0003151582 -0.17022 -0.1757231 -0.1347074 -0.09725195 -0.05705882 -0.01132296 0.009092679 -0.003410079 -0.03291272 -0.02963626 -0.04303109 -0.06104057 -0.06793907 -0.05254972 -0.02711341 -0.02608659 -0.04188151 -0.01829713 -0.01681358 -0.007066701 -0.01649449 0.001282824 0.006499856 -0.002766965 0.02297523 0.02299919 -0.007336658 -0.02424461 -0.02884269
-0.004360636 -0.01123454 -0.01493156 -0.02006391 -0.01342073 -0.01791802 -0.01906665 -0.0165317 -0.01429215 0.01573069 0.01724346 -0.3776277 0.165866 0.1068154 0.008100794 -0.02471674 -0.03307455 -0.02036017 0.04220914 0.04277737 0.03139009 0.04960711 0.05030151 0.03543263 0.0359421 0.04163575 0.04062944 0.04431226 0.06097095 0.07263581 0.06004407 0.031975 0.01491655 0.01646379 0.01431675 0.01367366 0.009880375 0.008687075 0.009758068 0.01191917 0.01669621 0.02177221 0.02938962 0.03519732 0.03926197 0.0225684 0.01493202 0.005585277
0.0225684 0.01493202 0.005585277 0.002415723 0.008565476 -0.01476353 -0.02097417 -0.02426498 -0.01588504 -0.01115977 -0.007378072 -0.0179018 -0.3400658 -0.6809264 -0.5947664 -0.2963239 0.141678 0.3724889 0.4026483 0.3335692 0.187543 0.08179138 0.001081654 -0.06098864 -0.07533521 -0.0679598 -0.04162179 -0.01327846 -0.01635516 -0.02196394 -0.00650607 0.0005610267 0.003959778 0.006018869 0.007377151 -0.003015974 -0.01192707 -0.01066322 -0.00126965 0.008652179 0.0004978241 -0.0004890991 -0.01326905 -0.007130636 0.01563371 0.03266873 0.0168875 0.01665926
0.00339061 -0.005866751 -0.003122739 -0.005975818 0.002381472 0.004774225 0.004440168 0.009968325 0.0112904 0.01131285 0.006283188 0.00192913 -0.01434452 -0.01595943 -0.03603098 -0.4100877 -0.5281097 -0.3077814 0.04092961 0.2447345 0.2560059 0.2098389 0.13287 0.06059032 0.02256894 0.008462287 0.004905171 -0.01332793 -0.009807877 -0.01493213 -0.02685342 -0.02983193 -0.01988565 0.0006034831 0.002671148 0.0003742586 -0.006147953 -0.02031127 -0.02539948 -0.02467386 -0.01370632 0.01183172 0.02737935 0.03567918 0.03157941 0.01841956 0.01065859 -0.004087929
0.02988697 0.02342901 0.02618243 0.02232072 0.01726621 0.02458168 0.01922605 0.01353594 0.005608792 -0.005830158 -0.02648884 -0.02009988 -0.00580251 -0.002705174 -0.1365993 -0.2352473 -0.06049359 0.07754542 0.1387353 0.1205079 0.08327296 0.0341798 -0.003400119 -0.02056743 -0.02818761 -0.02853048 -0.02508233 -0.01082673 -0.00387991 -0.009508926 -0.01039141 -0.01247602 -0.007742033 -0.00144636 0.001617798 0.01570438 -0.0148851 -0.02080016 -0.02482952 -0.01887221 -0.02760621 -0.007447972 -0.01827971 -0.02948935 -0.03496203 -0.02559065 -0.0270123 -0.02591161
-0.002952233 0.005758154 0.01674733 0.01345463 0.009189538 0.01281439 0.01127647 0.009330665 0.01444547 0.0190063 0.00891468 -0.002076973 -0.001541553 -0.003834765 -0.01378615 -0.1475593 -0.1132131 0.01481244 0.06948386 0.08389782 0.08525964 0.06146363 0.05072947 0.03748902 0.01254978 0.0003484074 -0.009458059 -0.04130885 -0.04363776 -0.03852677 -0.01838449 -0.002036941 0.02107847 0.02409651 0.02283064 0.0171734 0.001639542 -0.008138041 -0.0003407116 -0.004929502 -0.002600587 0.02792305 0.0237005 0.0205404 0.01256972 0.01720978 0.02128221 0.0205694
0.01053045 0.0270519 0.04942163 0.0361746 0.04332053 0.03407078 0.05673274 0.04405989 -0.2031914 -0.1707946 -0.01162037 0.0398885 0.07845264 0.08932342 0.07820367 0.0580533 0.03705481 0.006716125 -0.01060826 -0.04336953 -0.02790672 0.009491374 -0.01347397 0.00858635 0.03646685 -0.003198262 -0.03350551 -0.01029309 0.001742976 -0.009112836 -0.01361378 -0.02261674 -0.01459072 -0.00357738 0.009428231 0.003043534 -0.01153559 -0.02961406 -0.03942611 -0.05659342 -0.03109535 -0.03812057 -0.02760631 -0.004614195 0.01608638 0.03149428 0.03910261 0.05946053
0.04275686 0.01644996 0.01223408 0.01337674 0.01767473 -9.217131e-06 0.01471413 0.02282763 0.0205962 0.001637528 0.003805372 -0.01686233 -0.001520345 -0.04676579 -0.5606975 -0.1888266 0.03973817 0.1947384 0.2062446 0.1568434 0.09258572 0.03412688 -0.04261584 -0.06285178 -0.04808722 -0.01600116 0.02069363 0.0141577 -0.01719403 -0.007367493 -0.006407294 0.01575926 0.01343261 -0.01500601 -0.03855437 -0.03504534 -0.01141814 0.005893696 0.0004316028 0.002890567 -0.0152154 -0.04418382 -0.05750259 -0.05933623 -0.06242155 -0.04831919 -0.05066668 -0.05991165
-0.05066668 -0.05991165 -0.05003392 -0.04351399 -0.04048574 -0.05094336 -0.06664211 -0.04984658 -0.104405 -0.6054413 -0.6238884 -0.3311622 0.07772532 0.2944351 0.3205195 0.2742875 0.1739102 0.07562855 -0.007767736 -0.05556984 -0.08777266 -0.07328517 -0.06413843 -0.0476386 -0.006419155 0.005163245 0.02118552 0.01960918 0.01314888 0.005191274 0.001283909 -0.005531471 -0.002620521 -0.01123138 0.01714348 -0.003392351 -0.0009802673 0.007801742 0.02220041 0.03946371 0.07062547 0.07046156 0.07961207 0.05243408 0.03851484 0.02777377 0.02540233 -0.001773159
-0.04466055 -0.07193297 -0.07010041 -0.05701183 -0.02960878 -0.01401534 -0.01757969 -0.01905759 -0.0199703 -0.02909362 -0.03501619 -0.05375613 -0.07670017 -0.08635818 -0.4040285 -0.2866356 -0.11486 0.01191722 0.07313064 0.06408457 0.0520317 0.01504315 -0.02286901 -0.04169546 -0.02904298 -0.008673839 -0.01023925 0.002863516 -0.01192816 -0.0008048505 -0.03119222 -0.07117246 -0.06197225 -0.09307699 -0.09651532 -0.08636876 -0.09321554 -0.08768679 -0.07530469 -0.02810938 -0.02705205 -0.05241981 -0.0768788 -0.09049569 -0.08198123 -0.04690358 -0.05570494 -0.05232046
0.009315412 -0.003136254 -0.006640455 -0.007984637 0.03484742 0.03030326 0.01967426 -0.007009589 -0.02915772 -0.03181512 -0.03549699 -0.0444296 -0.0597761 -0.05121123 -0.05545615 -0.04871465 -0.3183665 -0.4901993 -0.1790274 0.1014592 0.2046095 0.1942634 0.1132175 0.04656352 -0.01134007 -0.04102015 -0.06552 -0.04044762 -0.0151673 0.01467222 0.03979379 0.02073266 0.001281542 -0.004514381 0.02528191 0.02750101 0.04569335 0.043451 0.05597772 0.04009487 0.03313414 0.03211089 0.02158795 0.03860563 0.02971829 0.02512757 0.01855699 0.0132645
-0.01294584 -0.03176611 -0.01740436 -0.03329198 -0.02937861 -0.02511793 -0.03997198 -0.05465036 -0.05062052 -0.04084348 -0.04749959 -0.225604 -0.3629712 -0.1670377 0.05951939 0.1375406 0.1534894 0.1370145 0.1039625 0.08145407 0.04004309 -0.008634063 0.008822761 0.00588167 -0.01818157 -5.911945e-05 -0.001546595 -0.008851631 -0.0006412314 -0.01254363 -0.02888281 -0.009781596 -0.004950057 -0.03902673 -0.08142731 -0.08432211 -0.02637493 -0.03402044 -0.02764463 -0.01358854 -0.007998208 0.0006428095 0.007942009 -0.01640471 -0.005729736 -0.009980645 -0.02457004 -0.03900609
-0.01340058 -0.01084498 0.03620877 0.02511197 0.01853343 0.01123887 0.01556036 0.02554439 0.02115666 0.01969086 0.01129283 -0.007935105 -0.004306305 -0.007286148 -0.003749822 -0.03612441 -0.05305387 -0.3557042 -0.4048579 -0.06534566 0.101696 0.2028723 0.2039251 0.1473028 0.09460447 0.02523659 -0.004088282 -0.02869545 -0.01631645 -0.02274636 0.02938452 0.01581899 0.004967962 0.01065745 0.01497318 0.01425584 0.003231336 -0.04453665 -0.0592382 -0.05482617 -0.03493707 -0.05164427 -0.03639875 -0.01783072 -0.00248296 -0.02205365 0.006701215 0.0192556
-0.04884763 -0.05604319 -0.07522633 -0.07589383 -0.05751408 -0.02683501 -0.01699696 0.002187073 -0.008792615 -0.0248252 -0.3918323 -0.3910601 -0.1104763 0.1098516 0.1935399 0.1828306 0.1189962 0.08382469 0.008303603 0.00168861 -0.03963069 -0.05386443 -0.05206754 -0.05533833 -0.07439701 -0.06794617 -0.01357041 0.01863473 0.02767153 0.0107685 -0.01033506 -0.008281471 -0.01703591 0.02961026 0.04000132 0.0436031 0.04320552 0.0486199 0.03564411 0.02410976 0.02012067 -0.006723527 -0.01728987 -0.01447603 0.02555628 0.04341779 0.04284593 0.03593964
0.03877813 0.03917217 0.03928647 0.0149694 0.01606213 0.01616102 0.00754907 0.00808057 0.008261739 0.02447972 0.01697055 0.01346974 -0.01343441 -0.2170455 -0.2663298 -0.0893608 0.1064567 0.1529466 0.1548805 0.04734786 0.04196462 -0.006436258 -0.02452821 -0.03015345 -0.04629208 -0.05364484 -0.05534024 -0.0429591 -0.03309713 -0.02583439 -0.03454414 -0.03535215 -0.01700956 0.001094877 -0.00835363 -0.004714393 0.007931879 -0.002943052 -0.02379425 -0.03537021 0.001244717 0.009749778 0.007667231 -0.007036691 0.001939902 0.03035986 0.07836086 0.06715342
-0.02185369 0.001644703 -0.01817153 -0.02414674 -0.03811176 -0.03115177 -0.007313755 -0.01288616 -0.02834862 -0.01306309 -0.01532817 0.0113551 0.004551235 -0.003437683 -0.2571641 -0.2461973 -0.1108829 0.03719262 0.1128195 0.148136 0.1407028 0.1143829 0.07137946 0.04457735 0.02353511 0.001370316 -0.006440178 -0.006389607 -0.02514751 -0.06035059 -0.04355771 -0.02208796 -0.009907496 0.009472759 0.040126 0.04842191 0.02123503 0.01370054 -0.01049902 0.009994918 0.02121915 0.005084728 0.00491923 -0.02108604 -0.02797731 -0.04166779 -0.009838209 0.01463386
0.08768838 0.08983543 0.1037024 0.07314511 0.0547258 0.0959347 0.05888519 0.01303102 0.01281485 0.0007796462 -0.04115063 -0.04617459 0.001722925 -0.1339525 -0.0553076 0.08032119 0.1302096 0.1449484 0.123936 0.08059807 0.0741969 0.03614936 0.02568938 0.01449828 0.02265752 0.03775053 0.02772012 0.02764456 0.02361976 0.02019386 -0.006795919 0.008258441 0.04889535 0.07254961 0.06683404 0.05191702 0.03076822 0.002152173 -0.03688302 -0.01783718 0.008147611 0.03767924 0.09629526 0.1172282 0.08174198 0.06252792 0.05360076 0.02003106
-0.03655056 -0.03249994 -0.02606207 -0.004969306 -0.001566424 -0.04526519 -0.0648273 -0.06341912 -0.04125815 -0.03663127 -0.02184901 -0.008915582 -0.003823084 -0.01331729 -0.01154869 0.01302673 0.02370685 0.02785252 0.01425938 -0.3204603 -0.2247395 -0.06935698 0.04338868 0.1064675 0.118912 0.08626381 0.05890823 0.03943526 0.02021474 0.007984377 -0.03154728 -0.03796338 -0.04586139 -0.03686664 -0.007051487 -0.007888505 -0.01931471 -0.04229487 -0.04725047 -0.02812744 -0.0434141 -0.03576287 -0.01136233 0.02356552 0.04152875 0.0504162 0.05384096 0.05375634
-0.03734926 -0.0419162 -0.02377874 -0.01939483 -0.005926754 0.004481311 0.02064527 0.002853073 0.02723531 0.02143507 0.007992286 0.005529603 0.0293999 0.04296903 -0.13553 -0.3904881 -0.09395175 0.07175617 0.1875735 0.2275465 0.1897806 0.150605 0.116706 0.08793142 0.06333451 0.06416407 0.05466693 0.05928281 0.05532509 0.04851139 0.04518711 0.04697027 0.04251854 0.03043787 0.04018472 0.05385818 0.04248246 0.04159283 0.05739349 0.08266504 0.09534103 0.09547798 0.03786942 0.01412024 -0.01381473 0.0005540089 0.01755353 0.009743458
-0.0007095756 -0.001313419 -0.001439777 0.003654064 0.008613979 0.007432596 0.01219269 0.01371578 0.01754706 0.0148768 0.01874743 0.01590008 0.012752 0.007076554 0.009290797 -0.07152607 -0.4249158 -0.26037 0.109944 0.2261061 0.2003473 0.1451371 0.05808252 0.004347806 -0.03735698 -0.03836716 -0.02839959 -0.0204347 -0.01877905 -0.01225378 -0.009748876 -0.002603355 -0.0001705432 0.00402285 0.0104014 0.01039615 0.02123202 0.0196716 0.01673706 0.01974557 0.00771832 0.01309321 0.003697834 0.001218004 0.00133059 0.00437774 -0.006504401 -0.01363318
0.002420733 -0.0004716526 -0.005993972 -0.000743819 -0.004234604 0.0006309133 -0.0009939257 0.007998332 0.003885963 0.003122682 0.00477169 0.005024746 0.01081956 0.01244733 0.006460206 0.01348057 0.01187953 -0.3467273 -0.5638657 -0.3188387 0.1277305 0.2946463 0.3489688 0.3279657 0.2693839 0.1759664 0.07332408 -0.007113548 -0.02526189 -0.02389988 -0.01396744 -0.002449417 0.008633136 0.01265385 0.01585705 0.008571745 0.01048127 0.01361441 0.01597278 0.01724827 0.02185257 0.02842009 0.02613126 0.02465452 0.01585717 0.01756208 0.01088556 0.01268981
0.002449371 0.002935575 0.005961578 0.007712814 0.00907136 0.00752357 0.006850202 0.0111597 0.01015944 0.01275821 0.007271184 0.01192589 0.009394032 0.01080568 0.007942898 0.007953309 0.003167036 -0.2414449 -0.6500136 -0.532118 -0.219251 0.243666 0.354119 0.3686394 0.3054924 0.1832181 0.06846568 0.009912986 -0.02305207 -0.03584019 -0.03180278 -0.02568421 -0.01674819 -0.01077693 0.005404113 0.01254909 0.01503976 0.0174599 0.02177287 0.02075237 0.0137855 0.007042635 0.000284611 0.001335499 0.0001122047 0.008167313 0.01054409 0.01391598
0.01404438 0.008958967 0.01571867 0.01494423 0.01568059 0.005513106 -0.04361165 -0.6124034 -0.3971438 0.2478412 0.2894778 0.1884052 0.08424759 0.007927312 -0.03258616 -0.04454821 -0.03846622 -0.02561619 -0.007573728 0.005784247 0.012539 0.01966304 0.02246315 0.02406961 0.02923496 0.02627257 0.02241209 0.02606975 0.02257082 0.02414853 0.0179504 0.006383323 0.003207062 -0.000245646 0.001491675 0.001664195 0.01268967 0.01884486 0.02574918 0.02933385 0.02711694 0.02377377 0.01339567 0.0110096 0.00359928 0.009549587 0.008972929 0.01361677
0.01263989 0.01292117 0.01229432 0.01642117 0.01344132 0.01502946 0.00785651 0.005395801 0.01374679 -0.1042619 -0.4923274 -0.0484634 0.3051821 0.2864617 0.1196214 -0.02060439 -0.0391193 -0.0216073 -0.008360142 0.002505574 0.0102792 0.01584047 0.0286926 0.03031265 0.02095111 0.01484517 0.01370312 0.01878507 0.0195779 0.01445201 0.003689246 0.003286298 0.01498143 0.01398095 0.006137958 0.00228325 0.002474172 0.006260105 0.009678446 0.007727112 0.005619691 0.006707727 0.007775249 0.002002774 0.0003836609 -0.0009415249 -0.002863335 -8.09162e-05
-0.004943363 -0.002694253 -0.002115191 0.01035303 0.012454 0.01204684 -0.0003628357 -0.003350649 0.001267975 -0.009593328 -0.01311815 -0.009304747 -0.002145585 -0.001324712 0.002134151 0.003273202 0.009894665 0.0152457 -0.6163099 -0.4071409 0.09038994 0.3950589 0.2772553 0.113301 -0.03632626 -0.06459797 -0.05141364 -0.01497523 0.006121635 0.02083113 0.03478515 0.03561585 0.02708987 0.01851836 0.02358169 0.0161324 0.009059228 0.0134321 0.0122953 0.01995949 0.01717942 0.022991 0.02165056 0.0180101 0.01173399 0.0138185 0.01074072 -0.002290939
-0.009279432 -0.01585462 -0.01107516 -0.006990839 0.001836046 0.0007720345 0.003711008 0.000805584 -0.005788418 -0.0007496665 -0.005387165 -0.004049676 -0.2350628 -0.5073656 -0.2323189 0.0916594 0.2346037 0.290711 0.2608736 0.2121695 0.1223849 0.03728824 -0.01757388 -0.034714 -0.03050266 -0.0168338 0.0004705182 0.003966155 0.01249084 0.006051378 0.0110893 0.00833039 -0.005051339 -0.0004011838 0.002978232 0.01055178 0.02335016 0.02999499 0.02124162 -0.003991329 -0.01549886 -0.02416642 -0.01416079 -0.01704213 -0.02194269 -0.0174576 -0.004842669 0.01381903
-0.004842669 0.01381903 0.01326829 0.02790332 0.02434318 0.02141468 0.01736459 0.008935631 0.01203829 0.002616775 -0.001752066 0.001439531 0.004093753 -0.001163505 -0.000725124 -0.003263983 -0.314947 -0.5361407 -0.321619 0.1994054 0.2860844 0.2771407 0.2147319 0.1385414 0.06738079 0.01009615 0.01083292 -0.01928953 -0.02574423 -0.04182045 -0.001827647 0.0233722 0.01378589 -0.01501483 -0.03820293 -0.03010368 -0.006516229 0.006185635 -0.00974269 -0.008243343 -0.005086594 0.0002897318 -0.008066626 -0.02073831 -0.0096237 -0.01037485 -0.009594877 -0.00664661
0.009844465 0.005562392 -0.01091603 -0.02500587 -0.03458468 -0.03507261 -0.02829157 -0.01385328 -0.005614058 -0.0073306 -0.01124816 -0.01133315 -0.01363594 -0.01582365 -0.02546763 -0.03073068 -0.03162641 -0.02394947 -0.01552957 -0.007097888 0.008680302 0.04860292 2.422528e-05 -0.02756219 -0.04665668 -0.05744226 -0.03733814 0.01187606 0.03429944 0.003839356 -0.01150564 -0.033387 -0.06564642 -0.06454032 -0.03902751 -0.02865097 -0.03142986 -0.03066576 -0.01664224 0.003806578 0.03984591 0.0616774 0.02958911 0.02515559 0.02622485 -0.001200712 -0.01195145 -0.02666301
-0.02054712 -0.02072133 -0.02363255 -0.02332198 -0.01635864 -0.0119262 -0.01021474 -0.006376598 -0.007143846 -0.005860268 -0.007068381 -0.00856871 -0.008507273 -0.009111589 -0.008247781 -0.0132845 -0.01064907 -0.008594256 -0.007588998 -0.009752742 -0.0102935 -0.01367051 -0.0204617 -0.02026427 -0.01869914 0.07084617 0.0379203 -0.001131662 -0.06255732 -0.1423255 -0.0720036 0.01443782 0.06643515 0.08961133 0.05314912 0.0151177 -0.01942386 -0.007838392 0.009287015 -0.01378337 -0.01389174 0.006587854 -0.004342055 -0.009743876 -0.02018613 -0.0107634 0.001576696 0.002441274
0.04006272 0.04033705 0.03976457 0.01591714 -0.002739993 0.01509068 0.02054825 0.027896 0.03176871 0.02194745 0.0246962 0.02218084 0.02825783 0.0299061 0.03514518 0.02157487 0.0009554841 -0.005327825 0.012766 0.02711171 0.01725477 -0.01322483 -0.01718776 -0.01021335 0.003545847 0.009850556 0.02502905 0.06451163 0.03497949 -0.01397921 -0.02111644 0.03164124 -0.001407146 0.0009422388 0.03580029 -0.001918227 -0.02599964 -0.0339515 -0.003509095 -0.01976364 0.01493343 0.03932209 0.03019714 0.02877469 0.01470673 -0.01219602 -0.007049771 0.01570597
0.003811092 0.00689843 0.0177311 0.02373836 0.02912506 0.01733026 -0.01417085 -0.008162865 -0.01104894 -0.02353709 -0.01147739 0.004834524 0.01035164 0.01043461 0.01320748 0.01813453 0.03672331 0.0257087 0.01506979 0.004509561 -0.01110224 -0.02859988 0.05740318 0.007295816 -0.05238456 -0.01043696 -0.04162531 0.02043107 0.019218 0.04517579 0.003326507 -0.01015497 -0.03186915 -0.05395278 -0.07565383 -0.05479661 -0.03119929 -0.02165918 -0.01795158 -0.001655762 0.001500176 0.008896985 -0.004454455 -0.02987589 -0.02456637 -0.01091641 0.007317651 -0.003084389
-0.007680685 -0.02459053 -0.03243415 -0.02776421 -0.02587638 -0.01496274 -0.01269541 -0.01058917 -0.00737657 -0.007223728 -0.01043653 -0.00907447 -0.02576718 0.03689259 0.03878507 0.04296064 0.003237669 -0.08035313 -0.108444 -0.1485121 -0.1729703 -0.1118296 0.0162202 0.08475929 0.1120815 0.07830279 0.006102583 -0.06315872 -0.06758487 -0.06469706 -0.06196214 -0.0393428 -0.01689412 -0.01777918 -0.02050973 -0.009681433 -0.001191404 -0.002824599 -0.0070701 0.000376801 0.005131735 0.009681367 0.006753377 0.001041822 -0.02066544 -0.03868121 -0.05686643 -0.0393737
-0.03300473 -0.03348564 -0.03488174 -0.03870682 0.003114133 0.01772287 0.02203895 0.01675198 -0.000507453 -0.01542776 -0.03271864 -0.03621691 -0.03352726 -0.0236495 -0.01844325 -0.01751514 -0.01116252 -0.007824126 -0.01678831 -0.01386181 0.05750279 0.1167065 0.04329182 0.00119302 -0.04866162 -0.03789045 -0.03973118 -0.03689282 -0.07315616 -0.06535333 -0.002765213 0.05772538 0.05864095 0.02836061 0.01535507 -0.003135597 -0.03582842 -0.05057089 -0.03426858 -0.02523393 -0.02164408 -0.01960403 -0.02455984 -0.0238395 -0.03303596 -0.02814393 -0.04707984 -0.0373631
-0.0263618 -0.01797957 -0.004696715 0.01155707 0.02100557 -0.000188836 -0.01267794 -0.0340559 -0.03238672 -0.0225787 -0.03445822 -0.03223167 -0.02009148 -0.02133154 -0.01720744 -0.009586687 -0.003789051 -0.01099838 -0.01480518 -0.01308247 -0.009489439 -0.04592095 -0.07902986 -0.1131216 -0.1404299 -0.08648686 -0.04664748 -0.05110683 -0.02120338 -0.01365176 -0.01475064 -0.02864209 -0.06706645 -0.08539338 -0.08028632 -0.06820061 -0.0672946 -0.03647506 -0.004866905 0.02377155 0.001796511 -0.01088564 -0.006953632 0.005171992 -0.002358216 -0.006008752 -0.01146908 -0.02389333
-0.07598248 -0.05080717 -0.02666301 -0.005537292 -0.009268107 -0.01140728 -0.01837336 -0.03901565 -0.03546141 -0.02908806 -0.02852531 -0.03979688 -0.04083963 -0.03248183 -0.02738084 -0.02622591 -0.01744277 -0.08500878 -0.08442416 -0.08328886 -0.07250372 -0.008164426 0.03203068 0.0352996 0.04608658 0.03245468 -0.01048785 -0.04793001 -0.07723343 -0.05875643 -0.03144037 -0.02362183 -0.01259662 -0.02364532 -0.03197811 -0.03365629 -0.03070511 -0.03285057 -0.04002644 -0.04469491 -0.02251849 -0.01283711 -0.00809657 -0.0003672654 -0.0007564341 -0.001243362 -0.0004862987 -0.006203337
-0.02823557 -0.0242619 -0.04051884 -0.05473177 -0.06232369 -0.05750588 -0.02525668 -0.0261296 -0.02742099 -0.03433084 -0.03074314 -0.02127809 -0.02962356 -0.03524673 -0.03816505 -0.03667562 -0.02690562 -0.03225848 -0.04252123 -0.04497892 -0.04336745 -0.03663323 -0.02679916 -0.03395147 0.007390307 0.1293703 -0.00609672 -0.06383956 -0.1022807 -0.06178516 -0.07225357 -0.06319703 -0.008332043 0.03634181 0.01387799 0.001464251 -0.01237317 -0.04132358 -0.03946339 -0.02502751 -0.01516359 -0.02306978 -0.03742369 -0.04755932 -0.05264453 -0.05670784 -0.04609957 -0.01750699
-0.03681171 -0.04646948 -0.05230281 -0.04330002 -0.03561769 -0.02830679 -0.02771852 -0.01875703 -0.01424617 -5.749792e-06 0.004501882 -0.01025038 0.05633719 0.3195767 0.09636056 0.1808977 0.2834499 0.1716661 0.03294955 -0.07487476 -0.1258725 -0.122008 -0.1072271 -0.03527889 0.02579161 0.04249721 0.03632572 0.02051416 0.01384173 0.005476916 0.009768736 0.01190377 0.01387039 -5.652189e-05 -0.02049764 -0.02963718 -0.03771455 -0.004814546 0.01988807 0.0267963 0.02921963 0.008176507 -0.009979406 -0.03448477 -0.0428398 -0.04037905 -0.03760935 -0.02842583
-0.02413162 0.008204949 0.02672415 0.02206178 0.009756976 0.002735737 0.001224022 -0.007656741 -0.009860061 -0.01637056 -0.01450195 -0.01182715 -0.001835872 0.01150699 0.001329174 -0.003650205 -0.005416776 -0.002936169 0.0007794027 -0.003488579 0.004851842 0.005665361 -0.003416373 -0.007736422 -0.01123535 -0.01050904 -0.00750687 -0.004179294 0.002373527 -0.01357006 -0.1003396 -0.2375139 -0.2615784 -0.2249311 -0.1229768 0.05984545 0.1451993 0.1305348 0.08007476 0.02352257 -0.01032505 -0.03642271 -0.05236601 -0.05908911 -0.06047878 -0.05578608 -0.03661111 -0.02854184
-0.03089307 -0.03300899 -0.03563563 -0.03647075 -0.02586558 -0.009128802 -0.006573785 -0.01190055 -0.02485881 -0.02979359 -0.03490083 -0.0382462 -0.03010376 -0.02724479 -0.03614414 -0.03238598 -0.04307364 -0.02495986 -0.001500858 -0.0005913017 -0.06281821 -0.07417206 -0.08421243 -0.003552415 0.02713599 0.008057254 -0.0007000898 0.001683824 -0.003996072 -0.01522068 -0.03260526 -0.0385036 -0.05223611 -0.05552001 -0.05972548 -0.04633529 -0.02856628 -0.0195001 -0.01236973 -0.008013956 -0.006741526 -0.009290542 -0.00829877 -0.00976988 -0.01362513 -0.00947208 -0.005688659 -0.004343122
-0.001579045 -0.006811975 -0.009235639 -0.00927686 -0.007317192 -0.005501555 -0.009188521 -0.009798445 -0.01088872 -0.006450054 -0.003662333 0.002145671 0.004833738 0.004818924 -3.867391e-05 0.003202141 0.002193401 0.001833289 -0.0005580449 -0.00281103 -0.001462181 0.02640633 0.1385057 0.126662 -0.004368584 -0.05983523 -0.1131393 -0.1239428 -0.07923903 -0.03415142 0.00147219 0.07764115 0.07599927 0.05888391 0.02479774 -0.001165569 -0.0039401 0.00621098 0.001596749 -0.002033633 -0.002560114 0.008274667 0.008367719 0.01294016 0.01058563 0.009016236 0.003703443 0.001025962
0.01398324 0.009929366 0.005855366 0.003352944 -0.003527056 -0.01237058 -0.01727836 -0.01345812 -0.01538969 -0.01877047 -0.01856838 -0.02114266 -0.02262285 -0.02709423 -0.02002295 -0.02034529 -0.01509984 -0.01230185 -0.006190833 -0.009698744 -0.01083388 -0.0133179 -0.01372245 -0.002540065 0.01181019 0.04008788 -0.03694503 -0.05765306 -0.03318466 0.01232682 0.05474281 0.09054443 0.02738862 -0.02488748 -0.03125336 -0.04596687 -0.024697 -0.01174269 -0.007182602 0.004845903 0.008946495 0.004921508 0.01157929 0.01515394 0.01567096 0.008899085 0.003890945 -0.00316203
-0.004147711 -0.01521718 -0.0145342 -0.009160006 -0.004934563 -0.005645985 -0.002462353 0.0005716266 0.007526335 0.004697778 -0.008984742 -0.01777518 -0.02217908 -0.02185186 -0.02275789 -0.03148105 -0.03013621 -0.02032974 -0.01870249 0.04635402 0.05048884 -0.04327304 -0.1037049 -0.08583313 -0.09651189 -0.1272689 -0.0782524 -0.03559925 -0.02412005 -0.05805108 -0.05429992 -0.01642776 0.02300862 0.002627085 -0.008146548 -0.03016409 -0.04844825 -0.05800719 -0.04501033 -0.03411429 -0.02856604 -0.04673214 -0.04459384 -0.04052634 -0.02415478 -0.01046051 -0.0137944 -0.03037581
-0.02643654 -0.03429127 -0.03453865 -0.03090981 -0.0240395 -0.0218043 -0.02318087 -0.02517367 -0.0249871 -0.01557629 0.1086141 0.004862993 -0.05262347 -0.08936142 -0.07353422 -0.05843921 -0.01554911 -0.004839905 -0.007728151 -0.006471437 -0.0007793497 -0.0003502776 0.004969761 0.009967784 0.008725867 -0.001552268 -0.009862841 -0.01348106 -0.01431641 -0.02549678 -0.02505785 -0.02733085 -0.01764418 -0.007790487 -0.00353958 -0.01377187 -0.01341397 -0.02449927 -0.03659004 -0.04574908 -0.05145358 -0.05040609 -0.04453253 -0.03765249 -0.03703291 -0.04373714 -0.05365277 -0.04404907
-0.01377187 -0.01341397 -0.02449927 -0.03659004 -0.04574908 -0.05145358 -0.05040609 -0.04453253 -0.03765249 -0.03703291 -0.04373714 -0.05365277 -0.04404907 -0.03946934 -0.03604164 -0.03589509 -0.0311608 -0.03166917 -0.03505418 -0.03606443 -0.04430847 -0.04294394 -0.05144841 -0.02724568 -0.03009987 -0.06546573 -0.1020844 -0.09448296 -0.08818326 -0.04400413 -0.06302066 -0.009516923 0.006738731 -0.02250803 -0.01342039 -0.01847359 -0.03525179 -0.04585739 -0.03855192 -0.03852614 -0.0409016 -0.03546164 -0.0403889 -0.05071564 -0.05336202 -0.04814425 -0.04615701 -0.0526346
-0.0360154 -0.04205527 -0.04575652 -0.04255529 -0.03253841 -0.02914756 -0.02967942 -0.03950195 -0.04239817 -0.03915391 -0.03756007 -0.04149727 -0.04123716 -0.04641534 -0.03891602 -0.03738257 -0.03383869 -0.03364601 -0.03733445 -0.03048109 -0.04282223 -0.03693335 -0.04067485 -0.04358777 -0.03371688 -0.05507891 -0.04177647 -0.05566826 -0.09179214 -0.06224015 -0.01082308 0.02796157 0.03120275 0.01911605 -0.01834063 -0.04030228 -0.04465496 -0.04425456 -0.02965977 -0.02666472 -0.03353106 -0.04108114 -0.04290235 -0.04212099 -0.04579784 -0.03985341 -0.03517586 -0.03537255
-0.04570009 -0.05282611 -0.05733382 -0.05480026 -0.05448717 -0.05787614 -0.05021165 -0.05206004 -0.0429844 -0.03668242 -0.03858386 -0.03843496 -0.03379335 -0.02992574 -0.02850678 -0.03360939 -0.0431914 -0.05022918 -0.06072945 -0.06651427 -0.06873912 -0.01756619 -0.09641835 -0.1420173 -0.04604324 -0.008578124 -0.005105027 -0.02801937 -0.04201062 -0.04353978 -0.03680483 -0.040005 -0.043484 -0.05426592 -0.05256826 -0.06184019 -0.06621353 -0.06806119 -0.0589456 -0.07098085 -0.07978821 -0.08816317 -0.08010948 -0.07234744 -0.05607256 -0.05292675 -0.05320092 -0.04369706
-0.0645221 -0.07295697 -0.07180893 -0.0761625 -0.08624352 -0.08090139 -0.05189824 -0.05788301 -0.05322275 -0.02763494 -0.03311671 -0.05247181 -0.06324395 -0.06773697 -0.07816753 -0.09615123 -0.07992308 -0.04977022 -0.05080684 -0.0658994 -0.05915768 -0.03135237 -0.02106045 -0.06956081 -0.07941654 -0.07905909 -0.06624862 -0.05728888 -0.05287829 -0.05346403 -0.04578869 -0.06195822 -0.0648039 -0.06591313 -0.05372982 -0.03732323 -0.03146693 -0.05795951 -0.07315395 -0.04994297 -0.05009208 -0.04888111 -0.02109972 -0.002965424 -0.01507283 -0.03503709 -0.06037457 -0.06654047
-0.05826868 -0.06034108 -0.05607268 -0.04976609 -0.02465526 -0.01403796 -0.0282396 -0.03470591 -0.001803872 -0.02101198 -0.04738959 -0.05159065 -0.04241034 -0.03742211 -0.05133576 -0.06352334 -0.07591796 -0.002934619 -0.1496562 -0.1396701 -0.1063057 -0.08160812 0.003197448 0.02542077 0.02074058 0.01831504 -0.0127544 -0.04874792 -0.05846785 -0.06564771 -0.06282268 -0.05505147 -0.07174096 -0.07768889 -0.05953037 -0.05016141 -0.03978164 -0.0440801 -0.04772277 -0.04322246 -0.03116302 -0.02313637 -0.04491593 -0.05012498 -0.01575369 -0.005442139 -0.04336568 -0.06591047
-0.03653479 -0.0510588 -0.06902792 -0.05947111 -0.05374962 -0.0438341 -0.03953402 -0.03751776 -0.04539349 -0.0344034 -0.03100352 -0.05429473 -0.07200987 -0.06367854 -0.05226669 -0.04783561 -0.03895869 -0.04565103 -0.04796289 -0.06707439 -0.07381334 -0.1457251 -0.2739534 -0.2315745 -0.1454525 -0.08771636 -0.01217071 0.05382451 0.09050666 0.07653902 0.02625601 -0.0335226 -0.07487949 -0.07813046 -0.07844859 -0.0793599 -0.06695917 -0.06580205 -0.05657075 -0.04451037 -0.04921939 -0.03867064 -0.03674862 -0.04491749 -0.04859322 -0.0584395 -0.06227774 -0.04644942
-0.02790481 -0.0416199 -0.05317605 -0.05779181 -0.05051629 -0.02449311 -0.005294771 0.002537986 0.001417559 -0.007700564 -0.03200438 -0.0481306 -0.05127968 -0.05040419 0.03626992 0.0150209 -0.0932675 -0.1021531 -0.09800676 -0.0798292 -0.06854448 -0.04888622 -0.03421203 -0.02793858 -0.02440987 -0.02035681 -0.03834878 -0.04751946 -0.06085792 -0.05832883 -0.04611534 -0.02970053 -0.02006794 -0.02197501 -0.01576772 -0.03165024 -0.02686603 -0.02811477 -0.0226506 -0.038403 -0.04153307 -0.04435953 -0.04573485 -0.04869472 -0.05041171 -0.05577455 -0.06060677 -0.0441881
-0.02811477 -0.0226506 -0.038403 -0.04153307 -0.04435953 -0.04573485 -0.04869472 -0.05041171 -0.05577455 -0.06060677 -0.0441881 -0.04505074 -0.03110456 -0.02251199 -0.01540836 -0.01096713 -0.01694474 -0.03109291 -0.04536432 -0.04493432 -0.009984001 -0.01235809 -0.1039644 -0.1094164 -0.07411367 -0.04866214 -0.04358906 -0.03025129 -0.04405819 -0.009801562 0.0003881995 -0.01046532 -0.05351335 -0.06336293 -0.05171308 -0.04597199 -0.03709126 -0.02689791 -0.0216758 -0.02869836 -0.04614439 -0.04168846 -0.02461808 -0.01184583 -0.03203341 -0.04566571 -0.05286478 -0.04826988
-0.05890319 -0.05187209 -0.04561909 -0.02822915 -0.009658078 -0.004192536 -0.03005696 -0.04529962 -0.06142609 -0.0622247 -0.05549024 -0.05554159 -0.05689912 -0.06977919 -0.06488121 -0.2280248 -0.1571769 -0.1712201 -0.3204301 -0.3046996 -0.1949836 -0.0667629 0.04678787 0.06642652 0.07974699 0.03077506 -0.02452415 -0.0457919 -0.06428789 -0.07868242 -0.07701224 -0.06098295 -0.03963631 -0.02310427 -0.01591171 -0.01193042 0.0004057655 -0.009702681 -0.02513764 -0.03917405 -0.045366 -0.04606517 -0.04502174 -0.04723427 -0.05106431 -0.0422015 -0.04006961 -0.04146069
-0.0422015 -0.04006961 -0.04146069 -0.05112011 -0.07448161 -0.02177585 -0.01463883 -0.02109677 -0.02587904 -0.03095679 -0.02799352 -0.0255415 -0.03385212 -0.04533667 -0.05365534 -0.05385809 -0.05368241 -0.05499012 -0.04744888 -0.03254702 -0.02145497 -0.02530652 0.1264413 0.2585028 0.02201883 -0.2146936 -0.2492352 -0.2161339 -0.1493962 -0.07223764 -0.01198781 0.001368241 -0.01337194 -0.03491155 -0.05499449 -0.0730492 -0.0751553 -0.07437332 -0.07334045 -0.07062718 -0.0660397 -0.07262105 -0.06945916 -0.05777314 -0.0497025 -0.05955954 -0.0798328 -0.09253612
-0.05404707 -0.04604868 -0.0313521 -0.007039325 0.01184268 -0.02258172 -0.04542499 -0.03436087 -0.01690421 -0.03446988 -0.05061498 -0.03508019 -0.01510486 -0.01490087 0.07387108 0.150455 -0.03154568 -0.1483165 -0.1649048 -0.1883152 -0.1642694 -0.1142052 -0.03026707 0.02801199 0.07741438 0.07791808 0.03222656 -0.02608859 -0.04375909 -0.04783384 -0.02472374 -0.02058343 -0.01113634 -0.009379825 -0.01895951 -0.03157444 -0.04128607 -0.04066494 -0.03397637 -0.03116039 -0.03832683 -0.04201617 -0.04693596 -0.04486112 -0.04187871 -0.0601625 -0.05626592 -0.04780517
-0.02288526 -0.02371295 -0.02264807 -0.02993566 -0.03189406 -0.02842305 -0.03100932 -0.03090694 -0.02509161 -0.02126592 -0.01365055 -0.0140188 -0.008408795 -0.01290576 -0.01661173 -0.01931593 -0.02036057 -0.02057208 -0.018201 -0.01693569 -0.01593975 -0.01558115 -0.01271347 -0.01868986 -0.02151569 -0.0369194 -0.03890766 -0.03683513 0.05769581 0.4186687 0.1587129 -0.1096443 -0.1796561 -0.08356033 -0.06425878 -0.09422322 -0.04356825 -0.01733015 0.04071758 0.1072062 0.06570461 -0.01413792 -0.05134733 -0.0774608 -0.0771938 -0.1063764 -0.1118362 -0.1045813
-0.01436039 -0.0180586 -0.02507449 -0.1134895 -0.01232029 0.1060957 0.09551831 -0.05991381 -0.100407 -0.05541427 -0.0276836 -0.01632369 -0.03490341 -0.009486523 -0.01899999 -0.1961873 -0.1735261 0.1552729 0.1695771 0.02789995 -0.04304041 -0.04894704 -0.008292408 -0.008233821 0.003135594 0.002481603 0.01257301 0.007324785 0.007053111 0.00805748 0.00446575 0.001112799 0.007555397 0.00974337 0.03044167 0.05062206 0.05714753 0.04550989 0.03983649 0.02788902 0.01243272 0.0007598149 0.01020782 0.02488315 0.03202662 0.03872054 0.03804057 0.03884035
0.05714753 0.04550989 0.03983649 0.02788902 0.01243272 0.0007598149 0.01020782 0.02488315 0.03202662 0.03872054 0.03804057 0.03884035 0.03008614 0.02247269 0.01479207 0.09716108 0.1103997 0.06612132 0.05559436 0.01938597 -0.06070773 -0.05497839 -0.02978798 -0.006471339 0.0118289 0.02052878 0.0255249 0.0245592 0.01846862 0.01291382 0.005040505 0.001131948 -0.001545127 -0.004157267 -0.003394635 0.005761931 0.008690257 0.010381 0.01126171 0.009766907 0.005989795 0.004210874 0.00704028 0.004854158 0.006694273 0.005062428 0.00284923 -0.004226587
-0.004979384 0.002625186 0.01418656 0.0178696 0.02050813 -0.003166098 0.0004937448 0.0008437497 0.003143285 -0.00085315 -0.002357027 0.01035734 -0.0745299 0.001737836 0.01072513 0.05470509 0.08510707 0.0727614 -0.02371352 -0.09238435 -0.05556325 -0.02333602 0.02574706 0.06993292 0.04622797 -0.00762012 -0.04451036 -0.06239179 -0.06871082 -0.0795249 -0.06878521 -0.04609828 -0.01612888 0.01956574 0.03506469 0.01829644 -0.0228262 -0.03337025 -0.02072048 -0.001909226 0.01264449 0.02276576 0.02019055 0.01772803 0.01939732 0.01968754 0.01899056 0.01822125
0.02213065 0.02275919 0.02358313 0.02304498 0.01971058 0.01786303 0.01627422 0.01478607 0.01083009 0.007170518 0.005288406 0.007183192 0.006946558 0.006702368 -0.04944435 -0.1155675 -0.08397724 0.02266879 0.06482133 0.12136 0.1472516 0.06633393 0.04310784 0.0403518 -0.01862606 -0.06851759 -0.09518124 -0.08811264 -0.06003615 0.005172391 0.0472145 0.06552806 0.06109379 0.05713928 0.04187769 0.03532074 0.02017739 0.02147 0.0217325 0.02482207 0.01776388 0.02676125 0.0279308 0.0253879 0.04202145 0.03588948 0.02453349 0.02855021
0.02599801 0.01834221 0.02077434 0.02122161 0.03234352 0.0399965 0.03754261 0.03114479 0.02950861 0.0158572 0.01898891 0.02463551 0.03054439 0.03808745 0.03127613 0.03162143 0.0430546 0.05584749 0.07654184 0.1069073 0.0972602 0.1049219 0.08970843 0.04700447 0.1267508 0.1308674 0.1279467 0.1188416 0.1098657 0.1033358 0.1012995 0.1028971 0.08687879 0.08881243 0.0918107 0.07164563 0.06086855 0.07175531 0.07497541 0.08296636 0.08180285 0.0751285 0.07039946 0.07377842 0.0571507 0.04324765 0.05290316 0.05240283
0.02755399 0.02204677 0.02681965 0.02431967 0.02465067 0.02387303 0.01490468 0.01070663 0.005019519 0.01410839 0.02260642 0.0213738 0.0210182 0.01841834 0.01528427 0.01861672 0.00971684 0.00957815 0.004831049 0.01397704 0.02720734 0.04657003 0.04759387 0.04578619 0.03591969 0.08310136 0.06646848 -0.01973889 -0.002414912 0.1047789 0.07129599 0.005521713 -0.01892886 0.005001086 0.05314432 0.07359835 0.07497582 0.06630562 0.04220353 0.02645208 0.03651899 0.03449653 0.03913211 0.03532909 0.0363658 0.05078223 0.06098673 0.05739578
0.05078223 0.06098673 0.05739578 0.04431692 0.03156286 0.0330493 0.03952549 0.0400289 0.02845647 0.0265446 0.02815297 0.02420041 0.03222632 0.03409421 0.03312996 0.03030198 0.0361321 0.04688589 0.04547614 0.06223294 0.03846691 0.0614456 0.1038977 0.02461635 -0.01911888 -0.02566742 -0.003220537 0.005890928 0.03310493 0.03870969 0.03573736 0.04193263 0.0398269 0.04723379 0.04544645 0.03774949 0.0416954 0.04006585 0.0382836 0.02491638 0.01771964 0.01990094 0.02476286 0.03283093 0.02339891 0.04711916 0.06754629 0.04697311
0.02013874 0.01695132 0.0133302 0.01001075 0.01030508 0.02140057 0.02777913 0.03527073 0.04176931 0.03303813 0.03097301 0.02586546 0.01367671 0.00356495 0.06455214 0.02097421 0.003166395 0.09650588 0.1369988 0.06091658 0.02027383 0.002125744 -0.03592025 -0.05039839 -0.02528645 0.01473119 0.03053447 0.04188174 0.06135898 0.06950732 0.07575683 0.07405881 0.07001742 0.06022727 0.05426813 0.04187773 0.03704665 0.03663319 0.04030447 0.04860533 0.05091215 0.05218428 0.04864248 0.05218942 0.05077478 0.05549639 0.06245711 0.06009775
0.02394655 0.006600221 0.01184561 0.0209577 0.0495495 0.05042411 0.04587889 0.0343402 0.03145184 0.03392781 0.03006891 0.01654675 0.006156539 -0.003197578 0.004088003 0.02068509 0.04033996 0.0365165 0.02634354 -0.01686637 0.02718326 0.1743954 0.0873623 0.04017475 -0.01310689 -0.06296908 -0.1000569 -0.09647158 -0.08441266 -0.05514711 -0.02171083 0.009266118 0.02508627 0.02501328 0.0158686 0.01666622 0.01774015 0.009890984 -0.01115412 0.009827627 0.009879741 0.005237929 0.02674925 0.03401126 0.05120062 0.05296658 0.06302319 0.08300225
0.06118967 0.05546393 0.06250207 0.05867758 0.05151196 0.01965183 0.01161501 0.02185377 0.04091587 0.07440553 0.06537961 0.0444935 0.03039471 0.002686154 -0.003955604 0.004609591 0.0241768 0.1878255 0.2778016 0.09592805 -0.04803952 -0.1113413 -0.1221105 -0.0617675 -0.01158029 0.0351074 0.05237331 0.04565081 0.04328938 0.03675705 0.05965139 0.06118333 0.0585374 0.04313471 0.0469123 0.04815032 0.05292826 0.03268509 0.02758706 0.02813806 0.01953395 0.01790061 0.01180842 0.006071211 0.01240678 0.03856688 0.05807219 0.0621692
0.0180152 0.0491205 0.08277515 0.042613 0.02065603 0.0202644 0.02846261 0.01792477 -0.01072657 -0.02876514 -0.04374259 -0.04983183 -0.04768958 -0.03206824 -0.001138489 0.01626223 0.01685501 0.01980177 0.01148609 0.006785539 0.003141629 0.01081966 0.01044532 0.01139324 0.01696831 0.0286407 0.02879876 0.03198832 0.02305244 0.01743483 0.01594227 0.02039405 0.02541381 0.02976484 0.02676425 0.01851235 0.02943686 0.04738295 0.05896768 0.05532267 0.06045008 0.05491934 0.0504338 0.02549691 -0.02275117 -0.06115536 -0.04946283 0.02007661
0.01913146 0.006409385 0.008040442 0.01357322 0.006569474 0.01015265 -0.001096867 -0.01061549 -0.007187672 -0.008864611 0.01030243 0.0001192522 -0.02415427 -0.005579713 0.002825473 -0.004434352 -0.007398388 0.008027196 0.02386222 0.04574358 0.08268908 0.05255563 0.06279751 0.03986189 0.07704923 0.0893338 0.03225575 -0.006656477 -0.02177794 -0.02282966 -0.002092113 0.02193287 0.03218286 0.04063115 0.03727034 0.03464384 0.04558305 0.03491542 0.01651465 0.02443747 0.01973587 0.001831534 0.01105653 0.03607354 0.04323183 0.0395242 0.03771533 -0.00415579
-0.01054409 -0.01423824 -0.006563849 -0.00764841 -0.008192902 -0.007003846 -0.01364654 -0.01573352 -0.02115677 -0.02152786 -0.01265825 -0.008981214 -0.004003534 -0.002464125 -0.06203682 -0.08196317 0.03434825 -0.001801377 -0.01858712 0.03180345 0.05647519 0.02127657 0.03547511 0.0159427 0.002219228 0.0259409 0.01276493 0.05136406 0.05274423 0.02619529 0.01906907 0.01560351 0.02561226 0.03019041 0.0509643 0.06156248 0.05442312 0.0308557 -0.0007055176 -0.01863585 -0.003165086 0.008188494 0.01896077 0.02574737 0.02600341 0.02186748 0.02300129 0.02297274
0.01058074 0.02168699 0.03179805 0.02664862 0.03265123 0.03639716 0.03182725 0.02339517 0.02159039 0.02853274 0.0226551 0.01848531 0.01787439 0.01118645 0.01560334 0.01357796 0.0003939461 -0.02273854 -0.08918919 0.02252837 0.120781 0.1121491 0.0290947 -0.02856547 -0.01902855 0.02333251 0.01541539 0.001901097 -0.01195617 -0.007170969 0.001645431 0.0414688 0.0494428 0.02894551 0.01894919 0.04592627 0.05226565 0.06205358 0.02779407 0.01054313 0.01563674 0.03612338 0.03752126 0.03280709 0.02810841 0.02982511 0.0212777 0.007870345
0.06149641 0.04468875 0.04381597 0.04354433 0.05059993 0.04931898 0.05135702 0.03834424 0.04040455 0.03745499 0.04313036 0.04568686 0.05305357 0.09348173 0.2157323 0.06383336 0.07285552 0.04441211 0.02958037 0.001092591 0.001096387 0.009925746 0.03344529 0.05111875 0.07350939 0.08687029 0.07915121 0.06922625 0.06815412 0.05792278 0.05362156 0.05096396 0.05894984 0.06242691 0.05641916 0.05182126 0.05149178 0.04779661 0.04940987 0.03632369 0.03258296 0.03828358 0.05192855 0.05844031 0.08594466 0.08873059 0.07371713 0.07470482
0.02451248 0.02446869 0.01521787 0.04324811 0.04772216 0.06062182 0.05908107 0.04224273 0.03144243 0.01101374 0.006655629 0.02179648 0.03263858 0.04730559 0.04495743 0.0412806 0.03652093 0.03830488 0.04677346 0.1197032 0.06372072 0.0640223 0.1571512 0.118826 0.03235419 -0.002312753 -0.01918252 -0.01925995 -0.02371214 -0.01023768 0.02526182 0.06332444 0.05549915 0.06341139 0.07890785 0.07417402 0.03242607 0.01489259 -0.0003075779 0.0008910383 0.001822465 -0.001397009 0.005769043 0.03370703 0.03715906 0.02979346 0.01852474 0.02414024
0.03993115 0.03192211 0.02851567 0.03456186 0.03843182 0.0437728 0.0381926 0.02357908 0.006835493 0.001282815 0.001516038 -0.00528399 0.003381779 0.01403134 0.01529789 0.0007565984 0.05366269 0.1680268 0.1322059 0.1068875 0.05533056 -0.05421561 -0.1025954 -0.09360551 -0.06475329 -0.02305879 0.02523948 0.06983548 0.09004404 0.08334227 0.05984956 0.04056621 0.02783629 0.02326948 0.01479218 0.01897534 0.01772407 0.0235357 0.02989294 0.0352898 0.03169898 0.02398251 0.01843308 0.02936496 0.02468398 0.01840963 0.03659209 0.03926426
0.05798516 0.07188595 0.04974903 0.08888632 0.1021149 0.1059985 0.1147687 0.1285344 0.1243569 0.1471228 0.1749898 0.1435826 0.1227003 0.1035738 0.04894505 0.01194239 -0.01545886 0.1211688 0.1429982 0.1407231 0.126011 0.02055713 -0.1322813 -0.1462676 -0.1526285 -0.1246675 -0.06142106 0.01378152 0.04495563 0.06825765 0.08203213 0.08363028 0.08970687 0.0773959 0.09323318 0.1063244 0.08427228 0.05380258 0.02828392 0.003917119 -0.009248925 -0.004820073 -0.004114513 0.002878384 0.001866885 0.009051172 0.0252913 0.03132083
-0.02140461 -0.02328054 -0.01787794 -0.02746171 -0.02594941 -0.01952872 -0.01273069 -0.0138639 -0.01706902 -0.03607719 -0.03730396 -0.03585453 -0.04546364 -0.05328093 -0.05196434 -0.05940196 -0.05662886 -0.06812012 -0.05822533 0.03023334 0.1114091 0.01153962 -0.1287661 -0.1910323 -0.167969 -0.08423199 -0.03575336 -0.04041491 -0.01168321 0.002967384 -0.0006033101 -0.02273717 -0.04959926 -0.07978807 -0.09105475 -0.06764616 -0.0545235 -0.05156964 -0.02866178 -0.02003148 -0.004617677 0.01707661 0.03261614 0.01664644 0.007413316 -0.008351477 -0.03023468 -0.03874882
0.006884363 0.02050682 0.01959571 0.0175777 0.01787007 0.0044374 -0.008699797 -0.004989081 -0.01282097 -0.02181592 -0.01789205 -0.01116544 -0.01345116 -0.01196433 -0.001996135 0.001754512 0.002527316 -0.003450271 -0.008348671 -0.009197061 0.108829 0.1477389 0.05427118 -0.1172372 -0.1918239 -0.2261559 -0.1783848 -0.1103534 -0.03926681 -0.006959899 0.01067572 0.0002148371 -0.01514713 -0.02590097 -0.0225579 -0.01898074 -0.008072902 -0.01008213 -0.0155311 -0.01684662 -0.01346201 -0.01836977 -0.0202841 -0.01935159 -0.01022887 -0.0009860088 -0.00787414 -0.01414612
-0.03299328 -0.03127014 -0.01238031 -0.005602503 -0.01513551 -0.02691738 -0.05427421 -0.07875142 -0.07621857 -0.05956491 -0.03065126 -0.005872721 0.00717431 -0.002658996 -0.0185147 -0.0309577 -0.04724719 -0.0806703 -0.09828036 -0.1103042 -0.08606943 0.02636157 0.05339364 0.01588324 -0.135289 -0.2284659 -0.1926603 -0.1024075 -0.06551085 -0.02927288 -0.01946824 -0.02219596 -0.04824144 -0.04975759 -0.04786675 -0.05608599 -0.05923686 -0.05467148 -0.05153709 -0.04563684 -0.04796911 -0.04926578 -0.03508002 -0.03663489 -0.03790512 -0.05600346 -0.05454006 -0.05344251
0.01222812 0.01944808 0.02099603 0.0191696 0.02219343 0.01711725 0.01607374 0.01417392 0.01391471 0.005023211 0.001989218 -0.0007582311 0.001085417 0.0001103481 0.005300976 0.009064877 0.009884116 0.01123055 0.01107508 0.007996025 -0.0003953892 -0.00215449 -0.001372254 -0.006335404 -0.004562055 0.003369044 0.007566638 0.04927548 0.2224126 0.1989438 0.07355367 -0.06726526 -0.138232 -0.10843 -0.1767579 -0.1759812 -0.1480057 -0.05222891 -0.02576639 0.002549197 0.03500011 0.07989053 0.06976113 0.04523282 0.03610437 0.007635413 -0.000863252 -0.000822544
0.008200475 0.01143993 0.01608993 0.00315517 -0.01672382 -0.01476326 0.01258719 0.008760394 0.001424314 0.007342317 0.009217422 0.0007698078 -0.01027374 -0.01899691 -0.02314539 -0.01815386 -0.01367594 -0.01733468 -0.02175604 -0.01577446 -0.005695479 -0.004736903 -0.01155562 -0.01867613 -0.003155248 0.120853 0.0988609 0.1230586 -0.06867727 -0.1359979 -0.09762387 -0.06523725 -0.03464525 -0.0118122 0.02462764 0.02631399 0.03209494 0.06375528 0.06120962 0.06772619 0.03250048 0.01617397 0.02113285 0.0428563 0.05829893 0.06931312 0.07214959 0.06781998
-0.03819084 -0.03939527 -0.03324359 -0.01703505 -0.01358458 -0.02888479 -0.0476504 -0.0460959 -0.02624204 -0.0249455 -0.02793969 -0.0353356 -0.02116461 0.005187514 -0.01952324 -0.02763125 -0.02470017 -0.02708497 -0.04223755 -0.05184691 -0.07110514 -0.0496581 -0.00498901 -0.04097984 -0.1353426 -0.1756652 -0.1588568 -0.1401864 -0.1022439 -0.0767863 -0.05849869 -0.0470336 -0.04385655 -0.03276784 -0.04072563 -0.05458101 -0.05791981 -0.05413904 -0.0478983 -0.03351548 -0.02803814 -0.02837284 -0.0265479 -0.02187384 -0.02802919 -0.03293582 -0.0379198 -0.03045577
-0.05226059 -0.00866866 -0.007328722 -0.006490605 -0.01727753 -0.03904558 -0.05151506 -0.0558376 -0.04577365 -0.0327815 -0.02621184 -0.02531982 -0.02525605 -0.03818087 -0.05097435 -0.0389731 -0.01748805 -0.02809942 -0.02848071 -0.03218592 -0.02826042 -0.02414498 -0.027093 -0.03020445 0.05601665 0.04741098 0.02024279 -0.03390982 -0.03887557 -0.07991236 -0.118627 -0.1285957 -0.1054241 -0.1176734 -0.1078815 -0.08115648 -0.05903677 -0.03187738 -0.0266367 -0.0189389 -0.02777215 -0.042374 -0.03955775 -0.04777211 -0.06019552 -0.04626383 -0.03750708 -0.0401374
-0.003481457 -0.01335556 -0.01514612 -0.02264418 -0.03145759 -0.02124149 -0.0136595 -0.0004384295 2.73463e-05 0.002923981 0.003900952 -0.007073492 -0.01207357 -0.01001295 -0.01075814 -0.01041937 -0.001340918 4.700187e-05 -0.005256605 -0.00821076 -0.009488074 -0.01251051 -0.01068107 -0.007044101 -0.009869478 -0.0135103 0.04855958 0.09354478 -0.03192641 -0.09799697 -0.1127546 -0.08287527 -0.1032394 -0.07181648 -0.04292141 -0.01866459 -0.001813054 0.004405619 -0.005583256 -0.01881145 -0.02754672 -0.04350643 -0.05300035 -0.05612992 -0.05214714 -0.0415936 -0.04167774 -0.0216653
-0.01454752 -0.008869804 -0.01142563 -0.02326812 -0.01996638 -0.01696956 -0.02965874 -0.03309204 -0.04106151 -0.03588522 -0.0135407 0.02084729 0.03421188 0.02700426 0.01654456 -0.001626066 -0.02726475 -0.04006729 -0.05672423 -0.05864382 -0.05597293 -0.02112611 0.1207114 0.3047456 0.1061616 -0.1797455 -0.2230088 -0.1840002 -0.1518747 -0.1202013 -0.08562168 -0.05419155 -0.03187956 -0.04632123 -0.05865026 -0.04209387 -0.04680588 -0.05993567 -0.06843437 -0.06211221 -0.06661641 -0.06969015 -0.06097273 -0.05779164 -0.07262655 -0.07699583 -0.06733903 -0.06276458
-0.02473766 -0.02226298 -0.03283092 -0.04093475 -0.03670701 -0.03105805 -0.02671223 -0.0242008 -0.02203276 -0.02503657 -0.02719646 -0.02545241 -0.01946966 -0.01995204 -0.02325654 -0.02658641 -0.02514244 -0.02932099 -0.03827986 -0.03399583 -0.00498856 0.13103 0.132335 0.03123467 -0.01170617 -0.1535384 -0.2388114 -0.2496483 -0.2077363 -0.09444395 -0.04772133 -0.009812879 0.009311026 0.02873005 0.05159003 0.05215749 0.04321901 0.002392582 -0.05851074 -0.08186749 -0.08032074 -0.06008806 -0.04438697 -0.01178495 -0.004532695 0.001127325 0.0007639307 0.002106798
