-0.02608507 0.1654972 0.1748409 0.06622513 0.0177178 -0.000961831 -0.1921892 -0.1063162 0.07083293 0.09614895 0.1093173 0.08581843 -0.08120783 -0.1570009 -0.1065278 -0.05571166 -0.07686727 -0.1611997 -0.1001742 -0.03482222 0.05500561 0.1032353 0.1242884 -0.01577191 -0.1448038 0.03484721 0.1797402 0.1883093 -0.02049581 -0.06375602 -0.02690472 0.05292679 0.04625736 -0.01218229 0.006477359 0.01198473 -0.1122624 -0.04653688 0.002053481 -0.1162376 -0.004907164 0.1106697 0.1690295 0.0918326 -0.08099531 -0.1195708 0.09325355 -0.01077576 0.1160713 -0.2264264 -0.1581431
-0.2264264 -0.1581431 0.1468677 0.09750126 -0.000805991 -0.009899681 -0.1862663 -0.1580608 0.02068297 0.06695918 0.06390887 0.01077826 -0.07511272 0.00678052 0.009764896 0.02043058 -0.04842791 -0.02480447 -0.03528535 -0.00449545 -0.003618012 0.000830745 0.01505401 0.03178985 -0.0270466 0.006932781 -0.006264937 0.003871264 0.0440279 0.09693741 -0.04855465 -0.0185484 -0.03273633 -0.02972287 -0.06735218 0.008421854 0.05187034 -0.06985791 0.01308888 0.04392696 0.01262959 -0.08159929 0.005167813 0.01278435 -0.006080437 0.009750213 -0.02977131 0.03038137 -0.04806361 -0.005757815 0.08600025
0.01376997 0.004432951 0.004631271 -0.03036404 0.004148916 0.000556171 0.000244543 -0.009807888 0.01342795 -0.009706418 -0.003952163 -0.0054702 -0.04485844 0.006260643 -0.02888461 -0.02531461 0.002451998 0.00667773 -0.01665755 -0.03936867 0.02449419 0.01667899 0.008720303 0.01768861 -0.02349182 -0.003607743 0.004359247 -0.01469907 0.000178414 0.0431878 0.01268321 -0.003282033 -0.01471203 0.003890373 0.04199392 -0.007012627 0.03003964 -0.05687195 -0.03132802 -0.01071298 -0.02509364 -0.007463005 -0.06213877 0.0139075 0.06955142 -0.01102333 -0.05661523 -0.0167141 -0.05351181 -0.0172243 -0.03415987
-0.05351181 -0.0172243 -0.03415987 0.02417116 -0.004421233 -0.03202258 0.01115703 -0.02164485 0.02026269 -0.01843101 -0.007569751 -0.004993044 0.002779168 -0.05473634 0.0333203 -0.04561878 -0.03376452 0.06894115 0.008089856 0.009496493 0.01288198 -0.004801162 -0.03198032 -0.006725759 0.05125019 -0.04804806 -0.1025264 -0.04035573 -0.01782432 -0.01085741 0.03509694 0.05858057 -0.02207651 -0.03093047 0.05879341 0.01915386 0.0163048 0.01319619 -0.03877196 -0.04109539 -0.01553935 0.0638523 0.04262572 0.03425884 -0.02902476 -0.0193468 -0.01947427 0.05120151 0.06923254 0.0472342 0.1011351
0.1011351 0.02042444 -0.007961013 0.05869143 0.09975793 -0.03069521 0.04000734 -0.000869515 -0.0350718 -0.01890016 0.01838709 0.07920463 0.0206515 -0.01013353 -0.01024274 -0.000385405 0.02021747 -0.01264536 0.006757807 0.03484781 0.0355472 0.02907245 0.02448429 0.02137402 0.01523294 -0.001913927 -0.04720343 -0.004886954 -0.006142843 0.01009742 0.01090268 -0.01284934 0.009843766 -0.01809103 -0.02386859 -0.05057945 0.02259973 0.01740849 0.04364768 0.001653846 -0.05733236 -0.05997205 -0.03399698 -0.06103165 -0.05527753 -0.01868358 -0.01444414 -0.03965257 -0.01212113 0.05074512 -0.02291082
-0.01212113 0.05074512 -0.02291082 0.02598172 0.03047824 0.01000496 0.02693346 0.03756772 0.004517881 -0.01767355 0.02025994 0.03927219 0.05787643 0.02280525 0.0453589 -0.01178946 -0.01775377 -0.03147094 0.01607142 -0.01733444 0.01787339 -0.02702653 0.003801717 -0.03406958 -0.031736 -0.02115971 0.00714704 0.01657358 0.03137846 0.02048785 0.004595342 0.004909524 0.002515159 0.0066563 0.02304911 0.07781792 0.05637692 0.005745719 0.01024633 0.02151898 -0.007483892 -0.007136712 -0.05415348 -0.07489993 -0.09307509 -0.05982808 -0.01594265 -0.008607496 -0.0282174 -0.04009421 0.001562357
-0.01239198 0.02836173 -0.02952717 -0.06426587 0.06663629 0.009821455 0.07706314 -0.03514003 -0.06450346 0.04457602 0.0114545 0.0807313 -0.0276994 -0.0476101 -0.07251251 -0.006137061 0.0281279 0.04160519 -0.05582896 -0.01876587 -0.01888765 0.05089659 -0.01546555 0.09546879 -0.01029372 0.08694199 -0.04269776 -0.009735546 0.1857284 0.09139164 0.01367925 0.01024265 -0.007664301 0.1849599 -0.03565042 -0.02009138 0.05239953 -0.1640431 -0.1202551 -0.05419302 -0.1582339 0.07755584 0.02498153 0.05448404 0.08898806 -0.0607954 -0.02981925 -0.02438469 0.1120468 0.03352481 -0.06532284
0.004518506 0.06610665 0.02438905 0.05437988 0.07477381 -0.02553506 -0.1178265 -0.01802626 0.04487485 0.1151788 -0.1311891 -0.09301265 0.01461941 0.08369103 -0.06283912 -0.01329788 -0.0129585 -0.006126083 0.03347779 -0.02688135 -0.07106055 0.03595153 0.0681095 -0.07978166 -0.04719791 -0.04099343 -0.0368506 0.08176814 0.1454802 -0.03285443 0.03226668 0.008330405 0.006694123 0.09968492 0.03747684 0.02767481 0.04692006 -0.01569309 -0.05812936 -0.1170388 0.06817271 0.03951247 0.1541292 -0.127783 0.1706281 0.004673857 -0.1372594 -0.1841343 0.1995213 0.1004438 -0.03024811
0.02466161 0.02589299 -0.01107485 0.004911552 -0.0257722 0.01116092 -0.02662452 0.07003298 0.01263197 0.02466656 0.01785446 -0.01307111 -0.004781232 0.0167129 -0.03305143 0.01466925 -0.02967934 0.01775485 0.01788495 0.0275736 -0.008738562 0.007522421 -0.01546874 0.0122413 0.01496146 0.04536858 -0.02301788 -0.04541133 0.03438543 -0.001899402 -0.01723611 -0.0001935071 0.03278024 0.008287109 0.0366695 -0.01928285 0.03181499 -0.01488104 -0.01200531 0.02679836 0.006675218 -0.02253946 0.01495061 -0.01218432 0.001210483 0.01282843 -0.01680266 0.01740892 -0.008895511 0.01340025 0.03239569
0.02070327 -0.006007219 -0.0006218393 0.001352771 0.03351752 0.02323522 0.01660388 -0.01858771 0.006830581 -0.0100951 0.006429031 0.0008147033 0.009388528 -0.02341677 0.009639406 0.01267531 -0.01516709 0.002303662 0.003103429 0.01112255 -0.00512476 0.001947225 0.01652349 0.003877122 -0.00483484 0.02449642 -0.04253933 -0.003270187 -0.00289137 0.01518012 -0.002838891 0.03598646 0.01322762 0.02203586 -0.01461955 0.01074024 0.02076058 0.0007496949 0.01991048 0.001782304 -0.01358126 -0.03191745 0.01068519 0.008969218 0.01138275 0.01821306 0.01507628 0.02354992 0.01073893 0.02214565 0.00280259
0.02623694 0.03742712 0.02140281 -0.01417952 0.002931394 0.004904312 0.00471766 0.01472187 -0.01050689 -0.03257398 -0.02035346 0.03424774 -0.03986025 0.01960151 -0.01472716 0.02038465 0.04055621 -0.03457415 -0.0601549 0.01885412 0.04133414 -0.03804535 -0.02534569 0.03238802 -0.004771559 0.04072827 0.003764505 0.03790223 -0.009607497 -0.01453823 -0.02580966 0.04522713 -0.03565426 0.01042234 -0.009767731 0.005357057 -0.03236618 0.02066311 -0.04109127 0.02902454 0.01139151 -0.007900042 -0.01088682 0.01475284 0.01485169 0.01136348 0.0153769 0.01147285 -0.01613976 0.01636493 -0.003789808
0.01635678 -0.01314574 0.00495645 0.007460615 -0.01698588 0.01556479 -0.002535278 -0.02031454 -0.01515846 -0.03676048 0.002790211 -0.006630859 0.00816989 0.00994568 -0.005585016 0.06589227 0.03707273 0.05186409 -0.004888896 0.02517357 0.03742026 0.007463529 0.03037482 0.005083026 -0.004537111 -0.0009314877 -0.007599606 0.01596045 0.01093152 0.00770885 0.004678195 -0.0198588 0.0008412422 0.0120149 0.007543798 -0.002111201 0.01179961 0.008943337 -0.004526943 0.01415179 0.005346513 0.01817096 0.0004216381 0.01373933 0.004486373 -0.02998137 0.00437888 0.01226428 0.003264755 -0.01769483 -0.014756
0.0255403 0.03065431 -0.005123273 0.006284273 0.003862291 0.007977629 -0.003287807 0.001804096 -0.007065979 0.01068232 -0.01079149 0.01661376 0.02734416 -0.03563856 0.006018646 0.01113881 -0.0005648133 -0.01255046 0.0005972052 -0.005172906 0.01029636 -0.01545614 -0.007445876 0.004941943 0.0313478 0.02351996 0.01680775 -0.00913138 -0.01046756 -0.008534899 0.001838694 -0.03498932 0.005889148 0.03093211 -0.02107692 0.0267484 0.03249959 0.032271 0.01140621 -0.01780588 -0.03315195 -0.007333866 0.002659112 0.0289012 0.02461065 -0.01643355 -0.02290881 0.003021811 0.001862335 0.02855042 -0.006357455
0.03733052 -0.004273636 0.005660014 -0.004777654 0.01640023 0.02492066 -0.02140615 -0.02890458 -0.002072425 0.02213694 -0.03328141 -0.02014152 -0.03908806 0.01218418 0.00727572 -0.01637409 0.008960864 -0.03279261 0.0261272 0.0370871 0.6994499 -0.4728905 -0.3243088 -0.1807274 -0.0741231 -0.02628385 -0.0276471 0.003764563 0.0186821 0.01768165 -0.01002838 0.03681598 0.04888688 0.02528242 -0.002514059 0.01648408 0.02256139 0.03337614 -0.03562873 -0.003271874 0.01150132 0.009214571 0.006975368 -0.007623537 0.01652037 -0.03068359 -0.04395383 -0.03897399 0.03950666 0.02636667 0.01042707
0.02333033 -0.00651996 0.03393611 -0.004825478 0.0212782 -0.02469398 0.004740455 0.01093285 0.01787927 0.0279025 0.0029103 0.01955752 -0.007635079 -0.02693046 -0.03741229 -0.03870685 0.00707816 -0.01187453 -0.00983046 0.03096993 0.007143895 -0.008072862 0.0131116 0.01054515 0.02845495 0.7398612 -0.3898023 -0.712157 -0.4162309 0.04056771 0.06088092 0.04535476 0.08126612 0.06912188 0.03793373 0.009025319 0.03610159 0.009376108 -0.01663394 -0.001075528 0.02373703 0.02391292 0.0193597 0.02412756 0.0144998 -0.03502466 0.01271565 -0.002397702 0.001705462 -0.04140491 -0.1087267
-0.03377627 0.03298695 0.01270746 -0.01259224 -0.01681237 0.03695302 -0.05661105 -0.02012579 -0.02859255 0.02800458 -0.01444556 0.9677661 -0.2454967 -0.5741771 -0.2471961 0.02156003 0.03746995 0.03542929 0.001336675 -0.005947996 -0.004921789 -0.0008367657 0.01436119 -0.02563077 0.02805301 0.02391271 0.004724494 -0.0229478 0.02495352 0.01359882 0.01217685 0.028567 0.009733396 -0.003090963 -0.005750105 0.006729897 -0.003283625 -0.02304313 -0.02167588 -0.008302879 -0.006352517 -0.01251909 0.01675531 -0.01923298 0.02254078 0.004368694 0.00543512 -0.00211903 -0.03325022 -0.01148189 -0.002375871
0.004439635 0.04268043 -0.00791729 0.0233698 -0.02878194 0.01474753 0.02057165 0.005903221 0.03000795 -0.04959754 -0.01844678 0.7370061 0.7989382 -0.04398876 -1.101174 -1.162751 -0.7779654 0.07478245 0.2266224 -0.153688 -0.0110374 -0.008663061 -0.001341456 0.01595628 0.01952301 0.03349935 -0.01469387 0.02707705 -0.0241469 0.03087683 0.005242298 0.01494193 0.0488836 0.03520499 0.01826173 0.006613413 0.01298294 0.02008432 0.01641677 -0.02472723 -0.01493622 0.02400704 -0.03675613 -0.01619479 -0.01445032 0.03338118 0.0009739514 -0.04820693 0.01923064 0.007368068 -0.04288008
0.01923064 0.007368068 -0.04288008 0.01511731 -0.003480302 -0.03567838 0.009636744 -0.01081685 0.02833733 -0.04559783 -0.01661988 -0.04432288 0.03440245 -0.6365095 -0.5637411 -0.2819481 0.01565024 -0.008577152 -0.06017391 0.02199745 -0.05879143 -0.02210268 -0.01033055 -0.005586673 -0.0376385 -0.02257062 0.01156018 -0.03013783 0.01620731 -0.001549748 -0.01091473 0.01951027 0.006597626 0.0007550359 0.004992335 -0.02976528 0.01550119 -0.01149309 0.0464249 -0.002607245 0.02700869 -0.001903796 -0.001021964 0.02014562 -0.004583956 0.05293967 -0.03672018 -0.01497427 -0.02251568 0.01067113 -0.04071256
-0.03672018 -0.01497427 -0.02251568 0.01067113 -0.04071256 0.004523814 -0.02495136 -0.00822799 0.06273464 -0.02857803 -0.00315167 -0.0001286632 0.26796 1.290244 -0.992258 -0.9548006 -0.7021313 -0.2847869 0.02052734 -0.0764211 -0.02704151 0.002031039 0.007167348 -0.04490954 0.009886326 0.02832288 -0.007279593 -0.01535262 0.02103369 -0.01246271 0.01212281 0.03607668 -0.0288119 0.009765434 -0.004330434 -0.03387569 0.002258712 -0.0398917 -0.002193843 -0.007519729 -0.02730858 -0.01467677 0.009934096 -0.003748724 0.05934886 -0.005316371 0.01193937 -0.0113598 0.00104845 0.006933052 0.008909468
0.01329971 0.05921434 0.01360669 0.02167411 0.01335321 -0.006382703 -0.01536377 -0.02405506 0.001856328 -0.04357267 -0.02554308 -0.01507665 0.02169402 -0.006606184 0.8824281 -0.6468113 -0.5860997 -0.312967 -0.0503186 0.03634617 -0.01034521 -0.0103535 0.0391613 -0.02226367 0.05719946 0.01227774 -0.006865042 -0.0302719 -0.003882078 -0.03475451 -0.005182726 -0.008699302 0.02202213 0.01181517 -0.02483011 0.03902231 -0.02635908 0.02011783 0.01159797 0.01145138 -0.04348825 0.02257232 0.01233806 -0.007558322 -0.01480861 0.000681198 0.01344593 0.01081761 -0.03887081 0.00362245 -0.02975282
0.01140051 -0.00275201 -0.02426356 0.006802724 -0.009095075 0.002553526 0.01785831 0.02372767 0.003574023 0.003637413 -0.03411449 0.01677017 0.01074998 -0.001650661 0.01164566 0.0260874 0.3563758 0.9399232 -0.7674333 -0.4095878 -0.2367174 -0.1288175 0.03190687 0.03421584 -0.01108644 0.04747763 -0.00626639 0.01347146 -0.04348192 0.02896267 0.01291381 0.02323024 0.01550543 0.01527215 0.01394424 0.005815805 0.02296874 0.006673187 -0.03867713 -0.02973365 -0.02798418 0.02222996 -0.02692097 -0.04085465 0.006822155 -0.03027511 -0.02028521 -0.003218251 0.01948336 0.01309855 -0.02012167
0.02489759 -0.02216337 -0.05546831 0.009434102 0.01166386 -0.02961362 0.0007141266 -0.006501947 -0.01180561 0.01946262 -0.01289879 0.04137103 -0.0100902 0.02521232 -0.007956169 0.01525752 -0.02214338 0.6446263 -0.5459825 -0.4228085 -0.0836146 -0.02722049 0.05734713 -0.02212824 0.002363937 -0.007578781 0.01778155 -0.003761038 -0.02879272 0.007523956 0.02467228 0.007211824 0.03471882 -0.02830971 -0.008435011 -0.008518847 0.02397133 -0.008971846 -0.01879225 -0.001796902 -0.04452949 0.008493079 -0.03737064 -0.01319385 0.03359571 0.0006389985 -0.007365417 0.03958888 -0.005718204 0.0140044 -0.01250838
0.03014686 0.01516133 0.03537129 -0.09061802 0.06422564 0.05269604 0.06168165 -0.104839 -0.03360654 -0.03171264 -0.02053754 -0.02004462 0.05714585 -1.137718 0.05958781 0.8436903 0.1550257 0.03191721 0.001050766 0.07600424 0.01636877 0.01556314 0.05099117 -0.0101952 -0.04394935 0.03045177 0.01104852 -0.02013688 0.03965897 0.04189003 0.0535678 0.08728615 0.01874578 -0.05783409 -0.06079015 -0.1273686 -0.09638516 -0.03820331 0.05493847 -0.006386922 -0.02860298 -0.003633617 -0.03686545 -0.007351509 0.01599954 0.04264911 -0.037463 -0.06551695 0.02977436 0.05484005 0.02793064
0.109489 0.01551078 -0.03770391 -0.03753902 0.03258673 -0.02885296 0.01407826 0.02815487 -0.01097858 0.02710076 0.004807312 0.003984888 0.1026331 -0.03634838 -2.187528 -1.339072 -0.8209715 -0.1279905 0.3102035 0.760956 0.4812627 0.2437712 0.1327551 0.01529731 0.1194115 -0.01439829 0.002828785 0.1053133 -0.02811301 -0.0008940974 0.07058577 -0.1015653 -0.05845091 -0.1755699 0.07919823 -0.08983096 -0.186114 0.2110649 0.1662011 0.03425692 -0.03122593 -0.01918775 -0.05822977 -0.0430394 -0.05263524 0.09270278 0.03375665 -0.09302942 -0.1223258 0.1001538 0.09056927
-0.01398047 -0.2486602 0.1660123 0.1197334 -0.324876 0.06392952 -0.02336556 0.364029 0.02339447 0.05340144 -0.01990305 -0.004857983 0.08042547 -0.2782503 0.2451165 -0.04950437 0.05291491 -0.01712371 -0.04490308 -0.06233395 0.174864 -0.0265404 -0.06114148 0.1484275 -0.07100489 -0.1762652 0.02357734 0.08336156 -0.06820291 0.01876752 -0.01886841 0.1112026 -0.0287101 -0.05238894 0.03556294 0.02950132 -0.03269381 0.0226918 0.05265969 0.006099493 -0.06445145 0.05555091 0.0195416 0.03421456 0.09534248 0.04781901 -0.08074027 0.03473137 0.1174011 -0.0466908 -0.07890905
-0.06728428 -0.04336714 -0.07439216 0.03284646 0.03211478 0.0041728 -0.03218705 0.0328926 -0.01265214 -0.110709 -0.05336895 0.0830284 0.07911558 0.1368153 0.2047928 0.01587205 -0.3766596 -0.1624447 -0.1322302 -0.1127092 0.004304679 0.1590403 0.1224281 0.1441873 0.0462384 -0.07525142 -0.07084142 -0.09115099 -0.02748036 -0.006499662 -0.02678003 0.002807987 -0.01428984 -0.2672702 0.1151627 -0.02408915 0.01578422 -0.03067704 0.09196895 -0.04538392 0.08606853 -0.08020233 -0.04725905 0.1185356 0.049501 -0.01326335 0.06391797 0.1084981 0.05161017 0.005115419 -0.1002292
-0.00369991 0.2278468 -0.0264389 -0.1463025 0.1691409 0.03711551 0.002749593 0.06233814 0.02007139 -0.2031128 -0.1048174 -0.007125711 0.09565832 -0.1045064 -0.1047849 0.07374271 -0.01220239 -0.06576688 -0.03447484 -0.0715113 0.05743883 0.03173295 0.03498598 0.115118 -0.06622139 -0.3922761 0.2001507 -0.002832483 -0.0477374 -0.007954204 0.2205975 -0.2314982 -0.08858655 0.01571102 0.01485706 -0.05478117 -0.03667196 -0.03662721 -0.006907888 -0.1282037 0.2062825 -0.07015558 -0.0436266 0.1032933 0.02383133 -0.01977592 0.07015904 -0.1319917 -0.02411861 0.0584002 0.001335652
0.02901435 -0.04904919 0.001651037 -0.04268879 0.1443938 -0.1718242 -0.1205915 0.08184778 0.08945613 -0.03668432 -0.005197908 -0.05223224 0.02657758 -0.04808293 0.05384773 0.03545789 -0.3565838 0.3245418 -0.4571939 -0.1292786 -0.0006844428 0.04426889 0.02852783 -0.02159227 0.01989145 0.08878085 0.0805555 -0.02967193 -0.01229934 -0.0581322 0.04178872 -0.01259858 0.02589228 0.01044407 -0.08032165 -0.0782638 0.01807603 -0.03800293 0.0473191 0.006369594 -0.1023097 -0.03390954 0.05339716 -0.0734277 -0.04625694 0.1184379 -0.01556779 0.05195004 -0.04607932 0.005997044 -0.01493936
0.07118316 -0.1273848 0.07608701 -0.05134963 -0.1247087 0.06851734 0.002115902 -0.1092363 -0.03174666 0.1229892 0.01680465 0.03914484 0.01478065 0.04001693 -0.04885475 -0.005690618 -0.05471061 -1.905639 -0.8710763 -0.3573439 0.6057986 0.8549545 0.545509 0.3467498 -0.009085944 -0.01949739 -0.01492138 0.04774274 -0.05410661 0.008813789 0.04396896 0.04342628 -0.0006606362 0.08369871 0.0866883 -0.06127636 -0.1285316 -0.06081099 0.07366275 0.02041489 0.06038137 -0.02160407 -0.03770618 0.02649149 0.01383197 0.01528955 -0.01736891 0.01273886 0.3309645 0.2716192 0.2100687
-0.05802001 -0.1053723 -0.02496432 0.007239605 0.006206875 0.02512779 -0.01418758 0.02509821 0.00314045 0.02402319 0.048574 -0.01581017 -0.01683181 0.03751516 -0.002432098 0.01495171 0.671443 -0.01363662 -0.6993862 -0.40233 -0.03281114 -0.008217968 0.06091458 0.06144835 0.00692658 -0.04604493 -0.02182433 -0.01695873 0.009673999 -0.01191492 -0.01904299 -0.04697669 -0.07966106 0.05574092 0.006412478 0.01986687 0.02936787 0.05066424 0.008226058 -0.03493087 0.007891026 -0.005661726 0.00373428 0.06615371 -0.004809084 -0.06346583 -0.01052527 -0.00559857 -0.004739951 -0.01525697 -0.1022867
0.01994395 0.01053029 0.0369302 -0.04848706 0.003378106 0.02486835 0.03425146 -0.005420519 0.008754328 -0.007196728 -0.02370274 0.05641736 0.03344682 -0.02080942 -0.02427582 0.001418966 -0.003311944 -0.02331001 -0.09393246 0.1255938 -0.3443102 -0.1020495 0.02679668 -0.005722679 0.06512646 0.04727063 0.05708259 -0.01543809 0.08966523 0.06831858 -0.03374908 -0.07462915 -0.02215502 0.03827021 0.03190417 0.009685169 -0.01777077 -0.02921115 5.811078e-05 -0.01945184 0.04589758 -0.03274064 -0.02357156 0.04235988 0.04551941 0.04343946 0.1091944 -0.09275892 -0.05507896 -0.02938579 0.07274467
0.04037312 -0.02590419 0.01038215 -0.00491388 0.008724627 -0.05788249 -0.05749677 0.02491194 0.07496198 0.006877135 0.05288043 0.009773877 -0.04571174 -0.01333811 0.0755877 -0.05425991 -0.3677731 -0.329056 -0.1540476 -0.1292594 0.2620412 -0.0800097 0.316409 0.2623289 0.002088563 0.04149503 -0.02113115 0.02930675 0.03148077 -0.05401536 0.0524332 0.07493979 0.1390582 0.06364832 -0.06423639 -0.3526647 0.003064943 0.1530811 0.06994043 0.05098145 -0.172556 0.1201616 0.03741828 -0.05140427 -0.06845056 0.0411565 -0.1312131 0.03329751 0.01199657 -0.006503082 0.08383103
0.0188116 0.03895389 0.0312885 0.0514914 0.01184027 0.02862713 0.08503872 -0.02867359 -0.0157674 -0.01824253 -0.1509236 -0.1263373 0.02038007 0.02371307 0.01099779 -0.03436932 -0.02049661 -0.0003859061 -0.0508653 0.0582896 0.03125379 0.05694057 0.03790943 0.0599049 -0.005510681 -0.007987238 0.03263851 -0.01494156 -0.00854435 -0.004119712 0.0924833 0.07505179 -0.08897693 -0.1050857 0.0803578 0.04744499 -0.09981971 -0.009552327 0.04995038 0.0130535 0.03036055 0.03369263 0.01254232 0.00962029 -0.04419082 0.01951564 0.06632537 -0.05612022 0.0358385 0.0637482 -0.04831181
-0.09616189 0.05342678 0.06911705 -0.05120167 -0.1688017 0.01777105 -0.009573751 -0.02627553 0.08326191 0.08132534 0.1188084 0.08726062 0.2824236 -0.2183887 -0.4035699 -0.1146324 0.0145554 0.05511808 0.08008623 0.01295634 -0.009769334 -0.02631328 -0.05356222 -0.05141469 0.03323049 0.02537897 0.02208709 -0.0571796 -0.04815726 -0.005294351 -0.1059525 -0.03198496 0.0810996 0.01377206 -0.06538881 -0.1058318 -0.04094402 0.2340183 -0.02430737 -0.03915695 -0.04807512 -0.03693032 0.07014418 0.03823546 0.08928321 0.04992969 -0.05401476 0.07944789 0.0266626 -0.04329201 -0.08214638
-0.03873204 -0.02842944 0.04655917 -0.04911112 0.08779756 -0.05714854 0.008910441 0.04440043 -0.01434781 0.05685125 0.08769979 0.05841239 -0.03022891 0.09350888 0.1311122 -0.3352982 -0.05944757 -0.01110112 0.0369916 0.05570239 -0.1240105 -0.09625956 0.1985749 0.1429798 -0.08198384 0.01792189 -0.03209541 -0.0902263 -0.03044534 -0.03705288 0.01194344 -0.01451749 -0.04654244 0.006250534 0.06075337 0.02204857 -0.08694547 0.01499384 -0.02306186 -0.06273147 0.1127482 0.0483568 -0.02622207 -0.06254312 -0.05930981 0.07433636 -0.0142939 0.01582655 0.06926952 0.01862814 -0.1695087
0.04399908 0.2525979 0.01627617 -0.04992041 0.06670658 -0.1215716 0.06018332 -0.0274512 -0.02970673 0.0406375 -0.01680178 0.1675047 -0.06332202 0.02908564 0.009687315 0.1004439 0.06666824 -0.076569 0.003693103 -0.05170179 0.1041307 -0.0282751 -0.02856726 0.07199894 -0.09092689 -0.09746718 -0.05646258 -0.1498839 -0.1354654 0.004433962 0.1414709 0.009832139 0.1068287 -0.02615358 -0.005904138 0.1011578 0.08561018 -0.09899503 -0.06582797 -0.05319477 -0.08439954 -0.09224184 -0.02320349 0.08573518 -0.05062638 -0.03759383 0.0269059 0.00347823 -0.06620716 -0.001867874 0.06187112
0.02385527 -0.01504744 0.01509389 0.04067536 0.02313058 0.008699235 0.08915257 -0.03959697 -0.1350373 -0.005362574 -0.009768398 0.216363 0.695517 -0.5873629 0.07646 0.3991467 -0.1203891 0.03750968 0.006063893 0.02402207 -0.05713182 -0.1021129 0.09903735 0.01090691 -0.1244671 -0.00510171 0.09344085 -0.04282687 -0.1032219 -0.1144013 -0.1760092 0.06039979 0.06708994 0.1038728 0.06348153 -0.09857944 -0.1074179 -0.08516581 -8.612828e-05 0.1378395 -0.001076344 -0.03450406 -0.007120376 -0.007705204 -0.06228742 -0.01992195 0.03636359 0.004486025 -0.09710813 0.06944835 -0.0505437
0.07236301 -0.04098428 -0.01608794 0.08037782 -0.1215393 0.003443294 0.01027429 0.01248935 -0.02860117 0.123749 -0.04917857 -0.001823411 0.08169311 -0.2473578 0.007974571 0.01415892 0.01424391 0.04087414 -0.02360022 -0.1592196 0.2032974 0.01353981 -0.04478585 -0.1550812 0.1200927 0.04266167 -0.1612005 0.2406497 0.07863256 0.1338772 -0.1856994 -0.1803874 0.06560522 0.2315859 -0.07668657 0.05517655 -0.01361365 -0.03380684 0.006527621 -0.009998914 0.00949664 0.04780528 -0.01568698 -0.06413994 -0.04007448 -0.0608166 -0.004106511 -0.01573005 -0.04136604 0.03329707 0.04411261
0.04411261 0.07526027 0.1742439 0.08509341 -0.06280746 -0.002147991 -0.02918991 -0.03438396 0.02195412 0.00267438 0.0498815 0.1668143 -0.04888199 0.09073911 -0.02484752 0.08865353 -0.09363288 -0.2500121 -0.00361037 -0.2993373 0.116673 0.2166915 0.01484432 -0.07931125 -0.06773844 -0.002094703 -0.03322642 0.09518384 0.1109862 0.04726692 0.08180501 -0.107007 -0.05189849 -0.02768779 -0.08991714 0.07772787 0.08022095 0.05218195 -0.0777839 0.01415007 -0.03807493 -0.08805697 -0.03788058 -0.07385843 -0.03670435 -0.01805032 -0.01934204 0.02202511 0.05481672 -0.03322319 -0.08156974
0.04002899 0.1594757 -0.04315407 -0.05578031 0.09611701 0.0766641 -0.01055623 -0.08377195 -0.04981601 -0.08220056 0.05712548 -0.1976903 0.08913217 0.1448235 -0.01668775 0.01366882 0.02851053 -0.0872334 -0.09606444 0.04202494 0.03226246 -0.08507626 0.02297663 -0.02336029 -0.01236203 -0.08241424 -0.002080509 0.2349646 -0.1337524 -0.02120821 0.04746178 -0.01343394 -0.0640552 -0.139563 -0.07270046 0.06130351 0.03132038 0.01146837 0.03082375 -0.02347518 0.02798235 0.03641487 -0.01330385 0.01195572 -0.03192914 0.01464547 0.02136839 0.006484739 0.007178127 -0.01937304 0.03704107
-0.03192914 0.01464547 0.02136839 0.006484739 0.007178127 -0.01937304 0.03704107 -0.01609371 -0.01228841 0.04919758 -0.0004617187 -0.0450059 0.0719666 -0.09180987 -0.003517156 0.03590962 0.2713736 -0.2780522 0.09375625 -0.07413345 -0.06570123 -0.03807794 -0.03416835 0.008591953 -0.0187371 -0.0811153 -0.04805375 0.07729132 -0.04399712 -0.05378845 0.08031784 0.002371587 0.0523542 -0.03275636 0.05633612 -0.01602365 -0.0572861 -0.09366716 0.01766874 0.06433735 -0.1103881 -0.05620443 0.08525595 -0.01595763 -0.0352001 0.08207797 0.03708037 -0.08845714 -0.04134392 -0.05422971 0.01085028
-0.01523564 0.02596507 0.0537685 0.03078537 0.02847255 -0.03837123 -0.02169972 0.02142548 0.00397729 0.02424444 -0.03269619 0.03745136 -0.001862966 0.01738854 0.02381087 0.0009483363 0.006385405 0.01886107 -0.4797783 0.3496605 -0.1245741 0.1555575 -0.05367418 -0.003454506 -0.08216392 0.02033967 -0.01405089 -0.02020489 0.03259361 -0.01115564 0.03273431 -0.0101825 0.02266877 0.003280911 0.003372336 0.01166743 -0.02339035 0.06399036 -0.02508186 -0.002948727 -0.001723307 0.002515911 0.001542812 0.00809826 0.005685103 0.006379749 -0.006582265 -0.005679881 0.03499001 -0.0006470054 0.01895384
0.00809826 0.005685103 0.006379749 -0.006582265 -0.005679881 0.03499001 -0.0006470054 0.01895384 0.004790543 0.005883287 -0.002777928 0.007129523 0.02737014 -0.03159096 0.04176845 0.02143919 -0.02277557 -0.1099658 -0.003491852 -0.01181248 0.001379091 0.009611947 -0.04783612 0.01269343 -0.01458162 0.00720848 0.02457296 0.02446632 0.006613081 0.01973826 0.01208744 0.02234408 0.005426986 -0.02350501 -0.002739907 0.02641326 -0.005525365 -0.005008079 0.005023745 0.00160748 -0.01086904 0.001132336 0.003544096 0.003206546 -0.005919225 0.02162292 -0.02316202 0.02219164 -0.004937471 0.009562531 0.02409547
0.007346279 0.004745338 0.01013777 -0.02084764 -0.0001812759 -0.01785675 0.01421902 -0.01665773 0.02466954 0.02040062 0.00318929 0.006932655 -0.4446394 0.1828499 0.02097174 -0.004971469 0.006245822 0.01389788 0.003466068 0.02819853 -0.0104505 -0.006527756 -0.004466406 0.0001409759 -0.01158936 0.03282782 0.01466063 0.01257738 0.0244937 0.00728108 0.03005718 -0.01492473 0.003726233 -0.01831661 0.02192942 -0.01630041 0.02389906 -0.0163093 0.03269283 0.007479281 -0.001551523 0.005388548 -0.003955747 0.0139229 -0.02307143 0.01292108 0.01329798 -0.002451481 -0.01566444 0.008316816 -0.02486445
0.008316816 -0.02486445 0.02431097 0.006893639 0.01420407 0.01167102 -0.004713892 0.036473 -0.003601154 -0.02202485 0.001797759 0.004930167 0.003239705 -0.01706812 -0.1739927 0.1032662 -0.0336317 -0.01141002 -0.02904573 -0.007707468 -0.0009822405 -0.01313056 -0.002445502 0.02075826 0.01955334 -0.03847725 0.06512939 -0.004427694 -0.009533505 0.0174893 0.0004555061 0.01298209 0.0197858 0.009349466 0.02247407 0.002761407 -0.008557966 0.02269427 -0.01229922 0.01744151 -0.019383 -0.01198086 0.03515184 -0.02860209 0.01188773 0.0007643947 -0.003469963 0.004655869 0.01911792 0.001271594 -0.004896194
0.01401533 -0.005038698 -0.0136399 -0.008383389 0.0237751 0.01660607 0.0297644 -0.001869809 0.01480481 -0.002788713 0.1349685 -0.1146578 0.05446333 -0.04146907 -0.001263754 -0.004961571 -0.01049783 -0.003197408 0.008766193 -0.01692253 0.002124295 -0.04593224 0.008468055 -0.02260456 0.01320012 0.01704118 -0.001877459 -0.003207335 -0.01635365 0.0154675 0.01970458 0.003146643 0.008128532 -0.009697698 0.01832558 0.01399155 0.009299978 0.01706207 0.02395062 0.004109411 -0.006817524 -0.008669009 -0.01229389 0.005824802 -0.002984349 0.0222335 -0.02092255 0.02679767 -0.00937117 0.0005878343 0.02481932
0.01207876 0.0126766 0.01828378 0.006823458 -0.005833128 0.001464602 0.009969197 0.007526745 0.02897972 0.09682611 -0.02017464 0.07331847 -0.01160006 -0.04260634 0.01103914 -0.04316716 -0.01924361 -0.004680849 0.03526689 0.008244817 -0.01606717 -0.03117234 0.004576388 0.0486664 -0.02587786 0.02219874 0.009848141 0.01371888 -0.006539741 0.02445654 0.009849887 0.007269414 -0.0330676 0.008660754 0.01272194 -0.007088413 -0.01030187 0.02298336 0.005404443 -0.01110941 0.02696981 -0.03882972 0.01203236 -0.02250442 0.01297955 0.02844251 -0.004091312 -0.002678453 -0.03163438 0.00428088 -0.03678747
0.00428088 -0.03678747 -0.01473931 -0.01502165 0.01482631 -0.007243745 0.009582663 -0.00393963 0.005315995 0.004994873 -0.0189232 -0.0004844294 -0.02231709 0.5318109 -0.5831352 0.2841071 0.003003918 0.1381397 -0.016228 0.01284174 0.01025814 -0.06067869 0.0213528 -0.04710768 0.0415838 -0.03631587 -0.03062458 0.02142207 0.0201855 0.02563807 -0.006350992 0.005218033 0.003967132 0.007025308 0.02464082 -0.03079748 0.02390761 0.02744693 0.005959868 0.005064049 0.03422206 0.02351942 -0.007403698 0.005548504 0.008073275 0.007486849 -0.01109425 0.0159488 0.0210793 0.01807226 0.005411215
-0.0324445 -0.01770546 -0.03109467 -0.009718017 -0.02437585 0.06838322 0.0520862 0.04186942 0.007973807 0.02519886 -0.005785824 0.01610069 0.513483 -0.7645729 0.2532282 -0.02555526 0.03597881 -0.06671441 -0.07991184 -0.003650404 0.03302406 -0.0003143274 -0.0001611632 0.01814909 -0.01019565 0.006342277 0.03450534 0.0144476 0.0286394 0.03490473 -0.005313614 0.03331129 -0.03737678 -0.04110858 -0.04333173 -0.04451974 -0.06680366 -0.01587195 -0.05159382 -0.03070596 -0.02595134 0.04458667 -0.04416643 0.03035123 0.007178274 0.0146645 -0.0163042 -0.008608487 0.004150187 0.01445999 -0.02051661
-0.05954463 -0.01783762 0.01495895 -0.00842015 -0.02934477 0.0192735 0.00450675 0.03842308 -0.01805568 0.03175123 0.01605962 0.01048558 -0.05463545 -0.08228938 -0.02169381 0.1561633 -0.08303779 0.1190175 -0.101481 0.01941259 0.00234193 0.0167873 -0.01567994 -0.009494382 -0.03319252 0.01948698 0.01414927 0.020958 0.02049691 0.007998999 -0.01230878 -0.002654959 -0.008178664 0.01295921 -0.03840025 -0.01488936 -0.01525867 -0.003161391 -0.02494034 0.00655129 0.01752161 -0.001558088 0.04573474 0.01978551 0.04064618 -0.02383625 0.02029956 -0.006926381 -0.04992558 -0.004680349 -0.02122743
-0.0271035 -6.771999e-05 0.001226484 0.01416356 0.01388139 -0.01481261 -0.01330557 0.02159426 0.003658337 -0.004921571 0.01343924 0.007610481 0.0212538 0.7419816 -0.6971729 0.4256329 -0.03529378 0.1527429 -0.04669441 -0.04597155 -0.04277425 0.02732552 -0.002665064 0.03550996 0.01978313 0.009843664 -0.01949432 0.01670744 -0.002322853 0.02070327 -0.006007219 -0.0006218393 0.001352771 0.03351752 0.02323522 0.01660388 -0.01858771 0.006830581 -0.0100951 0.006429031 0.0008147033 0.009388528 -0.02341677 0.009639406 0.01267531 -0.01516709 0.002303662 0.003103429 0.01112255 -0.00512476 0.001947225
0.07419679 0.08353016 0.05449523 -0.03266707 -0.005872034 -0.03715142 0.02739886 0.0005287986 -0.1023188 0.03932971 -0.04761156 -0.05783641 -0.238151 0.04044854 0.3034285 0.4293455 -0.0706118 -0.09607642 -0.09011847 -0.1688817 -0.05678319 0.04002841 0.03747968 -0.002379345 -0.005548527 -0.003208346 -0.03707694 -0.01115312 -0.05689606 -0.007776577 -0.049614 -0.01494312 0.02005342 0.02229377 -0.0008045977 0.03358368 0.03013811 -0.007972649 -0.0006725441 0.01666375 0.01811835 0.005866503 0.01135786 0.005958415 0.05654998 0.005155523 -0.03294626 -0.009865033 -0.01600668 -0.04120516 -0.007937727
-0.003282554 0.04331004 0.02035164 -0.01273669 0.01416784 -0.04452485 -0.02852653 -0.01617584 -0.05413359 -0.03161231 -0.02502759 0.02524284 -0.01427346 0.03791008 0.3900309 -0.2997769 -0.2922969 0.3590353 0.1855974 0.04155774 -0.1148976 -0.04563036 0.03153276 -0.005776818 -0.03005005 -0.04543345 0.02872379 -0.008119697 0.03273707 0.05920291 0.08735095 0.008140566 -0.02355522 -0.04008658 -0.01891989 0.005582991 -0.01377871 0.01769602 0.01791679 0.03177966 0.04251423 0.05429725 -0.03529298 -0.03938658 -0.001047954 0.0009268907 -0.02322959 0.004802668 -0.0408337 -0.0336411 -0.00838653
0.02544888 0.04546043 0.008746952 -0.02629464 0.008804175 0.002901171 0.01274301 0.01275675 0.001591113 -0.02441263 0.02893458 0.0190112 0.01907624 -0.005474276 0.04176889 -0.2947661 -0.01878717 -0.01687201 -0.0118924 -0.04267433 0.03605568 -0.02356877 0.01531667 0.00133636 0.008907448 0.06899658 -0.02433201 -0.01188404 -0.009607763 0.02474207 -0.001022278 0.03402989 0.02409745 -0.009903435 -0.03113174 -0.01418044 0.0009628134 0.03044459 0.02293019 -0.0409326 -0.0158914 0.03279079 -0.02986797 -0.01649342 0.006867911 -0.02112459 0.0008909755 0.007088556 0.01330251 0.05072573 -0.0264436
-0.04531967 -0.06146488 -0.03543918 0.01436573 -0.01301941 -0.001569901 -0.02841958 0.01755865 0.019649 -0.003601326 0.04648318 -0.0129248 -0.04692596 -0.01097745 0.001289641 0.8224365 -0.3896956 -0.2042061 0.03145988 -0.02887858 -0.001033606 -0.008676648 -0.03838508 -0.01096522 0.004325238 -0.02482335 -0.02558504 -0.01080962 -0.02332603 -0.002775745 -0.01708976 -0.003931548 0.01482836 0.006125197 -0.01256559 0.3599235 1.170877 1.084449 1.167581 1.180489 0.06562482 0.04501718 0.0001384821 -0.02191625 -0.005648958 -0.005858558 -0.009906091 -0.01962081 -0.01540168 0.3248558 -0.2190838
-0.009366378 -0.01162393 -0.01631965 -0.003140722 -0.0160661 -0.0114131 -0.009199245 0.03747448 -0.0138116 -0.01251465 -0.0004251674 -0.02833902 -0.01424115 -0.03232019 0.4464357 -0.2880764 -0.1227193 -0.02814378 0.004159403 0.03574629 0.005070204 0.01434267 0.04981471 0.04187753 -0.001504057 0.01591703 -0.002423826 -0.02152731 -0.0203153 0.001317459 -0.01029554 0.009468674 0.01226032 0.006460344 0.01470446 0.02940187 -0.005780184 0.02660383 -0.005425325 -0.04393334 -0.028288 -0.03545444 0.00201008 0.01510675 0.0009598134 -0.0237594 -0.06692896 0.02708523 -0.02350256 -0.0002339226 0.001511751
-0.03396731 0.039829 0.09307487 -0.04211847 0.01493058 -0.07110571 0.0363225 0.08537751 -1.169759 -0.03530266 0.7823859 0.1831841 0.09416224 -0.05385001 0.13184 -0.1247671 0.003541553 0.03270563 -0.04321843 -0.01330153 -0.01255952 0.2667679 -0.3106548 0.0985259 -0.08932297 -0.01679171 -0.02312517 0.02798287 0.06449421 0.06207483 -0.0897441 0.03884989 -0.02056478 -0.05862781 0.1217749 -0.02701349 0.002841738 0.01541211 -0.08720732 0.06512166 -0.01304938 0.001597194 0.06434904 -0.02425466 0.01536767 -0.003060509 0.05239961 -0.02729188 -0.09786098 0.05700733 -0.05775857
-0.09786098 0.05700733 -0.05775857 0.0726554 -0.1081725 -0.06521177 0.06583703 0.02855522 -0.02386278 0.0480791 0.006555873 0.06311064 0.07797986 -0.1789712 -0.6649846 0.4431095 -0.3643283 0.2476065 -0.003322992 -0.008654119 -0.1699205 0.003498521 0.1107997 -0.0571615 -0.02397981 0.04120206 -0.04528504 0.03252359 0.02599662 0.001917785 0.08926946 -0.1421323 -0.06741951 0.06488571 -0.05969367 0.02234315 -0.0551201 -0.02510399 -0.006910421 -0.02155367 0.04254737 -0.07213554 0.08636296 -0.004489383 -0.04972407 0.02162253 0.03786352 -0.01169021 0.01764011 -0.06477758 0.02723408
0.03786352 -0.01169021 0.01764011 -0.06477758 0.02723408 0.01824331 -0.008257352 -0.002210909 -0.2343848 -1.04985 0.1615335 0.6236964 0.2750627 -0.1132253 0.05599901 -0.09804746 -0.0279388 0.04967235 0.1109079 0.001322616 -0.09247611 0.05670592 -0.02568248 -0.01585324 0.05572392 0.06566183 -0.0608882 -0.109321 0.007976285 -0.04538005 0.08074836 -0.187169 0.09951111 -0.08755523 0.1764829 0.03304516 0.02331348 -0.03035709 0.01969864 -0.05288226 -0.03533941 0.06463093 0.001399478 0.004465835 -0.0008857783 0.02103443 0.06629035 -0.02206338 -0.03177074 -0.02245879 0.142877
0.1059842 0.005070762 0.04141271 0.06449918 -0.07493328 -0.04268047 0.02244847 0.05308018 -0.09059494 -0.08836413 0.01180476 0.1106146 0.03723859 -0.02140381 0.09620175 -0.1689573 -0.7916129 0.1495215 0.7178725 -0.1940586 0.2854385 -0.007873215 -0.1116958 0.004084754 0.03986334 -0.02102541 0.05100205 -0.03683055 0.03282874 -0.01001427 -0.02527911 -0.09962685 -0.06738179 -0.03283305 0.1388579 0.08733336 -0.02146519 0.05519704 0.1406424 -0.02837283 0.09594575 -0.06558982 -0.06145335 0.05784411 -0.0528216 0.09700022 -0.03344737 0.001195123 -0.1057475 -0.05320645 0.06000858
-0.04337255 -0.003339731 4.123484e-05 -0.04599272 -0.04467101 -0.01304394 0.1824449 -0.02914957 0.03558808 0.06016825 -0.05656134 0.01787079 -0.002109372 0.006635319 0.07631832 -0.06596619 -0.2856515 -0.4849143 0.7130672 -0.2807362 0.1187011 -0.1661579 0.02485507 0.02394195 0.004661949 -0.03419353 -0.04194983 0.01789305 -0.1259443 -0.1110188 -0.04939968 0.04269085 0.03582804 0.07520787 0.08057334 -0.1269281 0.005424745 0.02715469 0.01821573 -0.01137069 -0.01285332 0.06564336 0.0607815 -0.008193607 0.0827864 -0.02707666 0.01670373 0.004256913 0.02583601 -0.06705263 -0.0422382
-0.03993823 0.01059748 -0.0197385 -0.01459299 -0.03422705 0.01908324 0.04177406 -0.1514115 -0.03396254 0.02361511 0.005696063 -0.01718577 0.3492045 -0.4366031 0.226507 0.05071756 0.0246604 -0.1344015 -0.009623666 0.0120174 0.03505953 -0.008842799 -0.04328715 -0.001715118 -0.03206595 0.02981762 -0.0431891 -0.1056873 0.09899984 0.004009433 0.05294304 0.04937532 0.04818714 0.09394515 -0.272025 0.1532599 0.01060568 0.02145398 0.02165616 -0.2040727 -0.04398118 0.004718367 -0.004096214 0.1048099 0.02777594 -0.05295747 0.04756363 -0.04739483 0.03054372 -0.08226694 0.07945313
0.05664181 -0.05778507 0.008966108 -0.008089923 0.01010054 0.02632796 -0.03033551 0.03688507 0.04933838 0.03494058 -0.1219867 0.05165933 -0.3265278 0.05172812 -0.02283465 -0.2259517 0.1340149 -0.0448965 -0.1104437 0.009195697 0.03147284 -0.0220305 0.06764683 -0.001013691 0.04064062 0.0679299 0.06192665 0.0478866 -0.04942919 0.01770141 -0.05755107 -0.06744835 0.01112032 -0.08196785 0.04528267 0.04614637 0.008906858 0.0193547 0.03318195 -0.006100154 0.01529791 -0.005815951 -0.02368738 0.000867606 -0.01400403 -0.03424596 -0.07487184 -0.01633948 0.1975579 0.04044052 -0.06746136
0.05488623 0.08017994 0.009031722 -0.00232011 -0.07478366 -0.04270241 0.03400033 0.03130232 -0.1798525 0.183417 0.1289408 0.3495422 -0.2755913 0.1328306 -0.1250409 -0.01245431 -0.01000495 0.04596414 0.1757467 -0.01315181 -0.2132019 -0.05014911 0.1075846 0.005404783 0.1339209 0.04799686 -0.02807804 0.3180584 -0.004198693 -0.1092048 -0.05243585 -0.1120282 -0.04432248 0.1136712 -0.0947825 -0.08588745 0.04344941 -0.01990365 -0.008256733 0.02512237 -0.02330504 0.00464764 0.06816925 -0.0106498 -0.006694818 -0.05445745 0.03070799 0.01629881 0.007885046 0.03359435 0.02980023
0.0112585 0.01209407 -0.02183859 -0.06777306 0.05209473 0.01720483 -0.0007460217 -0.01440563 0.03899477 -0.06174046 0.06633407 -0.05284734 -0.04798179 1.31715 -0.7452515 -0.01278569 -0.2209152 0.05590609 -0.204916 0.1659232 0.1039218 0.04340285 0.04929151 0.0972793 -0.02945002 -0.03782237 0.05917068 0.12428 -0.1558142 0.08826295 0.04976428 0.06752941 0.04581995 -0.05530581 -0.02405355 0.02507959 -0.1963494 -0.07520765 0.1560776 0.04013451 0.009905218 -0.01272953 0.1323806 -0.03764075 -0.04372729 -0.09382622 0.004953787 0.008471254 0.02475563 0.05326292 0.01416054
-0.001637637 0.04929009 0.01353519 0.04924749 0.05253132 -0.04270795 0.02364242 0.01181187 -0.0203867 -0.04532339 0.02574373 -0.03742538 0.04023318 -0.03623292 -0.0376778 0.009600092 0.01297717 -0.4298112 0.3863873 -0.1615387 0.0659543 -0.03616774 -0.0925733 -0.03573595 0.04608562 0.01252117 -0.04030847 0.07209095 -0.02187319 0.03054736 -0.05773064 0.08105631 -0.08146948 0.06839845 -0.01049974 -0.002843268 0.04365034 -0.03921667 -0.04234187 0.0338116 0.02766052 0.04777322 -0.0813373 0.01194061 -0.001527936 -0.004758288 -0.03805289 0.005404967 0.04176657 0.02749608 -0.00737838
0.0845423 0.02744497 -0.04235271 0.02662499 -0.1179209 0.04067647 0.0606573 0.02879051 -0.0477102 0.01929254 -0.04056579 0.02385565 0.08369926 -0.09408994 -0.7322947 0.3810384 0.02146767 0.08199565 -0.1868325 0.003439118 -0.006222607 -0.02892601 0.01617451 0.1629286 -0.01399968 0.04314415 0.04305092 -0.03980505 -0.003652189 -0.009429581 -0.02304919 0.07185383 0.074118 0.08658772 0.02743073 0.001691955 -0.0787859 -0.04828727 -0.005748719 0.0611741 -0.05435017 0.02377842 -0.02729586 -0.01672519 0.004357178 -0.05282298 0.08625892 0.01074264 -0.02170716 0.02415897 -0.1177102
-0.01481878 -0.009391458 0.04389641 -0.1399093 -0.04540889 0.1831071 0.1878003 0.03533859 -0.01430413 -0.0325038 0.02335267 -0.006297548 0.02129485 -0.05565802 -0.01482461 0.0183374 -0.01744293 0.01544391 0.004691146 -0.2801717 0.1898733 -0.157717 0.04451401 -0.1268785 -0.05722527 0.02899033 -0.03469262 0.1087516 0.1011248 0.01359218 -0.09821106 0.01816871 -0.04833753 0.04502944 -0.004724937 -0.006210415 -0.01081003 0.02338101 0.01143983 -0.01718507 -0.04477689 -0.02796306 0.03812308 -0.06212004 0.08265211 0.008166811 0.002910379 0.02371561 0.08257563 -0.09528893 0.046627
0.1556748 0.08535737 -0.03523469 0.115432 0.06119533 0.0244835 -0.1514683 -0.02371272 -0.02586461 -0.02985891 0.01310057 -0.0187753 0.003486222 0.1114363 -1.888865 -0.624943 1.184364 0.3386433 -0.01021213 0.1382345 0.01524963 0.05021516 -0.006477857 0.03092514 0.0461324 -0.07902706 -0.05502648 0.0379651 -0.03267452 0.02361542 0.03184199 -0.0004478281 0.02327992 -0.06586535 -0.02401397 0.05244539 -0.0347254 0.1454648 -0.1953294 0.0895656 0.05324242 -0.001389644 -0.05301281 -0.08708785 0.04087902 0.01046315 0.0008941778 0.01821864 -0.008435452 -0.2023321 0.04713721
-0.02177249 -0.01599348 -0.003548499 0.01464827 0.02173507 -0.01121035 0.04127811 -0.04740161 0.1210241 -0.03305461 0.004766993 -0.01608101 0.01439263 0.02191009 0.04134998 0.01695803 -0.04586328 0.04513928 -0.05255539 -0.03784557 -0.008427622 0.008017585 0.01917763 0.00352544 -0.02279606 0.008929017 0.02137066 0.01191362 0.006642944 -0.0410663 -0.001027653 -0.02356064 -0.04309868 -0.003099676 -0.03937475 0.005799107 0.0205841 0.02881864 -0.02759755 0.01417866 -0.005549789 0.02645079 -0.00509899 0.009907132 -0.006025889 0.02995636 -0.001036512 0.01660207 -0.005509385 -0.002487582 -0.008452548
0.01628719 0.01254177 0.0258275 -0.0210319 0.03407506 0.004764539 0.02741729 -0.0003699085 -0.03016732 0.008427823 -0.02920548 0.00776202 -0.02698466 0.01743921 -0.03076698 0.101961 -0.00189652 -0.02413996 -0.118682 -0.01565692 -0.01312141 0.051061 0.02499441 0.01906933 0.009182939 -0.007638153 0.01351011 0.01665109 0.02553283 -0.0152973 0.03042552 0.01318082 0.03127004 0.03399744 0.01654457 0.02465454 0.00399547 0.01129868 -0.02274377 0.009151367 0.0346544 -0.004721634 0.02219865 0.03109042 -0.02123526 0.01442532 0.006766884 0.03757051 0.0171729 0.001191597 -0.008599443
-0.007129855 0.02561917 0.01248384 -0.009043084 -0.02830775 -0.02379705 0.01391683 -0.002945581 -0.01654699 0.006778235 -0.01572529 0.01500994 0.02379997 0.045518 -0.03058711 0.01325533 1.586095 1.202387 -0.3351256 -1.169295 -0.926963 -0.5000208 -0.07420019 -0.0909699 -0.01817141 -0.04822673 0.003349792 -0.00509275 -0.03065902 0.009016531 0.03114415 0.03259732 -0.0307505 -0.02887209 0.01227781 -0.02323408 0.02496352 0.01225674 0.008113506 -0.006623405 0.02061582 0.00519142 0.00187417 -0.01288776 0.01801752 0.01450709 0.03611894 -0.02252903 0.01674639 0.005759387 -0.01476359
0.002471221 0.01573175 -0.01719812 -0.01495303 0.01789477 0.02073868 0.110769 0.3575711 -0.7993781 -0.9146315 -0.06026511 -0.02304416 -0.01103051 -0.02196453 0.03614433 0.004186406 -0.01539162 0.009274195 0.02835063 -0.02198289 0.04214898 0.002591804 0.0007486437 0.01610709 -0.01311793 0.01850247 0.006239938 -0.01122345 -0.007903146 -0.02754202 0.02042362 -0.009876686 0.007495377 0.008879321 0.0123486 0.005013742 0.004160299 -0.002822044 0.02816753 0.003851252 0.01154285 0.02323362 0.02058678 -0.02675702 -0.006947587 -0.0002098933 -0.002606225 0.008830475 -0.01753261 0.01952946 -0.01000762
0.03817499 0.02598879 -0.01563647 -0.005486343 0.01835522 -0.01788822 -0.02122694 0.002996912 0.005592396 0.5227952 0.8503991 -0.6441722 -0.001096157 -0.04777377 0.008293439 -0.04095454 -0.001454081 0.005716171 0.02043621 -0.007426234 0.0250451 -0.004800497 -0.006682229 0.009180192 0.03024133 0.007379977 -0.008699915 -0.001189306 0.03508623 0.006433785 0.01758865 0.004935954 0.01332897 0.01254261 -0.01754706 0.001373105 0.0124205 -0.001924635 0.009236125 0.01681023 0.0009588024 -0.01106802 0.01098407 0.02269806 -0.01284187 0.01167392 -0.001110705 -0.004235425 0.01358553 0.007845618 -0.008270002
0.01633452 -0.01615154 0.03040416 0.004519717 -0.05463474 -0.00412924 0.0208285 0.006732578 0.005162364 -0.01537771 0.01713965 0.003494623 0.01061485 0.01991491 -0.02943917 0.6288519 -0.8596775 -0.1550324 -0.1186947 -0.07606077 -0.02257108 -0.004554741 0.01777959 0.0119319 0.05421562 0.02743028 0.04180101 0.01356139 -0.03781202 0.02118666 -0.002646689 -0.02179997 0.04054667 0.009643444 0.03985512 0.02661104 0.005076996 0.01944027 0.0001552049 -0.006117328 -0.01055763 0.02982458 -0.02506789 0.03818537 -0.03308152 0.03012176 -0.0133877 -0.001868815 0.01806329 -0.01892957 0.002140114
-0.009129375 0.001956095 -0.04037529 0.01784505 -0.031455 0.00970746 0.01841107 -0.008088136 0.04770985 -0.01436885 -0.001051337 0.02497217 0.08960956 -0.2721798 -0.3045136 -0.2026984 -0.07645397 -0.03689155 -0.007704739 0.03460896 0.0007210096 0.02530478 0.005580255 -0.01188228 0.07264557 0.03252172 0.01522428 0.03480125 -0.0421367 0.007146969 0.009074891 0.04702383 -0.001041542 0.02565167 0.04235171 0.03798011 0.06247012 0.06823596 0.06258346 0.0077959 -0.01989332 -0.03309148 -0.03776229 -0.02339382 -0.02421232 -0.04313394 -0.04259323 0.02993034 0.0009159877 0.01439694 0.0319451
-0.04259323 0.02993034 0.0009159877 0.01439694 0.0319451 -0.005543276 -0.02401656 -0.002734611 0.0132916 -0.01292585 0.02167228 -0.02436033 -0.02089694 -0.03968697 -0.05428384 0.0310749 -0.5276076 0.04956689 0.2924922 -0.1356758 -0.1597791 -0.02944866 0.006800513 0.0962963 0.02359159 0.05260073 0.03335666 0.07457081 0.01282453 -0.02835147 -0.05045402 0.04133987 -0.007770413 -0.03742574 0.01537254 -0.007412155 -0.011109 -0.001848224 -0.05226561 -0.03188333 0.008651 0.005347169 0.005810965 -0.001414904 0.0004497897 0.0333151 0.01064144 0.2756545 0.02082161 -0.02671562 0.06835389
0.0203112 0.003286723 0.01609614 0.0008280842 -0.006166058 0.03406833 0.03923469 0.009733555 0.0170496 0.0005397731 0.03284023 0.01809109 0.02559179 0.004916589 0.03420287 -0.003057213 0.01462415 0.006181975 0.02438593 0.04703967 -0.00711236 -0.02125116 -0.07927616 0.1802449 -0.2062662 -0.4950383 0.3239281 0.1953734 0.03259293 -0.01543498 0.2854509 -0.09615856 0.337733 -0.07081955 0.008772603 0.0450202 0.06740913 -0.04566483 0.1149103 0.1216561 0.2024256 0.04606271 -0.05828336 -0.08158704 -0.03555585 -0.04995211 -0.05769413 0.007915339 -0.01760142 -0.009023169 -0.003193305
0.08231265 -0.02327488 -0.006526427 0.0006701952 0.02595832 -0.01106728 -0.03148457 -0.02337348 -0.004887115 -0.0005972143 -0.02100155 -0.004909968 0.09619159 0.009649991 0.03602339 0.04810531 0.05468424 -0.07696588 -0.06664442 0.01221599 -0.007810746 -0.00260635 0.03482594 -0.123107 0.01921795 0.142428 0.6369358 -0.1747045 0.193636 -0.1319958 -0.443383 0.1925851 0.01721361 -0.04356192 -0.002793348 -0.0358259 -0.0724984 -0.06469077 -0.02564847 0.03756447 -0.03744549 -0.01696668 0.06897115 -0.006020832 -0.0205716 -0.01141701 -0.06068165 -0.005896776 0.02036207 -0.0008858909 0.005916174
-0.04963145 -0.08642533 -0.01352725 0.0677512 -0.003621483 0.06555556 0.04064451 -0.1499815 0.005366993 -0.06036489 0.06212669 -0.02487237 -0.03399204 0.01173482 0.04778787 0.04508126 0.0275157 0.005950932 -0.01670677 -0.01536786 -0.02673839 0.01666676 0.05702678 0.02183896 0.03395009 0.07292205 1.623777 -0.1231182 -0.02752192 -0.2157625 0.3302509 0.09313644 -0.4067912 -0.7131109 -0.5394613 0.1780335 -0.1116063 0.04884322 0.2210584 -0.1918285 0.03108284 -0.04563973 -0.1448261 0.01310136 0.1209644 -0.06020157 0.03735981 0.02734976 0.02850919 -0.02623104 0.02234843
-0.006508591 0.001591782 0.07381815 0.01004376 -0.06101633 -0.09645589 0.009427072 0.01173029 0.002654582 0.01158311 0.008790035 -0.006722301 0.06069463 -0.03517884 -0.05345914 0.06300717 -0.00680608 -0.03487983 -0.02490817 0.04097083 0.028959 0.0934162 0.9567065 0.2829078 -0.1783033 0.3173158 -0.05370776 -0.5778775 -0.4813887 -0.2658903 -0.1942558 0.06659034 0.2815392 -0.06135268 0.0980483 -0.04481083 0.02796964 -0.01876778 0.03436969 0.03552004 -0.01500243 -0.05573516 0.008585601 0.07237632 0.02966913 0.0303665 -0.006796768 0.03149488 0.02702331 -0.07249609 0.02543956
0.007856821 0.03567507 0.02623955 -0.002649448 -0.03528661 -0.01048227 -0.01751781 0.002447646 0.007380994 -0.02017822 0.01457177 -0.0042375 0.5436268 1.138678 -0.3097441 -0.7955652 -0.255418 -0.05051214 -0.02607444 0.03070425 -0.3838742 -0.0730762 0.1720314 0.06361546 0.1147075 0.06148496 0.08111937 -0.02434276 0.08226895 0.06674663 0.005427099 -0.01940656 0.01258366 -0.03157803 0.04187303 0.02327679 0.0008930863 0.01635412 0.01189995 0.02788398 0.02093203 -0.05477323 -0.02537925 0.01063859 -0.02203938 -0.0108722 -0.004247578 0.0246753 0.009305424 -0.02082134 -0.00500202
-0.01099997 0.02201458 -0.005971218 -0.06525462 -0.04097621 0.01864104 -0.03706982 -0.004453834 -0.01077248 -0.03567259 -0.009859589 -0.03665952 0.0384203 0.02426271 -0.03854629 0.05217892 0.001391429 0.01666385 -0.01013531 -0.02933118 -0.01742862 0.06240205 -0.01789477 -0.04830264 -0.02102496 -0.02274805 0.04166814 -0.01799998 0.04068235 0.02640127 -0.09568822 -0.5637459 -0.2126839 -0.09821191 0.5060194 0.4906615 0.2065529 -0.5585697 -0.2721766 -0.07331523 0.3174276 0.1380127 0.09345393 0.1045452 0.0330055 -0.04846132 -0.0503911 -0.110603 0.03819546 0.06307089 -0.06636729
0.01669396 0.0294912 -0.009696303 0.007795663 0.01000418 0.03422105 -0.02664162 0.03250312 -5.82654e-05 0.03217658 -0.004226034 0.04365882 0.01499401 -0.01728061 0.07607462 -0.04313228 -0.04576194 0.009353918 -0.04333741 0.1035406 -0.3001846 -0.3498604 -0.4693366 -0.1735358 -0.06905631 0.2462796 0.1639354 0.285166 0.2595373 0.08538268 0.02546803 -0.02545508 0.04345205 0.08915862 -0.08147294 -0.01206018 0.03093017 -0.007094048 0.06020046 0.02715298 -0.006979953 0.08458818 -0.03710199 -0.07052141 -0.02660625 0.06438757 -0.001894854 0.02900875 0.06646357 0.02142413 -0.01240099
0.003006279 0.06701472 0.04858225 -0.01962392 0.02149619 0.01529295 -0.03751603 -0.03925552 -0.001706204 0.002663696 0.01197358 0.01107051 0.02215385 0.0001206092 0.01888254 -0.03795451 0.003313479 -0.1720758 -0.2614642 0.3068189 0.1841466 -0.5500778 0.09164805 0.428643 0.09552744 0.07172725 0.0460532 0.01458541 0.05089102 -0.07137685 -0.01101365 0.02375318 0.0009387807 0.01528652 -0.02377037 -0.01384123 -0.001257893 -0.01013192 0.01401151 -0.08726624 -0.001402439 0.02017267 -0.00932144 0.06904949 0.04330318 0.008547855 0.02184279 0.001489676 0.03571801 0.02646741 0.06995776
-0.04527783 -0.02906271 -0.003824144 0.01561991 -0.02542762 0.02737497 0.01242424 -0.0241777 0.03385594 0.004880943 0.009483784 0.008321643 0.04156591 0.0256289 0.005134237 -0.01034447 -0.03778911 -0.02037912 0.004815595 -0.003625488 0.005452186 0.06046592 0.06680071 0.1983939 0.1054957 -0.09035031 -0.1454304 -0.11641 -0.07618695 -0.02437995 -0.1911335 -0.01619925 -0.04146245 -0.0188444 0.08986738 0.05110926 -0.04395439 0.0336196 0.02474055 0.07065848 -0.03675689 -0.0295594 0.02054383 -0.03417984 0.02237114 0.02594416 -0.03169616 0.009784917 -0.02177479 -0.01625861 0.05246611
-0.06988455 -0.03595233 -0.01515385 -0.007348683 -0.007605286 -0.01889168 -0.02403173 0.007071275 0.0225756 0.03749084 -0.005026952 0.02474532 -0.02358866 0.02215468 -0.006019861 -0.02427205 0.02950442 0.0251871 -0.02343338 -0.02350006 -0.02703539 0.05970795 0.1052079 -0.03524483 0.01555083 0.04356552 -0.0469647 -0.0128577 -0.009823992 -0.04065565 0.03757386 -0.003928949 -0.002658664 -0.001833632 0.002497104 0.02350459 -0.0238837 0.009638408 0.02426896 0.02397615 0.002476924 -0.007249132 0.007316961 0.02312619 -0.00164968 -0.0105272 0.01948499 -0.1118758 0.06235427 -0.002391465 -0.02159091
-0.009823992 -0.04065565 0.03757386 -0.003928949 -0.002658664 -0.001833632 0.002497104 0.02350459 -0.0238837 0.009638408 0.02426896 0.02397615 0.002476924 -0.007249132 0.007316961 0.02312619 -0.00164968 -0.0105272 0.01948499 -0.1118758 0.06235427 -0.002391465 -0.02159091 0.0166803 0.0004052767 0.009783693 -0.01099192 -0.03314178 0.02235724 0.03469734 0.0721835 0.00477679 0.2402861 -0.0574765 -0.1292493 -0.2185478 -0.2173103 0.05301547 -0.06142538 -0.04110655 -0.006216721 0.008191961 0.01568382 0.01613732 -0.009187524 -0.01677758 0.01424471 -0.03339719 0.01875966 -0.03757625 -0.01342499
0.02668061 -0.01265915 -0.0007465925 0.04698808 0.03443275 0.00370049 -0.001955371 -0.01929877 0.005244704 0.02139773 0.01527945 0.02025796 0.02220481 -0.02139967 -0.01894644 0.0240364 0.1045877 0.2299555 -0.2442951 -0.6490802 -0.2429851 0.1384041 0.09725788 -0.05406879 0.3202034 0.1400045 0.03719673 0.1117537 0.06489798 0.09111024 0.1253657 0.01531671 0.01228778 0.00878043 0.004953327 0.01052019 0.00215113 0.003129055 -0.001991624 0.01045781 -0.03028621 -0.01167362 -0.02797929 0.00639151 -0.016974 0.02647743 -0.02203122 -0.01592629 0.02277367 -0.007417563 0.01811463
0.0279418 0.00448492 0.007115603 -0.001979288 -0.007011604 0.01748145 0.0005232081 -0.02447292 0.02388766 -0.01630998 0.004247346 0.0121658 -0.008368674 0.04527612 0.01571423 -0.02095115 0.01108018 0.004578058 -0.00201914 -0.02152968 -0.002587075 -0.3396723 0.3426166 0.4190209 -0.02494257 0.0125552 -0.05753047 -0.1647681 -0.06310916 -0.2667949 -0.1983237 0.03051553 0.01738448 -0.0305336 -0.05911795 -0.03343472 -0.01356821 -0.03825331 0.001588695 0.01907219 0.01162705 -0.01113288 -0.006648553 -0.01384744 0.01063614 -0.02376519 0.01136298 0.006924685 -0.0008041161 0.02493606 0.008112083
-0.02295301 0.02960625 0.02745209 0.01746924 -0.0239487 0.007782379 -0.01696556 0.01116497 0.01033799 0.02433096 -0.02975488 -0.03720234 0.007368024 0.003232463 0.02044353 0.5796047 -0.2788682 0.01906075 0.07302845 0.0717876 -0.1262258 -0.04212053 0.0857643 -0.08139089 -0.1297455 -0.02190199 -0.03526653 0.001472433 0.03285847 -0.001472205 -0.01047984 -0.02194131 0.02743864 0.0176635 0.0145862 0.02835423 0.05554121 0.003787192 -0.002105251 0.01240309 0.01311295 -0.01672678 -0.006709132 0.01183079 -4.609661e-05 -0.009858485 0.02826861 0.004086799 0.02959397 0.0009886362 0.007755872
-4.609661e-05 -0.009858485 0.02826861 0.004086799 0.02959397 0.0009886362 0.007755872 -0.01304643 0.004667448 -0.02150037 -0.001196189 -0.004542939 -0.007632688 -0.02690284 0.01787559 0.01413606 0.01044461 -0.01153531 0.04624457 0.5794588 -0.3037947 -0.1236917 -0.4672315 -0.1080532 0.1487426 0.1939355 -0.1276391 0.01450343 0.1697818 -0.06307992 -0.1061821 -0.1218938 0.03404223 -0.03129202 -0.01433501 0.01522268 0.1196358 0.04040414 -0.03614087 0.02564191 -0.04023546 0.03058478 -0.0299627 0.004822126 0.004902058 0.04717524 0.010109 -0.04329662 0.01578982 -0.01436411 -0.01313645
0.005693099 -0.01415271 0.02331607 0.002597307 -0.01970035 -0.002886776 -0.006455449 0.02737805 0.0286223 0.07869507 0.4897076 -0.001851349 -0.05603507 -0.1037089 -0.4889562 -0.1538526 -0.06384724 0.002875441 -0.003614904 0.01677958 0.01933302 -0.003217491 -0.01840909 -0.01976827 -0.03516228 -0.02076828 0.0007723644 -0.04206234 -0.02509056 0.01185815 -0.02590951 -0.01243256 0.01273389 -0.003514903 0.02089408 0.04612553 -0.002455427 -0.01473137 0.03206345 0.01640347 0.01196602 0.01807631 -0.01707426 0.002605085 -0.01064212 0.01313918 -0.024211 0.04243259 -0.003399032 0.002239593 -5.982547e-05
0.04612553 -0.002455427 -0.01473137 0.03206345 0.01640347 0.01196602 0.01807631 -0.01707426 0.002605085 -0.01064212 0.01313918 -0.024211 0.04243259 -0.003399032 0.002239593 -5.982547e-05 -0.01264218 0.01128137 -0.004726873 -0.002346454 -0.009731913 -0.1494263 -0.186358 0.5336261 0.3122424 -0.2506765 -0.01111069 -0.06166356 -0.2388648 -0.01309904 -0.03961334 0.03158696 0.1279209 0.1419932 0.07595439 0.02766384 0.003785347 -0.006422868 -0.03297544 0.003140127 0.0007705993 0.01102169 0.01785607 0.008721227 0.01740022 0.02055468 0.06465694 -0.04307572 0.06867292 0.09834974 0.07480887
0.03374248 -0.02081073 0.01494033 -0.04718539 -0.05145344 0.02522296 0.01205786 0.0487443 0.008702526 -0.05823233 0.06964229 -0.04773393 0.2684459 0.1045499 -0.4643704 -0.6143725 -0.6436923 -0.7176226 -0.3702195 0.910735 0.6556721 1.01775 -1.008112 0.55428 0.2636243 -0.06524906 -0.06341704 0.01062644 -0.009601437 -0.01582368 0.003197294 -0.008858486 -0.05670404 0.05206001 -0.03257686 -0.001255201 -0.00361847 0.08646461 0.01734185 -0.01851044 0.01411039 0.04106979 -0.02196367 -0.06212083 0.02787404 -0.03258175 0.04449951 0.01586504 -0.08033291 -0.0562421 -0.02556865
0.01203789 0.03407286 -0.01494074 -0.04386861 -0.005546043 0.03082186 -0.003259745 -0.06750433 0.009761099 0.04358221 -0.009247901 0.009334001 -0.02496399 0.0274903 0.01553647 -0.06448429 0.05116208 0.07613927 0.04009969 0.01320694 -0.1047027 -0.6360511 0.2492251 0.387464 0.1070426 -0.06254425 -0.1059723 0.006911798 0.002974778 -0.03761345 0.03288577 0.001942428 -0.08634594 0.05532505 0.02283789 -0.05275515 0.04751572 0.007596759 -0.02942442 0.01736332 0.02754713 0.03198918 0.03837235 0.01098362 -0.08258069 0.03079211 -0.01398003 -0.001202585 -0.003100327 0.04026123 -0.0417392
-0.006311922 0.01490772 0.0258611 0.0179941 0.01546259 -0.02524013 0.03916528 0.101843 -0.03966474 -0.05975674 -0.1341037 0.0193734 0.07676582 0.04651779 -0.3342051 -0.3879125 -0.1095743 -0.02410627 0.539261 0.5523214 0.02594107 0.05374976 0.01761952 -0.01380136 0.02791389 0.04075897 0.009873684 0.04043379 0.007758333 0.09098233 -0.02816805 -0.03770302 0.04808312 0.05404086 -0.0005435005 -0.004505054 0.007754901 0.02312667 -0.01490628 -0.06301808 0.03460217 0.07426381 -0.005422132 0.08603647 -0.09564746 0.07856563 -0.03605404 -0.004873884 0.009205207 -0.0442231 0.04801319
0.009205207 -0.0442231 0.04801319 -0.06421221 0.01100171 -0.08901025 -0.01968053 0.05596325 0.02633381 -0.1061764 -0.004825522 0.06745066 0.01198282 0.08374272 0.0452123 -0.03405953 -0.03177327 0.0334583 0.3967914 -0.8052093 -0.387533 0.4797998 0.5446224 0.05311257 -0.0571502 0.01778875 -0.02154311 0.01344769 -0.003835415 0.04029272 0.05313486 -0.002379393 -0.0429013 -0.04584001 0.1515946 0.04071599 -0.007222837 0.008007727 -0.007197282 -0.01656126 0.0370408 0.05986813 0.003572178 -0.07564929 0.01363916 0.04599141 -0.04845561 -0.01957504 -0.0200846 -0.01857203 -0.02591982
0.03384846 0.01224079 -0.03897259 -0.006486162 -0.0288911 -0.02562138 0.06514442 0.07155015 0.02278944 -0.003747961 0.06869087 0.02686215 -0.005592299 -0.01092234 -0.0793334 -0.3946702 0.1959645 0.1388304 0.0908999 -0.03677964 -0.01566312 0.007217112 -0.002494573 0.07789534 0.05084004 -0.05456439 -0.0598371 -0.05512269 0.01044695 0.01308796 -0.002857569 0.05594069 0.0006929408 -0.005130938 -0.08682737 -0.0355877 0.03762326 0.008047299 -0.01647517 0.07095759 0.04403907 0.03870009 -0.01571993 -0.01704231 0.05097386 0.07840981 -0.0007972617 0.04172357 -0.07164902 -0.04667743 0.04590383
0.008047299 -0.01647517 0.07095759 0.04403907 0.03870009 -0.01571993 -0.01704231 0.05097386 0.07840981 -0.0007972617 0.04172357 -0.07164902 -0.04667743 0.04590383 0.0009957943 0.006382688 0.01678057 -0.001845849 -0.02727345 -0.04740183 0.5943582 -0.6417295 -0.1086272 0.03842555 0.1489695 -0.07804705 -0.04255576 0.05339622 0.1603591 0.04332732 -0.03734149 0.01402696 -0.0006186113 0.03812368 0.02726258 0.01480778 0.03813545 0.02980622 0.06257409 -0.02544528 -0.09924265 -0.008447292 -0.05471434 0.03872067 0.0431755 -0.03328274 0.01913724 0.08709857 0.06798993 -0.05759975 -0.03028021
0.002959068 0.002242531 -0.01484289 -0.03967218 -0.008027353 0.03713715 0.1019373 0.01303937 -0.009494862 -0.0116794 -0.02174773 0.00288481 0.004007409 -0.02206978 -0.1243722 0.3232682 -0.02495869 -0.4981526 0.1094046 0.09270309 -0.07304943 -0.1040559 -0.05282359 0.09147912 0.009898097 -0.04498065 -0.05934469 0.06609897 0.04111873 -0.001338575 0.01593946 -0.009414306 0.0210887 -0.04574105 0.0541849 -0.001620121 -0.01621816 -0.02675014 0.03567807 0.006789373 0.09189122 -0.05579738 -0.1013378 -0.006342149 0.001595985 0.009743099 0.05677799 0.0782856 -0.03288797 -0.05084159 0.04812577
0.0004881954 0.02405373 -0.01064445 -0.003211314 0.06523535 -0.001379277 -0.01259528 -0.003385225 -0.003138094 0.04738184 0.02166227 -0.03833448 -0.0001797007 0.0175744 -0.189626 -1.35465 -1.554798 -1.502409 -1.25702 -0.5489758 0.4428372 0.9471031 0.4758803 0.2865103 0.08241502 -0.03672045 0.05394468 0.03326934 -0.02608914 -0.02429293 0.009952387 0.009818513 0.06433412 0.384432 0.9638003 0.712314 0.7125595 0.7307807 0.7171993 0.7833238 0.7764828 -0.1676483 -0.1257098 0.0850377 0.01990418 -0.04605446 0.01470859 -0.001205187 0.007595405 0.01924239 0.0500404
0.01470859 -0.001205187 0.007595405 0.01924239 0.0500404 0.02452379 -0.00522733 0.01222662 -0.005522401 -0.029046 -0.03858015 -0.03745494 -0.03118122 0.01369993 0.05191096 0.03773286 0.01577723 0.02573732 0.02020404 -0.02582967 0.001389534 0.06273576 0.7860069 0.8615777 -0.4529293 -0.6421357 -0.3847138 -0.05092094 0.05696662 -0.007381311 0.05072809 -0.03724119 0.05739488 0.009500494 -0.06337706 0.01842588 0.0256814 0.04062158 0.02338943 0.01350262 0.04256742 -0.01153966 0.130529 0.003512742 -0.004654867 0.01848464 -0.05771274 0.005634608 -0.04904828 -0.03943099 -0.01619801
-0.03417499 -0.001105085 0.05119957 -0.04190427 -0.1351764 -0.04801558 0.01053371 0.05548688 0.01172439 0.02383655 0.0203846 0.002289966 0.001811202 -0.04940842 -0.01416454 0.929736 0.8658044 -0.862615 -0.3659864 -0.1906877 -0.002260653 0.02467079 0.1208786 -0.07452015 -0.04881945 0.1057761 -0.1054492 0.005318619 -0.008579607 -0.0584821 0.0167894 0.001039264 -0.001006159 0.01152148 -0.05015342 -0.02509848 -0.02530728 0.05914098 0.02638716 0.02961615 0.06181805 -0.009595466 -0.03526489 0.01808259 -0.02662725 -0.009687181 -0.0490718 0.006858923 0.01805539 -0.001608631 0.01864139
0.008800388 0.01598388 -0.002042464 -0.3279735 0.06465217 -0.0645422 -0.06595737 -0.03608289 0.03168038 -0.06204304 -0.02193792 -0.06095586 -0.02903049 0.02422602 0.5727928 -0.2523468 -0.2429492 -0.05704623 -0.02204361 -0.07078633 -0.06814402 -0.09787885 0.0265999 -0.01464982 0.0346087 -0.02273801 0.02899064 0.01216032 0.03170924 0.03926884 0.05437579 -0.0116382 0.07588304 0.0794788 0.08090099 0.03684145 0.07665799 0.009897128 -0.03458702 0.01839641 0.05476475 -0.01020173 -0.03008227 -0.07462966 -0.01424203 0.01854668 -0.01611647 -0.06329209 0.05218745 -0.0723277 -0.1176981
0.03684145 0.07665799 0.009897128 -0.03458702 0.01839641 0.05476475 -0.01020173 -0.03008227 -0.07462966 -0.01424203 0.01854668 -0.01611647 -0.06329209 0.05218745 -0.0723277 -0.1176981 -0.6775898 -1.079315 0.320719 1.074793 0.4299723 0.1408836 0.05038175 0.02444298 0.003298302 -0.0111488 -0.004367901 0.008865372 0.008183017 0.01677766 0.01126055 0.008720866 0.0193971 0.004153367 -0.01274194 0.003032432 -0.000405404 -0.02244616 -0.02592419 0.01157422 0.02102262 -0.0005536856 -0.004167615 -0.006232457 -0.03075381 0.007482851 0.02431632 0.02091911 0.04511044 -0.001140683 -0.01278456
0.02431632 0.02091911 0.04511044 -0.001140683 -0.01278456 -0.01757823 -0.003744291 0.03876635 -0.03694475 -0.02078497 0.004037534 -0.01712643 -0.01812781 -0.05417311 -1.575629 -2.142447 -3.119965 -2.829693 -1.812666 -1.624557 -0.5914007 1.127323 0.6385031 -0.0352087 0.1853706 0.3757714 0.2866134 -0.03080545 -0.1110747 0.02574181 0.0950096 0.03967907 0.03050045 -0.004613345 -0.1307876 0.01096522 0.8277752 0.9614708 1.07607 1.012781 1.032646 0.9619862 1.035638 1.023346 0.9631435 0.7689645 1.013553 1.475152 1.326655 0.2157731 -0.3260685
-0.01894386 -0.01040625 0.006021338 0.0001511308 -0.001765673 -0.0237467 -0.01985082 -0.02456609 0.02965927 0.01522517 -0.0002508979 -0.003510107 0.02241432 0.03746032 0.4645872 0.4376536 -0.4301412 0.08800369 -0.1096794 -0.1714257 -0.2464435 -0.1698346 -0.1076955 0.02463987 -0.02539455 0.1834208 0.1022317 0.03449856 0.1021291 0.01199315 0.04449774 -0.01503361 0.03621283 0.01996928 0.06041111 -0.04444341 -0.07127564 0.04709612 0.03508906 0.02987782 0.07605338 0.0160096 -0.04083597 0.0217401 -0.02801327 0.005727548 -0.03484155 0.02763063 -0.06607865 0.03576031 0.06301808
0.001077331 -0.002454705 -0.02066697 -0.002349234 0.004108764 -0.01417896 -0.03412642 -0.003696524 -3.061203e-05 0.01345128 0.03773454 0.03669424 0.008884199 -0.04137516 -0.001538036 0.01137195 -0.1733552 -0.9187467 -2.011828 -2.24185 -2.252714 -1.921247 -1.146075 -0.4091382 0.3160273 0.7981806 0.5078092 0.2952258 0.2427165 0.0002091263 0.06293984 0.1039121 -0.05570938 0.06373668 0.02126909 0.0357963 0.04489227 -0.02139972 -0.01229429 0.07082845 0.07089975 0.0413049 0.7112661 0.8900795 0.9439411 0.884397 0.8807839 0.8774272 -0.1265347 -0.1561605 -0.008675713
-0.01286617 0.02780592 -0.01813602 -0.01847027 0.005140928 -0.05169794 -0.007402366 -0.03468916 0.01639599 0.01169578 0.007499033 0.006810806 -0.02786416 0.02619571 0.05596127 0.01034841 0.001493321 0.005465417 -0.02702012 -0.008729381 -0.008676254 -0.007866521 0.008827473 -0.01116855 -0.3750463 -0.950025 -0.2687751 -0.6554323 -0.3561501 0.7033134 0.8528838 0.4632967 0.2932174 0.1455435 0.0488389 -0.0915712 -0.1195514 0.09658276 0.1168932 0.06275708 -0.05557041 -0.006322755 0.05825024 -0.02722571 -0.07318693 0.05015299 0.03037795 -0.01909848 -0.0216071 -0.02672134 -0.01526754
0.03037795 -0.01909848 -0.0216071 -0.02672134 -0.01526754 -0.02294336 -0.01828152 0.03418459 -0.02017413 -0.01239454 0.03276143 -0.01529093 -0.03335419 -0.04348203 0.03839258 0.02719809 0.01046408 0.02832443 -0.2482188 -0.1154344 -0.4824571 0.5572431 0.09474038 0.01238617 0.05186886 0.02607739 -0.05338157 0.0433761 0.02095935 0.007541799 0.02757224 0.00248732 0.004821563 -0.005428129 -0.004727281 -0.01938159 0.06386515 -0.03935107 -0.05138773 -0.01931662 -0.0291313 0.07007861 -0.1008127 -0.05834628 0.09520761 0.02087082 0.0517048 0.09235063 -0.07256321 -0.1033838 0.03253124
0.02262787 0.02279461 0.01654352 -0.0112444 0.0291201 0.02138531 0.008925938 0.00494009 -0.008031455 -0.01145416 0.02035949 0.01286524 -0.03191285 -0.03094277 -0.883353 -0.5996415 -0.4004952 0.5180283 0.04454346 -0.1943095 0.08975045 0.5695068 0.5025195 0.139018 0.05758191 -0.01785864 -0.008664323 0.05280466 0.07509165 0.0337203 0.01568746 -0.004617968 -0.0728986 -0.02982366 0.02696147 0.0124613 -0.005571753 0.02482982 0.02054472 -0.01868966 -0.03380937 -0.005770702 0.02374491 -0.01444652 -0.05196992 -0.0314578 0.06428696 0.002825111 -0.06306756 -0.01423021 0.05624443
-0.01161923 0.01699221 0.05590935 -0.06007678 0.1124387 -0.07793629 -0.03708556 -0.04925977 -0.0251447 -0.1010764 0.1153673 0.02075974 -0.05133754 -0.01823132 0.04194316 0.06856851 0.002268821 -0.05588046 -0.1748242 -0.4480498 -0.4405983 0.7884168 0.4850757 0.5310364 0.1863801 -0.08565679 0.01673838 0.04082423 0.07496925 0.07382388 -0.04794037 -0.01083581 -0.0305389 0.01674532 -0.003583265 0.02788715 -0.1083801 -0.007765739 -0.01305436 -0.02121921 0.01934325 0.04645146 0.05880211 0.03512571 -0.01456543 0.03576779 0.04986436 0.08781266 0.01239887 -0.02145086 -0.1100812
0.07264235 0.100197 -0.037013 -0.05321853 -0.0905997 0.03217817 0.02240311 0.03549159 -0.07078736 -0.02989615 -0.03559051 -0.06279465 0.02755632 0.03717257 -0.05304052 0.09801804 -0.1418931 0.232286 0.5252004 0.08321235 -0.02608983 -0.02674814 -0.1040746 -0.004251375 0.0556891 0.02490352 0.01123198 0.04015252 -0.06393731 0.01876566 0.01349097 0.06191328 0.01120261 -0.06981228 -0.1336012 0.05822005 0.08972973 -0.01907391 0.02004896 0.04023752 -0.02207273 -0.08014946 -0.001470862 0.07589686 -0.1515259 0.02258466 0.02858629 0.1031921 -0.1187284 0.1492805 0.1100279
0.1764959 0.05404344 0.03333424 -0.1712135 -0.1247092 -0.006768908 0.000390546 0.02058476 0.04257186 0.01025582 -0.007416681 0.003275277 0.03752521 -0.06520108 -0.03070058 0.009188326 -0.01150255 -0.02842392 0.02049406 0.0007629649 -0.0315168 -0.02793883 0.06101662 0.04412357 -0.02106375 0.005861671 -0.01399759 0.03452993 0.005139891 -0.02643684 -0.007245223 -0.05890638 -0.03242617 -0.0609922 0.04475682 0.002180799 -0.01029718 -0.1204439 0.09511854 0.0413973 -0.04544716 0.07292367 0.08549667 -0.07459023 -0.03890891 -0.02536136 0.08050781 -0.04078063 0.1213886 0.01713479 0.003338473
-0.01273453 0.01238427 0.02675118 0.01492929 -0.007107608 0.002954659 0.001199246 0.01732347 0.02306451 -0.03836096 0.02353297 -0.008926892 -0.01135473 -0.0009586671 0.02955827 -0.01792723 -0.006654772 0.01877986 0.2413159 0.1646856 -0.1291344 0.02926768 0.1482786 -0.322177 -0.1537165 -0.2020425 0.08261248 -0.1252286 0.02308955 0.09268162 -0.01064602 0.1043678 0.109358 -0.01646026 0.01973907 0.002817099 0.00659417 0.002799487 -0.00406656 -0.01360365 0.0221608 -0.03356786 0.03410905 -0.05280244 -0.02151535 0.002819279 -0.002355966 0.0005712651 0.05905649 0.005414178 0.06410059
0.002665942 0.01333895 -0.02023357 0.01381149 0.009571107 -0.01384691 0.02939021 0.02411214 -0.006266006 0.01882712 -0.02771355 -0.02012504 -0.01133343 0.01619309 0.004345584 0.4625027 -0.1045614 -0.2914252 -0.1534712 -0.05845014 -0.05432256 -0.2524228 -0.08199035 0.1066481 0.238017 0.02802096 -0.3059856 0.02906786 0.09179802 0.171162 -0.009445244 0.09562705 0.04532114 0.09234513 0.1990856 0.0009695605 -0.09534447 0.007091046 0.006812233 -0.0889973 -0.09001491 -0.007397849 -0.01805144 -0.001221047 -0.01296716 0.01921421 0.001884736 0.00794557 -0.01242435 0.005044919 0.06762859
0.03542775 0.03789227 -0.002306018 -0.02526882 -0.01798839 0.01476934 0.031964 0.0147992 0.04432924 0.00691142 0.008376304 -0.01903194 0.02183476 0.004639579 -0.003315826 -0.01501044 -0.07492124 -0.5108015 0.407519 -0.2429272 -0.1467071 0.07374557 -0.1833807 0.04784853 0.07820667 0.01746118 0.1216594 0.01636204 -0.07072822 -0.222386 0.05868087 0.06331231 0.09488773 0.1029338 -0.02156997 0.01932626 -0.006538068 0.05173319 0.08233897 -0.02015054 -0.05621896 -0.01768772 -0.004727204 0.07326666 0.04863399 -0.04375429 0.00847064 0.05436595 -0.05158705 -0.01083443 -0.004271681
0.005096955 -0.01005488 -0.01304135 -0.03877769 -0.04417558 0.03727918 0.03533126 0.05567664 0.05570453 -0.001070449 0.0238871 0.03694227 0.01906411 -0.1787841 -0.7599589 -2.29234 -1.744864 0.2302421 1.105345 0.4180021 0.2111423 0.1049779 0.1137043 -0.01116959 -0.007769501 0.03408886 -0.02434419 0.05739904 0.02098729 -0.001911999 0.02787468 -0.01917407 -0.02387373 0.02206291 0.008364055 -0.04659918 0.06156237 0.02744906 0.03061628 -0.09035426 -0.04089206 0.01727441 0.02053539 0.1120252 0.3788199 0.883253 0.7403079 0.6407752 0.8319831 0.8603884 0.08958342
-0.01483641 0.0730489 -0.04020543 -0.02176242 -0.03059632 0.07731304 0.05193515 0.05095745 0.07566655 -0.01361648 -0.1020046 0.02439721 0.06206301 -0.0478367 -0.0686783 0.04737151 -0.01064739 0.01307783 -0.1841893 -1.318364 -1.231741 -0.5443667 0.1963648 1.065574 0.5653626 0.1301524 0.03445469 0.06995665 0.08183455 0.05343838 0.01386556 0.01219779 0.06037791 -0.01738505 0.004069246 -0.02247663 0.01287841 -0.02705119 0.05392584 0.03963786 -0.07006717 0.005863348 0.01516275 -0.04091134 -0.04207128 -0.002444863 0.002796097 -0.02499386 -0.03381393 -0.03889738 0.002532716
0.05245266 -0.07435584 -0.05033631 0.01787337 0.0001070063 0.01396306 -0.01432474 0.02823602 -0.02483907 0.02032601 -0.04894137 -0.06913559 0.1100754 0.02842059 -0.02739322 0.007907375 -0.4734042 -0.8474149 -0.9978251 0.08245153 0.9810338 0.6386172 0.4541194 -0.009629495 -0.004335802 -0.005331357 -0.03461118 -0.04097497 0.09521898 0.08741175 0.002595606 -0.02224822 0.002779132 -0.01643643 0.04866447 0.0299243 -0.05549522 0.004512521 0.01029641 -0.006484063 0.03781972 0.06190581 -0.02807752 -0.04316606 -0.0364538 -0.007992569 0.06468113 0.534102 0.6860356 0.6358815 0.01790194
-0.35544 0.04609191 0.1737414 0.01044353 -0.06707098 0.02797917 0.06040485 -0.07449356 0.0004629309 -0.1202466 -0.04420636 -0.2454612 -0.05616474 0.4925385 -0.05676908 -0.1168946 -1.368846 -1.137692 -0.7307571 -0.1699497 1.092632 0.8735122 0.4664626 -0.0099665 0.03240718 0.1174929 -0.01747187 -0.02535881 0.02212445 0.02850437 -0.01773422 0.05206303 -0.002109054 -0.02928418 0.01708993 -0.003034067 -0.05903823 0.001137384 0.005876398 0.02000119 0.0007597 0.01333397 0.07418516 0.02464899 0.03314173 -0.02561256 0.02142494 -0.008579946 -0.01926819 -0.02656054 -0.05098134
-0.05444869 0.006242853 0.08156558 0.03390215 -0.04456064 -0.001291845 0.01821817 0.0258517 -0.006042672 -0.04174558 -0.05538441 0.04778086 -0.00415038 -0.01238967 0.01414154 -0.01772234 -0.04710492 -0.01285671 -0.01117653 -0.2163733 -1.204129 -0.3101159 0.1980162 1.122129 0.5631319 0.02714208 0.01834168 -0.01511493 0.03459112 -0.00578849 0.022156 0.05515173 0.01571174 0.00979115 -0.005983048 -0.09838635 -0.04352158 -0.03343961 0.01724029 0.03484443 0.03725604 0.07672071 -0.0718992 0.02916408 -0.006617792 -0.004822585 0.000151674 -0.0594758 -0.0363534 -0.01042472 -0.04548138
0.06528673 0.05965906 -0.009834165 -0.02941652 0.06909535 -0.03554746 -0.1816307 0.08694608 0.0006093506 -0.0438615 0.06406847 0.003751891 -0.08358667 0.01612362 0.04998666 0.01542066 0.01227585 0.03316602 -0.03982867 -0.05452497 -0.1173255 -0.8197524 -0.8342495 0.2612251 0.9242651 0.4500107 0.04752387 -0.1071089 -0.01989357 0.03384765 -0.1393646 0.137488 -0.05063144 0.06803202 -0.00414753 -0.04513778 -0.01285697 -0.01133014 0.005559821 0.001339403 -0.008415611 -0.01897588 2.387061e-06 0.006395416 0.01216867 0.001771567 0.0608222 0.02683948 -0.01996587 0.01192515 -0.03984532
-0.001634578 0.01933782 0.02411776 0.01906283 0.01077924 -0.001457279 0.017936 0.01199601 0.0060305 0.008357874 0.004051994 -0.0384716 0.01534872 -0.001985558 -0.006930029 0.01294778 0.004959564 0.006143962 0.01183425 -0.02820905 -0.006993399 -0.005158294 -0.00939262 0.04089905 -0.01758572 -0.04829511 -0.002034333 0.08447304 -1.471679 -1.393027 -1.014046 -1.03442 -0.7437809 -0.1161515 0.5489569 0.7484709 0.2250928 0.1458218 0.2432534 0.198722 0.02862069 -0.04382618 0.01780875 0.05524809 0.02341916 0.04946563 0.01908933 -0.02520572 0.01170345 -0.06969848 -0.06223226
-0.01253243 -0.008324318 -0.01258098 0.009772019 0.00921252 -0.002911426 0.006602753 0.006198327 0.007425866 -0.009159269 -0.007707119 -0.0332392 0.01987687 0.002917682 -0.00537861 0.01097017 -0.2975146 -0.5582021 -0.7775027 0.1260309 0.2703706 0.4719459 0.2426035 0.05677066 0.301255 0.08523072 -0.2742972 0.07982308 0.1369039 0.04371302 0.0440125 -0.04051492 -0.02102991 0.009584931 0.03682395 -0.05954076 -0.04045216 -0.01491508 0.02025879 0.09578362 0.02764669 0.03182542 0.00100257 -0.008041039 0.02636104 -0.001496861 0.00300068 -0.01067045 0.03706665 0.002438498 0.01675576
-0.03907184 -0.03836749 -0.02453705 0.01984739 -0.01281025 0.01420752 0.08746658 0.03792789 -0.001772346 -8.392063e-05 0.09138404 0.008792644 0.01763147 -0.008145048 -0.03522747 -0.02273305 -0.01283867 0.002827482 0.001225659 0.01126637 -0.02904926 0.01625848 0.04247292 0.008817749 -0.006887831 -1.492742 -2.998442 -3.189448 -3.157312 -1.178773 0.2709122 1.026232 0.3328951 0.1912639 -0.06978571 0.07049523 0.09341145 -0.07266279 -0.1070456 0.08693699 0.05259747 0.03026295 0.002794768 -0.0007071982 -0.02008682 -0.03476692 -0.002673087 -0.01258093 -0.01019434 0.02718809 -0.000651481
0.015689 0.04492763 -0.03881917 -0.08697897 0.02153884 0.02598434 0.02537772 -0.02119294 -0.005568421 0.02899477 0.01015646 -0.01157476 -0.05658906 0.01768011 0.04551794 -0.007900066 -0.05195011 0.02143934 0.0942353 0.04321079 -0.04353177 0.02324896 0.02404883 -0.06230152 0.1326661 -0.1472408 0.2149564 0.1240929 -0.1609164 -0.1085534 -0.1189728 0.01904896 -0.04591254 -0.1123724 0.1331829 0.06210283 0.0245336 -0.04190368 0.02020485 -0.03389388 0.01719876 -0.04271559 0.0507622 0.007972162 -0.0626482 -0.04270905 0.0007400578 0.04754296 0.02144417 -0.01907684 -0.01818391
0.006904387 -0.04099829 -0.01890392 -0.02333653 -0.04082187 -0.004761656 -0.01488891 -0.02646383 0.03020852 -0.0272831 0.0269037 0.01577585 0.02032418 -0.01067297 0.03256628 0.007297443 0.01796509 0.002803215 -0.004990452 -0.01405595 0.008304394 0.04373571 0.0116812 -0.02575479 -0.04034888 -0.01429327 0.06977467 -0.5343333 0.2818489 0.7847713 -0.05039461 -0.1323081 0.1219852 -0.02518048 0.01646557 0.007889641 0.01567934 -0.02170153 -0.0133721 -0.005179545 0.02657809 0.02468352 0.01852855 -0.02313343 0.02308862 0.006832865 0.005828428 -0.0423206 0.008535242 -0.02938766 -0.01637305
-0.0439654 -0.02429219 0.005735686 -0.01342837 -0.008598177 0.02015103 0.04396313 -0.008477333 0.004028849 -0.01863557 0.0179415 0.04969988 0.02107924 -0.009484726 -0.00482533 -0.003489578 0.005391029 0.009294167 0.04102467 -0.0410517 -0.05739514 -0.01793277 0.3487296 -0.3872239 0.03961728 0.5270019 -0.6069192 -0.1860161 0.1459346 0.07066885 0.1016097 -0.07472814 -0.003849901 0.08200761 -0.02188651 -0.05631863 -0.02365086 0.02605193 0.004060359 -0.01189991 0.02516705 -0.01522855 0.04274096 -0.01812388 0.006812861 -0.007074405 -0.02748233 0.01887468 0.0349515 0.03435688 -0.01675002
0.00877407 -0.00612592 0.0254519 -0.007092171 0.005795993 -0.01332041 0.004153817 -0.01530486 0.04601858 -0.01618813 -0.01513163 -0.0156461 0.01935266 0.02694138 0.02217564 -0.004220908 0.3165229 -0.3164907 0.2362033 -0.2266796 0.1441494 -0.01428541 0.09752933 0.1148147 0.1142456 -0.04391633 -0.06754155 0.03394596 -0.01696317 0.01224281 -0.007505638 -0.01503271 -0.01123474 -0.01871012 -0.02489336 0.009918114 0.005654053 0.02725144 -0.01770062 0.006282109 -0.004968939 -0.01722104 0.005464772 0.02031714 -0.02110789 0.01476432 0.009903636 0.03770801 0.008267938 0.003065994 -0.02317355
-0.00185898 0.01466191 -0.01816511 0.06517625 0.01271031 0.003684282 0.002210119 -0.00169788 0.01417445 0.5704317 0.1035911 0.5656074 -0.671263 -0.493874 0.07200722 -0.1282081 -0.03081769 -0.008585436 -0.09431364 -0.009000566 -0.008398454 0.001521304 -0.06609242 0.0009010868 -0.03276911 -0.02111593 0.01474038 -0.003746127 -0.05490068 -0.05232796 0.02124804 -0.0162979 0.02564925 -0.01132976 -0.01704169 0.02106792 0.002065002 0.02352271 0.03852694 8.983778e-05 0.001710327 -0.008004805 -0.0190853 -0.006691431 -0.01977551 0.03375287 -0.0004357415 0.002979206 0.0181619 -0.006844623 0.001564748
0.01581455 0.02421664 0.04482422 -0.01538992 -0.07980213 -0.0233572 0.004741774 0.01286692 0.04043272 0.03100109 -0.01215073 0.02792948 -0.01588164 0.002205552 -0.01378654 0.01279449 0.01232016 0.2126053 -0.07874823 -0.442711 -0.03582882 -0.04865176 -0.02403231 -0.003503598 -0.06311864 0.03836466 -0.0005732898 0.05113243 0.0255403 0.03065431 -0.005123273 0.006284273 0.003862291 0.007977629 -0.003287807 0.001804096 -0.007065979 0.01068232 -0.01079149 0.01661376 0.02734416 -0.03563856 0.006018646 0.01113881 -0.0005648133 -0.01255046 0.0005972052 -0.005172906 0.01029636 -0.01545614 -0.007445876
0.02461065 -0.01643355 -0.02290881 0.003021811 0.001862335 0.02855042 -0.006357455 5.270361e-05 0.002574084 0.01705217 -0.02151403 0.008336815 0.006341096 -0.001174801 -0.00805543 0.009401015 0.7535584 -0.2926266 -0.02063835 -0.09444042 0.01570673 -0.04612082 -0.03116295 0.002466018 -0.01494188 -0.02686438 -0.06590538 0.03892083 0.06617444 0.05946684 0.01916213 0.02645798 0.02364758 0.02414837 -0.02228094 0.02331015 0.007451512 0.002389243 -0.01437644 -0.02271091 -0.007062698 0.02842456 0.01352454 -0.04044717 -0.009094542 0.0009768197 -0.02139636 0.02894372 0.01909025 0.02019032 -0.02209809
0.004364119 -0.05369337 0.034185 -0.02425755 0.02044395 0.0302473 0.01092251 0.004831991 0.004623369 -0.009050828 0.3253978 -0.1811264 -0.07587755 0.05085029 -0.2441212 -0.03731924 -0.0636221 0.02398469 0.02137829 -0.006321006 0.03075659 -0.01275847 -0.01923891 -0.008334461 0.00269043 0.01798309 -0.05044024 -0.01782619 -0.01410694 -0.02733408 -0.001119517 0.005260372 0.02953241 -0.0003185841 0.01055253 -0.00115509 0.009673836 0.01644843 -0.0001957054 0.01043584 0.00741682 0.008340645 0.01431396 -0.006726807 0.01498832 -0.01697204 0.003613554 0.02131247 -0.01135118 -0.00757778 -0.006102546
-0.01477274 -0.01708589 0.007343378 -0.03003214 0.01776005 0.01134481 -0.006672841 0.02785712 -0.03901777 0.01913545 -0.003186062 0.02020952 -0.1342805 0.2146394 -0.03782295 -0.08516539 -0.05840073 -0.09774136 -0.1037078 -0.01400009 -0.006538199 0.04160033 -0.01424164 0.02635784 0.02273744 -0.01815509 0.004573614 -0.000146624 -0.02882517 0.01309669 0.01635678 -0.01314574 0.00495645 0.007460615 -0.01698588 0.01556479 -0.002535278 -0.02031454 -0.01515846 -0.03676048 0.002790211 -0.006630859 0.00816989 0.00994568 -0.005585016 0.06589227 0.03707273 0.05186409 -0.004888896 0.02517357 0.03742026
