476418664.0 476418668.0 476418672.0 476418675.0 476418678.0 476418683.0 476418688.0 476418694.0 476418699.0 476418704.0 476418709.0 476418713.0 476418716.0 476418718.0 476418720.0 476418722.0 476418724.0 476418727.0 476418730.0 476418731.0 476418731.0 476418730.0 476418729.0 476418727.0 476418725.0 476418723.0 476418721.0 476418720.0 476418719.0 476418721.0 476418724.0 476418728.0 476418733.0 476418736.0 476418738.0 476418739.0 476418740.0 476418740.0 476418740.0 476418740.0 476418740.0 476418739.0 476418737.0 476418735.0 476418733.0 476418732.0 476418731.0 476418731.0
476418732.0 476418732.0 476418734.0 476418734.0 476418732.0 476418730.0 476418727.0 476418726.0 476418725.0 476418724.0 476418723.0 476418722.0 476418721.0 476418721.0 476418724.0 476418727.0 476418729.0 476418732.0 476418735.0 476418739.0 476418742.0 476418743.0 476418745.0 476418746.0 476418747.0 476418747.0 476418747.0 476418747.0 476418747.0 476418746.0 476418746.0 476418746.0 476418746.0 476418747.0 476418747.0 476418748.0 476418748.0 476418748.0 476418748.0 476418746.0 476418744.0 476418743.0 476418741.0 476418737.0 476418736.0 476418735.0 476418733.0 476418731.0
476418735.0 476418733.0 476418731.0 476418728.0 476418726.0 476418723.0 476418721.0 476418717.0 476418714.0 476418711.0 476418708.0 476418703.0 476418700.0 476418697.0 476418693.0 476418690.0 476418686.0 476418683.0 476418681.0 476418677.0 476418675.0 476418672.0 476418669.0 476418667.0 476418664.0 476418662.0 476418659.0 476418657.0 476418653.0 476418650.0 476418648.0 476418646.0 476418645.0 476418643.0 476418642.0 476418640.0 476418637.0 476418635.0 476418633.0 476418630.0 476418627.0 476418624.0 476418621.0 476418618.0 476418615.0 476418613.0 476418611.0 476418610.0
476418609.0 476418609.0 476418610.0 476418610.0 476418611.0 476418612.0 476418613.0 476418614.0 476418616.0 476418616.0 476418617.0 476418618.0 476418618.0 476418619.0 476418619.0 476418621.0 476418622.0 476418624.0 476418626.0 476418627.0 476418629.0 476418631.0 476418633.0 476418634.0 476418635.0 476418637.0 476418639.0 476418641.0 476418642.0 476418645.0 476418647.0 476418649.0 476418651.0 476418654.0 476418656.0 476418658.0 476418660.0 476418663.0 476418664.0 476418666.0 476418667.0 476418668.0 476418670.0 476418670.0 476418671.0 476418671.0 476418672.0 476418673.0
476418678.0 476418680.0 476418683.0 476418686.0 476418689.0 476418691.0 476418695.0 476418697.0 476418698.0 476418700.0 476418702.0 476418704.0 476418705.0 476418706.0 476418707.0 476418708.0 476418710.0 476418710.0 476418711.0 476418711.0 476418711.0 476418710.0 476418709.0 476418708.0 476418707.0 476418706.0 476418705.0 476418703.0 476418701.0 476418700.0 476418698.0 476418695.0 476418692.0 476418686.0 476418683.0 476418680.0 476418677.0 476418675.0 476418673.0 476418672.0 476418672.0 476418673.0 476418673.0 476418674.0 476418674.0 476418675.0 476418675.0 476418676.0
476419922.0 476419922.0 476419921.0 476419920.0 476419918.0 476419918.0 476419918.0 476419919.0 476419920.0 476419920.0 476419921.0 476419921.0 476419922.0 476419922.0 476419923.0 476419924.0 476419926.0 476419927.0 476419929.0 476419930.0 476419933.0 476419935.0 476419938.0 476419942.0 476419945.0 476419949.0 476419952.0 476419953.0 476419953.0 476419951.0 476419951.0 476419949.0 476419947.0 476419948.0 476419949.0 476419950.0 476419953.0 476419954.0 476419955.0 476419958.0 476419959.0 476419960.0 476419960.0 476419960.0 476419959.0 476419959.0 476419958.0 476419956.0
476419929.0 476419928.0 476419927.0 476419926.0 476419926.0 476419926.0 476419926.0 476419926.0 476419926.0 476419926.0 476419926.0 476419926.0 476419925.0 476419925.0 476419925.0 476419925.0 476419925.0 476419925.0 476419926.0 476419926.0 476419926.0 476419926.0 476419925.0 476419925.0 476419926.0 476419927.0 476419927.0 476419928.0 476419928.0 476419928.0 476419932.0 476419936.0 476419940.0 476419943.0 476419945.0 476419945.0 476419945.0 476419945.0 476419945.0 476419945.0 476419946.0 476419946.0 476419947.0 476419948.0 476419949.0 476419951.0 476419952.0 476419954.0
476419910.0 476419907.0 476419904.0 476419901.0 476419899.0 476419898.0 476419896.0 476419895.0 476419894.0 476419893.0 476419892.0 476419892.0 476419890.0 476419890.0 476419890.0 476419890.0 476419890.0 476419891.0 476419892.0 476419891.0 476419890.0 476419890.0 476419890.0 476419891.0 476419892.0 476419893.0 476419893.0 476419894.0 476419896.0 476419897.0 476419900.0 476419903.0 476419906.0 476419908.0 476419909.0 476419910.0 476419910.0 476419911.0 476419912.0 476419915.0 476419917.0 476419923.0 476419924.0 476419926.0 476419927.0 476419929.0 476419932.0 476419934.0
476419960.0 476419961.0 476419962.0 476419962.0 476419963.0 476419963.0 476419963.0 476419963.0 476419962.0 476419961.0 476419960.0 476419958.0 476419956.0 476419953.0 476419951.0 476419948.0 476419944.0 476419940.0 476419937.0 476419934.0 476419930.0 476419924.0 476419922.0 476419921.0 476419921.0 476419921.0 476419920.0 476419919.0 476419918.0 476419917.0 476419918.0 476419918.0 476419919.0 476419921.0 476419922.0 476419923.0 476419926.0 476419928.0 476419929.0 476419932.0 476419934.0 476419937.0 476419940.0 476419941.0 476419943.0 476419945.0 476419947.0 476419950.0
476419953.0 476419954.0 476419954.0 476419953.0 476419953.0 476419953.0 476419952.0 476419951.0 476419950.0 476419950.0 476419950.0 476419950.0 476419950.0 476419950.0 476419950.0 476419950.0 476419948.0 476419947.0 476419945.0 476419943.0 476419940.0 476419938.0 476419935.0 476419933.0 476419930.0 476419930.0 476419929.0 476419929.0 476419930.0 476419929.0 476419927.0 476419924.0 476419919.0 476419915.0 476419913.0 476419912.0 476419912.0 476419913.0 476419913.0 476419914.0 476419914.0 476419914.0 476419914.0 476419914.0 476419913.0 476419913.0 476419913.0 476419913.0
476419909.0 476419910.0 476419910.0 476419911.0 476419912.0 476419913.0 476419913.0 476419914.0 476419914.0 476419914.0 476419914.0 476419914.0 476419913.0 476419913.0 476419914.0 476419914.0 476419913.0 476419912.0 476419911.0 476419912.0 476419914.0 476419919.0 476419927.0 476419931.0 476419936.0 476419936.0 476419933.0 476419929.0 476419927.0 476419926.0 476419927.0 476419928.0 476419930.0 476419932.0 476419933.0 476419935.0 476419936.0 476419937.0 476419938.0 476419938.0 476419938.0 476419938.0 476419938.0 476419936.0 476419935.0 476419934.0 476419932.0 476419932.0
476419932.0 476419931.0 476419930.0 476419929.0 476419929.0 476419929.0 476419928.0 476419926.0 476419924.0 476419921.0 476419917.0 476419915.0 476419914.0 476419913.0 476419912.0 476419911.0 476419911.0 476419910.0 476419909.0 476419908.0 476419907.0 476419907.0 476419905.0 476419902.0 476419896.0 476419892.0 476419887.0 476419885.0 476419883.0 476419885.0 476419889.0 476419892.0 476419895.0 476419898.0 476419898.0 476419900.0 476419901.0 476419902.0 476419904.0 476419906.0 476419907.0 476419910.0 476419911.0 476419912.0 476419914.0 476419916.0 476419918.0 476419921.0
476419940.0 476419940.0 476419941.0 476419941.0 476419941.0 476419940.0 476419939.0 476419937.0 476419936.0 476419935.0 476419934.0 476419934.0 476419933.0 476419933.0 476419932.0 476419931.0 476419930.0 476419928.0 476419926.0 476419924.0 476419921.0 476419918.0 476419914.0 476419910.0 476419907.0 476419904.0 476419902.0 476419899.0 476419896.0 476419894.0 476419892.0 476419889.0 476419887.0 476419885.0 476419885.0 476419886.0 476419889.0 476419893.0 476419896.0 476419899.0 476419902.0 476419904.0 476419906.0 476419907.0 476419909.0 476419909.0 476419909.0 476419909.0
476419924.0 476419928.0 476419930.0 476419933.0 476419935.0 476419937.0 476419938.0 476419939.0 476419940.0 476419941.0 476419941.0 476419942.0 476419943.0 476419944.0 476419945.0 476419946.0 476419947.0 476419947.0 476419949.0 476419950.0 476419953.0 476419956.0 476419957.0 476419958.0 476419958.0 476419956.0 476419954.0 476419951.0 476419948.0 476419947.0 476419948.0 476419949.0 476419949.0 476419949.0 476419950.0 476419951.0 476419953.0 476419953.0 476419954.0 476419956.0 476419958.0 476419960.0 476419962.0 476419964.0 476419965.0 476419965.0 476419964.0 476419964.0
476419931.0 476419930.0 476419928.0 476419927.0 476419926.0 476419927.0 476419927.0 476419928.0 476419928.0 476419928.0 476419929.0 476419929.0 476419930.0 476419930.0 476419931.0 476419932.0 476419933.0 476419934.0 476419935.0 476419936.0 476419938.0 476419939.0 476419940.0 476419942.0 476419942.0 476419943.0 476419940.0 476419938.0 476419936.0 476419934.0 476419934.0 476419936.0 476419939.0 476419942.0 476419944.0 476419946.0 476419947.0 476419947.0 476419948.0 476419948.0 476419948.0 476419948.0 476419948.0 476419948.0 476419949.0 476419950.0 476419953.0 476419955.0
476419907.0 476419905.0 476419904.0 476419904.0 476419905.0 476419906.0 476419907.0 476419908.0 476419909.0 476419911.0 476419912.0 476419913.0 476419913.0 476419911.0 476419900.0 476419885.0 476419869.0 476419857.0 476419856.0 476419860.0 476419869.0 476419877.0 476419883.0 476419886.0 476419886.0 476419883.0 476419879.0 476419873.0 476419869.0 476419864.0 476419860.0 476419856.0 476419853.0 476419851.0 476419851.0 476419852.0 476419854.0 476419856.0 476419857.0 476419858.0 476419857.0 476419856.0 476419855.0 476419853.0 476419851.0 476419851.0 476419850.0 476419850.0
476419859.0 476419862.0 476419865.0 476419869.0 476419872.0 476419875.0 476419881.0 476419886.0 476419889.0 476419894.0 476419897.0 476419905.0 476419909.0 476419914.0 476419917.0 476419921.0 476419925.0 476419930.0 476419936.0 476419939.0 476419942.0 476419945.0 476419950.0 476419952.0 476419955.0 476419957.0 476419960.0 476419961.0 476419963.0 476419968.0 476419971.0 476419973.0 476419977.0 476419979.0 476419980.0 476419981.0 476419981.0 476419982.0 476419982.0 476419981.0 476419981.0 476419980.0 476419979.0 476419978.0 476419977.0 476419976.0 476419975.0 476419973.0
476419963.0 476419968.0 476419971.0 476419973.0 476419977.0 476419979.0 476419980.0 476419981.0 476419981.0 476419982.0 476419982.0 476419981.0 476419981.0 476419980.0 476419979.0 476419978.0 476419977.0 476419976.0 476419975.0 476419973.0 476419971.0 476419967.0 476419963.0 476419959.0 476419958.0 476419955.0 476419951.0 476419947.0 476419943.0 476419940.0 476419935.0 476419932.0 476419933.0 476419937.0 476419944.0 476419953.0 476419961.0 476419962.0 476419960.0 476419956.0 476419953.0 476419949.0 476419946.0 476419942.0 476419940.0 476419939.0 476419939.0 476419938.0
476419941.0 476419941.0 476419942.0 476419943.0 476419944.0 476419946.0 476419947.0 476419948.0 476419949.0 476419950.0 476419951.0 476419953.0 476419955.0 476419957.0 476419959.0 476419961.0 476419963.0 476419966.0 476419969.0 476419973.0 476419976.0 476419979.0 476419982.0 476419985.0 476419987.0 476419989.0 476419989.0 476419989.0 476419989.0 476419989.0 476419990.0 476419991.0 476419991.0 476419993.0 476419994.0 476419997.0 476420001.0 476420003.0 476420006.0 476420008.0 476420012.0 476420014.0 476420015.0 476420017.0 476420019.0 476420020.0 476420022.0 476420023.0
476420028.0 476420028.0 476420028.0 476420028.0 476420029.0 476420028.0 476420029.0 476420029.0 476420029.0 476420029.0 476420029.0 476420029.0 476420028.0 476420027.0 476420026.0 476420025.0 476420024.0 476420022.0 476420021.0 476420020.0 476420019.0 476420017.0 476420016.0 476420014.0 476420010.0 476420006.0 476420003.0 476420001.0 476420001.0 476420004.0 476420008.0 476420014.0 476420016.0 476420016.0 476420015.0 476420014.0 476420013.0 476420012.0 476420011.0 476420011.0 476420011.0 476420011.0 476420012.0 476420012.0 476420011.0 476420012.0 476420011.0 476420011.0
476420004.0 476420002.0 476420000.0 476419998.0 476419995.0 476419993.0 476419990.0 476419987.0 476419985.0 476419983.0 476419981.0 476419979.0 476419977.0 476419975.0 476419973.0 476419972.0 476419971.0 476419971.0 476419970.0 476419969.0 476419968.0 476419967.0 476419966.0 476419964.0 476419963.0 476419962.0 476419961.0 476419961.0 476419962.0 476419964.0 476419965.0 476419964.0 476419962.0 476419959.0 476419957.0 476419954.0 476419951.0 476419951.0 476419952.0 476419954.0 476419955.0 476419956.0 476419957.0 476419957.0 476419958.0 476419957.0 476419957.0 476419956.0
476419948.0 476419948.0 476419948.0 476419949.0 476419950.0 476419950.0 476419950.0 476419950.0 476419950.0 476419950.0 476419951.0 476419952.0 476419953.0 476419953.0 476419953.0 476419953.0 476419953.0 476419953.0 476419953.0 476419954.0 476419954.0 476419956.0 476419958.0 476419959.0 476419959.0 476419958.0 476419957.0 476419957.0 476419958.0 476419959.0 476419961.0 476419963.0 476419964.0 476419967.0 476419969.0 476419970.0 476419972.0 476419974.0 476419976.0 476419977.0 476419978.0 476419979.0 476419979.0 476419978.0 476419978.0 476419978.0 476419978.0 476419978.0
476419979.0 476419978.0 476419978.0 476419978.0 476419978.0 476419978.0 476419978.0 476419977.0 476419976.0 476419975.0 476419973.0 476419971.0 476419969.0 476419967.0 476419965.0 476419964.0 476419962.0 476419961.0 476419960.0 476419958.0 476419954.0 476419949.0 476419945.0 476419941.0 476419938.0 476419935.0 476419934.0 476419934.0 476419935.0 476419935.0 476419936.0 476419938.0 476419939.0 476419939.0 476419938.0 476419937.0 476419936.0 476419935.0 476419934.0 476419934.0 476419934.0 476419934.0 476419934.0 476419935.0 476419935.0 476419936.0 476419937.0 476419937.0
476419965.0 476419962.0 476419960.0 476419957.0 476419954.0 476419952.0 476419950.0 476419948.0 476419946.0 476419944.0 476419943.0 476419941.0 476419940.0 476419939.0 476419938.0 476419938.0 476419937.0 476419937.0 476419937.0 476419937.0 476419936.0 476419936.0 476419936.0 476419936.0 476419936.0 476419935.0 476419934.0 476419934.0 476419935.0 476419937.0 476419940.0 476419942.0 476419944.0 476419944.0 476419945.0 476419945.0 476419945.0 476419946.0 476419947.0 476419948.0 476419950.0 476419951.0 476419952.0 476419953.0 476419954.0 476419956.0 476419957.0 476419958.0
476419981.0 476419983.0 476419984.0 476419985.0 476419987.0 476419988.0 476419989.0 476419990.0 476419991.0 476419992.0 476419993.0 476419995.0 476419996.0 476419997.0 476419998.0 476419999.0 476419999.0 476420000.0 476420000.0 476420000.0 476420001.0 476420002.0 476420002.0 476420002.0 476420003.0 476420003.0 476420004.0 476420005.0 476420007.0 476420009.0 476420010.0 476420011.0 476420010.0 476420009.0 476420006.0 476420003.0 476420001.0 476420000.0 476419999.0 476419997.0 476419997.0 476419995.0 476419994.0 476419993.0 476419992.0 476419991.0 476419990.0 476419989.0
476420003.0 476420004.0 476420005.0 476420006.0 476420006.0 476420006.0 476420007.0 476420009.0 476420009.0 476420011.0 476420011.0 476420012.0 476420013.0 476420012.0 476420012.0 476420013.0 476420014.0 476420016.0 476420017.0 476420015.0 476420013.0 476420011.0 476420010.0 476420009.0 476420008.0 476420010.0 476420011.0 476420012.0 476420014.0 476420015.0 476420015.0 476420015.0 476420014.0 476420012.0 476420011.0 476420008.0 476420005.0 476420001.0 476419998.0 476419996.0 476419994.0 476419993.0 476419991.0 476419989.0 476419988.0 476419986.0 476419984.0 476419983.0
476419949.0 476419947.0 476419946.0 476419945.0 476419945.0 476419946.0 476419946.0 476419947.0 476419948.0 476419950.0 476419951.0 476419952.0 476419953.0 476419954.0 476419954.0 476419955.0 476419955.0 476419955.0 476419955.0 476419956.0 476419956.0 476419958.0 476419961.0 476419965.0 476419969.0 476419970.0 476419970.0 476419969.0 476419969.0 476419968.0 476419968.0 476419968.0 476419967.0 476419966.0 476419965.0 476419962.0 476419960.0 476419959.0 476419957.0 476419956.0 476419956.0 476419956.0 476419957.0 476419958.0 476419959.0 476419961.0 476419963.0 476419964.0
476419963.0 476419961.0 476419959.0 476419958.0 476419956.0 476419956.0 476419957.0 476419958.0 476419959.0 476419960.0 476419962.0 476419964.0 476419964.0 476419965.0 476419965.0 476419966.0 476419968.0 476419970.0 476419972.0 476419972.0 476419972.0 476419972.0 476419971.0 476419969.0 476419969.0 476419970.0 476419971.0 476419973.0 476419974.0 476419975.0 476419976.0 476419976.0 476419976.0 476419976.0 476419977.0 476419977.0 476419977.0 476419978.0 476419978.0 476419979.0 476419980.0 476419981.0 476419982.0 476419982.0 476419982.0 476419981.0 476419980.0 476419979.0
476419978.0 476419978.0 476419979.0 476419979.0 476419980.0 476419981.0 476419981.0 476419981.0 476419981.0 476419980.0 476419979.0 476419977.0 476419976.0 476419975.0 476419973.0 476419972.0 476419971.0 476419971.0 476419971.0 476419975.0 476419979.0 476419982.0 476419986.0 476419987.0 476419987.0 476419986.0 476419984.0 476419981.0 476419980.0 476419979.0 476419978.0 476419977.0 476419978.0 476419978.0 476419979.0 476419981.0 476419983.0 476419985.0 476419986.0 476419988.0 476419990.0 476419991.0 476419992.0 476419993.0 476419994.0 476419994.0 476419993.0 476419993.0
476419984.0 476419982.0 476419979.0 476419977.0 476419976.0 476419974.0 476419973.0 476419971.0 476419967.0 476419961.0 476419956.0 476419952.0 476419950.0 476419948.0 476419946.0 476419945.0 476419943.0 476419943.0 476419942.0 476419941.0 476419939.0 476419937.0 476419938.0 476419943.0 476419949.0 476419955.0 476419960.0 476419964.0 476419965.0 476419964.0 476419963.0 476419960.0 476419957.0 476419955.0 476419954.0 476419954.0 476419956.0 476419958.0 476419960.0 476419963.0 476419965.0 476419968.0 476419970.0 476419972.0 476419972.0 476419973.0 476419974.0 476419977.0
476419963.0 476419963.0 476419962.0 476419962.0 476419961.0 476419961.0 476419961.0 476419961.0 476419961.0 476419962.0 476419963.0 476419963.0 476419965.0 476419966.0 476419966.0 476419967.0 476419967.0 476419967.0 476419967.0 476419967.0 476419968.0 476419968.0 476419968.0 476419969.0 476419969.0 476419970.0 476419971.0 476419971.0 476419971.0 476419972.0 476419971.0 476419970.0 476419969.0 476419969.0 476419970.0 476419970.0 476419972.0 476419973.0 476419973.0 476419974.0 476419974.0 476419974.0 476419975.0 476419975.0 476419974.0 476419972.0 476419972.0 476419971.0
476419975.0 476419975.0 476419976.0 476419978.0 476419979.0 476419980.0 476419982.0 476419983.0 476419984.0 476419986.0 476419988.0 476419990.0 476419991.0 476419992.0 476419993.0 476419993.0 476419993.0 476419992.0 476419992.0 476419991.0 476419990.0 476419990.0 476419989.0 476419987.0 476419986.0 476419984.0 476419982.0 476419980.0 476419977.0 476419974.0 476419972.0 476419969.0 476419965.0 476419962.0 476419959.0 476419958.0 476419957.0 476419957.0 476419957.0 476419957.0 476419957.0 476419957.0 476419957.0 476419957.0 476419958.0 476419958.0 476419958.0 476419959.0
476419975.0 476419975.0 476419974.0 476419974.0 476419973.0 476419972.0 476419971.0 476419969.0 476419967.0 476419966.0 476419966.0 476419966.0 476419966.0 476419966.0 476419967.0 476419975.0 476419985.0 476419994.0 476420004.0 476420009.0 476420012.0 476420014.0 476420014.0 476420014.0 476420013.0 476420009.0 476420006.0 476420002.0 476419998.0 476419995.0 476419993.0 476419992.0 476419992.0 476419992.0 476419991.0 476419991.0 476419991.0 476419990.0 476419989.0 476419989.0 476419988.0 476419987.0 476419987.0 476419987.0 476419987.0 476419987.0 476419987.0 476419987.0
476419987.0 476419987.0 476419987.0 476419987.0 476419988.0 476419989.0 476419991.0 476419991.0 476419991.0 476419991.0 476419990.0 476419989.0 476419987.0 476419985.0 476419984.0 476419982.0 476419979.0 476419977.0 476419974.0 476419972.0 476419970.0 476419967.0 476419963.0 476419959.0 476419951.0 476419940.0 476419932.0 476419928.0 476419927.0 476419928.0 476419929.0 476419929.0 476419927.0 476419924.0 476419922.0 476419919.0 476419916.0 476419914.0 476419912.0 476419910.0 476419909.0 476419907.0 476419905.0 476419904.0 476419903.0 476419903.0 476419903.0 476419904.0
476419967.0 476419969.0 476419971.0 476419974.0 476419977.0 476419980.0 476419980.0 476419981.0 476419981.0 476419981.0 476419982.0 476419983.0 476419983.0 476419983.0 476419983.0 476419981.0 476419973.0 476419965.0 476419961.0 476419960.0 476419961.0 476419965.0 476419969.0 476419975.0 476419979.0 476419981.0 476419981.0 476419980.0 476419979.0 476419978.0 476419978.0 476419978.0 476419978.0 476419978.0 476419977.0 476419976.0 476419976.0 476419975.0 476419975.0 476419974.0 476419974.0 476419975.0 476419975.0 476419976.0 476419976.0 476419976.0 476419977.0 476419978.0
476420094.0 476420090.0 476420087.0 476420081.0 476420067.0 476420054.0 476420053.0 476420062.0 476420066.0 476420066.0 476420064.0 476420061.0 476420058.0 476420055.0 476420054.0 476420050.0 476420038.0 476420018.0 476420011.0 476420018.0 476420028.0 476420035.0 476420037.0 476420038.0 476420039.0 476420039.0 476420039.0 476420040.0 476420040.0 476420040.0 476420040.0 476420039.0 476420039.0 476420038.0 476420037.0 476420036.0 476420037.0 476420037.0 476420037.0 476420038.0 476420039.0 476420041.0 476420042.0 476420044.0 476420046.0 476420048.0 476420051.0 476420053.0
476420037.0 476420037.0 476420037.0 476420038.0 476420039.0 476420041.0 476420042.0 476420044.0 476420046.0 476420048.0 476420051.0 476420053.0 476420057.0 476420060.0 476420064.0 476420066.0 476420069.0 476420071.0 476420076.0 476420082.0 476420091.0 476420098.0 476420102.0 476420104.0 476420106.0 476420107.0 476420108.0 476420110.0 476420111.0 476420113.0 476420116.0 476420118.0 476420120.0 476420122.0 476420125.0 476420127.0 476420128.0 476420130.0 476420131.0 476420133.0 476420134.0 476420135.0 476420136.0 476420137.0 476420138.0 476420139.0 476420139.0 476420140.0
476420152.0 476420162.0 476420166.0 476420169.0 476420173.0 476420182.0 476420185.0 476420188.0 476420190.0 476420192.0 476420194.0 476420195.0 476420195.0 476420188.0 476420181.0 476420174.0 476420173.0 476420175.0 476420178.0 476420181.0 476420183.0 476420184.0 476420184.0 476420184.0 476420185.0 476420185.0 476420185.0 476420183.0 476420180.0 476420176.0 476420171.0 476420166.0 476420161.0 476420155.0 476420148.0 476420142.0 476420136.0 476420131.0 476420125.0 476420117.0 476420112.0 476420105.0 476420099.0 476420093.0 476420090.0 476420084.0 476420079.0 476420076.0
476420028.0 476420028.0 476420028.0 476420029.0 476420029.0 476420030.0 476420031.0 476420032.0 476420033.0 476420034.0 476420035.0 476420036.0 476420038.0 476420039.0 476420041.0 476420039.0 476420035.0 476420031.0 476420026.0 476420022.0 476420021.0 476420022.0 476420026.0 476420032.0 476420039.0 476420047.0 476420052.0 476420056.0 476420058.0 476420058.0 476420057.0 476420057.0 476420055.0 476420056.0 476420055.0 476420055.0 476420056.0 476420056.0 476420057.0 476420057.0 476420057.0 476420057.0 476420057.0 476420057.0 476420057.0 476420057.0 476420058.0 476420058.0
476420068.0 476420068.0 476420066.0 476420065.0 476420064.0 476420063.0 476420062.0 476420062.0 476420060.0 476420059.0 476420059.0 476420057.0 476420056.0 476420055.0 476420054.0 476420052.0 476420050.0 476420047.0 476420043.0 476420041.0 476420038.0 476420036.0 476420033.0 476420030.0 476420027.0 476420023.0 476420017.0 476420011.0 476420007.0 476420003.0 476419999.0 476419997.0 476419994.0 476419991.0 476419990.0 476419986.0 476419984.0 476419981.0 476419977.0 476419973.0 476419971.0 476419967.0 476419965.0 476419963.0 476419961.0 476419961.0 476419960.0 476419958.0
476420149.0 476420145.0 476420142.0 476420140.0 476420136.0 476420133.0 476420129.0 476420127.0 476420122.0 476420118.0 476420116.0 476420111.0 476420107.0 476420104.0 476420099.0 476420096.0 476420092.0 476420088.0 476420084.0 476420079.0 476420076.0 476420069.0 476420064.0 476420063.0 476420060.0 476420058.0 476420056.0 476420054.0 476420052.0 476420048.0 476420046.0 476420044.0 476420042.0 476420041.0 476420037.0 476420033.0 476420030.0 476420028.0 476420026.0 476420025.0 476420023.0 476420022.0 476420021.0 476420020.0 476420018.0 476420018.0 476420017.0 476420018.0
476420018.0 476420017.0 476420018.0 476420018.0 476420019.0 476420020.0 476420021.0 476420022.0 476420023.0 476420024.0 476420025.0 476420026.0 476420027.0 476420028.0 476420029.0 476420030.0 476420031.0 476420032.0 476420033.0 476420034.0 476420036.0 476420037.0 476420038.0 476420043.0 476420048.0 476420051.0 476420054.0 476420055.0 476420056.0 476420056.0 476420056.0 476420056.0 476420057.0 476420058.0 476420059.0 476420061.0 476420063.0 476420064.0 476420066.0 476420068.0 476420072.0 476420074.0 476420076.0 476420078.0 476420080.0 476420081.0 476420083.0 476420086.0
476420098.0 476420099.0 476420100.0 476420101.0 476420102.0 476420103.0 476420104.0 476420106.0 476420108.0 476420109.0 476420111.0 476420114.0 476420116.0 476420118.0 476420119.0 476420120.0 476420121.0 476420121.0 476420121.0 476420122.0 476420123.0 476420125.0 476420126.0 476420126.0 476420126.0 476420125.0 476420124.0 476420123.0 476420122.0 476420120.0 476420118.0 476420116.0 476420115.0 476420113.0 476420112.0 476420112.0 476420111.0 476420111.0 476420110.0 476420109.0 476420108.0 476420107.0 476420107.0 476420107.0 476420106.0 476420106.0 476420105.0 476420104.0
476420142.0 476420146.0 476420148.0 476420150.0 476420151.0 476420152.0 476420154.0 476420155.0 476420156.0 476420158.0 476420159.0 476420161.0 476420163.0 476420164.0 476420165.0 476420165.0 476420165.0 476420165.0 476420166.0 476420166.0 476420165.0 476420163.0 476420162.0 476420163.0 476420166.0 476420168.0 476420171.0 476420172.0 476420171.0 476420169.0 476420164.0 476420157.0 476420151.0 476420144.0 476420140.0 476420135.0 476420133.0 476420130.0 476420127.0 476420123.0 476420119.0 476420113.0 476420106.0 476420100.0 476420093.0 476420086.0 476420076.0 476420068.0
476420106.0 476420107.0 476420109.0 476420110.0 476420114.0 476420117.0 476420119.0 476420120.0 476420121.0 476420122.0 476420124.0 476420126.0 476420127.0 476420129.0 476420129.0 476420130.0 476420129.0 476420128.0 476420129.0 476420132.0 476420135.0 476420138.0 476420140.0 476420139.0 476420137.0 476420133.0 476420129.0 476420126.0 476420122.0 476420120.0 476420115.0 476420111.0 476420108.0 476420106.0 476420104.0 476420101.0 476420100.0 476420099.0 476420098.0 476420097.0 476420096.0 476420094.0 476420092.0 476420091.0 476420088.0 476420082.0 476420077.0 476420073.0
476420123.0 476420121.0 476420121.0 476420122.0 476420124.0 476420126.0 476420128.0 476420131.0 476420134.0 476420137.0 476420138.0 476420140.0 476420140.0 476420139.0 476420138.0 476420137.0 476420135.0 476420133.0 476420132.0 476420130.0 476420127.0 476420125.0 476420122.0 476420120.0 476420117.0 476420114.0 476420111.0 476420108.0 476420105.0 476420103.0 476420101.0 476420098.0 476420095.0 476420091.0 476420089.0 476420085.0 476420081.0 476420076.0 476420070.0 476420066.0 476420063.0 476420059.0 476420056.0 476420053.0 476420048.0 476420043.0 476420036.0 476420030.0
476420151.0 476420154.0 476420155.0 476420157.0 476420158.0 476420159.0 476420160.0 476420161.0 476420161.0 476420161.0 476420161.0 476420161.0 476420160.0 476420159.0 476420157.0 476420154.0 476420151.0 476420148.0 476420145.0 476420142.0 476420140.0 476420138.0 476420136.0 476420135.0 476420135.0 476420136.0 476420139.0 476420141.0 476420143.0 476420142.0 476420141.0 476420138.0 476420134.0 476420131.0 476420129.0 476420126.0 476420125.0 476420124.0 476420124.0 476420123.0 476420123.0 476420122.0 476420122.0 476420122.0 476420121.0 476420122.0 476420122.0 476420124.0
476420128.0 476420130.0 476420132.0 476420133.0 476420134.0 476420136.0 476420137.0 476420138.0 476420139.0 476420139.0 476420140.0 476420139.0 476420139.0 476420138.0 476420137.0 476420135.0 476420131.0 476420128.0 476420126.0 476420123.0 476420122.0 476420121.0 476420122.0 476420122.0 476420122.0 476420121.0 476420119.0 476420117.0 476420114.0 476420112.0 476420110.0 476420108.0 476420105.0 476420102.0 476420099.0 476420097.0 476420096.0 476420095.0 476420095.0 476420095.0 476420094.0 476420093.0 476420092.0 476420091.0 476420091.0 476420090.0 476420089.0 476420089.0
476420105.0 476420105.0 476420105.0 476420106.0 476420105.0 476420106.0 476420106.0 476420107.0 476420109.0 476420111.0 476420112.0 476420114.0 476420116.0 476420117.0 476420118.0 476420120.0 476420121.0 476420121.0 476420121.0 476420118.0 476420116.0 476420116.0 476420117.0 476420119.0 476420120.0 476420121.0 476420121.0 476420122.0 476420121.0 476420120.0 476420119.0 476420117.0 476420114.0 476420112.0 476420111.0 476420108.0 476420106.0 476420104.0 476420103.0 476420101.0 476420099.0 476420096.0 476420093.0 476420091.0 476420091.0 476420089.0 476420088.0 476420087.0
476420083.0 476420084.0 476420085.0 476420086.0 476420087.0 476420090.0 476420091.0 476420092.0 476420093.0 476420094.0 476420095.0 476420096.0 476420097.0 476420098.0 476420101.0 476420105.0 476420109.0 476420111.0 476420111.0 476420111.0 476420109.0 476420107.0 476420104.0 476420101.0 476420099.0 476420096.0 476420093.0 476420091.0 476420090.0 476420088.0 476420087.0 476420085.0 476420084.0 476420083.0 476420081.0 476420080.0 476420079.0 476420077.0 476420076.0 476420076.0 476420075.0 476420074.0 476420072.0 476420070.0 476420069.0 476420068.0 476420067.0 476420067.0
476420130.0 476420130.0 476420130.0 476420129.0 476420128.0 476420127.0 476420126.0 476420127.0 476420127.0 476420127.0 476420127.0 476420126.0 476420125.0 476420123.0 476420122.0 476420122.0 476420121.0 476420120.0 476420120.0 476420119.0 476420120.0 476420120.0 476420122.0 476420124.0 476420129.0 476420131.0 476420132.0 476420132.0 476420130.0 476420128.0 476420126.0 476420123.0 476420120.0 476420118.0 476420116.0 476420116.0 476420116.0 476420116.0 476420117.0 476420117.0 476420117.0 476420117.0 476420116.0 476420115.0 476420115.0 476420115.0 476420114.0 476420114.0
476420060.0 476420060.0 476420059.0 476420059.0 476420059.0 476420060.0 476420061.0 476420063.0 476420065.0 476420067.0 476420068.0 476420069.0 476420070.0 476420071.0 476420072.0 476420073.0 476420073.0 476420073.0 476420076.0 476420080.0 476420087.0 476420092.0 476420096.0 476420097.0 476420097.0 476420094.0 476420090.0 476420086.0 476420083.0 476420081.0 476420080.0 476420080.0 476420080.0 476420080.0 476420080.0 476420080.0 476420080.0 476420079.0 476420078.0 476420077.0 476420077.0 476420076.0 476420076.0 476420076.0 476420075.0 476420075.0 476420075.0 476420075.0
476420063.0 476420058.0 476420053.0 476420048.0 476420044.0 476420040.0 476420037.0 476420034.0 476420032.0 476420032.0 476420034.0 476420037.0 476420041.0 476420045.0 476420050.0 476420054.0 476420058.0 476420061.0 476420065.0 476420070.0 476420077.0 476420084.0 476420089.0 476420093.0 476420093.0 476420089.0 476420084.0 476420075.0 476420067.0 476420057.0 476420048.0 476420041.0 476420035.0 476420030.0 476420024.0 476420021.0 476420017.0 476420016.0 476420014.0 476420011.0 476420009.0 476420007.0 476420003.0 476420000.0 476419994.0 476419988.0 476419983.0 476419978.0
