476418687.0 476418690.0 476418693.0 476418698.0 476418702.0 476418707.0 476418714.0 476418720.0 476418723.0 476418726.0 476418730.0 476418735.0 476418740.0 476418741.0 476418739.0 476418736.0 476418734.0 476418731.0 476418729.0 476418730.0 476418733.0 476418736.0 476418737.0 476418738.0 476418738.0 476418737.0 476418736.0 476418735.0 476418735.0 476418734.0
476418734.0 476418736.0 476418738.0 476418738.0 476418736.0 476418733.0 476418733.0 476418731.0 476418728.0 476418727.0 476418727.0 476418727.0 476418729.0 476418732.0 476418735.0 476418737.0 476418739.0 476418741.0 476418741.0 476418740.0 476418739.0 476418738.0 476418738.0 476418738.0 476418737.0 476418736.0 476418734.0 476418728.0 476418726.0 476418723.0
476418726.0 476418723.0 476418719.0 476418717.0 476418711.0 476418707.0 476418701.0 476418696.0 476418689.0 476418685.0 476418676.0 476418672.0 476418667.0 476418665.0 476418661.0 476418659.0 476418656.0 476418653.0 476418650.0 476418649.0 476418645.0 476418643.0 476418638.0 476418635.0 476418630.0 476418626.0 476418621.0 476418617.0 476418615.0 476418613.0
476418613.0 476418613.0 476418613.0 476418615.0 476418616.0 476418616.0 476418617.0 476418618.0 476418618.0 476418619.0 476418621.0 476418624.0 476418626.0 476418629.0 476418630.0 476418632.0 476418633.0 476418636.0 476418639.0 476418642.0 476418648.0 476418652.0 476418656.0 476418659.0 476418663.0 476418665.0 476418666.0 476418667.0 476418670.0 476418674.0
476418674.0 476418679.0 476418684.0 476418687.0 476418692.0 476418695.0 476418698.0 476418700.0 476418702.0 476418704.0 476418706.0 476418707.0 476418707.0 476418708.0 476418707.0 476418705.0 476418704.0 476418701.0 476418698.0 476418695.0 476418690.0 476418684.0 476418679.0 476418674.0 476418671.0 476418669.0 476418669.0 476418668.0 476418668.0 476418667.0
476419945.0 476419942.0 476419941.0 476419941.0 476419940.0 476419942.0 476419944.0 476419943.0 476419946.0 476419946.0 476419950.0 476419952.0 476419956.0 476419960.0 476419965.0 476419967.0 476419969.0 476419973.0 476419979.0 476419982.0 476419981.0 476419981.0 476419981.0 476419982.0 476419984.0 476419990.0 476419992.0 476419995.0 476419996.0 476419996.0
476419941.0 476419940.0 476419939.0 476419940.0 476419938.0 476419938.0 476419937.0 476419938.0 476419939.0 476419941.0 476419941.0 476419945.0 476419947.0 476419947.0 476419948.0 476419951.0 476419953.0 476419953.0 476419950.0 476419953.0 476419955.0 476419963.0 476419967.0 476419970.0 476419974.0 476419977.0 476419980.0 476419981.0 476419982.0 476419983.0
476419925.0 476419923.0 476419919.0 476419917.0 476419913.0 476419910.0 476419908.0 476419906.0 476419905.0 476419905.0 476419906.0 476419906.0 476419906.0 476419904.0 476419905.0 476419907.0 476419906.0 476419910.0 476419911.0 476419914.0 476419917.0 476419922.0 476419925.0 476419925.0 476419927.0 476419930.0 476419936.0 476419940.0 476419944.0 476419949.0
476419983.0 476419984.0 476419985.0 476419985.0 476419985.0 476419985.0 476419986.0 476419983.0 476419979.0 476419977.0 476419974.0 476419969.0 476419965.0 476419962.0 476419958.0 476419956.0 476419955.0 476419955.0 476419954.0 476419954.0 476419954.0 476419952.0 476419950.0 476419952.0 476419953.0 476419957.0 476419958.0 476419961.0 476419966.0 476419970.0
476419986.0 476419985.0 476419985.0 476419983.0 476419981.0 476419979.0 476419978.0 476419978.0 476419977.0 476419974.0 476419973.0 476419969.0 476419966.0 476419960.0 476419955.0 476419952.0 476419947.0 476419945.0 476419946.0 476419945.0 476419943.0 476419939.0 476419934.0 476419931.0 476419932.0 476419932.0 476419932.0 476419931.0 476419931.0 476419932.0
476419925.0 476419925.0 476419925.0 476419924.0 476419925.0 476419924.0 476419926.0 476419927.0 476419927.0 476419931.0 476419930.0 476419929.0 476419928.0 476419922.0 476419924.0 476419934.0 476419945.0 476419951.0 476419953.0 476419952.0 476419950.0 476419947.0 476419947.0 476419948.0 476419949.0 476419952.0 476419954.0 476419954.0 476419954.0 476419952.0
476419932.0 476419928.0 476419929.0 476419926.0 476419924.0 476419922.0 476419919.0 476419917.0 476419915.0 476419915.0 476419915.0 476419913.0 476419913.0 476419913.0 476419913.0 476419905.0 476419896.0 476419887.0 476419886.0 476419894.0 476419904.0 476419912.0 476419917.0 476419919.0 476419921.0 476419921.0 476419924.0 476419926.0 476419931.0 476419935.0
476419950.0 476419952.0 476419955.0 476419960.0 476419967.0 476419970.0 476419973.0 476419977.0 476419981.0 476419984.0 476419991.0 476419990.0 476419991.0 476419993.0 476419992.0 476419992.0 476419990.0 476419990.0 476419990.0 476419988.0 476419985.0 476419984.0 476419981.0 476419977.0 476419973.0 476419969.0 476419969.0 476419966.0 476419961.0 476419955.0
476419958.0 476419962.0 476419967.0 476419969.0 476419972.0 476419972.0 476419972.0 476419974.0 476419975.0 476419976.0 476419977.0 476419978.0 476419979.0 476419983.0 476419985.0 476419990.0 476419990.0 476419989.0 476419986.0 476419985.0 476419984.0 476419984.0 476419987.0 476419987.0 476419987.0 476419988.0 476419989.0 476419990.0 476419992.0 476419993.0
476419967.0 476419964.0 476419963.0 476419963.0 476419962.0 476419963.0 476419964.0 476419966.0 476419967.0 476419969.0 476419970.0 476419972.0 476419974.0 476419976.0 476419977.0 476419979.0 476419981.0 476419977.0 476419972.0 476419969.0 476419968.0 476419972.0 476419979.0 476419983.0 476419985.0 476419986.0 476419985.0 476419985.0 476419985.0 476419984.0
476419935.0 476419935.0 476419935.0 476419935.0 476419937.0 476419939.0 476419941.0 476419941.0 476419942.0 476419936.0 476419911.0 476419892.0 476419884.0 476419881.0 476419885.0 476419888.0 476419883.0 476419877.0 476419866.0 476419858.0 476419850.0 476419844.0 476419842.0 476419841.0 476419842.0 476419844.0 476419848.0 476419849.0 476419848.0 476419847.0
476419867.0 476419873.0 476419881.0 476419890.0 476419898.0 476419901.0 476419909.0 476419916.0 476419923.0 476419931.0 476419939.0 476419946.0 476419956.0 476419964.0 476419969.0 476419975.0 476419981.0 476419986.0 476419990.0 476419993.0 476419999.0 476420003.0 476420008.0 476420011.0 476420011.0 476420011.0 476420012.0 476420011.0 476420010.0 476420012.0
476419999.0 476420003.0 476420008.0 476420011.0 476420011.0 476420011.0 476420012.0 476420011.0 476420010.0 476420012.0 476420009.0 476420009.0 476420004.0 476420000.0 476419997.0 476419993.0 476419990.0 476419985.0 476419979.0 476419975.0 476419970.0 476419959.0 476419957.0 476419956.0 476419963.0 476419971.0 476419974.0 476419974.0 476419972.0 476419967.0
476419957.0 476419957.0 476419960.0 476419962.0 476419966.0 476419971.0 476419974.0 476419977.0 476419980.0 476419982.0 476419985.0 476419988.0 476419990.0 476419991.0 476419994.0 476419997.0 476420001.0 476420005.0 476420008.0 476420012.0 476420011.0 476420015.0 476420014.0 476420018.0 476420023.0 476420024.0 476420024.0 476420026.0 476420028.0 476420030.0
476420043.0 476420042.0 476420040.0 476420041.0 476420039.0 476420038.0 476420036.0 476420032.0 476420031.0 476420032.0 476420031.0 476420031.0 476420029.0 476420027.0 476420027.0 476420025.0 476420022.0 476420014.0 476420007.0 476420006.0 476420010.0 476420016.0 476420021.0 476420025.0 476420025.0 476420026.0 476420026.0 476420026.0 476420028.0 476420029.0
476420021.0 476420017.0 476420013.0 476420009.0 476420004.0 476419998.0 476419994.0 476419987.0 476419982.0 476419978.0 476419975.0 476419972.0 476419969.0 476419964.0 476419960.0 476419958.0 476419957.0 476419955.0 476419953.0 476419950.0 476419954.0 476419956.0 476419959.0 476419957.0 476419951.0 476419949.0 476419953.0 476419955.0 476419958.0 476419960.0
476419941.0 476419939.0 476419938.0 476419938.0 476419937.0 476419939.0 476419941.0 476419948.0 476419949.0 476419951.0 476419950.0 476419950.0 476419947.0 476419950.0 476419952.0 476419955.0 476419956.0 476419959.0 476419960.0 476419961.0 476419963.0 476419966.0 476419968.0 476419971.0 476419976.0 476419979.0 476419981.0 476419982.0 476419983.0 476419984.0
476419943.0 476419948.0 476419951.0 476419954.0 476419957.0 476419960.0 476419963.0 476419967.0 476419965.0 476419964.0 476419965.0 476419965.0 476419970.0 476419976.0 476419979.0 476419982.0 476419985.0 476419986.0 476419986.0 476419985.0 476419983.0 476419980.0 476419977.0 476419975.0 476419973.0 476419971.0 476419966.0 476419962.0 476419957.0 476419953.0
476419971.0 476419966.0 476419962.0 476419957.0 476419953.0 476419951.0 476419948.0 476419946.0 476419944.0 476419943.0 476419941.0 476419940.0 476419938.0 476419936.0 476419935.0 476419934.0 476419930.0 476419927.0 476419931.0 476419937.0 476419943.0 476419948.0 476419953.0 476419956.0 476419959.0 476419960.0 476419964.0 476419965.0 476419968.0 476419969.0
476419996.0 476419998.0 476420001.0 476420003.0 476420004.0 476420005.0 476420008.0 476420008.0 476420008.0 476420009.0 476420009.0 476420010.0 476420010.0 476420010.0 476420010.0 476420011.0 476420012.0 476420013.0 476420010.0 476420011.0 476420014.0 476420016.0 476420016.0 476420015.0 476420013.0 476420011.0 476420008.0 476420006.0 476420003.0 476420001.0
476420023.0 476420026.0 476420027.0 476420030.0 476420031.0 476420031.0 476420032.0 476420032.0 476420033.0 476420032.0 476420029.0 476420032.0 476420032.0 476420034.0 476420035.0 476420034.0 476420036.0 476420036.0 476420035.0 476420038.0 476420037.0 476420034.0 476420033.0 476420031.0 476420028.0 476420024.0 476420023.0 476420019.0 476420014.0 476420011.0
476419964.0 476419962.0 476419960.0 476419959.0 476419957.0 476419956.0 476419956.0 476419956.0 476419956.0 476419957.0 476419958.0 476419959.0 476419958.0 476419959.0 476419959.0 476419961.0 476419962.0 476419963.0 476419968.0 476419970.0 476419970.0 476419972.0 476419974.0 476419974.0 476419972.0 476419971.0 476419968.0 476419965.0 476419964.0 476419964.0
476419966.0 476419964.0 476419963.0 476419963.0 476419963.0 476419966.0 476419968.0 476419967.0 476419966.0 476419963.0 476419962.0 476419963.0 476419964.0 476419966.0 476419966.0 476419968.0 476419968.0 476419969.0 476419970.0 476419972.0 476419973.0 476419973.0 476419974.0 476419973.0 476419971.0 476419972.0 476419972.0 476419973.0 476419974.0 476419976.0
476419976.0 476419977.0 476419977.0 476419980.0 476419981.0 476419984.0 476419984.0 476419984.0 476419983.0 476419982.0 476419981.0 476419980.0 476419978.0 476419977.0 476419978.0 476419977.0 476419981.0 476419987.0 476419993.0 476419998.0 476419998.0 476419999.0 476419997.0 476419996.0 476419998.0 476420001.0 476420004.0 476420005.0 476420007.0 476420009.0
476419986.0 476419982.0 476419980.0 476419976.0 476419960.0 476419954.0 476419953.0 476419950.0 476419946.0 476419945.0 476419944.0 476419942.0 476419937.0 476419933.0 476419932.0 476419939.0 476419954.0 476419966.0 476419974.0 476419976.0 476419973.0 476419971.0 476419971.0 476419973.0 476419976.0 476419979.0 476419982.0 476419986.0 476419987.0 476419990.0
476419970.0 476419969.0 476419969.0 476419968.0 476419967.0 476419968.0 476419967.0 476419967.0 476419967.0 476419968.0 476419970.0 476419971.0 476419970.0 476419970.0 476419969.0 476419969.0 476419965.0 476419966.0 476419965.0 476419966.0 476419967.0 476419968.0 476419970.0 476419969.0 476419969.0 476419971.0 476419974.0 476419976.0 476419978.0 476419980.0
476419997.0 476419997.0 476419998.0 476419999.0 476420000.0 476420003.0 476420007.0 476420004.0 476420004.0 476420004.0 476420002.0 476419998.0 476419996.0 476419994.0 476419992.0 476419990.0 476419990.0 476419988.0 476419986.0 476419982.0 476419977.0 476419972.0 476419968.0 476419966.0 476419965.0 476419965.0 476419965.0 476419967.0 476419968.0 476419966.0
476419979.0 476419978.0 476419977.0 476419975.0 476419974.0 476419972.0 476419972.0 476419972.0 476419971.0 476419970.0 476419978.0 476419993.0 476420005.0 476420014.0 476420022.0 476420026.0 476420026.0 476420021.0 476420018.0 476420016.0 476420017.0 476420019.0 476420024.0 476420026.0 476420024.0 476420021.0 476420017.0 476420013.0 476420011.0 476420010.0
476419958.0 476419963.0 476419969.0 476419973.0 476419975.0 476419976.0 476419976.0 476419976.0 476419977.0 476419980.0 476419981.0 476419980.0 476419972.0 476419964.0 476419964.0 476419968.0 476419976.0 476419981.0 476419986.0 476419986.0 476419985.0 476419985.0 476419988.0 476419986.0 476419985.0 476419984.0 476419986.0 476419985.0 476419985.0 476419983.0
476419993.0 476419997.0 476420000.0 476420004.0 476420006.0 476420010.0 476420013.0 476420016.0 476420019.0 476420021.0 476420020.0 476420021.0 476420023.0 476420023.0 476420024.0 476420023.0 476420022.0 476420022.0 476420023.0 476420023.0 476420014.0 476419999.0 476419986.0 476419979.0 476419981.0 476419984.0 476419988.0 476419986.0 476419981.0 476419978.0
476420084.0 476420081.0 476420073.0 476420063.0 476420054.0 476420044.0 476420037.0 476420037.0 476420041.0 476420044.0 476420044.0 476420041.0 476420037.0 476420033.0 476420031.0 476420028.0 476420024.0 476420016.0 476420002.0 476419995.0 476419995.0 476420004.0 476420006.0 476420007.0 476420006.0 476420007.0 476420006.0 476420006.0 476420006.0 476420005.0
476420005.0 476420006.0 476420010.0 476420013.0 476420017.0 476420019.0 476420025.0 476420029.0 476420033.0 476420038.0 476420042.0 476420049.0 476420062.0 476420073.0 476420081.0 476420089.0 476420092.0 476420097.0 476420101.0 476420107.0 476420111.0 476420116.0 476420119.0 476420122.0 476420123.0 476420124.0 476420126.0 476420127.0 476420127.0 476420126.0
476420125.0 476420124.0 476420124.0 476420124.0 476420123.0 476420121.0 476420118.0 476420116.0 476420114.0 476420112.0 476420112.0 476420112.0 476420118.0 476420114.0 476420104.0 476420088.0 476420074.0 476420061.0 476420046.0 476420035.0 476420029.0 476420018.0 476420010.0 476420004.0 476419999.0 476419993.0 476419991.0 476419989.0 476419990.0 476419991.0
476420001.0 476420000.0 476419998.0 476419999.0 476420000.0 476420001.0 476420004.0 476420008.0 476420010.0 476420014.0 476420015.0 476420013.0 476420007.0 476420005.0 476420013.0 476420017.0 476420023.0 476420028.0 476420026.0 476420024.0 476420019.0 476420016.0 476420019.0 476420019.0 476420019.0 476420019.0 476420020.0 476420020.0 476420020.0 476420021.0
476420024.0 476420023.0 476420022.0 476420020.0 476420017.0 476420016.0 476420014.0 476420014.0 476420012.0 476420010.0 476420006.0 476420003.0 476420001.0 476419995.0 476419993.0 476419988.0 476419981.0 476419971.0 476419959.0 476419949.0 476419942.0 476419932.0 476419925.0 476419920.0 476419913.0 476419907.0 476419904.0 476419898.0 476419894.0 476419890.0
476420126.0 476420122.0 476420116.0 476420109.0 476420103.0 476420096.0 476420092.0 476420085.0 476420079.0 476420073.0 476420067.0 476420059.0 476420053.0 476420044.0 476420038.0 476420031.0 476420027.0 476420022.0 476420022.0 476420016.0 476420016.0 476420011.0 476420007.0 476419999.0 476419993.0 476419988.0 476419986.0 476419984.0 476419982.0 476419980.0
476419981.0 476419980.0 476419981.0 476419980.0 476419982.0 476419984.0 476419985.0 476419986.0 476419989.0 476419989.0 476419990.0 476419990.0 476419994.0 476419999.0 476420000.0 476420005.0 476420009.0 476420017.0 476420018.0 476420020.0 476420024.0 476420027.0 476420031.0 476420036.0 476420040.0 476420046.0 476420052.0 476420056.0 476420062.0 476420064.0
476420081.0 476420082.0 476420082.0 476420082.0 476420085.0 476420086.0 476420089.0 476420089.0 476420092.0 476420094.0 476420093.0 476420092.0 476420096.0 476420098.0 476420098.0 476420097.0 476420097.0 476420094.0 476420094.0 476420093.0 476420090.0 476420089.0 476420087.0 476420085.0 476420083.0 476420078.0 476420076.0 476420073.0 476420069.0 476420067.0
476420049.0 476420046.0 476420045.0 476420041.0 476420038.0 476420037.0 476420036.0 476420034.0 476420033.0 476420032.0 476420032.0 476420033.0 476420034.0 476420035.0 476420034.0 476420031.0 476420023.0 476420015.0 476420005.0 476419998.0 476419994.0 476419988.0 476419984.0 476419981.0 476419979.0 476419975.0 476419970.0 476419967.0 476419964.0 476419962.0
476420122.0 476420127.0 476420130.0 476420134.0 476420137.0 476420139.0 476420143.0 476420147.0 476420149.0 476420152.0 476420153.0 476420152.0 476420152.0 476420153.0 476420153.0 476420154.0 476420161.0 476420165.0 476420165.0 476420159.0 476420150.0 476420141.0 476420135.0 476420136.0 476420133.0 476420121.0 476420107.0 476420093.0 476420079.0 476420061.0
476420082.0 476420086.0 476420090.0 476420094.0 476420096.0 476420099.0 476420100.0 476420102.0 476420104.0 476420106.0 476420106.0 476420104.0 476420109.0 476420117.0 476420121.0 476420120.0 476420114.0 476420109.0 476420104.0 476420098.0 476420091.0 476420086.0 476420081.0 476420078.0 476420075.0 476420075.0 476420072.0 476420070.0 476420065.0 476420062.0
476420128.0 476420131.0 476420133.0 476420137.0 476420140.0 476420144.0 476420146.0 476420149.0 476420150.0 476420150.0 476420149.0 476420146.0 476420145.0 476420141.0 476420138.0 476420139.0 476420140.0 476420141.0 476420140.0 476420138.0 476420134.0 476420132.0 476420131.0 476420129.0 476420126.0 476420126.0 476420125.0 476420124.0 476420123.0 476420122.0
476420229.0 476420224.0 476420219.0 476420213.0 476420206.0 476420200.0 476420194.0 476420185.0 476420178.0 476420170.0 476420163.0 476420157.0 476420147.0 476420136.0 476420122.0 476420108.0 476420099.0 476420089.0 476420079.0 476420067.0 476420057.0 476420047.0 476420040.0 476420034.0 476420033.0 476420030.0 476420028.0 476420026.0 476420023.0 476420021.0
476420108.0 476420111.0 476420114.0 476420116.0 476420118.0 476420121.0 476420123.0 476420124.0 476420124.0 476420123.0 476420122.0 476420122.0 476420121.0 476420120.0 476420122.0 476420118.0 476420115.0 476420113.0 476420110.0 476420106.0 476420101.0 476420094.0 476420090.0 476420087.0 476420086.0 476420085.0 476420084.0 476420084.0 476420082.0 476420082.0
476420092.0 476420093.0 476420092.0 476420092.0 476420093.0 476420094.0 476420092.0 476420094.0 476420097.0 476420099.0 476420102.0 476420103.0 476420107.0 476420106.0 476420107.0 476420109.0 476420111.0 476420110.0 476420110.0 476420107.0 476420105.0 476420099.0 476420094.0 476420089.0 476420084.0 476420081.0 476420078.0 476420076.0 476420073.0 476420071.0
476420074.0 476420074.0 476420075.0 476420077.0 476420078.0 476420079.0 476420080.0 476420081.0 476420083.0 476420084.0 476420087.0 476420092.0 476420100.0 476420101.0 476420101.0 476420098.0 476420095.0 476420090.0 476420083.0 476420082.0 476420078.0 476420075.0 476420073.0 476420068.0 476420065.0 476420061.0 476420060.0 476420057.0 476420056.0 476420055.0
476420127.0 476420127.0 476420126.0 476420124.0 476420125.0 476420123.0 476420123.0 476420121.0 476420120.0 476420117.0 476420115.0 476420114.0 476420111.0 476420110.0 476420112.0 476420119.0 476420118.0 476420119.0 476420119.0 476420117.0 476420112.0 476420107.0 476420104.0 476420101.0 476420101.0 476420102.0 476420103.0 476420103.0 476420105.0 476420104.0
476420027.0 476420027.0 476420027.0 476420031.0 476420034.0 476420037.0 476420040.0 476420043.0 476420046.0 476420046.0 476420048.0 476420049.0 476420059.0 476420068.0 476420073.0 476420073.0 476420069.0 476420063.0 476420057.0 476420054.0 476420053.0 476420054.0 476420055.0 476420055.0 476420053.0 476420052.0 476420054.0 476420055.0 476420056.0 476420057.0
476420082.0 476420083.0 476420084.0 476420088.0 476420089.0 476420091.0 476420093.0 476420095.0 476420099.0 476420102.0 476420107.0 476420110.0 476420113.0 476420120.0 476420129.0 476420140.0 476420147.0 476420149.0 476420147.0 476420144.0 476420142.0 476420141.0 476420141.0 476420140.0 476420139.0 476420135.0 476420133.0 476420130.0 476420127.0 476420125.0
476420058.0 476420051.0 476420044.0 476420035.0 476420028.0 476420025.0 476420024.0 476420025.0 476420031.0 476420038.0 476420046.0 476420055.0 476420064.0 476420077.0 476420085.0 476420085.0 476420077.0 476420064.0 476420049.0 476420038.0 476420026.0 476420019.0 476420014.0 476420008.0 476420007.0 476420004.0 476420002.0 476419996.0 476419990.0 476419983.0
476419907.0 476419912.0 476419915.0 476419918.0 476419922.0 476419924.0 476419925.0 476419930.0 476419935.0 476419937.0 476419940.0 476419944.0 476419946.0 476419950.0 476419953.0 476419955.0 476419951.0 476419948.0 476419943.0 476419939.0 476419934.0 476419933.0 476419929.0 476419927.0 476419925.0 476419920.0 476419913.0 476419908.0 476419904.0 476419899.0
476419848.0 476419846.0 476419844.0 476419845.0 476419845.0 476419845.0 476419846.0 476419847.0 476419846.0 476419845.0 476419843.0 476419841.0 476419838.0 476419836.0 476419837.0 476419840.0 476419841.0 476419840.0 476419840.0 476419838.0 476419836.0 476419835.0 476419833.0 476419834.0 476419834.0 476419836.0 476419837.0 476419839.0 476419841.0 476419842.0
476419887.0 476419886.0 476419887.0 476419889.0 476419890.0 476419891.0 476419891.0 476419891.0 476419889.0 476419889.0 476419888.0 476419886.0 476419883.0 476419880.0 476419878.0 476419875.0 476419874.0 476419872.0 476419873.0 476419876.0 476419881.0 476419883.0 476419880.0 476419881.0 476419880.0 476419876.0 476419872.0 476419868.0 476419864.0 476419861.0
476419868.0 476419867.0 476419866.0 476419864.0 476419864.0 476419862.0 476419860.0 476419859.0 476419859.0 476419857.0 476419855.0 476419855.0 476419858.0 476419860.0 476419861.0 476419858.0 476419851.0 476419849.0 476419843.0 476419841.0 476419836.0 476419833.0 476419831.0 476419830.0 476419829.0 476419826.0 476419824.0 476419822.0 476419819.0 476419820.0
476419920.0 476419921.0 476419923.0 476419925.0 476419927.0 476419926.0 476419928.0 476419931.0 476419935.0 476419938.0 476419940.0 476419943.0 476419944.0 476419946.0 476419949.0 476419952.0 476419954.0 476419959.0 476419962.0 476419965.0 476419963.0 476419958.0 476419951.0 476419943.0 476419934.0 476419924.0 476419915.0 476419904.0 476419899.0 476419890.0
476419879.0 476419879.0 476419879.0 476419880.0 476419880.0 476419882.0 476419885.0 476419886.0 476419888.0 476419889.0 476419889.0 476419890.0 476419891.0 476419891.0 476419894.0 476419895.0 476419899.0 476419900.0 476419902.0 476419904.0 476419907.0 476419909.0 476419910.0 476419909.0 476419910.0 476419912.0 476419913.0 476419915.0 476419917.0 476419918.0
476419902.0 476419901.0 476419900.0 476419898.0 476419894.0 476419893.0 476419892.0 476419891.0 476419891.0 476419890.0 476419889.0 476419888.0 476419888.0 476419889.0 476419888.0 476419888.0 476419887.0 476419889.0 476419890.0 476419889.0 476419894.0 476419895.0 476419897.0 476419896.0 476419896.0 476419897.0 476419897.0 476419896.0 476419897.0 476419894.0
476419893.0 476419894.0 476419895.0 476419895.0 476419895.0 476419895.0 476419894.0 476419893.0 476419893.0 476419892.0 476419891.0 476419890.0 476419888.0 476419886.0 476419882.0 476419879.0 476419874.0 476419871.0 476419867.0 476419862.0 476419860.0 476419860.0 476419861.0 476419862.0 476419864.0 476419864.0 476419865.0 476419865.0 476419866.0 476419867.0
476419915.0 476419920.0 476419924.0 476419928.0 476419932.0 476419935.0 476419937.0 476419937.0 476419937.0 476419937.0 476419936.0 476419936.0 476419935.0 476419933.0 476419934.0 476419933.0 476419931.0 476419929.0 476419926.0 476419922.0 476419918.0 476419915.0 476419914.0 476419910.0 476419907.0 476419903.0 476419899.0 476419895.0 476419891.0 476419887.0
476420108.0 476420105.0 476420104.0 476420105.0 476420106.0 476420106.0 476420106.0 476420103.0 476420098.0 476420094.0 476420091.0 476420090.0 476420089.0 476420080.0 476420076.0 476420069.0 476420065.0 476420060.0 476420057.0 476420052.0 476420049.0 476420046.0 476420047.0 476420047.0 476420049.0 476420052.0 476420053.0 476420053.0 476420053.0 476420056.0
476420049.0 476420043.0 476420035.0 476420027.0 476420024.0 476420019.0 476420016.0 476420015.0 476420013.0 476420015.0 476420019.0 476420025.0 476420031.0 476420038.0 476420035.0 476420036.0 476420031.0 476420026.0 476420020.0 476420016.0 476420011.0 476420005.0 476420002.0 476419999.0 476419996.0 476419993.0 476419989.0 476419988.0 476419991.0 476419997.0
476420054.0 476420053.0 476420050.0 476420047.0 476420043.0 476420042.0 476420039.0 476420038.0 476420039.0 476420040.0 476420043.0 476420044.0 476420044.0 476420053.0 476420071.0 476420084.0 476420084.0 476420077.0 476420072.0 476420058.0 476420052.0 476420045.0 476420038.0 476420037.0 476420038.0 476420039.0 476420038.0 476420034.0 476420031.0 476420028.0
476420071.0 476420073.0 476420073.0 476420074.0 476420075.0 476420074.0 476420072.0 476420068.0 476420063.0 476420060.0 476420062.0 476420069.0 476420079.0 476420080.0 476420078.0 476420073.0 476420071.0 476420066.0 476420062.0 476420059.0 476420055.0 476420049.0 476420039.0 476420030.0 476420021.0 476420013.0 476420007.0 476420003.0 476420003.0 476420002.0
476420085.0 476420089.0 476420097.0 476420102.0 476420108.0 476420113.0 476420115.0 476420117.0 476420121.0 476420128.0 476420145.0 476420144.0 476420145.0 476420142.0 476420137.0 476420133.0 476420124.0 476420116.0 476420110.0 476420104.0 476420098.0 476420091.0 476420083.0 476420074.0 476420061.0 476420051.0 476420041.0 476420034.0 476420026.0 476420019.0
476420060.0 476420056.0 476420060.0 476420059.0 476420061.0 476420064.0 476420064.0 476420068.0 476420072.0 476420074.0 476420075.0 476420073.0 476420074.0 476420076.0 476420088.0 476420097.0 476420094.0 476420083.0 476420073.0 476420063.0 476420057.0 476420050.0 476420046.0 476420043.0 476420044.0 476420041.0 476420040.0 476420038.0 476420034.0 476420033.0
476419809.0 476419815.0 476419818.0 476419822.0 476419837.0 476419844.0 476419859.0 476419866.0 476419877.0 476419886.0 476419891.0 476419894.0 476419896.0 476419897.0 476419900.0 476419905.0 476419909.0 476419909.0 476419909.0 476419906.0 476419907.0 476419902.0 476419904.0 476419897.0 476419897.0 476419898.0 476419896.0 476419892.0 476419887.0 476419882.0
476420385.0 476420383.0 476420380.0 476420377.0 476420374.0 476420370.0 476420368.0 476420366.0 476420365.0 476420358.0 476420355.0 476420350.0 476420351.0 476420357.0 476420374.0 476420383.0 476420382.0 476420380.0 476420376.0 476420372.0 476420369.0 476420367.0 476420367.0 476420367.0 476420367.0 476420367.0 476420366.0 476420366.0 476420367.0 476420368.0
476420423.0 476420426.0 476420427.0 476420427.0 476420429.0 476420432.0 476420436.0 476420441.0 476420447.0 476420450.0 476420452.0 476420453.0 476420458.0 476420465.0 476420473.0 476420486.0 476420486.0 476420484.0 476420482.0 476420480.0 476420478.0 476420475.0 476420471.0 476420468.0 476420462.0 476420457.0 476420455.0 476420454.0 476420453.0 476420453.0
476420458.0 476420459.0 476420462.0 476420463.0 476420463.0 476420461.0 476420461.0 476420459.0 476420456.0 476420452.0 476420449.0 476420447.0 476420447.0 476420455.0 476420468.0 476420484.0 476420488.0 476420484.0 476420475.0 476420468.0 476420457.0 476420449.0 476420440.0 476420430.0 476420421.0 476420413.0 476420407.0 476420401.0 476420396.0 476420391.0
476420157.0 476420148.0 476420141.0 476420131.0 476420123.0 476420119.0 476420112.0 476420110.0 476420108.0 476420107.0 476420105.0 476420102.0 476420099.0 476420094.0 476420088.0 476420083.0 476420078.0 476420072.0 476420066.0 476420058.0 476420050.0 476420043.0 476420035.0 476420030.0 476420027.0 476420027.0 476420028.0 476420029.0 476420033.0 476420036.0
476420389.0 476420387.0 476420385.0 476420383.0 476420370.0 476420361.0 476420352.0 476420348.0 476420346.0 476420348.0 476420356.0 476420369.0 476420380.0 476420389.0 476420389.0 476420385.0 476420380.0 476420375.0 476420373.0 476420371.0 476420368.0 476420366.0 476420365.0 476420365.0 476420366.0 476420367.0 476420370.0 476420371.0 476420364.0 476420358.0
476420103.0 476420105.0 476420108.0 476420112.0 476420116.0 476420120.0 476420126.0 476420129.0 476420132.0 476420133.0 476420135.0 476420138.0 476420140.0 476420142.0 476420137.0 476420117.0 476420104.0 476420097.0 476420095.0 476420095.0 476420096.0 476420096.0 476420096.0 476420095.0 476420094.0 476420093.0 476420091.0 476420089.0 476420085.0 476420081.0
476420160.0 476420160.0 476420159.0 476420156.0 476420154.0 476420154.0 476420155.0 476420155.0 476420155.0 476420152.0 476420133.0 476420118.0 476420109.0 476420109.0 476420109.0 476420113.0 476420115.0 476420117.0 476420118.0 476420119.0 476420117.0 476420118.0 476420124.0 476420131.0 476420140.0 476420147.0 476420153.0 476420153.0 476420155.0 476420154.0
476420148.0 476420147.0 476420145.0 476420143.0 476420143.0 476420143.0 476420144.0 476420143.0 476420141.0 476420134.0 476420121.0 476420107.0 476420102.0 476420097.0 476420099.0 476420104.0 476420107.0 476420108.0 476420109.0 476420109.0 476420108.0 476420108.0 476420110.0 476420111.0 476420112.0 476420110.0 476420107.0 476420105.0 476420102.0 476420100.0
476420100.0 476420099.0 476420096.0 476420094.0 476420091.0 476420089.0 476420089.0 476420089.0 476420088.0 476420090.0 476420091.0 476420094.0 476420093.0 476420087.0 476420076.0 476420070.0 476420067.0 476420070.0 476420078.0 476420086.0 476420091.0 476420094.0 476420098.0 476420099.0 476420102.0 476420105.0 476420110.0 476420112.0 476420114.0 476420117.0
476420145.0 476420148.0 476420152.0 476420155.0 476420159.0 476420164.0 476420168.0 476420170.0 476420173.0 476420175.0 476420177.0 476420179.0 476420182.0 476420185.0 476420178.0 476420155.0 476420139.0 476420134.0 476420132.0 476420134.0 476420132.0 476420127.0 476420125.0 476420118.0 476420111.0 476420105.0 476420098.0 476420090.0 476420085.0 476420077.0
476420205.0 476420203.0 476420202.0 476420200.0 476420195.0 476420189.0 476420185.0 476420180.0 476420173.0 476420166.0 476420158.0 476420149.0 476420128.0 476420097.0 476420069.0 476420051.0 476420042.0 476420038.0 476420036.0 476420034.0 476420032.0 476420030.0 476420031.0 476420031.0 476420033.0 476420035.0 476420038.0 476420041.0 476420044.0 476420047.0
476420944.0 476420942.0 476420943.0 476420946.0 476420949.0 476420953.0 476420954.0 476420960.0 476420967.0 476420975.0 476420984.0 476420997.0 476421008.0 476421014.0 476421020.0 476421020.0 476421016.0 476421009.0 476421007.0 476421004.0 476421000.0 476420997.0 476420994.0 476420990.0 476420986.0 476420982.0 476420976.0 476420972.0 476420963.0 476420959.0
476420946.0 476420946.0 476420942.0 476420935.0 476420930.0 476420920.0 476420909.0 476420902.0 476420896.0 476420892.0 476420890.0 476420895.0 476420900.0 476420909.0 476420913.0 476420915.0 476420918.0 476420918.0 476420917.0 476420923.0 476420927.0 476420930.0 476420935.0 476420944.0 476420946.0 476420952.0 476420956.0 476420965.0 476420968.0 476420970.0
476421018.0 476421020.0 476421018.0 476421019.0 476421019.0 476421020.0 476421020.0 476421017.0 476421014.0 476421016.0 476421020.0 476421021.0 476421016.0 476421008.0 476421002.0 476420998.0 476420993.0 476420986.0 476420988.0 476420983.0 476420991.0 476420995.0 476421002.0 476421006.0 476421012.0 476421015.0 476421007.0 476420994.0 476420991.0 476420987.0
476420920.0 476420919.0 476420918.0 476420913.0 476420908.0 476420903.0 476420893.0 476420880.0 476420871.0 476420863.0 476420858.0 476420855.0 476420856.0 476420854.0 476420853.0 476420855.0 476420856.0 476420856.0 476420856.0 476420854.0 476420853.0 476420853.0 476420854.0 476420854.0 476420854.0 476420852.0 476420851.0 476420850.0 476420849.0 476420851.0
476420853.0 476420856.0 476420861.0 476420866.0 476420870.0 476420876.0 476420880.0 476420887.0 476420895.0 476420904.0 476420909.0 476420899.0 476420890.0 476420884.0 476420883.0 476420887.0 476420892.0 476420900.0 476420907.0 476420915.0 476420921.0 476420928.0 476420934.0 476420938.0 476420941.0 476420944.0 476420947.0 476420950.0 476420952.0 476420954.0
476420956.0 476420959.0 476420962.0 476420965.0 476420967.0 476420969.0 476420971.0 476420964.0 476420939.0 476420917.0 476420906.0 476420903.0 476420903.0 476420902.0 476420902.0 476420900.0 476420898.0 476420897.0 476420896.0 476420895.0 476420895.0 476420893.0 476420890.0 476420888.0 476420885.0 476420883.0 476420883.0 476420884.0 476420886.0 476420890.0
476420873.0 476420872.0 476420870.0 476420872.0 476420877.0 476420881.0 476420886.0 476420893.0 476420896.0 476420901.0 476420903.0 476420905.0 476420900.0 476420898.0 476420898.0 476420898.0 476420901.0 476420903.0 476420903.0 476420902.0 476420901.0 476420900.0 476420899.0 476420897.0 476420895.0 476420895.0 476420894.0 476420892.0 476420891.0 476420889.0
476420899.0 476420898.0 476420896.0 476420895.0 476420894.0 476420892.0 476420891.0 476420887.0 476420883.0 476420878.0 476420875.0 476420864.0 476420845.0 476420834.0 476420824.0 476420822.0 476420821.0 476420823.0 476420830.0 476420835.0 476420843.0 476420847.0 476420850.0 476420854.0 476420855.0 476420856.0 476420859.0 476420861.0 476420864.0 476420869.0
476420928.0 476420928.0 476420927.0 476420924.0 476420924.0 476420926.0 476420930.0 476420933.0 476420936.0 476420929.0 476420917.0 476420904.0 476420897.0 476420894.0 476420894.0 476420896.0 476420897.0 476420894.0 476420893.0 476420893.0 476420891.0 476420890.0 476420890.0 476420889.0 476420889.0 476420890.0 476420891.0 476420891.0 476420891.0 476420892.0
476420819.0 476420820.0 476420822.0 476420827.0 476420832.0 476420835.0 476420838.0 476420839.0 476420839.0 476420841.0 476420843.0 476420846.0 476420845.0 476420833.0 476420821.0 476420815.0 476420810.0 476420811.0 476420812.0 476420818.0 476420823.0 476420828.0 476420834.0 476420840.0 476420846.0 476420851.0 476420855.0 476420860.0 476420863.0 476420868.0
476420914.0 476420916.0 476420917.0 476420918.0 476420917.0 476420918.0 476420919.0 476420919.0 476420921.0 476420909.0 476420896.0 476420889.0 476420881.0 476420878.0 476420873.0 476420872.0 476420870.0 476420871.0 476420871.0 476420870.0 476420870.0 476420871.0 476420875.0 476420876.0 476420874.0 476420871.0 476420867.0 476420864.0 476420862.0 476420860.0
476420866.0 476420870.0 476420874.0 476420873.0 476420875.0 476420876.0 476420876.0 476420876.0 476420874.0 476420875.0 476420874.0 476420882.0 476420901.0 476420918.0 476420919.0 476420919.0 476420918.0 476420915.0 476420914.0 476420912.0 476420905.0 476420901.0 476420894.0 476420888.0 476420883.0 476420877.0 476420869.0 476420862.0 476420859.0 476420855.0
