495220.0 495419.0 495419.0 495622.0 495622.0 495824.0 495824.0 496026.0 496026.0 496228.0 496413.0 496413.0 496614.0 496614.0 496815.0 497017.0 497017.0 497218.0 497218.0 497419.0 497419.0 497620.0 497825.0 497825.0 498008.0 498209.0 498209.0 498410.0 498410.0 498611.0 498814.0 498814.0 499017.0 499017.0 499221.0 499424.0 499424.0 499606.0 499606.0 499811.0 499811.0 500013.0 500013.0 500216.0 500216.0 500418.0 500620.0 500620.0 500823.0 500823.0 501026.0 501206.0 501206.0 501428.0
501206.0 501206.0 501428.0 501428.0 501631.0 501833.0 501833.0 502033.0 502033.0 502234.0 502436.0 502436.0 502638.0 502638.0 502820.0 503022.0 503022.0 503224.0 503424.0 503424.0 503624.0 503824.0 503824.0 504027.0 504227.0 504227.0 504428.0 504428.0 504631.0 504831.0 504831.0 505030.0 505030.0 505232.0 505232.0 505433.0 505634.0 505634.0 505835.0 505835.0 506035.0 506236.0 506236.0 506437.0 506437.0 506638.0 506840.0 506840.0 507043.0 507227.0 507227.0 507430.0 507632.0 507632.0
513034.0 513235.0 513440.0 513440.0 513641.0 513641.0 513824.0 514026.0 514026.0 514227.0 514428.0 514428.0 514629.0 514629.0 514831.0 514831.0 515031.0 515232.0 515232.0 515432.0 515432.0 515634.0 515634.0 515833.0 516034.0 516034.0 516236.0 516236.0 516436.0 516639.0 516639.0 516838.0 517041.0 517041.0 517243.0 517243.0 517444.0 517444.0 517645.0 517826.0 517826.0 518027.0 518027.0 518227.0 518429.0 518429.0 518630.0 518630.0 518831.0 518831.0 519034.0 519235.0 519235.0 519439.0
519235.0 519235.0 519439.0 519439.0 519641.0 519641.0 519842.0 520044.0 520044.0 520227.0 520431.0 520431.0 520634.0 520634.0 520834.0 520834.0 521035.0 521035.0 521235.0 521437.0 521437.0 521639.0 521639.0 521840.0 521840.0 522042.0 522244.0 522244.0 522444.0 522444.0 522647.0 522829.0 522829.0 523034.0 523034.0 523237.0 523442.0 523442.0 523643.0 523643.0 523827.0 523827.0 524028.0 524229.0 524229.0 524429.0 524429.0 524631.0 524837.0 524837.0 525037.0 525037.0 525238.0 525238.0
525238.0 525238.0 525439.0 525439.0 525641.0 525641.0 525842.0 525842.0 526043.0 526245.0 526245.0 526432.0 526633.0 526633.0 526836.0 526836.0 527041.0 527041.0 527241.0 527441.0 527441.0 527643.0 527643.0 527844.0 528026.0 528227.0 528227.0 528429.0 528429.0 528631.0 528631.0 528832.0 528832.0 529033.0 529238.0 529238.0 529440.0 529644.0 529644.0 529846.0 530029.0 530029.0 530231.0 530231.0 530433.0 530433.0 530635.0 530837.0 530837.0 531038.0 531038.0 531239.0 531239.0 531441.0
531239.0 531239.0 531441.0 531644.0 531644.0 531826.0 532027.0 532027.0 532228.0 532228.0 532429.0 532429.0 532629.0 532629.0 532829.0 533031.0 533031.0 533231.0 533231.0 533435.0 533637.0 533637.0 533838.0 533838.0 534038.0 534222.0 534222.0 534422.0 534422.0 534623.0 534623.0 534825.0 534825.0 535028.0 535231.0 535231.0 535432.0 535635.0 535635.0 535836.0 535836.0 536037.0 536242.0 536242.0 536423.0 536423.0 536627.0 536627.0 536830.0 537033.0 537033.0 537233.0 537437.0 537437.0
186056.0 186056.0 186260.0 186260.0 186447.0 186447.0 186655.0 186858.0 187047.0 187047.0 187254.0 187254.0 187441.0 187645.0 187645.0 187853.0 188055.0 188055.0 188258.0 188258.0 188461.0 188645.0 188856.0 189059.0 189059.0 189261.0 189446.0 189446.0 189657.0 189657.0 189863.0 190047.0 190047.0 190255.0 190461.0 190461.0 190664.0 190851.0 190851.0 191058.0 191250.0 191250.0 191455.0 191661.0 191661.0 191862.0 192045.0 192045.0 192248.0 192452.0 192452.0 192656.0 192656.0 193065.0
292058.0 292058.0 292266.0 292266.0 292456.0 292456.0 292660.0 292660.0 292866.0 293052.0 293259.0 293259.0 293464.0 293668.0 293668.0 293854.0 294065.0 294065.0 294269.0 294453.0 294453.0 294658.0 294862.0 294862.0 295066.0 295269.0 295269.0 295456.0 295664.0 295664.0 295850.0 296053.0 296053.0 296260.0 296260.0 296466.0 296669.0 296853.0 296853.0 297057.0 297057.0 297263.0 297462.0 297462.0 297666.0 297871.0 297871.0 298056.0 298264.0 298264.0 298469.0 298671.0 298671.0 298857.0
422406.0 422406.0 422588.0 422588.0 422792.0 422998.0 423203.0 423203.0 423391.0 423391.0 423796.0 423796.0 423999.0 423999.0 424185.0 424391.0 424596.0 424596.0 424801.0 425005.0 425005.0 425190.0 425399.0 425399.0 425604.0 425792.0 425792.0 425996.0 425996.0 426199.0 426199.0 426402.0 426402.0 426609.0 426795.0 426795.0 427000.0 427000.0 427204.0 427408.0 427593.0 427593.0 427796.0 427796.0 427997.0 428201.0 428201.0 428404.0 428591.0 428591.0 428999.0 428999.0 429203.0 429406.0
543399.0 543399.0 543603.0 543603.0 543809.0 544010.0 544214.0 544214.0 544396.0 544600.0 544600.0 544810.0 545014.0 545202.0 545410.0 545410.0 545613.0 545796.0 545796.0 546004.0 546208.0 546208.0 546413.0 546413.0 546597.0 546801.0 547011.0 547011.0 547194.0 547397.0 547397.0 547607.0 547794.0 547794.0 548001.0 548207.0 548207.0 548391.0 548594.0 548594.0 548800.0 549004.0 549004.0 549208.0 549208.0 549411.0 549595.0 549799.0 550002.0 550002.0 550207.0 550394.0 550394.0 550601.0
568210.0 568393.0 568393.0 568615.0 568801.0 568801.0 569005.0 569210.0 569210.0 569597.0 569597.0 569803.0 569803.0 570010.0 570195.0 570195.0 570398.0 570603.0 570603.0 570811.0 570811.0 570999.0 571201.0 571406.0 571609.0 571609.0 571812.0 571812.0 571997.0 571997.0 572391.0 572594.0 572594.0 572798.0 573004.0 573004.0 573208.0 573394.0 573394.0 573599.0 573803.0 574008.0 574008.0 574210.0 574393.0 574393.0 574596.0 574798.0 574798.0 575002.0 575002.0 575204.0 575406.0 575406.0
626400.0 626603.0 626807.0 626807.0 627009.0 627191.0 627191.0 627394.0 627596.0 627798.0 628002.0 628002.0 628210.0 628395.0 628395.0 628605.0 628605.0 628809.0 629013.0 629013.0 629196.0 629402.0 629402.0 629611.0 629796.0 629999.0 630203.0 630408.0 630408.0 630610.0 630812.0 630812.0 630997.0 631200.0 631200.0 631404.0 631609.0 631800.0 631800.0 632004.0 632004.0 632206.0 632392.0 632392.0 632599.0 632599.0 632805.0 633011.0 633199.0 633199.0 633403.0 633403.0 633607.0 633607.0
592407.0 592407.0 592591.0 592798.0 592798.0 593006.0 593209.0 593398.0 593398.0 593605.0 593811.0 593811.0 593999.0 593999.0 594203.0 594203.0 594405.0 594608.0 594608.0 594791.0 594791.0 594994.0 595197.0 595197.0 595400.0 595603.0 595603.0 595805.0 595805.0 596008.0 596008.0 596210.0 596394.0 596601.0 596601.0 596803.0 597211.0 597395.0 597599.0 597599.0 597804.0 597804.0 598015.0 598406.0 598406.0 598593.0 598798.0 598798.0 599001.0 599001.0 599395.0 599600.0 599810.0 599995.0
571044.0 571245.0 571447.0 571447.0 571649.0 571649.0 571849.0 572049.0 572049.0 572248.0 572248.0 572435.0 572636.0 572837.0 572837.0 573039.0 573039.0 573239.0 573447.0 573447.0 573649.0 573649.0 573849.0 574050.0 574050.0 574249.0 574249.0 574454.0 574635.0 574835.0 575035.0 575439.0 575640.0 575841.0 576041.0 576444.0 576646.0 577046.0 577246.0 577448.0 577632.0 577632.0 577833.0 577833.0 578033.0 578033.0 578233.0 578438.0 578638.0 578638.0 578839.0 578839.0 579040.0 579241.0
579241.0 579241.0 579444.0 579444.0 579645.0 579645.0 579845.0 579845.0 580046.0 580246.0 580246.0 580450.0 580651.0 580651.0 580831.0 580831.0 581052.0 581052.0 581252.0 581434.0 581434.0 581635.0 581635.0 581836.0 582035.0 582035.0 582235.0 582438.0 582438.0 582640.0 582640.0 582841.0 582841.0 583042.0 583243.0 583243.0 583450.0 583650.0 583650.0 583850.0 584050.0 584050.0 584250.0 584250.0 584453.0 584652.0 584853.0 584853.0 585037.0 585240.0 585646.0 585646.0 585847.0 586249.0
623039.0 623239.0 623239.0 623443.0 623443.0 623644.0 623844.0 623844.0 624044.0 624244.0 624244.0 624447.0 624447.0 624850.0 625051.0 625252.0 625434.0 625635.0 625835.0 626036.0 626036.0 626236.0 626439.0 626843.0 627044.0 627044.0 627243.0 627243.0 627448.0 627631.0 627631.0 627850.0 627850.0 628051.0 628051.0 628250.0 628436.0 628436.0 628637.0 628837.0 628837.0 629037.0 629037.0 629237.0 629237.0 629440.0 629642.0 629642.0 629842.0 629842.0 630042.0 630042.0 630242.0 630445.0
631045.0 631245.0 631245.0 631450.0 631632.0 631632.0 631832.0 631832.0 632052.0 632052.0 632234.0 632234.0 632437.0 632639.0 632639.0 632840.0 632840.0 633042.0 633042.0 633243.0 633450.0 633450.0 633651.0 633651.0 633851.0 633851.0 634053.0 634053.0 634253.0 634457.0 634457.0 634638.0 635040.0 635040.0 635442.0 635642.0 635642.0 636042.0 636042.0 636242.0 636445.0 636647.0 636647.0 636849.0 637253.0 637436.0 637638.0 637839.0 638039.0 638238.0 638446.0 638647.0 638849.0 639051.0
638039.0 638238.0 638446.0 638647.0 638849.0 639051.0 639251.0 639251.0 639433.0 639634.0 639834.0 639834.0 640034.0 640235.0 640639.0 640639.0 640840.0 641041.0 641242.0 641242.0 641447.0 641851.0 641851.0 642231.0 642455.0 642639.0 642840.0 643041.0 643041.0 643241.0 643443.0 643443.0 643645.0 643645.0 643848.0 644048.0 644048.0 644249.0 644452.0 644452.0 644652.0 644852.0 645252.0 645457.0 645640.0 645840.0 645840.0 646242.0 646242.0 646446.0 646647.0 646847.0 647047.0 647248.0
646242.0 646242.0 646446.0 646647.0 646847.0 647047.0 647248.0 647454.0 647454.0 647637.0 647637.0 647837.0 647837.0 648037.0 648237.0 648237.0 648441.0 648441.0 648643.0 648643.0 648845.0 649044.0 649044.0 649244.0 649244.0 649448.0 649648.0 649648.0 649848.0 649848.0 650049.0 650248.0 650248.0 650452.0 650654.0 650654.0 650854.0 650854.0 651055.0 651254.0 651439.0 651439.0 651642.0 651842.0 651842.0 652042.0 652242.0 652242.0 652445.0 652646.0 652646.0 652848.0 652848.0 653048.0
670050.0 670250.0 670250.0 670454.0 670655.0 670655.0 670855.0 670855.0 671056.0 671256.0 671256.0 671439.0 671645.0 671645.0 671845.0 671845.0 672046.0 672245.0 672245.0 672449.0 672449.0 672651.0 672851.0 672851.0 673051.0 673051.0 673251.0 673439.0 673439.0 673641.0 673641.0 673841.0 674041.0 674041.0 674241.0 674446.0 674446.0 674648.0 674848.0 675048.0 675248.0 675451.0 675451.0 675852.0 676052.0 676252.0 676252.0 676637.0 676838.0 677039.0 677238.0 677238.0 677442.0 677643.0
678042.0 678243.0 678446.0 678446.0 678646.0 678847.0 678847.0 679046.0 679046.0 679247.0 679450.0 679450.0 679650.0 679650.0 679850.0 679850.0 680050.0 680250.0 680250.0 680453.0 680453.0 680635.0 680635.0 680835.0 680835.0 681055.0 681055.0 681255.0 681438.0 681438.0 681641.0 681840.0 681840.0 682041.0 682041.0 682240.0 682445.0 682445.0 682647.0 682647.0 682847.0 683047.0 683047.0 683248.0 683248.0 683451.0 683451.0 683652.0 683852.0 683852.0 684052.0 684052.0 684252.0 684455.0
693039.0 693239.0 693239.0 693445.0 693445.0 693647.0 693847.0 693847.0 694047.0 694247.0 694247.0 694449.0 694652.0 694852.0 695052.0 695252.0 695454.0 695655.0 695655.0 696035.0 696035.0 696642.0 696842.0 697042.0 697042.0 697242.0 697242.0 697444.0 697645.0 697645.0 697845.0 697845.0 698045.0 698245.0 698245.0 698449.0 698449.0 698650.0 698650.0 698850.0 698850.0 699050.0 699050.0 699250.0 699250.0 699455.0 699657.0 699657.0 699837.0 700057.0 700057.0 700257.0 700257.0 700461.0
206852.0 207056.0 207258.0 207258.0 207461.0 207649.0 207649.0 207854.0 208060.0 208060.0 208263.0 208470.0 208470.0 208657.0 208865.0 208865.0 209052.0 209256.0 209256.0 209460.0 209460.0 209662.0 209864.0 209864.0 210052.0 210052.0 210255.0 210463.0 210463.0 210647.0 210849.0 210849.0 211051.0 211253.0 211253.0 211457.0 211660.0 211660.0 211863.0 212054.0 212258.0 212258.0 212461.0 212666.0 212666.0 212850.0 212850.0 213053.0 213258.0 213258.0 213461.0 213665.0 213665.0 213850.0
214864.0 215050.0 215254.0 215254.0 215459.0 215459.0 215661.0 215863.0 215863.0 216049.0 216049.0 216251.0 216251.0 216454.0 216657.0 216657.0 216861.0 217068.0 217068.0 217251.0 217251.0 217460.0 217648.0 217648.0 217855.0 218060.0 218060.0 218266.0 218453.0 218453.0 218656.0 218656.0 218859.0 219062.0 219062.0 219264.0 219466.0 219466.0 219650.0 219650.0 219858.0 220045.0 220045.0 220248.0 220248.0 220451.0 220654.0 220654.0 220866.0 221050.0 221050.0 221258.0 221258.0 221463.0
259069.0 259069.0 259256.0 259464.0 259648.0 259648.0 259852.0 259852.0 260054.0 260258.0 260258.0 260467.0 260467.0 260651.0 260651.0 260859.0 261060.0 261060.0 261248.0 261450.0 261450.0 261653.0 261653.0 261861.0 262066.0 262066.0 262254.0 262459.0 262459.0 262663.0 262864.0 262864.0 263067.0 263250.0 263453.0 263453.0 263658.0 263658.0 263867.0 264052.0 264052.0 264254.0 264254.0 264459.0 264667.0 264667.0 264853.0 265060.0 265060.0 265265.0 265265.0 265654.0 265654.0 265863.0
270066.0 270066.0 270254.0 270462.0 270462.0 270667.0 270667.0 270853.0 271056.0 271056.0 271261.0 271463.0 271463.0 271653.0 271858.0 271858.0 272061.0 272061.0 272263.0 272465.0 272465.0 272668.0 272857.0 272857.0 273064.0 273064.0 273267.0 273471.0 273471.0 273658.0 273865.0 273865.0 274250.0 274250.0 274453.0 274453.0 274659.0 274659.0 274860.0 275071.0 275255.0 275465.0 275465.0 275651.0 275651.0 275861.0 276066.0 276066.0 276268.0 276268.0 276451.0 276451.0 276657.0 276862.0
305853.0 306256.0 306256.0 306458.0 306458.0 306664.0 306868.0 306868.0 307053.0 307259.0 307462.0 307665.0 307665.0 307852.0 308055.0 308055.0 308264.0 308450.0 308450.0 308653.0 308653.0 308862.0 309065.0 309065.0 309271.0 309455.0 309455.0 309657.0 309657.0 309863.0 310049.0 310049.0 310255.0 310255.0 310457.0 310660.0 310863.0 311066.0 311066.0 311269.0 311453.0 311453.0 311658.0 311859.0 311859.0 312063.0 312265.0 312468.0 312468.0 312671.0 312855.0 312855.0 313059.0 313263.0
177556.0 177742.0 177742.0 177948.0 178155.0 178155.0 178344.0 178344.0 178550.0 178752.0 178752.0 178955.0 179139.0 179139.0 179343.0 179548.0 179548.0 179754.0 179942.0 179942.0 180148.0 180148.0 180352.0 180556.0 180741.0 180741.0 180951.0 181158.0 181158.0 181341.0 181546.0 181546.0 181750.0 181750.0 181953.0 182157.0 182157.0 182341.0 182544.0 182544.0 182752.0 182958.0 182958.0 183144.0 183144.0 183353.0 183353.0 183558.0 183744.0 183952.0 183952.0 184158.0 184158.0 184359.0
205544.0 205544.0 205751.0 205955.0 205955.0 206158.0 206343.0 206343.0 206548.0 206753.0 206753.0 206960.0 206960.0 207143.0 207143.0 207346.0 207346.0 207551.0 207754.0 207754.0 207961.0 208147.0 208356.0 208356.0 208544.0 208544.0 208746.0 208949.0 208949.0 209153.0 209356.0 209356.0 209559.0 209762.0 209762.0 209945.0 210153.0 210153.0 210355.0 210355.0 210560.0 210764.0 210764.0 210948.0 211159.0 211159.0 211364.0 211547.0 211547.0 211752.0 211953.0 212157.0 212157.0 212359.0
214550.0 214550.0 214756.0 214756.0 214961.0 215144.0 215144.0 215352.0 215559.0 215559.0 215763.0 215946.0 216148.0 216148.0 216351.0 216351.0 216556.0 216759.0 216759.0 216961.0 217145.0 217145.0 217350.0 217350.0 217556.0 217759.0 217947.0 217947.0 218156.0 218156.0 218357.0 218357.0 218560.0 218743.0 218743.0 218947.0 218947.0 219153.0 219357.0 219357.0 219561.0 219561.0 219748.0 219954.0 220157.0 220360.0 220544.0 220544.0 220751.0 220956.0 220956.0 221143.0 221350.0 221559.0
222548.0 222548.0 222759.0 222942.0 222942.0 223147.0 223350.0 223350.0 223556.0 223556.0 223757.0 223757.0 223961.0 224162.0 224162.0 224344.0 224547.0 224547.0 224749.0 224961.0 224961.0 225167.0 225350.0 225350.0 225553.0 225754.0 225754.0 225956.0 225956.0 226158.0 226346.0 226346.0 226553.0 226760.0 226760.0 226947.0 227154.0 227154.0 227361.0 227543.0 227746.0 227746.0 227950.0 228153.0 228153.0 228357.0 228357.0 228561.0 228746.0 228746.0 228949.0 229152.0 229152.0 229355.0
232556.0 232748.0 232748.0 232952.0 233144.0 233144.0 233368.0 233550.0 233753.0 233753.0 233956.0 234158.0 234158.0 234361.0 234545.0 234545.0 234754.0 234754.0 234960.0 235144.0 235144.0 235348.0 235551.0 235551.0 235754.0 235957.0 235957.0 236164.0 236349.0 236349.0 236554.0 236759.0 236759.0 236948.0 237154.0 237154.0 237358.0 237545.0 237545.0 237749.0 237952.0 237952.0 238157.0 238348.0 238348.0 238551.0 238551.0 238758.0 238965.0 238965.0 239149.0 239149.0 239357.0 239547.0
269553.0 269553.0 269759.0 269963.0 269963.0 270165.0 270348.0 270348.0 270550.0 270550.0 270753.0 270956.0 270956.0 271159.0 271363.0 271363.0 271551.0 271763.0 271763.0 271949.0 272151.0 272151.0 272355.0 272355.0 272563.0 272563.0 272767.0 272956.0 273164.0 273164.0 273346.0 273550.0 273550.0 273754.0 273958.0 273958.0 274160.0 274364.0 274364.0 274548.0 274751.0 274751.0 274954.0 274954.0 275156.0 275359.0 275359.0 275562.0 275562.0 275765.0 275946.0 275946.0 276152.0 276355.0
252555.0 252759.0 252759.0 252963.0 253150.0 253150.0 253358.0 253545.0 253749.0 253749.0 253953.0 253953.0 254157.0 254359.0 254359.0 254561.0 254561.0 254765.0 254950.0 254950.0 255155.0 255358.0 255358.0 255562.0 255562.0 255764.0 255950.0 255950.0 256156.0 256359.0 256562.0 256765.0 256765.0 256968.0 257151.0 257151.0 257353.0 257557.0 257746.0 257746.0 257951.0 258154.0 258154.0 258356.0 258559.0 258559.0 258762.0 258762.0 258965.0 259158.0 259158.0 259360.0 259547.0 259547.0
280569.0 280569.0 280753.0 280961.0 280961.0 281166.0 281368.0 281368.0 281551.0 281551.0 281758.0 281758.0 281967.0 282158.0 282363.0 282363.0 282551.0 282754.0 282754.0 282959.0 282959.0 283161.0 283351.0 283559.0 283559.0 283761.0 283951.0 283951.0 284155.0 284359.0 284359.0 284567.0 284753.0 284753.0 284959.0 285165.0 285165.0 285353.0 285558.0 285558.0 285760.0 285966.0 285966.0 286150.0 286150.0 286356.0 286561.0 286561.0 286764.0 286764.0 286966.0 287150.0 287150.0 287362.0
301561.0 301561.0 301746.0 301954.0 301954.0 302160.0 302363.0 302363.0 302566.0 302752.0 302752.0 302955.0 302955.0 303160.0 303362.0 303546.0 303546.0 303753.0 303753.0 303960.0 304148.0 304352.0 304352.0 304555.0 304555.0 304763.0 304763.0 304967.0 305151.0 305354.0 305354.0 305558.0 305762.0 305964.0 305964.0 306154.0 306154.0 306360.0 306565.0 306565.0 306749.0 306954.0 306954.0 307162.0 307344.0 307344.0 307547.0 307547.0 307750.0 307953.0 307953.0 308160.0 308367.0 308549.0
309566.0 309754.0 309754.0 309960.0 309960.0 310163.0 310349.0 310552.0 310552.0 310759.0 310759.0 310946.0 311148.0 311148.0 311352.0 311554.0 311554.0 311756.0 311756.0 311959.0 311959.0 312162.0 312162.0 312350.0 312557.0 312557.0 312762.0 312948.0 312948.0 313150.0 313150.0 313354.0 313560.0 313560.0 313745.0 313947.0 314156.0 314156.0 314360.0 314547.0 314547.0 314750.0 314958.0 314958.0 315165.0 315350.0 315350.0 315555.0 315555.0 315764.0 315951.0 315951.0 316158.0 316361.0
323552.0 323757.0 323757.0 323959.0 324162.0 324162.0 324345.0 324551.0 324551.0 324754.0 324956.0 324956.0 325161.0 325362.0 325362.0 325566.0 325566.0 325754.0 325957.0 325957.0 326165.0 326350.0 326350.0 326555.0 326763.0 326763.0 326968.0 327152.0 327152.0 327356.0 327356.0 327560.0 327747.0 327747.0 327950.0 328156.0 328156.0 328361.0 328552.0 328552.0 328756.0 328960.0 328960.0 329163.0 329163.0 329354.0 329557.0 329557.0 329763.0 329966.0 329966.0 330150.0 330353.0 330353.0
330560.0 330560.0 330765.0 330765.0 330950.0 331158.0 331158.0 331362.0 331362.0 331565.0 331753.0 331753.0 331959.0 331959.0 332164.0 332351.0 332556.0 332556.0 332746.0 332746.0 332950.0 333152.0 333152.0 333355.0 333559.0 333559.0 333765.0 333954.0 333954.0 334159.0 334159.0 334364.0 334553.0 334553.0 334758.0 334758.0 334963.0 335148.0 335148.0 335351.0 335351.0 335554.0 335757.0 335757.0 335962.0 336149.0 336149.0 336353.0 336556.0 336556.0 336758.0 336758.0 336961.0 336961.0
339560.0 339764.0 339764.0 339966.0 340152.0 340152.0 340360.0 340360.0 340566.0 340749.0 340749.0 340953.0 341154.0 341359.0 341359.0 341565.0 341750.0 341750.0 341961.0 342164.0 342164.0 342351.0 342554.0 342554.0 342762.0 342965.0 342965.0 343168.0 343356.0 343356.0 343543.0 343543.0 343752.0 343960.0 343960.0 344146.0 344349.0 344349.0 344552.0 344758.0 344758.0 344963.0 345166.0 345166.0 345350.0 345555.0 345555.0 345757.0 345757.0 345962.0 346150.0 346150.0 346356.0 346560.0
345555.0 345555.0 345757.0 345757.0 345962.0 346150.0 346150.0 346356.0 346560.0 346560.0 346748.0 346952.0 346952.0 347159.0 347159.0 347346.0 347550.0 347550.0 347755.0 347961.0 347961.0 348166.0 348351.0 348351.0 348557.0 348744.0 348744.0 348948.0 349152.0 349152.0 349355.0 349557.0 349557.0 349761.0 349761.0 349963.0 350168.0 350168.0 350350.0 350554.0 350554.0 350756.0 350756.0 350960.0 351164.0 351164.0 351348.0 351348.0 351552.0 351755.0 351755.0 351959.0 352164.0 352164.0
437215.0 437396.0 437396.0 437619.0 437802.0 437802.0 438007.0 438215.0 438215.0 438397.0 438601.0 438601.0 438806.0 439010.0 439010.0 439215.0 439401.0 439401.0 439605.0 439605.0 439812.0 440001.0 440207.0 440207.0 440412.0 440595.0 440595.0 440798.0 440798.0 441000.0 441204.0 441204.0 441409.0 441611.0 441611.0 441814.0 442016.0 442016.0 442607.0 442814.0 442814.0 443001.0 443204.0 443204.0 443407.0 443611.0 443611.0 443801.0 444007.0 444007.0 444211.0 444414.0 444600.0 444600.0
443204.0 443407.0 443611.0 443611.0 443801.0 444007.0 444007.0 444211.0 444414.0 444600.0 444600.0 444804.0 444988.0 444988.0 445416.0 445416.0 445618.0 445798.0 445798.0 446000.0 446205.0 446408.0 446408.0 446611.0 446797.0 446797.0 447020.0 447020.0 447203.0 447409.0 447409.0 447616.0 447818.0 447818.0 448000.0 448203.0 448203.0 448415.0 448616.0 448616.0 448798.0 449003.0 449003.0 449207.0 449416.0 449416.0 449600.0 449600.0 449804.0 450007.0 450007.0 450211.0 450414.0 450601.0
451195.0 451400.0 451604.0 451604.0 451813.0 451998.0 451998.0 452201.0 452404.0 452607.0 452607.0 452812.0 452812.0 453015.0 453219.0 453405.0 453405.0 453608.0 453608.0 453814.0 454016.0 454016.0 454200.0 454403.0 454610.0 454610.0 454817.0 454817.0 455001.0 455204.0 455204.0 455408.0 455617.0 455617.0 455805.0 455805.0 456010.0 456218.0 456218.0 456404.0 456607.0 456607.0 456811.0 456811.0 457016.0 457204.0 457204.0 457411.0 457411.0 457617.0 457802.0 457802.0 458006.0 458209.0
458209.0 458413.0 458617.0 458804.0 459018.0 459202.0 459202.0 459408.0 459611.0 459611.0 459814.0 460016.0 460016.0 460199.0 460405.0 460609.0 460609.0 460814.0 460814.0 461000.0 461204.0 461408.0 461408.0 461609.0 461609.0 461813.0 461999.0 461999.0 462204.0 462407.0 462407.0 462612.0 462815.0 462815.0 463021.0 463204.0 463408.0 463408.0 463616.0 463805.0 463805.0 464012.0 464012.0 464221.0 464406.0 464406.0 464611.0 464817.0 464817.0 465002.0 465206.0 465206.0 465410.0 465616.0
466211.0 466414.0 466599.0 466599.0 466803.0 466803.0 467005.0 467005.0 467215.0 467415.0 467415.0 467604.0 467604.0 467806.0 468010.0 468010.0 468214.0 468214.0 468419.0 468603.0 468808.0 468808.0 469014.0 469014.0 469221.0 469405.0 469405.0 469612.0 469814.0 469814.0 470015.0 470202.0 470202.0 470406.0 470406.0 470611.0 470611.0 470817.0 471018.0 471208.0 471208.0 471413.0 471600.0 471600.0 471807.0 472010.0 472199.0 472199.0 472403.0 472609.0 472609.0 472797.0 473003.0 473207.0
490407.0 490407.0 490592.0 490794.0 490794.0 490999.0 491202.0 491202.0 491406.0 491611.0 491793.0 491793.0 491997.0 492202.0 492202.0 492392.0 492603.0 492603.0 492807.0 492992.0 492992.0 493195.0 493401.0 493401.0 493607.0 493792.0 493792.0 494002.0 494209.0 494394.0 494394.0 494602.0 494602.0 494805.0 494992.0 494992.0 495200.0 495405.0 495405.0 495609.0 495793.0 495793.0 495995.0 495995.0 496198.0 496402.0 496402.0 496605.0 496808.0 496808.0 497011.0 497194.0 497194.0 497399.0
497194.0 497399.0 497606.0 497789.0 497789.0 497995.0 498199.0 498199.0 498402.0 498402.0 498607.0 498798.0 498798.0 499005.0 499206.0 499389.0 499389.0 499590.0 499590.0 499797.0 499797.0 500003.0 500211.0 500396.0 500396.0 500602.0 500602.0 500790.0 500998.0 500998.0 501201.0 501409.0 501596.0 501801.0 501801.0 502012.0 502198.0 502387.0 502387.0 502601.0 502803.0 502803.0 503006.0 503189.0 503189.0 503392.0 503595.0 503801.0 503801.0 504008.0 504008.0 504195.0 504195.0 504398.0
514396.0 514396.0 514601.0 514601.0 514808.0 514991.0 514991.0 515197.0 515197.0 515401.0 515401.0 515608.0 515814.0 515998.0 515998.0 516201.0 516201.0 516405.0 516612.0 516612.0 516798.0 517003.0 517003.0 517210.0 517210.0 517397.0 517601.0 517601.0 517794.0 517794.0 518001.0 518407.0 518407.0 518596.0 518596.0 518803.0 518991.0 518991.0 519197.0 519197.0 519401.0 519607.0 519607.0 519790.0 519993.0 519993.0 520201.0 520201.0 520406.0 520591.0 520591.0 520799.0 520799.0 521009.0
522394.0 522394.0 522598.0 522598.0 522803.0 522991.0 522991.0 523196.0 523196.0 523399.0 523603.0 523791.0 523791.0 524002.0 524002.0 524191.0 524399.0 524399.0 524605.0 524790.0 524992.0 524992.0 525198.0 525198.0 525401.0 525603.0 525603.0 525806.0 526009.0 526009.0 526191.0 526394.0 526394.0 526598.0 526803.0 526803.0 527009.0 527192.0 527192.0 527400.0 527605.0 527605.0 527807.0 527991.0 527991.0 528196.0 528404.0 528607.0 528607.0 528791.0 528791.0 528998.0 529204.0 529408.0
539207.0 539407.0 539609.0 539609.0 539800.0 540007.0 540007.0 540210.0 540412.0 540412.0 540596.0 540596.0 541000.0 541000.0 541204.0 541413.0 541413.0 541597.0 541801.0 541801.0 542009.0 542009.0 542194.0 542403.0 542403.0 542611.0 542611.0 542799.0 542799.0 543005.0 543210.0 543210.0 543399.0 543399.0 543603.0 543603.0 543809.0 544010.0 544214.0 544214.0 544396.0 544600.0 544600.0 544810.0 545014.0 545202.0 545410.0 545410.0 545613.0 545796.0 545796.0 546004.0 546208.0 546208.0
350032.0 350232.0 350232.0 350437.0 350638.0 350638.0 350838.0 350838.0 351038.0 351238.0 351238.0 351441.0 351643.0 351643.0 351843.0 351843.0 352043.0 352043.0 352243.0 352243.0 352446.0 352648.0 352648.0 352828.0 352828.0 353047.0 353228.0 353228.0 353431.0 353431.0 353632.0 353832.0 353832.0 354032.0 354032.0 354232.0 354232.0 354436.0 354639.0 354839.0 355039.0 355039.0 355442.0 355644.0 355843.0 355843.0 356244.0 356448.0 356448.0 356629.0 356829.0 357030.0 357030.0 357229.0
357030.0 357229.0 357229.0 357434.0 357434.0 357635.0 357635.0 357835.0 358035.0 358035.0 358235.0 358235.0 358439.0 358640.0 358640.0 358840.0 358840.0 359040.0 359240.0 359240.0 359444.0 359444.0 359646.0 359846.0 359846.0 360046.0 360046.0 360246.0 360429.0 360429.0 360630.0 360630.0 360850.0 360850.0 361030.0 361030.0 361230.0 361433.0 361433.0 361637.0 361637.0 361837.0 361837.0 362037.0 362237.0 362237.0 362440.0 362440.0 362642.0 362843.0 362843.0 363043.0 363043.0 363243.0
372034.0 372234.0 372234.0 372438.0 372639.0 372639.0 372840.0 372840.0 373040.0 373040.0 373240.0 373442.0 373442.0 373644.0 373845.0 373845.0 374044.0 374244.0 374447.0 374630.0 374831.0 375230.0 375230.0 375636.0 375837.0 375837.0 376037.0 376237.0 376440.0 376440.0 376842.0 376842.0 377041.0 377041.0 377241.0 377446.0 377446.0 377647.0 377847.0 377847.0 378048.0 378048.0 378247.0 378450.0 378450.0 378633.0 378633.0 378834.0 379034.0 379034.0 379235.0 379235.0 379437.0 379437.0
400040.0 400240.0 400240.0 400446.0 400629.0 400629.0 400831.0 400831.0 401051.0 401051.0 401231.0 401231.0 401456.0 401837.0 401837.0 402037.0 402037.0 402237.0 402439.0 402439.0 402639.0 402639.0 402839.0 403039.0 403039.0 403239.0 403239.0 403443.0 403443.0 403645.0 403645.0 403844.0 404044.0 404044.0 404244.0 404447.0 404631.0 405030.0 405030.0 405231.0 405434.0 405636.0 405836.0 406037.0 406236.0 406439.0 406643.0 406843.0 407242.0 407242.0 407446.0 407446.0 407648.0 407829.0
420034.0 420234.0 420234.0 420639.0 420639.0 420839.0 421039.0 421039.0 421240.0 421240.0 421444.0 421444.0 421648.0 421648.0 421848.0 422048.0 422048.0 422248.0 422248.0 422432.0 422633.0 422633.0 422833.0 422833.0 423033.0 423033.0 423253.0 423438.0 423638.0 423638.0 423839.0 423839.0 424039.0 424039.0 424238.0 424441.0 424643.0 425043.0 425243.0 425243.0 425627.0 425627.0 425847.0 426047.0 426247.0 426452.0 426452.0 426635.0 426835.0 427035.0 427035.0 427235.0 427440.0 427440.0
234857.0 235060.0 235263.0 235263.0 235466.0 235466.0 235648.0 235849.0 235849.0 236052.0 236251.0 236251.0 236452.0 236452.0 236653.0 236653.0 236854.0 236854.0 237057.0 237057.0 237258.0 237460.0 237460.0 237663.0 237865.0 237865.0 238050.0 238253.0 238253.0 238454.0 238454.0 238655.0 238856.0 238856.0 239057.0 239257.0 239257.0 239458.0 239458.0 239659.0 239860.0 239860.0 240061.0 240061.0 240261.0 240465.0 240465.0 240669.0 240851.0 240851.0 241055.0 241256.0 241256.0 241459.0
241055.0 241256.0 241256.0 241459.0 241459.0 241661.0 241864.0 241864.0 242066.0 242066.0 242269.0 242452.0 242654.0 242654.0 242857.0 243062.0 243062.0 243263.0 243263.0 243464.0 243667.0 243667.0 243867.0 244067.0 244067.0 244268.0 244451.0 244451.0 244654.0 244654.0 244854.0 244854.0 245056.0 245262.0 245262.0 245464.0 245464.0 245666.0 245869.0 245869.0 246051.0 246256.0 246256.0 246460.0 246663.0 246663.0 246865.0 246865.0 247067.0 247270.0 247270.0 247452.0 247655.0 247655.0
246865.0 247067.0 247270.0 247270.0 247452.0 247655.0 247655.0 247857.0 248058.0 248058.0 248262.0 248262.0 248465.0 248465.0 248650.0 248851.0 248851.0 249054.0 249054.0 249256.0 249256.0 249456.0 249658.0 249658.0 249859.0 249859.0 250060.0 250060.0 250261.0 250261.0 250463.0 250663.0 250663.0 250865.0 251067.0 251067.0 251249.0 251450.0 251450.0 251653.0 251852.0 251852.0 252058.0 252058.0 252259.0 252259.0 252462.0 252462.0 252664.0 252868.0 252868.0 253051.0 253253.0 253253.0
276052.0 276052.0 276255.0 276255.0 276456.0 276659.0 276659.0 276861.0 277064.0 277064.0 277247.0 277452.0 277452.0 277656.0 277656.0 277859.0 278061.0 278061.0 278263.0 278466.0 278466.0 278669.0 278669.0 278851.0 279052.0 279052.0 279253.0 279253.0 279456.0 279657.0 279657.0 279858.0 280061.0 280061.0 280261.0 280261.0 280464.0 280666.0 280666.0 280848.0 281049.0 281049.0 281252.0 281252.0 281453.0 281657.0 281859.0 281859.0 282062.0 282062.0 282264.0 282447.0 282447.0 282651.0
284069.0 284069.0 284270.0 284270.0 284451.0 284657.0 284657.0 284860.0 284860.0 285063.0 285063.0 285266.0 285468.0 285468.0 285650.0 285852.0 285852.0 286053.0 286053.0 286255.0 286457.0 286457.0 286661.0 286661.0 286864.0 286864.0 287064.0 287264.0 287264.0 287466.0 287647.0 287647.0 287867.0 287867.0 288069.0 288069.0 288252.0 288453.0 288453.0 288656.0 288656.0 288858.0 288858.0 289061.0 289061.0 289264.0 289463.0 289463.0 289664.0 289664.0 289865.0 290068.0 290068.0 290248.0
292862.0 293065.0 293065.0 293269.0 293452.0 293452.0 293653.0 293653.0 293856.0 294059.0 294059.0 294263.0 294263.0 294465.0 294667.0 294667.0 294869.0 295052.0 295052.0 295254.0 295254.0 295458.0 295660.0 295861.0 295861.0 296063.0 296063.0 296265.0 296469.0 296469.0 296652.0 296652.0 296852.0 296852.0 297052.0 297252.0 297252.0 297452.0 297652.0 297652.0 297854.0 298055.0 298257.0 298257.0 298459.0 298459.0 298661.0 298863.0 299064.0 299064.0 299265.0 299465.0 299465.0 299647.0
300860.0 301061.0 301262.0 301262.0 301463.0 301463.0 301665.0 301867.0 301867.0 302050.0 302251.0 302251.0 302453.0 302453.0 302653.0 302653.0 302855.0 303055.0 303055.0 303255.0 303456.0 303456.0 303658.0 303658.0 303860.0 304062.0 304062.0 304263.0 304263.0 304464.0 304666.0 304666.0 304850.0 304850.0 305051.0 305252.0 305252.0 305455.0 305657.0 305657.0 305857.0 305857.0 306061.0 306061.0 306263.0 306263.0 306464.0 306666.0 306666.0 306867.0 307067.0 307067.0 307268.0 307268.0
318863.0 319064.0 319266.0 319266.0 319466.0 319667.0 319667.0 319849.0 320051.0 320051.0 320255.0 320255.0 320456.0 320659.0 320659.0 320860.0 321061.0 321061.0 321263.0 321463.0 321463.0 321665.0 321867.0 321867.0 322070.0 322253.0 322253.0 322456.0 322658.0 322658.0 322861.0 322861.0 323063.0 323265.0 323265.0 323469.0 323652.0 323652.0 323854.0 323854.0 324056.0 324056.0 324257.0 324458.0 324660.0 324860.0 324860.0 325061.0 325263.0 325263.0 325447.0 325447.0 325669.0 325850.0
161844.0 162045.0 162246.0 162246.0 162447.0 162651.0 162651.0 162850.0 162850.0 163051.0 163251.0 163251.0 163453.0 163453.0 163653.0 163854.0 163854.0 164054.0 164254.0 164254.0 164458.0 164458.0 164659.0 164859.0 164859.0 165060.0 165060.0 165261.0 165261.0 165446.0 165667.0 165667.0 165849.0 165849.0 166054.0 166054.0 166255.0 166457.0 166457.0 166659.0 166859.0 166859.0 167061.0 167061.0 167264.0 167445.0 167445.0 167648.0 167648.0 167848.0 168049.0 168049.0 168250.0 168250.0
169052.0 169052.0 169252.0 169453.0 169453.0 169653.0 169653.0 169854.0 170055.0 170055.0 170258.0 170460.0 170460.0 170643.0 170643.0 170845.0 171049.0 171049.0 171252.0 171252.0 171454.0 171454.0 171656.0 171857.0 171857.0 172057.0 172057.0 172260.0 172442.0 172442.0 172644.0 172845.0 172845.0 173050.0 173050.0 173252.0 173252.0 173455.0 173656.0 173656.0 173857.0 173857.0 174058.0 174259.0 174259.0 174458.0 174458.0 174660.0 174660.0 175061.0 175262.0 175262.0 175462.0 175462.0
177048.0 177048.0 177249.0 177249.0 177452.0 177654.0 177654.0 177856.0 177856.0 178057.0 178057.0 178259.0 178259.0 178461.0 178642.0 178642.0 178862.0 178862.0 179043.0 179246.0 179246.0 179445.0 179445.0 179665.0 179845.0 179845.0 180047.0 180047.0 180247.0 180449.0 180449.0 180649.0 180649.0 180849.0 180849.0 181050.0 181251.0 181251.0 181453.0 181453.0 181653.0 181653.0 181853.0 181853.0 182055.0 182256.0 182256.0 182458.0 182458.0 182660.0 182660.0 182862.0 183062.0 183062.0
361067.0 361067.0 361269.0 361269.0 361453.0 361655.0 361655.0 361857.0 361857.0 362060.0 362060.0 362263.0 362463.0 362463.0 362665.0 362865.0 362865.0 363047.0 363248.0 363248.0 363449.0 363449.0 363650.0 363853.0 363853.0 364056.0 364056.0 364257.0 364257.0 364458.0 364659.0 364659.0 364860.0 364860.0 365064.0 365064.0 365267.0 365467.0 365467.0 365648.0 365648.0 365851.0 366053.0 366053.0 366254.0 366254.0 366456.0 366656.0 366656.0 366857.0 366857.0 367062.0 367062.0 367265.0
370862.0 371062.0 371265.0 371265.0 371467.0 371467.0 371668.0 371851.0 371851.0 372073.0 372256.0 372256.0 372459.0 372662.0 372662.0 372865.0 372865.0 373067.0 373250.0 373250.0 373453.0 373453.0 373655.0 373856.0 373856.0 374058.0 374262.0 374262.0 374463.0 374463.0 374663.0 374864.0 374864.0 375064.0 375064.0 375264.0 375468.0 375468.0 375668.0 375668.0 375869.0 376050.0 376050.0 376252.0 376252.0 376454.0 376658.0 376658.0 376859.0 377060.0 377060.0 377060.0 377266.0 377467.0
69230.0 69230.0 69433.0 69615.0 69615.0 69816.0 69816.0 70016.0 70016.0 70235.0 70419.0 70419.0 70620.0 70819.0 70819.0 71019.0 71019.0 71219.0 71423.0 71423.0 71624.0 71824.0 71824.0 72024.0 72024.0 72224.0 72224.0 72429.0 72429.0 72631.0 72831.0 72831.0 73032.0 73032.0 73231.0 73231.0 73417.0 73637.0 73637.0 73818.0 74019.0 74219.0 74441.0 74623.0 75223.0 75223.0 75424.0 75626.0 75828.0 76028.0 76228.0 76631.0 76631.0 76832.0
77033.0 77233.0 77233.0 77435.0 77617.0 77617.0 77838.0 78018.0 78018.0 78218.0 78218.0 78421.0 78421.0 78624.0 78825.0 78825.0 79026.0 79026.0 79228.0 79432.0 79432.0 79635.0 79635.0 79816.0 80015.0 80015.0 80216.0 80216.0 80421.0 80622.0 80622.0 80823.0 80823.0 81023.0 81023.0 81223.0 81426.0 81426.0 81628.0 81628.0 81830.0 82029.0 82029.0 82231.0 82231.0 82434.0 82635.0 82635.0 82836.0 83036.0 83036.0 83236.0 83236.0 83439.0
108034.0 108234.0 108437.0 108619.0 108619.0 108821.0 109022.0 109022.0 109223.0 109423.0 109423.0 109625.0 109625.0 109825.0 110025.0 110025.0 110225.0 110428.0 110428.0 110629.0 110629.0 110830.0 111030.0 111030.0 111230.0 111230.0 111433.0 111635.0 111635.0 111835.0 111835.0 112036.0 112036.0 112235.0 112419.0 112419.0 112621.0 112621.0 112821.0 112821.0 113021.0 113222.0 113222.0 113423.0 113626.0 113626.0 113828.0 113828.0 114229.0 114431.0 114633.0 115033.0 115033.0 115437.0
115033.0 115437.0 115638.0 115638.0 116020.0 116219.0 116219.0 116424.0 116627.0 116826.0 117026.0 117434.0 117634.0 117634.0 117834.0 117834.0 118034.0 118234.0 118234.0 118436.0 118436.0 118636.0 118636.0 118836.0 118836.0 119036.0 119036.0 119236.0 119440.0 119440.0 119640.0 119640.0 119839.0 120020.0 120020.0 120220.0 120220.0 120426.0 120628.0 120628.0 120828.0 120828.0 121028.0 121028.0 121229.0 121432.0 121432.0 121634.0 121634.0 121836.0 122036.0 122036.0 122236.0 122236.0
123023.0 123223.0 123223.0 123426.0 123426.0 123627.0 123627.0 123827.0 124027.0 124227.0 124431.0 124632.0 124833.0 124833.0 125033.0 125436.0 125436.0 126038.0 126237.0 126237.0 126421.0 126623.0 126824.0 126824.0 127024.0 127223.0 127223.0 127426.0 127629.0 127629.0 127829.0 128029.0 128029.0 128228.0 128431.0 128431.0 128633.0 128633.0 128833.0 128833.0 129034.0 129233.0 129233.0 129437.0 129437.0 129619.0 129839.0 129839.0 130019.0 130019.0 130238.0 130423.0 130423.0 130623.0
145038.0 145238.0 145443.0 145443.0 145644.0 145844.0 146044.0 146044.0 146244.0 146448.0 146649.0 146849.0 146849.0 147049.0 147249.0 147249.0 147454.0 147635.0 147635.0 147834.0 147834.0 148034.0 148235.0 148235.0 148439.0 148439.0 148641.0 148841.0 148841.0 149041.0 149041.0 149240.0 149444.0 149444.0 149646.0 149646.0 149846.0 150045.0 150045.0 150246.0 150246.0 150449.0 150449.0 150651.0 150852.0 150852.0 151052.0 151052.0 151251.0 151435.0 151435.0 151636.0 151836.0 151836.0
176244.0 176427.0 176427.0 176831.0 177031.0 177231.0 177231.0 177436.0 177436.0 177638.0 177638.0 177839.0 178040.0 178040.0 178241.0 178241.0 178444.0 178444.0 178644.0 178844.0 178844.0 179044.0 179044.0 179226.0 179226.0 179448.0 179448.0 179631.0 179833.0 179833.0 180035.0 180235.0 180235.0 180437.0 180437.0 180639.0 180639.0 180839.0 181040.0 181040.0 181241.0 181427.0 181427.0 181627.0 181827.0 181827.0 182030.0 182030.0 182231.0 182231.0 182435.0 182636.0 182636.0 182837.0
182030.0 182231.0 182231.0 182435.0 182636.0 182636.0 182837.0 182837.0 183037.0 183239.0 183239.0 183445.0 183626.0 183626.0 183827.0 184027.0 184228.0 184433.0 184634.0 184834.0 185035.0 185035.0 185438.0 185638.0 185838.0 186039.0 186039.0 186240.0 186624.0 186624.0 186825.0 187026.0 187228.0 187432.0 187634.0 187835.0 188035.0 188237.0 188440.0 188440.0 188642.0 188843.0 189044.0 189044.0 189430.0 189631.0 189631.0 189832.0 190032.0 190232.0 190435.0 190636.0 190836.0 191036.0
214221.0 214221.0 214426.0 214426.0 214630.0 214816.0 214816.0 215023.0 215228.0 215430.0 215430.0 215633.0 215633.0 215821.0 216029.0 216029.0 216219.0 216424.0 216424.0 216627.0 216627.0 216832.0 217021.0 217021.0 217225.0 217427.0 217427.0 217630.0 217834.0 217834.0 218016.0 218220.0 218220.0 218422.0 218422.0 218628.0 218830.0 218830.0 219038.0 219222.0 219222.0 219428.0 219630.0 219630.0 219831.0 220016.0 220016.0 220220.0 220421.0 220421.0 220627.0 220627.0 220832.0 221020.0
237019.0 237225.0 237437.0 237437.0 237626.0 237626.0 237832.0 238037.0 238037.0 238227.0 238227.0 238431.0 238637.0 238637.0 238825.0 239029.0 239029.0 239234.0 239419.0 239626.0 239626.0 239830.0 240033.0 240033.0 240215.0 240418.0 240418.0 240621.0 240824.0 240824.0 241026.0 241026.0 241229.0 241434.0 241434.0 241638.0 241820.0 241820.0 242023.0 242227.0 242227.0 242430.0 242635.0 242635.0 242821.0 242821.0 243024.0 243230.0 243412.0 243412.0 243620.0 243826.0 243826.0 244033.0
245026.0 245228.0 245432.0 245432.0 245634.0 245817.0 245817.0 246023.0 246228.0 246228.0 246430.0 246632.0 246816.0 246816.0 247018.0 247221.0 247221.0 247425.0 247631.0 247631.0 247819.0 248022.0 248022.0 248226.0 248431.0 248431.0 248616.0 248821.0 249236.0 249422.0 249422.0 249629.0 249832.0 249832.0 250020.0 250226.0 250226.0 250429.0 250637.0 250637.0 250824.0 250824.0 251032.0 251217.0 251425.0 251425.0 251631.0 251822.0 251822.0 252027.0 252027.0 252229.0 252416.0 252416.0
254020.0 254228.0 254434.0 254434.0 254621.0 254621.0 254827.0 254827.0 255032.0 255215.0 255417.0 255417.0 255620.0 255620.0 255823.0 255823.0 256031.0 256234.0 256234.0 256417.0 256620.0 256620.0 256824.0 256824.0 257029.0 257029.0 257232.0 257416.0 257621.0 257621.0 257827.0 257827.0 258029.0 258029.0 258217.0 258421.0 258829.0 259012.0 259223.0 259223.0 259428.0 259632.0 259632.0 259814.0 260017.0 260219.0 260219.0 260422.0 260422.0 260625.0 260625.0 260833.0 261020.0 261020.0
264022.0 264229.0 264229.0 264433.0 264635.0 264635.0 264818.0 264818.0 265025.0 265231.0 265231.0 265432.0 265432.0 265635.0 265827.0 265827.0 266032.0 266222.0 266222.0 266427.0 266632.0 266632.0 266820.0 267023.0 267231.0 267231.0 267438.0 267438.0 267621.0 267824.0 268027.0 268027.0 268229.0 268422.0 268422.0 268624.0 268624.0 268827.0 269030.0 269030.0 269232.0 269232.0 269415.0 269621.0 269621.0 269830.0 269830.0 270015.0 270218.0 270218.0 270426.0 270632.0 270632.0 270821.0
279025.0 279227.0 279430.0 279430.0 279633.0 279633.0 279815.0 280019.0 280019.0 280222.0 280424.0 280424.0 280627.0 280830.0 280830.0 281032.0 281235.0 281417.0 281417.0 281623.0 281623.0 281829.0 282032.0 282032.0 282221.0 282426.0 282632.0 282632.0 282834.0 282834.0 283017.0 283220.0 283220.0 283428.0 283632.0 283632.0 283836.0 284019.0 284019.0 284220.0 284220.0 284430.0 284430.0 284616.0 284821.0 284821.0 285024.0 285231.0 285231.0 285434.0 285619.0 285619.0 285824.0 285824.0
290015.0 290220.0 290220.0 290424.0 290631.0 290631.0 290821.0 291034.0 291034.0 291225.0 291429.0 291429.0 291631.0 291835.0 292023.0 292023.0 292230.0 292419.0 292419.0 292624.0 292828.0 292828.0 293030.0 293030.0 293233.0 293233.0 293417.0 293417.0 293627.0 293832.0 293832.0 294017.0 294219.0 294219.0 294422.0 294422.0 294627.0 294833.0 294833.0 295017.0 295221.0 295221.0 295429.0 295636.0 295636.0 295824.0 295824.0 296032.0 296220.0 296220.0 296429.0 296636.0 296823.0 296823.0
300035.0 300219.0 300219.0 300422.0 300628.0 300628.0 300831.0 300831.0 301031.0 301232.0 301232.0 301435.0 301435.0 301620.0 301825.0 301825.0 302027.0 302230.0 302230.0 302433.0 302433.0 302635.0 302635.0 302816.0 303020.0 303020.0 303222.0 303423.0 303423.0 303626.0 303828.0 303828.0 304030.0 304215.0 304420.0 304420.0 304624.0 304828.0 304828.0 305035.0 305035.0 305237.0 305420.0 305420.0 305623.0 305829.0 305829.0 306032.0 306217.0 306217.0 306424.0 306628.0 306628.0 306819.0
309030.0 309235.0 309419.0 309619.0 309619.0 309821.0 310026.0 310230.0 310230.0 310433.0 310433.0 310623.0 310828.0 310828.0 311032.0 311237.0 311237.0 311423.0 311625.0 311625.0 311828.0 311828.0 312031.0 312031.0 312234.0 312435.0 312435.0 312620.0 312620.0 312831.0 313035.0 313217.0 313217.0 313420.0 313622.0 313622.0 313825.0 314028.0 314028.0 314230.0 314417.0 314417.0 314622.0 314828.0 314828.0 315032.0 315234.0 315422.0 315422.0 315629.0 315833.0 315833.0 316038.0 316221.0
331027.0 331234.0 331234.0 331417.0 331620.0 331822.0 332026.0 332026.0 332228.0 332431.0 332637.0 332637.0 332821.0 333025.0 333025.0 333230.0 333434.0 333434.0 333618.0 333821.0 333821.0 334025.0 334229.0 334229.0 334432.0 334620.0 334824.0 334824.0 335035.0 335223.0 335223.0 335425.0 335630.0 335630.0 335832.0 336035.0 336237.0 336237.0 336420.0 336420.0 336623.0 336826.0 336826.0 337028.0 337028.0 337232.0 337436.0 337436.0 337825.0 337825.0 338029.0 338232.0 338419.0 338419.0
335035.0 335223.0 335223.0 335425.0 335630.0 335630.0 335832.0 336035.0 336237.0 336237.0 336420.0 336420.0 336623.0 336826.0 336826.0 337028.0 337028.0 337232.0 337436.0 337436.0 337825.0 337825.0 338029.0 338232.0 338419.0 338419.0 338627.0 338627.0 338831.0 339017.0 339224.0 339224.0 339433.0 339619.0 339619.0 339821.0 340026.0 340026.0 340232.0 340232.0 340433.0 340617.0 340617.0 340828.0 340828.0 341033.0 341033.0 341235.0 341418.0 341418.0 341628.0 341830.0 341830.0 342034.0
343018.0 343221.0 343221.0 343423.0 343423.0 343634.0 343818.0 343818.0 344022.0 344231.0 344231.0 344437.0 344621.0 344621.0 344831.0 345036.0 345221.0 345221.0 345426.0 345613.0 345613.0 345816.0 346020.0 346020.0 346225.0 346225.0 346434.0 346637.0 346637.0 346819.0 347029.0 347029.0 347214.0 347214.0 347419.0 347630.0 347817.0 348021.0 348021.0 348232.0 348417.0 348417.0 348620.0 348826.0 348826.0 349029.0 349233.0 349233.0 349436.0 349619.0 349619.0 349830.0 350013.0 350214.0
350214.0 350214.0 350437.0 350437.0 350619.0 350821.0 350821.0 351025.0 351025.0 351231.0 351231.0 351419.0 351626.0 351626.0 351833.0 352021.0 352021.0 352225.0 352433.0 352433.0 352618.0 352618.0 352822.0 353028.0 353028.0 353237.0 353422.0 353624.0 353624.0 353830.0 353830.0 354038.0 354222.0 354222.0 354425.0 354628.0 354628.0 354831.0 355017.0 355017.0 355225.0 355429.0 355429.0 355622.0 355824.0 355824.0 356033.0 356033.0 356222.0 356425.0 356425.0 356628.0 356628.0 356830.0
366222.0 366222.0 366426.0 366426.0 366628.0 366832.0 366832.0 367018.0 367018.0 367224.0 367426.0 367426.0 367629.0 367818.0 368021.0 368021.0 368226.0 368226.0 368431.0 368622.0 368825.0 368825.0 369029.0 369230.0 369230.0 369434.0 369618.0 369618.0 369827.0 369827.0 370032.0 370215.0 370215.0 370438.0 370438.0 370622.0 370831.0 371016.0 371016.0 371223.0 371223.0 371429.0 371429.0 371633.0 371633.0 371836.0 372019.0 372019.0 372222.0 372424.0 372424.0 372627.0 372627.0 372830.0
372019.0 372222.0 372424.0 372424.0 372627.0 372627.0 372830.0 373033.0 373033.0 373236.0 373236.0 373420.0 373625.0 373625.0 374031.0 374031.0 374234.0 374423.0 374625.0 374625.0 374829.0 375034.0 375217.0 375217.0 375422.0 375632.0 375632.0 375836.0 375836.0 376019.0 376220.0 376220.0 376427.0 376427.0 376632.0 376632.0 376818.0 377025.0 377025.0 377230.0 377417.0 377619.0 377619.0 377824.0 377824.0 378027.0 378237.0 378237.0 378420.0 378624.0 378624.0 378827.0 378827.0 379033.0
381020.0 381224.0 381224.0 381427.0 381629.0 381831.0 381831.0 382018.0 382018.0 382222.0 382222.0 382427.0 382630.0 382832.0 382832.0 383020.0 383227.0 383227.0 383431.0 383431.0 383816.0 383816.0 384019.0 384221.0 384221.0 384424.0 384627.0 384627.0 384830.0 384830.0 385032.0 385217.0 385424.0 385424.0 385632.0 385632.0 385817.0 386020.0 386020.0 386230.0 386230.0 386417.0 386623.0 386623.0 386826.0 387031.0 387031.0 387235.0 387418.0 387418.0 387624.0 387829.0 387829.0 388035.0
386020.0 386230.0 386230.0 386417.0 386623.0 386623.0 386826.0 387031.0 387031.0 387235.0 387418.0 387418.0 387624.0 387829.0 387829.0 388035.0 388217.0 388217.0 388441.0 388645.0 388645.0 388831.0 388831.0 389038.0 389038.0 389242.0 389430.0 389430.0 389638.0 389839.0 389839.0 390043.0 390229.0 390229.0 390434.0 390434.0 390640.0 390844.0 390844.0 391027.0 391027.0 391233.0 391436.0 391436.0 391639.0 391826.0 392030.0 392030.0 392235.0 392235.0 392440.0 392643.0 392643.0 392846.0
405040.0 405040.0 405430.0 405430.0 405639.0 405639.0 405842.0 406032.0 406032.0 406235.0 406235.0 406442.0 406442.0 406643.0 406847.0 406847.0 407035.0 407238.0 407238.0 407442.0 407442.0 407646.0 407832.0 408038.0 408038.0 408245.0 408245.0 408631.0 408631.0 408836.0 409039.0 409039.0 409242.0 409242.0 409444.0 409632.0 409632.0 409846.0 410029.0 410232.0 410232.0 410435.0 410645.0 410645.0 410831.0 410831.0 411039.0 411247.0 411247.0 411433.0 411637.0 411637.0 411841.0 411841.0
415029.0 415232.0 415232.0 415440.0 415648.0 415835.0 415835.0 416040.0 416040.0 416244.0 416445.0 416445.0 416628.0 416628.0 416831.0 416831.0 417041.0 417041.0 417249.0 417433.0 417433.0 417624.0 417830.0 417830.0 418033.0 418236.0 418236.0 418441.0 418648.0 418834.0 418834.0 419036.0 419036.0 419239.0 419443.0 419443.0 419648.0 419834.0 420037.0 420037.0 420240.0 420240.0 420445.0 420650.0 420650.0 420837.0 421042.0 421042.0 421227.0 421431.0 421431.0 421640.0 421640.0 421842.0
425035.0 425239.0 425239.0 425441.0 425644.0 425644.0 425846.0 425846.0 426035.0 426243.0 426243.0 426431.0 426638.0 426841.0 427028.0 427028.0 427234.0 427234.0 427438.0 427642.0 427642.0 427845.0 427845.0 428026.0 428230.0 428230.0 428438.0 428643.0 428643.0 428846.0 429031.0 429031.0 429236.0 429439.0 429642.0 429848.0 430033.0 430033.0 430236.0 430440.0 430440.0 430643.0 430845.0 431038.0 431038.0 431243.0 431447.0 431447.0 431648.0 431829.0 431829.0 432033.0 432243.0 432243.0
432033.0 432243.0 432243.0 432447.0 432650.0 432650.0 432833.0 433035.0 433242.0 433242.0 433431.0 433634.0 433634.0 433840.0 433840.0 434043.0 434243.0 434243.0 434449.0 434637.0 434637.0 434841.0 435044.0 435246.0 435246.0 435430.0 435634.0 435634.0 435838.0 436041.0 436041.0 436432.0 436638.0 436638.0 436839.0 437029.0 437029.0 437237.0 437237.0 437441.0 437441.0 437646.0 438031.0 438031.0 438235.0 438436.0 438436.0 438641.0 438845.0 438845.0 439048.0 439231.0 439439.0 439439.0
451040.0 451244.0 451427.0 451427.0 451631.0 451817.0 452019.0 452019.0 452224.0 452224.0 452432.0 452432.0 452623.0 452623.0 452834.0 453017.0 453017.0 453219.0 453219.0 453422.0 453624.0 453624.0 453826.0 454031.0 454031.0 454235.0 454235.0 454419.0 454625.0 454828.0 454828.0 455032.0 455219.0 455219.0 455427.0 455427.0 455630.0 455834.0 455834.0 456035.0 456239.0 456239.0 456421.0 456421.0 456625.0 456832.0 456832.0 457020.0 457223.0 457223.0 457428.0 457632.0 457632.0 457837.0
456035.0 456239.0 456239.0 456421.0 456421.0 456625.0 456832.0 456832.0 457020.0 457223.0 457223.0 457428.0 457632.0 457632.0 457837.0 458022.0 458022.0 458224.0 458427.0 458427.0 458629.0 458629.0 458834.0 459034.0 459218.0 459218.0 459422.0 459625.0 459625.0 459827.0 460029.0 460029.0 460230.0 460230.0 460435.0 460619.0 460619.0 460827.0 460827.0 461030.0 461235.0 461235.0 461419.0 461419.0 461624.0 461830.0 462018.0 462018.0 462221.0 462425.0 462425.0 462629.0 462629.0 462831.0
464020.0 464222.0 464426.0 464426.0 464633.0 464834.0 464834.0 465036.0 465238.0 465238.0 465425.0 465631.0 465631.0 465835.0 466017.0 466017.0 466219.0 466219.0 466424.0 466634.0 466634.0 466818.0 467024.0 467024.0 467232.0 467232.0 467421.0 467628.0 467832.0 467832.0 468020.0 468020.0 468228.0 468419.0 468623.0 468623.0 468833.0 468833.0 469019.0 469223.0 469435.0 469435.0 469621.0 469827.0 469827.0 470033.0 470215.0 470215.0 470426.0 470631.0 470631.0 470817.0 470817.0 471020.0
476031.0 476216.0 476421.0 476421.0 476628.0 476628.0 476831.0 477039.0 477039.0 477226.0 477226.0 477416.0 477416.0 477619.0 477822.0 478030.0 478216.0 478216.0 478421.0 478630.0 478630.0 478814.0 478814.0 479017.0 479219.0 479219.0 479422.0 479422.0 479623.0 479828.0 479828.0 480031.0 480031.0 480237.0 480423.0 480423.0 480629.0 480815.0 480815.0 481018.0 481222.0 481222.0 481427.0 481427.0 481630.0 481630.0 481833.0 481833.0 482039.0 482222.0 482222.0 482427.0 482630.0 482831.0
482039.0 482222.0 482222.0 482427.0 482630.0 482831.0 482831.0 483036.0 483221.0 483221.0 483427.0 483427.0 483630.0 483630.0 483832.0 484016.0 484016.0 484219.0 484219.0 484422.0 484623.0 484623.0 484828.0 485030.0 485030.0 485232.0 485232.0 485417.0 485417.0 485621.0 485824.0 485824.0 486031.0 486234.0 486418.0 486418.0 486621.0 486823.0 486823.0 487025.0 487227.0 487227.0 487432.0 487616.0 487616.0 487820.0 487820.0 488028.0 488028.0 488233.0 488422.0 488422.0 488629.0 488833.0
491026.0 491233.0 491233.0 491418.0 491622.0 491622.0 491828.0 492032.0 492032.0 492236.0 492439.0 492439.0 492625.0 492816.0 493021.0 493021.0 493228.0 493228.0 493418.0 493623.0 493829.0 493829.0 494033.0 494218.0 494218.0 494422.0 494422.0 494627.0 494830.0 494830.0 495035.0 495222.0 495222.0 495428.0 495611.0 495611.0 495817.0 496024.0 496024.0 496227.0 496227.0 496428.0 496428.0 496633.0 496817.0 496817.0 497018.0 497221.0 497221.0 497424.0 497627.0 497627.0 497829.0 497829.0
166437.0 166641.0 166844.0 167244.0 167444.0 167646.0 167829.0 168233.0 168435.0 168639.0 168841.0 169244.0 169445.0 169645.0 169846.0 170230.0 170431.0 170631.0 170830.0 171234.0 171436.0 171636.0 172037.0 172239.0 172440.0 172640.0 172840.0 172840.0 173040.0 173243.0 173243.0 173445.0 173445.0 173629.0 173831.0 173831.0 174034.0 174034.0 174236.0 174440.0 174440.0 174641.0 174641.0 174843.0 175046.0 175046.0 175250.0 175431.0 175431.0 175634.0 175838.0 175838.0 176041.0 176041.0
174034.0 174236.0 174440.0 174440.0 174641.0 174641.0 174843.0 175046.0 175046.0 175250.0 175431.0 175431.0 175634.0 175838.0 175838.0 176041.0 176041.0 176243.0 176429.0 176429.0 176629.0 176629.0 176833.0 177034.0 177034.0 177238.0 177238.0 177442.0 177442.0 177644.0 177644.0 177846.0 178050.0 178050.0 178233.0 178233.0 178435.0 178637.0 178637.0 178840.0 178840.0 179043.0 179243.0 179243.0 179446.0 179645.0 179645.0 179834.0 180037.0 180037.0 180239.0 180239.0 180441.0 180441.0
180239.0 180239.0 180441.0 180441.0 180644.0 180847.0 180847.0 181031.0 181234.0 181234.0 181436.0 181638.0 181638.0 181842.0 181842.0 182044.0 182247.0 182247.0 182448.0 182630.0 182630.0 182834.0 182834.0 183036.0 183036.0 183237.0 183439.0 183439.0 183645.0 183645.0 183848.0 184049.0 184049.0 184233.0 184233.0 184437.0 184639.0 184639.0 184842.0 185046.0 185046.0 185248.0 185430.0 185430.0 185633.0 185633.0 185836.0 186037.0 186037.0 186238.0 186238.0 186443.0 186644.0 186644.0
200230.0 200230.0 200453.0 200638.0 200638.0 200841.0 200841.0 201043.0 201043.0 201246.0 201246.0 201428.0 201630.0 201630.0 201830.0 201830.0 202050.0 202231.0 202231.0 202433.0 202636.0 202636.0 202838.0 202838.0 203040.0 203242.0 203242.0 203445.0 203445.0 203648.0 203831.0 203831.0 204033.0 204235.0 204235.0 204440.0 204643.0 204643.0 204846.0 204846.0 205030.0 205030.0 205232.0 205232.0 205435.0 205637.0 205637.0 205840.0 206042.0 206042.0 206245.0 206447.0 206447.0 206631.0
209245.0 209245.0 209429.0 209632.0 209632.0 209834.0 209834.0 210038.0 210240.0 210442.0 210442.0 210645.0 210645.0 210847.0 210847.0 211049.0 211231.0 211231.0 211431.0 211632.0 211833.0 211833.0 212035.0 212035.0 212238.0 212238.0 212441.0 212441.0 212643.0 212643.0 212844.0 213048.0 213048.0 213250.0 213250.0 213433.0 213636.0 213636.0 213839.0 214041.0 214041.0 214245.0 214245.0 214449.0 214630.0 214630.0 214832.0 214832.0 215035.0 215238.0 215238.0 215438.0 215641.0 215641.0
225245.0 225245.0 225448.0 225648.0 225648.0 225850.0 226051.0 226051.0 226251.0 226251.0 226452.0 226635.0 226838.0 226838.0 227041.0 227243.0 227446.0 227446.0 227649.0 227649.0 227834.0 228035.0 228035.0 228236.0 228439.0 228439.0 228644.0 228644.0 228847.0 228847.0 229048.0 229232.0 229232.0 229435.0 229638.0 229638.0 229840.0 230042.0 230042.0 230245.0 230245.0 230447.0 230447.0 230650.0 230852.0 230852.0 231034.0 231236.0 231236.0 231439.0 231439.0 231641.0 231842.0 232043.0
231236.0 231236.0 231439.0 231439.0 231641.0 231842.0 232043.0 232043.0 232243.0 232445.0 232445.0 232647.0 232647.0 232851.0 233035.0 233035.0 233237.0 233237.0 233439.0 233642.0 233642.0 233844.0 234047.0 234047.0 234250.0 234452.0 234452.0 234655.0 234838.0 234838.0 235040.0 235243.0 235243.0 235445.0 235445.0 235646.0 235848.0 235848.0 236051.0 236051.0 236233.0 236233.0 236438.0 236639.0 236639.0 236840.0 237042.0 237042.0 237242.0 237443.0 237443.0 237646.0 237849.0 237849.0
247236.0 247236.0 247441.0 247441.0 247643.0 247845.0 247845.0 248048.0 248048.0 248251.0 248434.0 248434.0 248638.0 248840.0 248840.0 249043.0 249043.0 249245.0 249245.0 249448.0 249652.0 249652.0 249855.0 249855.0 250039.0 250039.0 250240.0 250441.0 250441.0 250644.0 250644.0 250845.0 251045.0 251045.0 251246.0 251447.0 251447.0 251650.0 251650.0 251853.0 252037.0 252037.0 252240.0 252240.0 252443.0 252645.0 252848.0 252848.0 253052.0 253233.0 253233.0 253435.0 253435.0 253638.0
259237.0 259439.0 259439.0 259641.0 259843.0 259843.0 260045.0 260232.0 260232.0 260454.0 260638.0 260638.0 260840.0 260840.0 261042.0 261042.0 261245.0 261245.0 261447.0 261630.0 261630.0 261831.0 262035.0 262035.0 262239.0 262441.0 262441.0 262643.0 262643.0 262847.0 262847.0 263049.0 263251.0 263251.0 263434.0 263637.0 263637.0 263839.0 263839.0 264042.0 264042.0 264445.0 264445.0 264632.0 264632.0 264835.0 265037.0 265037.0 265238.0 265238.0 265440.0 265440.0 265642.0 265843.0
273243.0 273243.0 273445.0 273445.0 273647.0 273850.0 273850.0 274033.0 274235.0 274235.0 274437.0 274639.0 274639.0 274844.0 274844.0 275048.0 275048.0 275250.0 275451.0 275451.0 275655.0 275839.0 275839.0 276042.0 276245.0 276245.0 276448.0 276651.0 276651.0 276852.0 277033.0 277033.0 277235.0 277440.0 277440.0 277641.0 277641.0 277844.0 278045.0 278045.0 278247.0 278247.0 278447.0 278648.0 278648.0 278850.0 279033.0 279236.0 279439.0 279439.0 279642.0 279845.0 279845.0 280047.0
291239.0 291239.0 291440.0 291440.0 291640.0 291640.0 291840.0 291840.0 292041.0 292244.0 292244.0 292445.0 292445.0 292646.0 292646.0 292846.0 293047.0 293047.0 293248.0 293248.0 293451.0 293633.0 293633.0 293835.0 294035.0 294035.0 294236.0 294236.0 294437.0 294637.0 294637.0 294839.0 294839.0 295039.0 295240.0 295240.0 295442.0 295442.0 295643.0 295643.0 295843.0 295843.0 296043.0 296245.0 296245.0 296446.0 296446.0 296649.0 296851.0 296851.0 297037.0 297037.0 297238.0 297441.0
377236.0 377236.0 377440.0 377440.0 377642.0 377844.0 377844.0 378050.0 378050.0 378233.0 378233.0 378435.0 378638.0 378638.0 378840.0 379042.0 379042.0 379244.0 379443.0 379443.0 379643.0 379643.0 379844.0 380048.0 380232.0 380232.0 380453.0 380655.0 380655.0 380836.0 381041.0 381243.0 381243.0 381448.0 381650.0 381650.0 381854.0 381854.0 382036.0 382239.0 382239.0 382442.0 382644.0 382848.0 382848.0 383049.0 383233.0 383233.0 383435.0 383435.0 383638.0 383842.0 383842.0 384045.0
389246.0 389431.0 389431.0 389634.0 389835.0 389835.0 390038.0 390038.0 390242.0 390242.0 390446.0 390648.0 390648.0 390833.0 391034.0 391034.0 391235.0 391235.0 391438.0 391438.0 391638.0 391840.0 391840.0 392042.0 392242.0 392242.0 392444.0 392647.0 392647.0 392850.0 393033.0 393033.0 393033.0 393256.0 393438.0 393438.0 393642.0 393845.0 393845.0 394047.0 394047.0 394250.0 394250.0 394433.0 394433.0 394636.0 394636.0 394838.0 394838.0 395041.0 395243.0 395243.0 395446.0 395446.0
398240.0 398240.0 398443.0 398443.0 398645.0 398645.0 398845.0 399047.0 399047.0 399247.0 399428.0 399649.0 399649.0 399851.0 400033.0 400033.0 400236.0 400439.0 400439.0 400641.0 400641.0 400843.0 401045.0 401045.0 401249.0 401249.0 401432.0 401635.0 401635.0 401837.0 402040.0 402040.0 402243.0 402243.0 402445.0 402445.0 402648.0 402850.0 402850.0 403054.0 403054.0 403235.0 403437.0 403638.0 403638.0 403844.0 403844.0 404045.0 404045.0 404248.0 404453.0 404453.0 404636.0 404636.0
419039.0 419242.0 419445.0 419445.0 419647.0 419850.0 419850.0 420033.0 420033.0 420236.0 420236.0 420439.0 420641.0 420641.0 420844.0 421047.0 421250.0 421250.0 421453.0 421637.0 421637.0 421839.0 422042.0 422042.0 422244.0 422244.0 422447.0 422650.0 422650.0 422832.0 423052.0 423052.0 423234.0 423234.0 423438.0 423438.0 423642.0 423842.0 423842.0 424043.0 424243.0 424243.0 424443.0 424443.0 424644.0 424849.0 424849.0 425051.0 425233.0 425233.0 425435.0 425435.0 425656.0 425837.0
435037.0 435240.0 435442.0 435442.0 435646.0 435848.0 435848.0 436052.0 436254.0 436254.0 436438.0 436438.0 436641.0 436843.0 436843.0 437045.0 437248.0 437248.0 437450.0 437652.0 437652.0 437834.0 438038.0 438038.0 438241.0 438444.0 438444.0 438647.0 438647.0 438851.0 438851.0 439053.0 439053.0 439255.0 439439.0 439439.0 439642.0 439845.0 439845.0 440048.0 440251.0 440251.0 440453.0 440453.0 440655.0 440837.0 440837.0 441040.0 441243.0 441243.0 441445.0 441445.0 441647.0 441850.0
446245.0 446245.0 446449.0 446449.0 446652.0 446835.0 446835.0 447056.0 447056.0 447240.0 447442.0 447442.0 447645.0 447645.0 447848.0 448052.0 448234.0 448234.0 448435.0 448435.0 448638.0 448840.0 448840.0 449045.0 449248.0 449248.0 449451.0 449451.0 449633.0 449833.0 449833.0 450034.0 450235.0 450235.0 450436.0 450436.0 450639.0 450840.0 450840.0 451042.0 451042.0 451246.0 451246.0 451448.0 451649.0 451649.0 451836.0 452038.0 452038.0 452243.0 452243.0 452446.0 452648.0 452849.0
511236.0 511441.0 511441.0 511645.0 511645.0 511847.0 512051.0 512051.0 512235.0 512437.0 512437.0 512640.0 512640.0 512842.0 513045.0 513045.0 513247.0 513247.0 513450.0 513450.0 513652.0 513652.0 513835.0 514037.0 514037.0 514239.0 514239.0 514442.0 514442.0 514643.0 514847.0 514847.0 515048.0 515250.0 515250.0 515453.0 515453.0 515637.0 515838.0 516038.0 516038.0 516239.0 516442.0 516442.0 516643.0 516643.0 516846.0 517047.0 517047.0 517250.0 517250.0 517452.0 517452.0 517653.0
218524.0 218524.0 218728.0 218728.0 218933.0 219133.0 219133.0 219335.0 219335.0 219537.0 219537.0 219741.0 219741.0 219945.0 220129.0 220129.0 220330.0 220330.0 220533.0 220737.0 220737.0 220939.0 220939.0 221141.0 221322.0 221322.0 221526.0 221730.0 221730.0 221931.0 221931.0 222134.0 222337.0 222337.0 222540.0 222540.0 222742.0 222928.0 222928.0 223131.0 223131.0 223335.0 223335.0 223535.0 223741.0 223741.0 223927.0 224129.0 224129.0 224331.0 224331.0 224534.0 224534.0 224737.0
247344.0 247527.0 247527.0 247730.0 247730.0 247931.0 248132.0 248132.0 248336.0 248537.0 248537.0 248744.0 248926.0 248926.0 249131.0 249131.0 249337.0 249337.0 249544.0 249745.0 249745.0 249928.0 249928.0 250132.0 250339.0 250339.0 250544.0 250544.0 250751.0 250934.0 250934.0 251136.0 251340.0 251340.0 251527.0 251527.0 251730.0 251730.0 251935.0 252137.0 252137.0 252343.0 252343.0 252526.0 252728.0 252728.0 252931.0 252931.0 253134.0 253134.0 253337.0 253525.0 253525.0 253732.0
258333.0 258538.0 258741.0 258741.0 258945.0 259127.0 259127.0 259330.0 259330.0 259531.0 259531.0 259733.0 259935.0 259935.0 260135.0 260336.0 260336.0 260536.0 260536.0 260737.0 260737.0 260925.0 261127.0 261127.0 261329.0 261329.0 261533.0 261533.0 261738.0 261940.0 262143.0 262143.0 262346.0 262346.0 262546.0 262727.0 262727.0 262929.0 262929.0 263129.0 263332.0 263332.0 263536.0 263536.0 263739.0 263739.0 263944.0 264146.0 264146.0 264329.0 264529.0 264529.0 264731.0 264931.0
273339.0 273543.0 273543.0 273728.0 273728.0 273937.0 274140.0 274140.0 274342.0 274544.0 274544.0 274746.0 274746.0 274927.0 274927.0 275129.0 275129.0 275329.0 275531.0 275531.0 275734.0 275940.0 275940.0 276146.0 276146.0 276328.0 276529.0 276529.0 276731.0 276731.0 276935.0 276935.0 277139.0 277342.0 277342.0 277544.0 277544.0 277729.0 277930.0 277930.0 278133.0 278133.0 278336.0 278336.0 278538.0 278742.0 278742.0 278943.0 278943.0 279145.0 279346.0 279346.0 279527.0 279527.0
292328.0 292538.0 292538.0 292743.0 292743.0 292926.0 293129.0 293129.0 293340.0 293544.0 293544.0 293746.0 293746.0 293930.0 294133.0 294340.0 294340.0 294546.0 294730.0 294730.0 294933.0 295136.0 295345.0 295345.0 295531.0 295531.0 295742.0 295931.0 295931.0 296136.0 296342.0 296342.0 296545.0 296728.0 296728.0 296928.0 297133.0 297133.0 297337.0 297337.0 297538.0 297740.0 297740.0 297942.0 297942.0 298144.0 298328.0 298328.0 298529.0 298732.0 298732.0 298935.0 299137.0 299137.0
326343.0 326546.0 326728.0 326728.0 326930.0 326930.0 327134.0 327338.0 327338.0 327540.0 327540.0 327742.0 327742.0 327945.0 328129.0 328129.0 328332.0 328536.0 328536.0 328738.0 328738.0 328942.0 329144.0 329144.0 329347.0 329529.0 329529.0 329732.0 329732.0 329932.0 330133.0 330133.0 330337.0 330337.0 330539.0 330539.0 330743.0 330946.0 330946.0 331148.0 331334.0 331334.0 331537.0 331739.0 331739.0 331939.0 331939.0 332142.0 332343.0 332343.0 332548.0 332548.0 332730.0 332931.0
336341.0 336548.0 336735.0 336735.0 336940.0 337146.0 337146.0 337333.0 337537.0 337537.0 337742.0 337930.0 337930.0 338132.0 338132.0 338338.0 338529.0 338529.0 338733.0 338733.0 338935.0 338935.0 339138.0 339138.0 339340.0 339543.0 339543.0 339745.0 339948.0 339948.0 340132.0 340335.0 340335.0 340539.0 340745.0 340745.0 340932.0 341135.0 341135.0 341338.0 341338.0 341541.0 341742.0 341742.0 341944.0 341944.0 342147.0 342332.0 342332.0 342536.0 342741.0 342741.0 342950.0 342950.0
358337.0 358539.0 358740.0 358740.0 358944.0 359125.0 359125.0 359331.0 359533.0 359533.0 359733.0 359733.0 359935.0 360137.0 360137.0 360340.0 360340.0 360542.0 360744.0 360744.0 360947.0 361128.0 361128.0 361329.0 361329.0 361536.0 361536.0 361740.0 361943.0 361943.0 362145.0 362329.0 362329.0 362531.0 362531.0 362733.0 362936.0 362936.0 363139.0 363139.0 363344.0 363532.0 363532.0 363734.0 363939.0 363939.0 364144.0 364326.0 364326.0 364529.0 364731.0 364731.0 364935.0 364935.0
368340.0 368543.0 368543.0 368746.0 368746.0 368930.0 369132.0 369132.0 369336.0 369538.0 369741.0 369741.0 369944.0 370131.0 370131.0 370334.0 370334.0 370539.0 370539.0 370745.0 370948.0 371131.0 371131.0 371332.0 371535.0 371535.0 371738.0 371738.0 371940.0 372141.0 372141.0 372342.0 372544.0 372544.0 372746.0 372927.0 372927.0 373129.0 373129.0 373331.0 373331.0 373533.0 373734.0 373734.0 373935.0 374136.0 374136.0 374338.0 374541.0 374541.0 374745.0 374930.0 375135.0 375135.0
579408.0 579408.0 579596.0 579800.0 579800.0 580001.0 580001.0 580204.0 580392.0 580604.0 580604.0 580807.0 581011.0 581011.0 581200.0 581407.0 581610.0 581812.0 581812.0 581996.0 581996.0 582394.0 582598.0 582806.0 582806.0 583009.0 583009.0 583212.0 583395.0 583395.0 583598.0 583802.0 584006.0 584190.0 584395.0 584395.0 584599.0 584599.0 584802.0 585012.0 585012.0 585196.0 585398.0 585398.0 585602.0 585602.0 585804.0 585804.0 586008.0 586211.0 586211.0 586413.0 586596.0 586596.0
588409.0 588409.0 588594.0 588801.0 588801.0 589010.0 589193.0 589193.0 589599.0 589807.0 589995.0 590207.0 590207.0 590390.0 590593.0 590593.0 590998.0 590998.0 591200.0 591200.0 591403.0 591607.0 591607.0 591790.0 591790.0 591995.0 592199.0 592407.0 592407.0 592591.0 592798.0 592798.0 593006.0 593209.0 593398.0 593398.0 593605.0 593811.0 593811.0 593999.0 593999.0 594203.0 594203.0 594405.0 594608.0 594608.0 594791.0 594791.0 594994.0 595197.0 595197.0 595400.0 595603.0 595603.0
598406.0 598406.0 598593.0 598798.0 598798.0 599001.0 599001.0 599395.0 599600.0 599810.0 599995.0 600197.0 600197.0 600401.0 600604.0 600804.0 600804.0 601010.0 601218.0 601402.0 601402.0 601606.0 601606.0 601811.0 601994.0 601994.0 602201.0 602391.0 602391.0 602596.0 602798.0 602798.0 603001.0 603204.0 603204.0 603408.0 603593.0 603593.0 603796.0 604001.0 604001.0 604204.0 604204.0 604409.0 604596.0 604798.0 604798.0 605001.0 605001.0 605202.0 605405.0 605405.0 605609.0 605813.0
611404.0 611404.0 611612.0 611796.0 611796.0 611998.0 612201.0 612404.0 612404.0 612608.0 612608.0 612811.0 612993.0 612993.0 613199.0 613405.0 613609.0 613813.0 613813.0 614001.0 614204.0 614204.0 614391.0 614594.0 614594.0 614796.0 614796.0 614999.0 615202.0 615202.0 615404.0 615404.0 615608.0 615800.0 615800.0 616207.0 616207.0 616413.0 616595.0 616595.0 616798.0 617000.0 617000.0 617205.0 617392.0 617392.0 617596.0 617798.0 618010.0 618194.0 618194.0 618397.0 618600.0 618600.0
621393.0 621393.0 621599.0 621802.0 621802.0 622004.0 622208.0 622208.0 622595.0 622595.0 622797.0 622797.0 623000.0 623209.0 623209.0 623395.0 623599.0 623599.0 623802.0 624004.0 624004.0 624209.0 624209.0 624412.0 624596.0 624596.0 624803.0 625008.0 625211.0 625396.0 625602.0 625602.0 626010.0 626010.0 626194.0 626400.0 626603.0 626807.0 626807.0 627009.0 627191.0 627191.0 627394.0 627596.0 627798.0 628002.0 628002.0 628210.0 628395.0 628395.0 628605.0 628605.0 628809.0 629013.0
