54580.0 54590.0 54610.0 54610.0 54640.0 54640.0 54660.0 54680.0 54680.0 54700.0 54710.0 54730.0 54750.0 54750.0 54780.0 54820.0 54830.0 54860.0 54860.0 54880.0 54870.0 54890.0 54920.0 54920.0 54940.0 54940.0 54960.0 54980.0 54990.0 55010.0 55010.0 55040.0 55040.0 55060.0 55080.0 55070.0 55090.0 55110.0 55110.0 55130.0 55140.0 55160.0 55160.0 55180.0 55180.0 55200.0 55210.0 55210.0 55230.0 55230.0 55250.0 55270.0 55270.0 55290.0
55270.0 55270.0 55290.0 55290.0 55310.0 55300.0 55320.0 55330.0 55320.0 55340.0 55340.0 55370.0 55390.0 55380.0 55390.0 55390.0 55410.0 55430.0 55440.0 55450.0 55460.0 55470.0 55460.0 55460.0 55460.0 55470.0 55480.0 55480.0 55490.0 55490.0 55510.0 55520.0 55520.0 55530.0 55530.0 55550.0 55550.0 55570.0 55580.0 55590.0 55610.0 55620.0 55630.0 55650.0 55650.0 55660.0 55690.0 55690.0 55710.0 55710.0 55720.0 55730.0 55720.0 55730.0
55710.0 55720.0 55730.0 55720.0 55730.0 55730.0 55740.0 55740.0 55760.0 55780.0 55790.0 55800.0 55810.0 55820.0 55820.0 55830.0 55830.0 55830.0 55840.0 55840.0 55850.0 55850.0 55860.0 55860.0 55870.0 55880.0 55880.0 55900.0 55900.0 55910.0 55920.0 55930.0 55940.0 55940.0 55960.0 55960.0 55970.0 55970.0 55980.0 55990.0 55990.0 55990.0 55990.0 55990.0 55990.0 55980.0 55960.0 55950.0 55940.0 55920.0 55910.0 55900.0 55900.0 55900.0
55920.0 55910.0 55900.0 55900.0 55900.0 55890.0 55890.0 55890.0 55890.0 55890.0 55890.0 55890.0 55880.0 55880.0 55880.0 55880.0 55880.0 55880.0 55880.0 55880.0 55880.0 55880.0 55890.0 55890.0 55890.0 55890.0 55890.0 55900.0 55900.0 55900.0 55900.0 55900.0 55900.0 55900.0 55910.0 55910.0 55910.0 55910.0 55910.0 55920.0 55930.0 55930.0 55940.0 55940.0 55950.0 55950.0 55950.0 55940.0 55940.0 55930.0 55920.0 55920.0 55920.0 55910.0
55920.0 55920.0 55910.0 55920.0 55910.0 55910.0 55910.0 55910.0 55910.0 55910.0 55910.0 55910.0 55900.0 55900.0 55900.0 55900.0 55910.0 55910.0 55920.0 55920.0 55920.0 55930.0 55940.0 55940.0 55950.0 55950.0 55940.0 55940.0 55940.0 55940.0 55940.0 55940.0 55930.0 55920.0 55910.0 55900.0 55900.0 55900.0 55900.0 55900.0 55890.0 55890.0 55890.0 55890.0 55890.0 55880.0 55860.0 55860.0 55850.0 55850.0 55840.0 55840.0 55830.0 55830.0
61830.0 61830.0 61830.0 61830.0 61830.0 61830.0 61830.0 61840.0 61840.0 61850.0 61850.0 61850.0 61850.0 61850.0 61850.0 61850.0 61850.0 61850.0 61850.0 61850.0 61840.0 61850.0 61860.0 61890.0 61910.0 61930.0 61930.0 61890.0 61830.0 61770.0 61720.0 61690.0 61680.0 61680.0 61680.0 61700.0 61710.0 61720.0 61720.0 61730.0 61730.0 61730.0 61730.0 61730.0 61730.0 61740.0 61740.0 61750.0 61760.0 61770.0 61780.0 61780.0 61800.0 61800.0
61870.0 61870.0 61870.0 61880.0 61880.0 61880.0 61880.0 61880.0 61880.0 61890.0 61890.0 61890.0 61890.0 61890.0 61890.0 61890.0 61890.0 61890.0 61880.0 61880.0 61880.0 61880.0 61870.0 61870.0 61870.0 61870.0 61860.0 61870.0 61890.0 61910.0 61920.0 61910.0 61900.0 61900.0 61900.0 61900.0 61900.0 61900.0 61890.0 61890.0 61880.0 61890.0 61890.0 61880.0 61880.0 61870.0 61870.0 61860.0 61850.0 61850.0 61840.0 61840.0 61830.0 61830.0
61870.0 61860.0 61860.0 61850.0 61850.0 61850.0 61840.0 61850.0 61840.0 61840.0 61840.0 61840.0 61840.0 61840.0 61830.0 61830.0 61830.0 61820.0 61820.0 61820.0 61820.0 61820.0 61820.0 61820.0 61820.0 61810.0 61810.0 61810.0 61820.0 61820.0 61820.0 61820.0 61820.0 61810.0 61810.0 61810.0 61810.0 61810.0 61820.0 61820.0 61820.0 61830.0 61830.0 61830.0 61830.0 61830.0 61830.0 61820.0 61820.0 61820.0 61820.0 61820.0 61830.0 61830.0
61810.0 61800.0 61800.0 61810.0 61810.0 61810.0 61810.0 61810.0 61820.0 61820.0 61830.0 61840.0 61840.0 61850.0 61860.0 61870.0 61880.0 61890.0 61890.0 61890.0 61900.0 61900.0 61910.0 61910.0 61910.0 61910.0 61910.0 61910.0 61900.0 61890.0 61890.0 61900.0 61900.0 61910.0 61910.0 61910.0 61910.0 61910.0 61910.0 61900.0 61900.0 61890.0 61880.0 61880.0 61870.0 61860.0 61860.0 61850.0 61840.0 61830.0 61830.0 61820.0 61820.0 61820.0
61850.0 61850.0 61850.0 61850.0 61850.0 61850.0 61850.0 61850.0 61860.0 61870.0 61870.0 61880.0 61870.0 61870.0 61870.0 61860.0 61860.0 61850.0 61850.0 61850.0 61850.0 61840.0 61840.0 61840.0 61840.0 61840.0 61840.0 61840.0 61840.0 61840.0 61840.0 61850.0 61860.0 61870.0 61870.0 61870.0 61870.0 61870.0 61860.0 61860.0 61850.0 61850.0 61840.0 61830.0 61830.0 61830.0 61830.0 61820.0 61820.0 61810.0 61800.0 61800.0 61800.0 61800.0
62270.0 62270.0 62270.0 62270.0 62260.0 62260.0 62260.0 62260.0 62260.0 62260.0 62260.0 62260.0 62250.0 62240.0 62240.0 62230.0 62220.0 62210.0 62220.0 62230.0 62240.0 62240.0 62240.0 62250.0 62250.0 62250.0 62250.0 62260.0 62270.0 62260.0 62260.0 62250.0 62240.0 62220.0 62210.0 62210.0 62200.0 62190.0 62190.0 62180.0 62170.0 62160.0 62160.0 62160.0 62150.0 62150.0 62150.0 62150.0 62150.0 62150.0 62160.0 62170.0 62170.0 62170.0
62170.0 62170.0 62170.0 62180.0 62180.0 62180.0 62180.0 62180.0 62170.0 62180.0 62180.0 62190.0 62190.0 62190.0 62190.0 62180.0 62180.0 62180.0 62180.0 62180.0 62180.0 62180.0 62190.0 62220.0 62250.0 62290.0 62320.0 62340.0 62340.0 62320.0 62300.0 62300.0 62320.0 62320.0 62320.0 62310.0 62300.0 62290.0 62280.0 62270.0 62250.0 62230.0 62220.0 62210.0 62190.0 62180.0 62170.0 62170.0 62170.0 62170.0 62170.0 62170.0 62160.0 62160.0
62180.0 62190.0 62190.0 62190.0 62190.0 62190.0 62190.0 62200.0 62200.0 62210.0 62210.0 62220.0 62230.0 62230.0 62240.0 62230.0 62230.0 62220.0 62210.0 62210.0 62210.0 62210.0 62210.0 62220.0 62240.0 62260.0 62280.0 62300.0 62310.0 62320.0 62330.0 62360.0 62400.0 62450.0 62480.0 62490.0 62480.0 62460.0 62440.0 62410.0 62390.0 62360.0 62350.0 62330.0 62320.0 62310.0 62300.0 62290.0 62280.0 62280.0 62280.0 62270.0 62260.0 62250.0
62260.0 62260.0 62270.0 62270.0 62270.0 62270.0 62270.0 62270.0 62270.0 62270.0 62270.0 62270.0 62260.0 62260.0 62250.0 62250.0 62250.0 62240.0 62240.0 62240.0 62240.0 62250.0 62260.0 62270.0 62280.0 62280.0 62280.0 62280.0 62290.0 62290.0 62280.0 62270.0 62260.0 62250.0 62240.0 62230.0 62210.0 62200.0 62200.0 62200.0 62190.0 62190.0 62190.0 62200.0 62200.0 62200.0 62200.0 62190.0 62190.0 62180.0 62180.0 62180.0 62180.0 62180.0
62410.0 62420.0 62440.0 62450.0 62460.0 62470.0 62480.0 62480.0 62490.0 62490.0 62490.0 62490.0 62500.0 62500.0 62500.0 62500.0 62500.0 62500.0 62500.0 62500.0 62500.0 62500.0 62500.0 62500.0 62500.0 62510.0 62540.0 62570.0 62580.0 62590.0 62580.0 62550.0 62530.0 62520.0 62520.0 62530.0 62530.0 62530.0 62520.0 62510.0 62490.0 62480.0 62470.0 62460.0 62450.0 62440.0 62430.0 62420.0 62420.0 62410.0 62410.0 62410.0 62410.0 62400.0
62460.0 62460.0 62460.0 62460.0 62460.0 62460.0 62460.0 62460.0 62460.0 62460.0 62460.0 62460.0 62460.0 62450.0 62380.0 62320.0 62260.0 62180.0 62150.0 62130.0 62120.0 62120.0 62130.0 62140.0 62150.0 62160.0 62170.0 62180.0 62200.0 62220.0 62250.0 62260.0 62270.0 62270.0 62280.0 62280.0 62290.0 62290.0 62310.0 62320.0 62330.0 62340.0 62360.0 62380.0 62390.0 62390.0 62400.0 62400.0 62400.0 62400.0 62410.0 62410.0 62410.0 62410.0
62410.0 62410.0 62420.0 62420.0 62430.0 62430.0 62430.0 62430.0 62430.0 62430.0 62430.0 62430.0 62430.0 62430.0 62440.0 62440.0 62450.0 62460.0 62460.0 62460.0 62470.0 62470.0 62470.0 62470.0 62460.0 62460.0 62460.0 62460.0 62460.0 62460.0 62470.0 62480.0 62480.0 62490.0 62490.0 62480.0 62480.0 62470.0 62460.0 62450.0 62440.0 62430.0 62410.0 62400.0 62390.0 62380.0 62370.0 62370.0 62360.0 62360.0 62350.0 62350.0 62360.0 62360.0
62460.0 62460.0 62470.0 62480.0 62480.0 62490.0 62490.0 62480.0 62480.0 62470.0 62460.0 62450.0 62440.0 62430.0 62410.0 62400.0 62390.0 62380.0 62370.0 62370.0 62360.0 62360.0 62350.0 62350.0 62360.0 62360.0 62360.0 62380.0 62420.0 62490.0 62610.0 62670.0 62720.0 62730.0 62730.0 62720.0 62710.0 62720.0 62730.0 62730.0 62740.0 62740.0 62750.0 62760.0 62770.0 62780.0 62780.0 62790.0 62790.0 62790.0 62790.0 62800.0 62800.0 62790.0
62780.0 62780.0 62780.0 62780.0 62770.0 62770.0 62760.0 62760.0 62760.0 62760.0 62760.0 62760.0 62760.0 62760.0 62760.0 62770.0 62770.0 62770.0 62760.0 62760.0 62760.0 62770.0 62770.0 62760.0 62730.0 62670.0 62590.0 62530.0 62480.0 62450.0 62440.0 62440.0 62450.0 62460.0 62470.0 62480.0 62490.0 62490.0 62500.0 62510.0 62510.0 62530.0 62530.0 62550.0 62550.0 62570.0 62570.0 62590.0 62600.0 62610.0 62620.0 62630.0 62640.0 62650.0
62650.0 62650.0 62660.0 62660.0 62660.0 62670.0 62670.0 62670.0 62670.0 62670.0 62670.0 62670.0 62670.0 62670.0 62670.0 62680.0 62680.0 62680.0 62690.0 62690.0 62690.0 62700.0 62700.0 62700.0 62710.0 62720.0 62760.0 62790.0 62800.0 62790.0 62780.0 62770.0 62760.0 62760.0 62750.0 62760.0 62760.0 62760.0 62770.0 62770.0 62770.0 62770.0 62770.0 62780.0 62780.0 62770.0 62770.0 62770.0 62760.0 62760.0 62750.0 62750.0 62740.0 62730.0
62740.0 62750.0 62750.0 62760.0 62760.0 62760.0 62760.0 62760.0 62770.0 62770.0 62770.0 62770.0 62760.0 62760.0 62760.0 62760.0 62760.0 62760.0 62760.0 62760.0 62760.0 62760.0 62760.0 62760.0 62750.0 62750.0 62760.0 62780.0 62800.0 62810.0 62810.0 62810.0 62820.0 62830.0 62840.0 62830.0 62820.0 62810.0 62800.0 62800.0 62800.0 62790.0 62780.0 62770.0 62770.0 62760.0 62750.0 62750.0 62750.0 62750.0 62760.0 62760.0 62770.0 62770.0
62760.0 62750.0 62750.0 62750.0 62750.0 62740.0 62740.0 62730.0 62730.0 62730.0 62720.0 62720.0 62720.0 62720.0 62720.0 62730.0 62730.0 62740.0 62750.0 62750.0 62750.0 62760.0 62750.0 62740.0 62740.0 62740.0 62740.0 62740.0 62740.0 62740.0 62740.0 62750.0 62750.0 62750.0 62750.0 62750.0 62750.0 62740.0 62740.0 62740.0 62740.0 62740.0 62740.0 62730.0 62730.0 62720.0 62720.0 62710.0 62710.0 62710.0 62710.0 62710.0 62710.0 62710.0
62740.0 62740.0 62750.0 62760.0 62760.0 62770.0 62770.0 62780.0 62780.0 62780.0 62780.0 62780.0 62800.0 62820.0 62840.0 62850.0 62850.0 62850.0 62840.0 62830.0 62820.0 62810.0 62800.0 62790.0 62780.0 62780.0 62770.0 62770.0 62760.0 62760.0 62760.0 62770.0 62780.0 62780.0 62790.0 62790.0 62800.0 62800.0 62810.0 62810.0 62810.0 62810.0 62820.0 62820.0 62820.0 62820.0 62810.0 62810.0 62800.0 62800.0 62800.0 62800.0 62790.0 62790.0
62810.0 62810.0 62810.0 62810.0 62820.0 62820.0 62820.0 62820.0 62810.0 62810.0 62800.0 62800.0 62800.0 62800.0 62790.0 62790.0 62780.0 62780.0 62770.0 62770.0 62770.0 62770.0 62770.0 62780.0 62800.0 62840.0 62880.0 62900.0 62890.0 62870.0 62840.0 62830.0 62820.0 62820.0 62820.0 62810.0 62810.0 62800.0 62800.0 62790.0 62780.0 62770.0 62760.0 62760.0 62750.0 62740.0 62730.0 62730.0 62720.0 62720.0 62720.0 62710.0 62700.0 62700.0
62700.0 62700.0 62700.0 62700.0 62700.0 62690.0 62690.0 62690.0 62690.0 62690.0 62690.0 62700.0 62700.0 62710.0 62720.0 62730.0 62730.0 62740.0 62730.0 62730.0 62730.0 62720.0 62720.0 62710.0 62710.0 62710.0 62710.0 62730.0 62750.0 62770.0 62790.0 62790.0 62780.0 62770.0 62750.0 62740.0 62730.0 62720.0 62710.0 62710.0 62700.0 62690.0 62690.0 62680.0 62680.0 62670.0 62670.0 62670.0 62670.0 62670.0 62670.0 62670.0 62660.0 62660.0
62720.0 62730.0 62740.0 62740.0 62750.0 62760.0 62760.0 62770.0 62770.0 62770.0 62770.0 62760.0 62750.0 62750.0 62750.0 62760.0 62760.0 62750.0 62720.0 62670.0 62570.0 62450.0 62310.0 62230.0 62260.0 62310.0 62340.0 62330.0 62320.0 62320.0 62320.0 62320.0 62330.0 62350.0 62370.0 62400.0 62420.0 62440.0 62460.0 62490.0 62510.0 62530.0 62550.0 62570.0 62590.0 62600.0 62620.0 62630.0 62640.0 62650.0 62650.0 62660.0 62660.0 62670.0
62710.0 62710.0 62710.0 62710.0 62710.0 62710.0 62710.0 62710.0 62710.0 62710.0 62710.0 62710.0 62710.0 62710.0 62710.0 62700.0 62700.0 62700.0 62690.0 62690.0 62690.0 62690.0 62680.0 62700.0 62760.0 62780.0 62780.0 62770.0 62760.0 62750.0 62750.0 62740.0 62730.0 62730.0 62740.0 62740.0 62740.0 62740.0 62730.0 62730.0 62720.0 62720.0 62720.0 62720.0 62720.0 62720.0 62720.0 62720.0 62720.0 62710.0 62710.0 62710.0 62710.0 62710.0
62690.0 62700.0 62700.0 62710.0 62720.0 62720.0 62730.0 62730.0 62730.0 62730.0 62720.0 62710.0 62700.0 62700.0 62690.0 62680.0 62670.0 62660.0 62650.0 62630.0 62600.0 62550.0 62520.0 62510.0 62520.0 62530.0 62550.0 62560.0 62570.0 62580.0 62580.0 62580.0 62590.0 62590.0 62580.0 62580.0 62580.0 62590.0 62590.0 62610.0 62620.0 62630.0 62640.0 62640.0 62650.0 62660.0 62670.0 62680.0 62690.0 62700.0 62710.0 62710.0 62720.0 62720.0
62710.0 62720.0 62720.0 62720.0 62720.0 62710.0 62710.0 62720.0 62730.0 62730.0 62730.0 62730.0 62730.0 62730.0 62730.0 62730.0 62730.0 62720.0 62710.0 62710.0 62740.0 62770.0 62810.0 62830.0 62830.0 62820.0 62810.0 62810.0 62800.0 62790.0 62790.0 62770.0 62750.0 62730.0 62720.0 62710.0 62700.0 62690.0 62680.0 62670.0 62660.0 62660.0 62640.0 62640.0 62630.0 62630.0 62620.0 62610.0 62610.0 62590.0 62590.0 62580.0 62580.0 62580.0
62630.0 62630.0 62630.0 62630.0 62630.0 62640.0 62650.0 62650.0 62660.0 62660.0 62660.0 62660.0 62660.0 62660.0 62660.0 62670.0 62680.0 62690.0 62690.0 62700.0 62700.0 62720.0 62750.0 62780.0 62790.0 62790.0 62770.0 62760.0 62760.0 62770.0 62780.0 62790.0 62800.0 62800.0 62800.0 62800.0 62790.0 62790.0 62790.0 62790.0 62780.0 62780.0 62780.0 62780.0 62780.0 62770.0 62760.0 62750.0 62740.0 62740.0 62730.0 62730.0 62730.0 62730.0
62740.0 62740.0 62740.0 62730.0 62730.0 62720.0 62710.0 62700.0 62690.0 62680.0 62670.0 62660.0 62650.0 62630.0 62620.0 62610.0 62600.0 62590.0 62590.0 62590.0 62590.0 62590.0 62620.0 62630.0 62640.0 62660.0 62660.0 62650.0 62640.0 62620.0 62610.0 62600.0 62590.0 62580.0 62580.0 62580.0 62580.0 62580.0 62580.0 62590.0 62590.0 62590.0 62590.0 62600.0 62610.0 62610.0 62620.0 62620.0 62630.0 62630.0 62640.0 62640.0 62640.0 62650.0
62660.0 62660.0 62660.0 62650.0 62650.0 62650.0 62650.0 62650.0 62640.0 62650.0 62660.0 62670.0 62680.0 62700.0 62720.0 62740.0 62780.0 62790.0 62790.0 62790.0 62770.0 62750.0 62740.0 62730.0 62720.0 62720.0 62700.0 62700.0 62680.0 62670.0 62660.0 62660.0 62650.0 62650.0 62640.0 62640.0 62630.0 62620.0 62610.0 62590.0 62590.0 62590.0 62580.0 62580.0 62580.0 62590.0 62600.0 62610.0 62620.0 62620.0 62630.0 62630.0 62640.0 62650.0
62650.0 62650.0 62640.0 62640.0 62640.0 62640.0 62630.0 62630.0 62620.0 62620.0 62620.0 62610.0 62610.0 62610.0 62600.0 62650.0 62680.0 62700.0 62710.0 62710.0 62690.0 62650.0 62610.0 62580.0 62570.0 62570.0 62570.0 62580.0 62580.0 62580.0 62580.0 62580.0 62580.0 62580.0 62580.0 62580.0 62590.0 62590.0 62590.0 62590.0 62590.0 62600.0 62600.0 62600.0 62600.0 62610.0 62600.0 62610.0 62620.0 62630.0 62630.0 62630.0 62630.0 62630.0
62690.0 62690.0 62690.0 62690.0 62690.0 62690.0 62680.0 62680.0 62670.0 62650.0 62650.0 62640.0 62640.0 62640.0 62620.0 62620.0 62630.0 62660.0 62700.0 62720.0 62710.0 62690.0 62660.0 62640.0 62610.0 62590.0 62580.0 62560.0 62550.0 62540.0 62530.0 62530.0 62530.0 62530.0 62540.0 62550.0 62560.0 62570.0 62560.0 62560.0 62550.0 62530.0 62520.0 62500.0 62470.0 62460.0 62440.0 62430.0 62410.0 62400.0 62400.0 62400.0 62400.0 62410.0
62420.0 62430.0 62430.0 62440.0 62440.0 62440.0 62440.0 62450.0 62450.0 62460.0 62460.0 62460.0 62460.0 62460.0 62460.0 62460.0 62460.0 62460.0 62460.0 62460.0 62460.0 62460.0 62460.0 62460.0 62470.0 62470.0 62460.0 62460.0 62460.0 62450.0 62470.0 62450.0 62410.0 62380.0 62360.0 62330.0 62340.0 62340.0 62350.0 62360.0 62380.0 62390.0 62400.0 62410.0 62420.0 62430.0 62430.0 62440.0 62440.0 62450.0 62450.0 62470.0 62490.0 62530.0
61470.0 61480.0 61490.0 61520.0 61510.0 61480.0 61480.0 61490.0 61490.0 61480.0 61460.0 61450.0 61450.0 61450.0 61450.0 61480.0 61530.0 61500.0 61470.0 61440.0 61430.0 61420.0 61410.0 61410.0 61410.0 61430.0 61440.0 61450.0 61450.0 61450.0 61450.0 61450.0 61440.0 61440.0 61440.0 61440.0 61440.0 61440.0 61430.0 61420.0 61420.0 61410.0 61400.0 61390.0 61390.0 61380.0 61380.0 61370.0 61370.0 61360.0 61360.0 61360.0 61350.0 61360.0
61440.0 61430.0 61420.0 61420.0 61410.0 61400.0 61390.0 61390.0 61380.0 61380.0 61370.0 61370.0 61360.0 61360.0 61360.0 61350.0 61360.0 61370.0 61370.0 61360.0 61340.0 61310.0 61270.0 61250.0 61260.0 61270.0 61280.0 61290.0 61300.0 61300.0 61310.0 61310.0 61320.0 61330.0 61330.0 61340.0 61350.0 61350.0 61360.0 61360.0 61360.0 61370.0 61360.0 61360.0 61360.0 61360.0 61360.0 61350.0 61350.0 61350.0 61350.0 61350.0 61350.0 61350.0
61350.0 61350.0 61350.0 61350.0 61350.0 61350.0 61350.0 61350.0 61350.0 61350.0 61360.0 61360.0 61370.0 61370.0 61370.0 61390.0 61400.0 61430.0 61450.0 61450.0 61450.0 61430.0 61390.0 61330.0 61300.0 61290.0 61300.0 61310.0 61330.0 61340.0 61350.0 61370.0 61380.0 61380.0 61380.0 61380.0 61380.0 61380.0 61390.0 61400.0 61400.0 61400.0 61390.0 61390.0 61390.0 61380.0 61380.0 61380.0 61390.0 61400.0 61420.0 61420.0 61410.0 61400.0
61370.0 61380.0 61380.0 61390.0 61390.0 61390.0 61390.0 61390.0 61390.0 61400.0 61400.0 61400.0 61400.0 61410.0 61410.0 61410.0 61420.0 61440.0 61460.0 61470.0 61480.0 61480.0 61490.0 61490.0 61500.0 61500.0 61500.0 61490.0 61490.0 61480.0 61480.0 61470.0 61470.0 61460.0 61450.0 61440.0 61430.0 61420.0 61420.0 61420.0 61410.0 61410.0 61400.0 61390.0 61390.0 61380.0 61370.0 61370.0 61370.0 61360.0 61360.0 61360.0 61350.0 61340.0
61320.0 61320.0 61320.0 61320.0 61320.0 61320.0 61320.0 61310.0 61310.0 61310.0 61310.0 61310.0 61310.0 61320.0 61320.0 61330.0 61330.0 61330.0 61330.0 61340.0 61350.0 61350.0 61350.0 61340.0 61310.0 61280.0 61240.0 61190.0 61150.0 61140.0 61160.0 61180.0 61200.0 61210.0 61230.0 61230.0 61240.0 61250.0 61250.0 61260.0 61270.0 61270.0 61280.0 61280.0 61290.0 61290.0 61300.0 61310.0 61320.0 61330.0 61330.0 61340.0 61360.0 61350.0
61480.0 61490.0 61500.0 61500.0 61510.0 61510.0 61510.0 61510.0 61520.0 61520.0 61530.0 61530.0 61530.0 61540.0 61540.0 61540.0 61540.0 61540.0 61540.0 61550.0 61550.0 61550.0 61560.0 61560.0 61560.0 61560.0 61570.0 61610.0 61650.0 61670.0 61690.0 61680.0 61670.0 61650.0 61640.0 61640.0 61640.0 61640.0 61630.0 61630.0 61630.0 61610.0 61600.0 61590.0 61590.0 61590.0 61580.0 61570.0 61570.0 61560.0 61540.0 61530.0 61530.0 61520.0
61570.0 61570.0 61560.0 61540.0 61530.0 61530.0 61520.0 61520.0 61530.0 61530.0 61540.0 61540.0 61550.0 61560.0 61560.0 61570.0 61580.0 61590.0 61590.0 61600.0 61630.0 61660.0 61690.0 61680.0 61650.0 61630.0 61620.0 61620.0 61620.0 61620.0 61610.0 61600.0 61590.0 61580.0 61570.0 61560.0 61550.0 61550.0 61550.0 61550.0 61550.0 61550.0 61550.0 61560.0 61570.0 61570.0 61560.0 61560.0 61550.0 61540.0 61530.0 61520.0 61520.0 61520.0
61530.0 61530.0 61530.0 61530.0 61530.0 61530.0 61530.0 61530.0 61530.0 61530.0 61530.0 61530.0 61530.0 61530.0 61530.0 61530.0 61540.0 61540.0 61540.0 61530.0 61520.0 61510.0 61500.0 61500.0 61500.0 61490.0 61490.0 61490.0 61490.0 61480.0 61480.0 61480.0 61470.0 61470.0 61480.0 61490.0 61490.0 61500.0 61500.0 61500.0 61500.0 61500.0 61500.0 61500.0 61520.0 61560.0 61620.0 61690.0 61760.0 61860.0 61900.0 61920.0 61920.0 61920.0
61980.0 61980.0 61970.0 61970.0 61970.0 61960.0 61960.0 61960.0 61960.0 61960.0 61950.0 61950.0 61950.0 61940.0 61940.0 61960.0 61980.0 62010.0 62050.0 62060.0 62060.0 62050.0 62020.0 62000.0 61980.0 61980.0 61980.0 61980.0 61980.0 61980.0 61980.0 61970.0 61970.0 61960.0 61960.0 61960.0 61960.0 61960.0 61960.0 61960.0 61960.0 61970.0 61970.0 61970.0 61970.0 61970.0 61980.0 61990.0 62000.0 62010.0 62020.0 62020.0 62020.0 62020.0
61920.0 61910.0 61910.0 61900.0 61900.0 61890.0 61890.0 61880.0 61870.0 61870.0 61860.0 61860.0 61860.0 61860.0 61860.0 61860.0 61850.0 61850.0 61840.0 61830.0 61830.0 61870.0 61910.0 61930.0 61930.0 61910.0 61880.0 61860.0 61860.0 61870.0 61890.0 61900.0 61910.0 61910.0 61920.0 61920.0 61930.0 61940.0 61950.0 61960.0 61970.0 61990.0 62000.0 62000.0 62000.0 62000.0 61990.0 61980.0 61970.0 61950.0 61940.0 61920.0 61910.0 61890.0
61920.0 61930.0 61930.0 61930.0 61920.0 61910.0 61910.0 61910.0 61910.0 61900.0 61900.0 61900.0 61900.0 61910.0 61910.0 61920.0 61910.0 61920.0 61940.0 61930.0 61920.0 61910.0 61890.0 61890.0 61880.0 61870.0 61860.0 61850.0 61850.0 61840.0 61840.0 61840.0 61850.0 61850.0 61860.0 61870.0 61870.0 61880.0 61880.0 61880.0 61880.0 61880.0 61880.0 61880.0 61880.0 61880.0 61890.0 61890.0 61890.0 61900.0 61900.0 61900.0 61900.0 61900.0
62630.0 62630.0 62650.0 62670.0 62680.0 62700.0 62700.0 62720.0 62720.0 62740.0 62740.0 62760.0 62780.0 62780.0 62800.0 62800.0 62810.0 62810.0 62820.0 62840.0 62840.0 62860.0 62890.0 62920.0 62960.0 62970.0 62970.0 62950.0 62930.0 62920.0 62910.0 62910.0 62910.0 62910.0 62910.0 62910.0 62900.0 62900.0 62910.0 62900.0 62900.0 62900.0 62900.0 62900.0 62910.0 62910.0 62910.0 62910.0 62910.0 62920.0 62920.0 62910.0 62910.0 62890.0
63480.0 63480.0 63480.0 63480.0 63480.0 63480.0 63480.0 63480.0 63480.0 63480.0 63480.0 63490.0 63490.0 63490.0 63490.0 63490.0 63490.0 63500.0 63500.0 63520.0 63540.0 63560.0 63570.0 63560.0 63560.0 63540.0 63520.0 63520.0 63530.0 63520.0 63520.0 63510.0 63500.0 63500.0 63490.0 63490.0 63480.0 63480.0 63480.0 63480.0 63480.0 63470.0 63470.0 63460.0 63460.0 63460.0 63450.0 63450.0 63450.0 63450.0 63440.0 63440.0 63440.0 63430.0
63510.0 63510.0 63510.0 63510.0 63510.0 63500.0 63500.0 63500.0 63490.0 63490.0 63490.0 63490.0 63490.0 63490.0 63490.0 63520.0 63540.0 63560.0 63570.0 63580.0 63570.0 63550.0 63530.0 63520.0 63490.0 63480.0 63480.0 63470.0 63480.0 63490.0 63490.0 63490.0 63490.0 63490.0 63490.0 63490.0 63490.0 63480.0 63480.0 63480.0 63480.0 63480.0 63480.0 63480.0 63490.0 63490.0 63490.0 63490.0 63490.0 63480.0 63480.0 63470.0 63470.0 63470.0
63470.0 63460.0 63460.0 63450.0 63450.0 63440.0 63440.0 63430.0 63430.0 63430.0 63430.0 63440.0 63440.0 63440.0 63450.0 63450.0 63450.0 63450.0 63470.0 63530.0 63570.0 63570.0 63540.0 63510.0 63490.0 63470.0 63460.0 63450.0 63450.0 63440.0 63430.0 63420.0 63420.0 63430.0 63430.0 63440.0 63440.0 63440.0 63430.0 63430.0 63430.0 63440.0 63440.0 63450.0 63460.0 63460.0 63450.0 63450.0 63460.0 63460.0 63460.0 63470.0 63470.0 63470.0
63440.0 63430.0 63420.0 63410.0 63410.0 63410.0 63410.0 63410.0 63410.0 63420.0 63420.0 63430.0 63430.0 63440.0 63440.0 63440.0 63460.0 63460.0 63440.0 63400.0 63360.0 63340.0 63340.0 63350.0 63370.0 63390.0 63410.0 63430.0 63440.0 63450.0 63460.0 63470.0 63470.0 63470.0 63470.0 63480.0 63480.0 63490.0 63490.0 63490.0 63490.0 63490.0 63500.0 63500.0 63510.0 63520.0 63520.0 63520.0 63530.0 63540.0 63540.0 63540.0 63540.0 63530.0
63470.0 63470.0 63470.0 63480.0 63480.0 63480.0 63480.0 63480.0 63470.0 63470.0 63460.0 63470.0 63470.0 63480.0 63480.0 63480.0 63480.0 63480.0 63470.0 63470.0 63510.0 63560.0 63590.0 63600.0 63610.0 63590.0 63580.0 63570.0 63550.0 63550.0 63540.0 63540.0 63540.0 63530.0 63530.0 63520.0 63510.0 63500.0 63500.0 63500.0 63490.0 63490.0 63500.0 63500.0 63510.0 63510.0 63510.0 63520.0 63520.0 63520.0 63530.0 63540.0 63550.0 63560.0
63790.0 63800.0 63810.0 63810.0 63820.0 63830.0 63840.0 63850.0 63850.0 63850.0 63850.0 63870.0 63870.0 63890.0 63910.0 63920.0 63950.0 64000.0 64040.0 64060.0 64070.0 64050.0 64030.0 64010.0 64000.0 63990.0 63990.0 63990.0 63990.0 63980.0 63970.0 63960.0 63940.0 63930.0 63940.0 63930.0 63930.0 63920.0 63930.0 63940.0 63940.0 63940.0 63940.0 63950.0 63960.0 63960.0 63970.0 63980.0 63980.0 64000.0 64000.0 64000.0 64000.0 64010.0
64130.0 64140.0 64150.0 64150.0 64170.0 64160.0 64170.0 64180.0 64180.0 64180.0 64190.0 64190.0 64190.0 64190.0 64200.0 64210.0 64210.0 64220.0 64220.0 64240.0 64280.0 64320.0 64340.0 64350.0 64310.0 64240.0 64150.0 64090.0 64040.0 64020.0 64030.0 64050.0 64060.0 64070.0 64080.0 64090.0 64090.0 64090.0 64090.0 64090.0 64100.0 64100.0 64110.0 64110.0 64110.0 64120.0 64120.0 64120.0 64130.0 64130.0 64140.0 64140.0 64150.0 64150.0
65190.0 65210.0 65230.0 65230.0 65220.0 65210.0 65200.0 65190.0 65190.0 65190.0 65190.0 65200.0 65200.0 65210.0 65210.0 65220.0 65230.0 65270.0 65310.0 65360.0 65380.0 65390.0 65380.0 65370.0 65350.0 65340.0 65330.0 65320.0 65300.0 65280.0 65260.0 65250.0 65250.0 65250.0 65250.0 65260.0 65260.0 65270.0 65270.0 65260.0 65270.0 65270.0 65270.0 65280.0 65280.0 65290.0 65290.0 65290.0 65280.0 65270.0 65260.0 65260.0 65250.0 65250.0
53980.0 53980.0 53990.0 53990.0 53980.0 53980.0 53980.0 53980.0 53990.0 53980.0 53990.0 53990.0 53990.0 54000.0 54000.0 54000.0 54000.0 54010.0 54010.0 54010.0 54020.0 54040.0 54060.0 54080.0 54090.0 54080.0 54050.0 54030.0 54020.0 54000.0 54000.0 53990.0 53980.0 53980.0 53970.0 53970.0 53970.0 53970.0 53970.0 53970.0 53970.0 53970.0 53970.0 53970.0 53970.0 53970.0 53980.0 53990.0 54000.0 54000.0 54000.0 54000.0 54000.0 54000.0
54150.0 54150.0 54150.0 54150.0 54150.0 54140.0 54130.0 54130.0 54130.0 54140.0 54140.0 54140.0 54130.0 54130.0 54130.0 54120.0 54120.0 54120.0 54110.0 54110.0 54110.0 54100.0 54100.0 54110.0 54140.0 54140.0 54140.0 54130.0 54120.0 54110.0 54110.0 54110.0 54120.0 54120.0 54120.0 54130.0 54130.0 54130.0 54130.0 54130.0 54130.0 54130.0 54130.0 54130.0 54130.0 54130.0 54130.0 54130.0 54130.0 54130.0 54120.0 54120.0 54120.0 54120.0
54100.0 54100.0 54100.0 54090.0 54090.0 54090.0 54080.0 54080.0 54070.0 54070.0 54060.0 54060.0 54060.0 54060.0 54060.0 54070.0 54070.0 54070.0 54080.0 54080.0 54090.0 54090.0 54100.0 54100.0 54100.0 54110.0 54110.0 54110.0 54120.0 54130.0 54140.0 54150.0 54180.0 54200.0 54210.0 54210.0 54190.0 54160.0 54150.0 54160.0 54170.0 54170.0 54170.0 54170.0 54170.0 54170.0 54160.0 54160.0 54150.0 54150.0 54140.0 54140.0 54140.0 54140.0
54120.0 54120.0 54120.0 54120.0 54120.0 54120.0 54110.0 54110.0 54110.0 54110.0 54110.0 54110.0 54110.0 54110.0 54100.0 54100.0 54100.0 54110.0 54130.0 54140.0 54140.0 54130.0 54130.0 54120.0 54120.0 54110.0 54110.0 54110.0 54110.0 54120.0 54120.0 54120.0 54110.0 54120.0 54130.0 54140.0 54150.0 54150.0 54150.0 54150.0 54150.0 54150.0 54140.0 54140.0 54130.0 54130.0 54130.0 54130.0 54140.0 54140.0 54140.0 54140.0 54140.0 54140.0
54480.0 54480.0 54500.0 54500.0 54510.0 54520.0 54520.0 54530.0 54540.0 54540.0 54550.0 54560.0 54560.0 54570.0 54580.0 54580.0 54590.0 54610.0 54620.0 54620.0 54640.0 54660.0 54660.0 54670.0 54680.0 54680.0 54710.0 54730.0 54760.0 54800.0 54830.0 54840.0 54840.0 54810.0 54810.0 54810.0 54810.0 54810.0 54820.0 54810.0 54820.0 54810.0 54810.0 54810.0 54800.0 54800.0 54790.0 54790.0 54790.0 54790.0 54780.0 54790.0 54780.0 54790.0
55620.0 55630.0 55640.0 55650.0 55650.0 55660.0 55670.0 55680.0 55690.0 55700.0 55700.0 55700.0 55700.0 55700.0 55700.0 55700.0 55700.0 55710.0 55710.0 55710.0 55700.0 55700.0 55690.0 55680.0 55680.0 55700.0 55710.0 55720.0 55720.0 55710.0 55700.0 55700.0 55700.0 55700.0 55710.0 55720.0 55730.0 55730.0 55730.0 55730.0 55730.0 55740.0 55740.0 55740.0 55750.0 55750.0 55750.0 55760.0 55760.0 55760.0 55760.0 55760.0 55760.0 55760.0
55790.0 55810.0 55810.0 55830.0 55850.0 55850.0 55870.0 55880.0 55890.0 55880.0 55890.0 55900.0 55900.0 55900.0 55900.0 55910.0 55910.0 55920.0 55920.0 55920.0 55920.0 55920.0 55920.0 55910.0 55900.0 55900.0 55890.0 55890.0 55900.0 55910.0 55930.0 55940.0 55930.0 55930.0 55920.0 55920.0 55910.0 55910.0 55910.0 55910.0 55920.0 55920.0 55920.0 55930.0 55930.0 55930.0 55940.0 55940.0 55940.0 55950.0 55950.0 55950.0 55960.0 55960.0
56540.0 56530.0 56530.0 56530.0 56520.0 56520.0 56520.0 56530.0 56540.0 56550.0 56560.0 56550.0 56560.0 56560.0 56570.0 56580.0 56580.0 56590.0 56600.0 56600.0 56610.0 56610.0 56620.0 56650.0 56730.0 56780.0 56790.0 56770.0 56720.0 56680.0 56650.0 56640.0 56650.0 56660.0 56680.0 56690.0 56710.0 56720.0 56730.0 56730.0 56740.0 56740.0 56740.0 56740.0 56740.0 56740.0 56730.0 56730.0 56730.0 56730.0 56730.0 56730.0 56730.0 56730.0
56700.0 56680.0 56680.0 56670.0 56660.0 56650.0 56640.0 56640.0 56630.0 56630.0 56620.0 56620.0 56620.0 56630.0 56630.0 56630.0 56650.0 56670.0 56680.0 56680.0 56660.0 56650.0 56640.0 56640.0 56630.0 56630.0 56630.0 56630.0 56640.0 56640.0 56650.0 56650.0 56650.0 56660.0 56660.0 56660.0 56670.0 56670.0 56680.0 56680.0 56690.0 56690.0 56690.0 56700.0 56700.0 56710.0 56710.0 56710.0 56710.0 56700.0 56700.0 56700.0 56700.0 56700.0
70940.0 70930.0 70940.0 70930.0 70940.0 70950.0 70950.0 70960.0 70960.0 70980.0 71000.0 71020.0 71030.0 71050.0 71070.0 71090.0 71110.0 71120.0 71120.0 71120.0 71120.0 71130.0 71140.0 71150.0 71160.0 71160.0 71170.0 71160.0 71170.0 71180.0 71190.0 71190.0 71190.0 71190.0 71200.0 71200.0 71210.0 71210.0 71230.0 71240.0 71250.0 71260.0 71270.0 71270.0 71290.0 71290.0 71300.0 71310.0 71310.0 71310.0 71320.0 71320.0 71330.0 71330.0
71360.0 71380.0 71390.0 71380.0 71390.0 71390.0 71400.0 71400.0 71420.0 71430.0 71430.0 71450.0 71460.0 71470.0 71490.0 71490.0 71510.0 71510.0 71520.0 71540.0 71540.0 71550.0 71550.0 71520.0 71500.0 71470.0 71480.0 71480.0 71470.0 71470.0 71470.0 71470.0 71480.0 71480.0 71480.0 71480.0 71480.0 71490.0 71490.0 71500.0 71510.0 71520.0 71510.0 71510.0 71520.0 71540.0 71550.0 71560.0 71580.0 71580.0 71590.0 71590.0 71590.0 71590.0
72040.0 72050.0 72060.0 72070.0 72070.0 72070.0 72070.0 72070.0 72080.0 72090.0 72090.0 72100.0 72110.0 72110.0 72110.0 72110.0 72120.0 72120.0 72110.0 72130.0 72110.0 72060.0 71990.0 71960.0 71960.0 71970.0 71980.0 71990.0 71980.0 71980.0 71970.0 71970.0 71970.0 71980.0 71980.0 71980.0 71980.0 71980.0 71980.0 71980.0 71980.0 71980.0 71980.0 71990.0 72000.0 72010.0 72010.0 72020.0 72020.0 72020.0 72020.0 72020.0 72010.0 72010.0
71840.0 71840.0 71850.0 71850.0 71840.0 71830.0 71840.0 71850.0 71860.0 71870.0 71870.0 71870.0 71880.0 71880.0 71900.0 71910.0 71920.0 71960.0 71980.0 71990.0 71980.0 71980.0 71960.0 71960.0 71960.0 71970.0 71980.0 71990.0 72020.0 72030.0 72040.0 72060.0 72090.0 72100.0 72100.0 72120.0 72130.0 72150.0 72170.0 72190.0 72190.0 72200.0 72200.0 72200.0 72200.0 72220.0 72230.0 72230.0 72250.0 72260.0 72260.0 72270.0 72280.0 72300.0
72430.0 72440.0 72440.0 72450.0 72460.0 72450.0 72450.0 72450.0 72450.0 72450.0 72460.0 72460.0 72480.0 72500.0 72520.0 72530.0 72530.0 72530.0 72530.0 72530.0 72530.0 72530.0 72530.0 72530.0 72530.0 72530.0 72520.0 72520.0 72510.0 72500.0 72500.0 72500.0 72500.0 72500.0 72500.0 72510.0 72510.0 72510.0 72500.0 72500.0 72500.0 72500.0 72490.0 72490.0 72480.0 72480.0 72470.0 72460.0 72450.0 72440.0 72430.0 72420.0 72410.0 72390.0
72370.0 72340.0 72330.0 72320.0 72330.0 72330.0 72340.0 72340.0 72330.0 72310.0 72300.0 72300.0 72300.0 72300.0 72310.0 72300.0 72310.0 72300.0 72280.0 72260.0 72250.0 72250.0 72250.0 72250.0 72250.0 72240.0 72250.0 72250.0 72250.0 72250.0 72260.0 72280.0 72310.0 72330.0 72370.0 72410.0 72430.0 72450.0 72490.0 72530.0 72570.0 72590.0 72620.0 72640.0 72650.0 72660.0 72680.0 72690.0 72690.0 72690.0 72690.0 72690.0 72700.0 72690.0
73850.0 73910.0 73980.0 74020.0 74060.0 74080.0 74090.0 74070.0 74030.0 73940.0 73830.0 73720.0 73570.0 73450.0 73320.0 73170.0 73050.0 73020.0 73060.0 73080.0 73100.0 73100.0 73090.0 73090.0 73100.0 73100.0 73110.0 73130.0 73160.0 73200.0 73220.0 73250.0 73280.0 73310.0 73330.0 73370.0 73400.0 73430.0 73490.0 73510.0 73540.0 73580.0 73600.0 73630.0 73650.0 73670.0 73690.0 73700.0 73700.0 73700.0 73700.0 73700.0 73710.0 73710.0
46790.0 46790.0 46800.0 46800.0 46800.0 46810.0 46810.0 46810.0 46810.0 46810.0 46810.0 46810.0 46800.0 46800.0 46800.0 46790.0 46790.0 46800.0 46810.0 46810.0 46770.0 46730.0 46710.0 46710.0 46700.0 46690.0 46680.0 46670.0 46670.0 46680.0 46680.0 46690.0 46700.0 46700.0 46710.0 46710.0 46720.0 46730.0 46730.0 46740.0 46750.0 46760.0 46770.0 46780.0 46790.0 46800.0 46800.0 46800.0 46810.0 46810.0 46810.0 46820.0 46820.0 46830.0
46840.0 46840.0 46830.0 46830.0 46830.0 46830.0 46830.0 46830.0 46830.0 46830.0 46820.0 46820.0 46810.0 46810.0 46810.0 46810.0 46800.0 46800.0 46810.0 46790.0 46790.0 46810.0 46820.0 46810.0 46810.0 46800.0 46790.0 46790.0 46780.0 46780.0 46780.0 46790.0 46790.0 46790.0 46790.0 46790.0 46800.0 46800.0 46810.0 46810.0 46810.0 46810.0 46820.0 46840.0 46850.0 46860.0 46870.0 46870.0 46860.0 46860.0 46860.0 46850.0 46840.0 46830.0
46820.0 46820.0 46810.0 46810.0 46810.0 46810.0 46810.0 46810.0 46810.0 46800.0 46800.0 46800.0 46790.0 46790.0 46790.0 46780.0 46780.0 46780.0 46780.0 46790.0 46790.0 46780.0 46780.0 46800.0 46800.0 46800.0 46800.0 46790.0 46790.0 46780.0 46780.0 46770.0 46760.0 46760.0 46760.0 46760.0 46760.0 46760.0 46760.0 46750.0 46750.0 46750.0 46740.0 46740.0 46740.0 46750.0 46750.0 46760.0 46760.0 46760.0 46760.0 46770.0 46770.0 46780.0
48440.0 48470.0 48500.0 48510.0 48530.0 48550.0 48550.0 48550.0 48540.0 48530.0 48530.0 48530.0 48530.0 48550.0 48550.0 48560.0 48560.0 48560.0 48560.0 48560.0 48560.0 48570.0 48570.0 48560.0 48560.0 48570.0 48570.0 48570.0 48580.0 48590.0 48590.0 48600.0 48610.0 48610.0 48600.0 48600.0 48600.0 48600.0 48600.0 48590.0 48580.0 48570.0 48570.0 48560.0 48560.0 48550.0 48550.0 48550.0 48550.0 48560.0 48570.0 48570.0 48580.0 48600.0
47170.0 47160.0 47160.0 47160.0 47160.0 47160.0 47170.0 47180.0 47190.0 47190.0 47180.0 47180.0 47190.0 47180.0 47200.0 47210.0 47220.0 47240.0 47270.0 47270.0 47280.0 47280.0 47280.0 47290.0 47290.0 47300.0 47320.0 47320.0 47330.0 47340.0 47350.0 47350.0 47360.0 47370.0 47380.0 47390.0 47400.0 47400.0 47410.0 47430.0 47450.0 47450.0 47450.0 47440.0 47440.0 47450.0 47470.0 47480.0 47500.0 47500.0 47510.0 47520.0 47520.0 47530.0
48570.0 48570.0 48570.0 48570.0 48570.0 48570.0 48560.0 48560.0 48560.0 48550.0 48550.0 48540.0 48530.0 48520.0 48510.0 48510.0 48500.0 48510.0 48520.0 48520.0 48550.0 48560.0 48550.0 48560.0 48560.0 48550.0 48530.0 48520.0 48510.0 48510.0 48510.0 48520.0 48520.0 48530.0 48540.0 48540.0 48550.0 48540.0 48540.0 48540.0 48550.0 48560.0 48560.0 48560.0 48560.0 48550.0 48550.0 48550.0 48550.0 48540.0 48520.0 48510.0 48510.0 48510.0
48520.0 48530.0 48540.0 48540.0 48540.0 48540.0 48540.0 48540.0 48540.0 48540.0 48550.0 48560.0 48580.0 48590.0 48580.0 48580.0 48580.0 48570.0 48570.0 48550.0 48550.0 48540.0 48530.0 48530.0 48530.0 48530.0 48540.0 48550.0 48550.0 48550.0 48550.0 48540.0 48550.0 48550.0 48540.0 48530.0 48520.0 48520.0 48520.0 48530.0 48530.0 48540.0 48550.0 48550.0 48550.0 48540.0 48530.0 48510.0 48500.0 48510.0 48520.0 48540.0 48570.0 48580.0
48590.0 48590.0 48580.0 48580.0 48570.0 48550.0 48530.0 48530.0 48530.0 48540.0 48540.0 48540.0 48530.0 48530.0 48500.0 48460.0 48400.0 48360.0 48330.0 48280.0 48270.0 48280.0 48300.0 48320.0 48340.0 48340.0 48350.0 48350.0 48360.0 48360.0 48360.0 48360.0 48370.0 48380.0 48390.0 48410.0 48420.0 48420.0 48430.0 48430.0 48440.0 48450.0 48460.0 48470.0 48480.0 48480.0 48480.0 48470.0 48460.0 48450.0 48450.0 48440.0 48440.0 48450.0
48450.0 48440.0 48430.0 48430.0 48430.0 48430.0 48430.0 48440.0 48440.0 48440.0 48440.0 48440.0 48440.0 48440.0 48430.0 48420.0 48410.0 48420.0 48420.0 48410.0 48400.0 48410.0 48420.0 48420.0 48410.0 48410.0 48410.0 48420.0 48430.0 48440.0 48450.0 48450.0 48460.0 48460.0 48470.0 48480.0 48490.0 48500.0 48510.0 48520.0 48510.0 48500.0 48500.0 48490.0 48490.0 48490.0 48480.0 48470.0 48470.0 48480.0 48490.0 48500.0 48500.0 48500.0
48500.0 48500.0 48490.0 48490.0 48480.0 48470.0 48460.0 48460.0 48450.0 48450.0 48450.0 48450.0 48450.0 48440.0 48430.0 48430.0 48430.0 48430.0 48430.0 48440.0 48460.0 48420.0 48320.0 48250.0 48180.0 48140.0 48120.0 48120.0 48130.0 48150.0 48180.0 48220.0 48260.0 48280.0 48310.0 48330.0 48350.0 48360.0 48370.0 48370.0 48380.0 48390.0 48410.0 48430.0 48460.0 48490.0 48520.0 48550.0 48570.0 48600.0 48620.0 48620.0 48620.0 48620.0
48460.0 48470.0 48470.0 48470.0 48460.0 48460.0 48460.0 48460.0 48470.0 48470.0 48470.0 48460.0 48460.0 48450.0 48450.0 48450.0 48460.0 48480.0 48470.0 48460.0 48470.0 48460.0 48460.0 48450.0 48450.0 48460.0 48460.0 48470.0 48490.0 48500.0 48510.0 48520.0 48530.0 48540.0 48550.0 48560.0 48560.0 48560.0 48560.0 48550.0 48550.0 48550.0 48550.0 48550.0 48540.0 48540.0 48530.0 48520.0 48520.0 48520.0 48510.0 48510.0 48510.0 48500.0
69120.0 69110.0 69090.0 69090.0 69090.0 69100.0 69100.0 69090.0 69090.0 69080.0 69070.0 69070.0 69060.0 69070.0 69080.0 69080.0 69100.0 69100.0 69100.0 69080.0 69060.0 69060.0 69050.0 69040.0 69030.0 69010.0 69010.0 69010.0 69010.0 69000.0 68990.0 68980.0 68980.0 68980.0 68980.0 68970.0 68970.0 68970.0 68970.0 68970.0 68970.0 68970.0 68960.0 68950.0 68940.0 68930.0 68940.0 68940.0 68950.0 68950.0 68950.0 68950.0 68950.0 68950.0
68910.0 68910.0 68910.0 68910.0 68900.0 68890.0 68890.0 68880.0 68870.0 68860.0 68850.0 68830.0 68830.0 68840.0 68840.0 68850.0 68850.0 68870.0 68880.0 68880.0 68880.0 68880.0 68870.0 68870.0 68880.0 68880.0 68890.0 68890.0 68880.0 68870.0 68870.0 68870.0 68860.0 68870.0 68870.0 68870.0 68870.0 68860.0 68860.0 68860.0 68870.0 68870.0 68870.0 68880.0 68890.0 68900.0 68910.0 68920.0 68920.0 68940.0 68960.0 68960.0 68970.0 68970.0
68990.0 68990.0 68980.0 68970.0 68950.0 68950.0 68950.0 68960.0 68980.0 68990.0 68980.0 68980.0 68980.0 68990.0 69010.0 69020.0 69030.0 69020.0 69010.0 68990.0 68980.0 68970.0 68970.0 68970.0 68970.0 68960.0 68960.0 68940.0 68920.0 68900.0 68880.0 68860.0 68850.0 68840.0 68820.0 68820.0 68820.0 68810.0 68810.0 68810.0 68820.0 68820.0 68840.0 68850.0 68850.0 68840.0 68860.0 68880.0 68920.0 68970.0 68990.0 69010.0 69040.0 69100.0
70620.0 70630.0 70630.0 70630.0 70630.0 70630.0 70620.0 70620.0 70630.0 70630.0 70620.0 70610.0 70600.0 70610.0 70610.0 70620.0 70620.0 70610.0 70600.0 70590.0 70580.0 70570.0 70570.0 70570.0 70560.0 70550.0 70530.0 70520.0 70520.0 70510.0 70510.0 70500.0 70490.0 70490.0 70490.0 70490.0 70490.0 70490.0 70490.0 70490.0 70500.0 70510.0 70510.0 70500.0 70490.0 70490.0 70480.0 70470.0 70460.0 70460.0 70450.0 70450.0 70450.0 70460.0
70450.0 70450.0 70450.0 70460.0 70470.0 70480.0 70500.0 70510.0 70520.0 70540.0 70550.0 70560.0 70560.0 70570.0 70580.0 70540.0 70520.0 70540.0 70560.0 70570.0 70570.0 70570.0 70570.0 70570.0 70570.0 70560.0 70550.0 70550.0 70550.0 70550.0 70550.0 70550.0 70550.0 70550.0 70550.0 70550.0 70550.0 70550.0 70550.0 70550.0 70560.0 70560.0 70560.0 70560.0 70550.0 70550.0 70550.0 70560.0 70560.0 70560.0 70550.0 70550.0 70540.0 70540.0
70560.0 70560.0 70560.0 70550.0 70550.0 70540.0 70540.0 70530.0 70520.0 70520.0 70470.0 70360.0 70240.0 70150.0 70100.0 70080.0 70080.0 70100.0 70130.0 70160.0 70180.0 70190.0 70200.0 70210.0 70220.0 70240.0 70250.0 70260.0 70270.0 70280.0 70290.0 70300.0 70310.0 70330.0 70340.0 70360.0 70370.0 70370.0 70370.0 70380.0 70380.0 70390.0 70390.0 70390.0 70390.0 70390.0 70390.0 70400.0 70410.0 70410.0 70410.0 70410.0 70420.0 70420.0
70690.0 70690.0 70700.0 70700.0 70710.0 70720.0 70730.0 70740.0 70750.0 70760.0 70760.0 70760.0 70760.0 70750.0 70750.0 70740.0 70750.0 70750.0 70730.0 70720.0 70720.0 70710.0 70710.0 70710.0 70700.0 70700.0 70700.0 70690.0 70700.0 70700.0 70700.0 70710.0 70710.0 70710.0 70710.0 70710.0 70710.0 70710.0 70710.0 70710.0 70710.0 70720.0 70730.0 70730.0 70740.0 70740.0 70730.0 70720.0 70720.0 70720.0 70730.0 70740.0 70750.0 70760.0
70700.0 70690.0 70690.0 70690.0 70690.0 70690.0 70690.0 70690.0 70690.0 70690.0 70690.0 70690.0 70690.0 70690.0 70690.0 70700.0 70720.0 70720.0 70690.0 70690.0 70700.0 70700.0 70700.0 70700.0 70710.0 70720.0 70730.0 70730.0 70740.0 70750.0 70760.0 70760.0 70760.0 70770.0 70770.0 70760.0 70760.0 70750.0 70740.0 70740.0 70730.0 70730.0 70720.0 70720.0 70710.0 70700.0 70690.0 70670.0 70660.0 70660.0 70650.0 70640.0 70630.0 70630.0
70670.0 70680.0 70690.0 70700.0 70710.0 70710.0 70710.0 70710.0 70710.0 70710.0 70720.0 70720.0 70730.0 70750.0 70750.0 70760.0 70780.0 70820.0 70820.0 70800.0 70780.0 70770.0 70770.0 70770.0 70770.0 70770.0 70760.0 70760.0 70760.0 70760.0 70760.0 70750.0 70760.0 70760.0 70760.0 70750.0 70740.0 70740.0 70750.0 70760.0 70770.0 70770.0 70770.0 70770.0 70770.0 70760.0 70740.0 70730.0 70720.0 70720.0 70720.0 70720.0 70720.0 70720.0
70600.0 70620.0 70620.0 70610.0 70610.0 70610.0 70600.0 70610.0 70620.0 70630.0 70640.0 70650.0 70660.0 70670.0 70670.0 70660.0 70670.0 70700.0 70700.0 70670.0 70660.0 70680.0 70690.0 70710.0 70710.0 70720.0 70730.0 70740.0 70760.0 70770.0 70780.0 70790.0 70800.0 70810.0 70810.0 70820.0 70810.0 70810.0 70810.0 70800.0 70800.0 70800.0 70790.0 70790.0 70790.0 70780.0 70780.0 70780.0 70780.0 70770.0 70770.0 70760.0 70760.0 70750.0
70670.0 70660.0 70660.0 70660.0 70660.0 70660.0 70660.0 70660.0 70660.0 70660.0 70660.0 70660.0 70680.0 70680.0 70690.0 70710.0 70720.0 70720.0 70710.0 70690.0 70680.0 70680.0 70680.0 70680.0 70690.0 70690.0 70690.0 70690.0 70700.0 70700.0 70700.0 70700.0 70700.0 70710.0 70700.0 70680.0 70670.0 70660.0 70650.0 70650.0 70650.0 70640.0 70640.0 70630.0 70630.0 70630.0 70630.0 70630.0 70630.0 70630.0 70630.0 70630.0 70630.0 70630.0
70810.0 70820.0 70830.0 70820.0 70810.0 70800.0 70790.0 70790.0 70790.0 70790.0 70790.0 70790.0 70790.0 70790.0 70790.0 70790.0 70810.0 70810.0 70800.0 70800.0 70800.0 70800.0 70810.0 70820.0 70830.0 70830.0 70830.0 70830.0 70820.0 70820.0 70820.0 70810.0 70810.0 70820.0 70820.0 70830.0 70830.0 70830.0 70830.0 70830.0 70830.0 70830.0 70840.0 70850.0 70860.0 70860.0 70860.0 70850.0 70860.0 70860.0 70870.0 70870.0 70870.0 70870.0
