-1.679341 -1.667884 -1.642108 -1.628648 -1.624738 -1.622101 -1.636505 -1.665322 -1.665615 -1.652503 -1.640012 -1.626436 -1.627372 -1.641947 -1.663486 -1.675594 -1.686354 -1.700995 -1.718207 -1.727141 -1.72493 -1.709593 -1.693904 -1.686893 -1.701513 -1.712839 -1.693756 -1.672996 -1.65981 -1.670082 -1.674379 -1.668416 -1.661217 -1.660017 -1.65797 -1.65703 -1.66404 -1.670723 -1.675374 -1.68614 -1.689372 -1.675747 -1.663581 -1.647548 -1.646852 -1.659209 -1.656557 -1.654665
-1.66122 -1.683165 -1.678279 -1.653312 -1.653042 -1.655833 -1.669232 -1.692303 -1.692294 -1.685163 -1.673449 -1.669068 -1.672739 -1.67567 -1.673341 -1.678012 -1.680157 -1.684555 -1.687425 -1.685489 -1.688378 -1.687655 -1.683104 -1.683138 -1.684563 -1.684652 -1.684212 -1.680363 -1.669219 -1.666038 -1.669172 -1.669591 -1.672779 -1.677323 -1.681317 -1.673032 -1.676426 -1.680052 -1.676293 -1.669885 -1.678156 -1.679937 -1.678524 -1.682886 -1.682919 -1.684237 -1.68139 -1.68161
-1.684237 -1.68139 -1.68161 -1.684929 -1.680327 -1.674293 -1.674973 -1.67304 -1.670705 -1.669975 -1.671507 -1.675521 -1.675385 -1.68053 -1.679127 -1.666293 -1.662165 -1.664933 -1.667565 -1.669639 -1.672702 -1.668503 -1.667154 -1.668288 -1.672564 -1.673621 -1.673943 -1.671481 -1.671122 -1.678259 -1.678401 -1.678864 -1.677319 -1.67592 -1.673306 -1.674306 -1.674021 -1.673854 -1.671683 -1.674842 -1.674495 -1.672845 -1.669639 -1.663875 -1.65964 -1.655413 -1.653731 -1.654719
-1.65625 -1.654441 -1.653797 -1.654343 -1.656007 -1.655757 -1.657074 -1.654652 -1.655023 -1.653628 -1.652002 -1.651022 -1.652549 -1.655824 -1.657425 -1.659778 -1.65972 -1.661165 -1.65954 -1.658225 -1.662322 -1.661725 -1.660688 -1.660776 -1.657648 -1.656876 -1.659296 -1.660039 -1.661686 -1.661839 -1.661383 -1.659338 -1.657554 -1.65778 -1.65906 -1.657826 -1.655843 -1.653103 -1.654097 -1.662679 -1.6637 -1.665475 -1.664856 -1.6671 -1.668726 -1.656543 -1.653364 -1.659992
-1.66723 -1.667587 -1.672172 -1.67161 -1.671563 -1.673018 -1.671748 -1.672271 -1.671657 -1.672344 -1.676469 -1.676612 -1.676986 -1.679557 -1.68296 -1.680529 -1.683082 -1.678168 -1.675866 -1.678079 -1.675184 -1.675176 -1.676275 -1.673884 -1.672054 -1.673278 -1.684754 -1.697856 -1.700961 -1.704426 -1.701624 -1.696069 -1.693297 -1.698346 -1.691899 -1.691885 -1.691277 -1.694126 -1.700042 -1.706093 -1.700524 -1.691482 -1.687146 -1.687846 -1.68852 -1.689654 -1.687802 -1.68129
-0.118419 -0.1169926 -0.1165269 -0.1172539 -0.1171219 -0.1176156 -0.1145559 -0.1133966 -0.1135711 -0.1127406 -0.1121272 -0.1110407 -0.1111218 -0.1122643 -0.1091184 -0.1096863 -0.1086866 -0.1072818 -0.1059228 -0.1024821 -0.09852055 -0.05957796 -0.1277316 -0.1142933 -0.1190129 -0.2074426 -0.2082236 -0.1742247 -0.1726698 -0.1789005 -0.1508636 -0.1561764 -0.126892 -0.1189403 -0.1288839 -0.1206102 -0.1123167 -0.1115871 -0.1089184 -0.1007471 -0.07822399 -0.0627234 -0.06489284 -0.08027623 -0.08356241 -0.0940548 -0.100182 -0.1026613
-0.09905649 -0.1012686 -0.09966598 -0.1008005 -0.103842 -0.1060414 -0.1046106 -0.1048098 -0.1050939 -0.1048944 -0.106205 -0.1029893 -0.1025085 -0.1021958 -0.1032754 -0.1056248 -0.1068477 -0.1063319 -0.1071199 -0.1105672 -0.1093266 -0.1115375 -0.109681 -0.1107516 -0.05335272 0.07372071 0.04407158 -0.01426631 -0.009495478 -0.02362553 -0.06711792 -0.07268949 -0.07971568 -0.09592362 -0.100294 -0.09012523 -0.08289224 -0.09263613 -0.1171602 -0.1115914 -0.1117954 -0.1177631 -0.1194174 -0.111983 -0.1059074 -0.1125282 -0.1138794 -0.1135158
-0.1100265 -0.106745 -0.1095234 -0.1071533 -0.1045976 -0.1061948 -0.1127412 -0.1154835 -0.1171336 -0.1205415 -0.119343 -0.1251587 -0.1165132 -0.1111954 -0.1078716 -0.1017533 -0.09635463 -0.09673843 -0.1142699 -0.1122236 -0.1134021 -0.1108084 -0.1079831 -0.1237981 -0.1278998 -0.1149098 -0.06489428 -0.05230012 -0.01650815 -0.02674879 -0.07087746 -0.07739307 -0.05293925 -0.07943588 -0.07359347 -0.08171889 -0.08634141 -0.09466185 -0.1015637 -0.1025544 -0.1063154 -0.1038237 -0.1006234 -0.1062767 -0.1106748 -0.1109718 -0.1168111 -0.1197936
-0.1076242 -0.1175693 -0.1236879 -0.1118893 -0.1107398 -0.10864 -0.1029186 -0.1140803 -0.1226662 -0.1271614 -0.1233289 -0.1214691 -0.1248773 -0.1315318 -0.12412 -0.1183608 -0.1090882 -0.106424 -0.1060495 -0.1108567 -0.1149969 -0.1101494 -0.1031374 -0.1070003 -0.1119291 -0.1143765 -0.1192136 0.02617159 0.1072972 0.02022461 0.02546565 0.05006265 0.07223681 0.05256958 -0.03234625 -0.1038186 -0.1219175 -0.1095703 -0.1233456 -0.09820717 -0.104159 -0.1142185 -0.1231963 -0.1339608 -0.1420372 -0.1265055 -0.1295272 -0.1320264
-0.1179053 -0.1208006 -0.1168251 -0.113365 -0.1174999 -0.1259466 -0.1321146 -0.1251337 -0.1230191 -0.1215231 -0.1219631 -0.1213827 -0.1189522 -0.1189318 -0.1260318 -0.126075 -0.1197071 -0.1226317 -0.1248278 -0.1217873 -0.1158907 -0.1133978 0.001001413 0.06621619 0.0320624 0.06156375 0.05194156 -0.0007110342 -0.09259085 -0.1373324 -0.1736396 -0.1695801 -0.1442783 -0.1249075 -0.1189071 -0.1189492 -0.1205578 -0.1224437 -0.1210336 -0.1211797 -0.1146353 -0.1156499 -0.1198897 -0.1249579 -0.1187203 -0.115967 -0.1137549 -0.1141653
-0.1100423 -0.1077136 -0.1012886 -0.1006386 -0.1059146 -0.1071941 -0.106245 -0.1085439 -0.1086312 -0.1102788 -0.111782 -0.1113485 -0.08353339 0.02192178 0.09667096 0.01111932 -0.07950742 -0.09418777 -0.09565007 -0.08913893 -0.1211632 -0.1675548 -0.1738475 -0.1748589 -0.1670118 -0.1490657 -0.1385238 -0.1382983 -0.1351186 -0.1225205 -0.1152564 -0.1191082 -0.1180689 -0.1242516 -0.1254778 -0.1218097 -0.1198523 -0.1187121 -0.1163046 -0.1124865 -0.1105691 -0.1121432 -0.1194834 -0.1168599 -0.1196636 -0.1207983 -0.1309059 -0.1266571
-0.1253295 -0.1292401 -0.1287351 -0.1284576 -0.1286834 -0.1284613 -0.1290044 -0.1275775 -0.1261581 -0.1303791 -0.1271032 -0.1278926 -0.1272123 -0.124203 -0.1241887 -0.1215805 -0.1209506 -0.1171867 -0.1140269 -0.1114119 -0.03476785 0.1227505 0.3034828 0.3359355 0.2987904 0.2809747 0.2629707 0.196031 0.1440685 0.05143746 0.01915167 0.0276752 0.03212609 0.04303572 0.04572029 0.03078361 0.03451036 0.04887776 0.03992903 0.0383123 0.04116115 0.03473001 0.02947491 0.02600867 0.02058648 0.02464323 0.03217026 0.03658584
0.04298038 0.04416239 0.04608807 0.04490101 0.03722342 0.0379905 0.03601321 0.03519178 0.03402404 0.028277 0.02796228 0.02585697 0.02430678 0.02661333 0.02888012 0.03370696 0.0377484 0.038908 0.04075702 0.03793785 0.03553128 0.04298236 0.04304066 0.03850042 0.03400588 0.03184555 0.03137425 0.03185834 0.02883968 0.03556916 -0.008706642 -0.0782905 -0.1154887 -0.1363648 -0.105767 -0.003669985 0.04080338 0.003181732 -0.02390424 -0.04785388 -0.0312509 0.002923613 0.01417361 0.02972575 0.03804047 0.03298671 0.02542923 0.01672928
0.03923354 0.04211248 0.04473998 0.04100485 0.03996747 0.04612746 0.04643662 0.04003973 0.04134056 0.04196966 0.04485759 0.0483893 0.04889384 0.05075496 0.04844586 0.04931861 0.04378624 -0.02486707 0.004604343 0.04259825 -0.0304662 -0.04874445 -0.01342628 0.01600323 0.02125088 0.02738697 0.03534305 0.04314698 0.04395939 0.03897625 0.04370967 0.04308862 0.04963014 0.04818256 0.04460131 0.04529447 0.04391841 0.0454167 0.03990438 0.03661194 0.03840126 0.03910064 0.04478614 0.0525931 0.05382542 0.05525605 0.05435082 0.05848902
0.0519622 0.05116612 0.04511175 0.04721132 0.04453078 0.04788606 0.05088899 0.04451342 0.04425568 0.04627487 0.04611507 0.04589 0.05157172 0.05130186 0.05130479 0.04927969 0.04800633 0.04364197 0.04279576 0.04196068 0.0419393 0.04651469 0.0565731 0.06988872 0.0795878 0.1518447 0.09645353 0.09313785 0.09359417 0.07381506 0.06070227 0.04657481 0.03910536 0.03138729 0.03746269 0.04644247 0.04207172 0.04365624 0.04737112 0.05070369 0.05027293 0.04577241 0.04726587 0.04346094 0.04170905 0.04733475 0.04401606 0.04210564
0.03329 0.03809959 0.03580647 0.035648 0.03222078 0.03171757 0.03455715 0.03551687 0.03823208 0.0367596 0.03814495 0.04462861 0.1757786 0.9356928 1.506454 1.873287 1.943671 1.784971 1.729211 1.67019 1.657891 1.655172 1.677613 1.675145 1.683013 1.668239 1.655009 1.642791 1.631529 1.653283 1.66842 1.56241 1.41362 1.264863 1.111159 0.9181398 0.7200418 0.475375 0.2986898 0.1022121 -0.09452646 -0.1505734 -0.0991995 -0.09779714 -0.09650657 -0.09306901 -0.09075192 -0.08720957
-0.09084554 -0.102973 -0.1055328 -0.1077364 -0.1060774 -0.1055366 -0.1081587 -0.1112837 -0.1123886 -0.1084792 -0.1026936 -0.1017857 -0.1012526 -0.1023014 -0.1024547 -0.104362 -0.1016643 -0.09952711 -0.09736725 -0.09953413 -0.103979 -0.1055779 -0.09890789 -0.09015938 -0.09539208 -0.09373858 -0.08969567 -0.09098239 -0.09011891 -0.09530931 -0.09603758 -0.09667617 -0.09715626 -0.09589838 -0.09736066 -0.09550297 -0.09470324 -0.09314205 -0.09123842 -0.08986378 -0.09335566 -0.08896494 -0.08883986 -0.08142 -0.08674794 -0.08362982 -0.08975566 -0.09109322
-0.09011891 -0.09530931 -0.09603758 -0.09667617 -0.09715626 -0.09589838 -0.09736066 -0.09550297 -0.09470324 -0.09314205 -0.09123842 -0.08986378 -0.09335566 -0.08896494 -0.08883986 -0.08142 -0.08674794 -0.08362982 -0.08975566 -0.09109322 -0.08599459 -0.08729926 -0.08894127 -0.08895488 -0.08808014 -0.08935644 -0.093062 -0.0934606 -0.09464018 -0.08643103 -0.07976468 -0.07857555 -0.07256109 -0.07618266 -0.06835115 -0.08566035 -0.09630854 -0.09427153 -0.09419055 -0.08942685 -0.08685669 -0.08564594 -0.0841346 -0.08618552 -0.08682982 -0.08448257 -0.0822899 -0.08286624
-0.09497849 -0.09237028 -0.09286957 -0.08978167 -0.08400302 -0.08175873 -0.08268277 -0.08475675 -0.08389354 -0.08162364 -0.08071689 -0.07468738 -0.07294655 -0.07307622 -0.07743694 -0.07633641 -0.0726217 -0.02326934 -0.05373058 -0.1374446 -0.1886351 -0.1930058 -0.1714035 -0.1883506 -0.1770052 -0.1425373 -0.1286124 -0.1240759 -0.1128432 -0.1067484 -0.09529151 -0.08955254 -0.08858557 -0.08806726 -0.08714743 -0.08574859 -0.08559745 -0.08614486 -0.08592699 -0.08540551 -0.08449224 -0.08478629 -0.0864091 -0.08474332 -0.08751562 -0.08795624 -0.08775584 -0.0893964
-0.08817854 -0.08508725 -0.08692995 -0.08392718 -0.08452853 -0.08460861 -0.08244983 -0.08518348 -0.08347503 -0.08172687 -0.08170485 -0.08118729 -0.08192913 -0.08184023 -0.07953415 -0.08089975 -0.07863056 -0.08008277 -0.08130585 -0.08195623 -0.08058943 -0.1053988 -0.0628009 0.02653055 0.0446927 0.05274293 0.06268667 0.04003889 0.02935768 0.0003482665 -0.04001394 -0.07011025 -0.06340531 -0.06495453 -0.07153066 -0.07502846 -0.07848419 -0.08381907 -0.08886931 -0.08680428 -0.08636102 -0.08773317 -0.08598827 -0.08636598 -0.08663002 -0.08907523 -0.08998446 -0.08724116
-0.08278823 -0.08441207 -0.08455247 -0.08537079 -0.08300221 -0.08520572 -0.08725425 -0.08779584 -0.08434209 -0.0834255 -0.08098902 -0.08136044 -0.0819851 -0.08157837 -0.0822332 -0.08523788 -0.08534057 -0.0862717 -0.08623346 -0.08280466 -0.08418048 -0.08510921 -0.08533062 -0.08188908 -0.0460222 0.1128038 0.0735926 -0.02600193 -0.0738568 -0.08062989 -0.09878562 -0.1078814 -0.08831383 -0.06970938 -0.0682037 -0.0754651 -0.08007559 -0.08742491 -0.08927847 -0.08973832 -0.08799771 -0.08304524 -0.08062301 -0.08323818 -0.08804932 -0.09009294 -0.09202309 -0.09041539
-0.09672958 -0.09586482 -0.08902874 -0.09107161 -0.09306683 -0.09334861 -0.09253724 -0.09169825 -0.09062418 -0.09291725 -0.09492631 -0.09734831 -0.0998325 -0.09855902 -0.05142623 -0.03371418 -0.08025031 -0.0733436 -0.0574762 -0.07081807 -0.07850298 -0.0774391 -0.07447835 -0.1016331 -0.1020356 -0.1048064 -0.1077223 -0.1040827 -0.1047288 -0.105588 -0.105893 -0.1017463 -0.0999415 -0.0957193 -0.09101035 -0.08816857 -0.08911879 -0.08627046 -0.08483724 -0.08757351 -0.08789075 -0.08765962 -0.08591203 -0.08816252 -0.08750667 -0.08576607 -0.08549064 -0.08426958
-0.09358849 -0.0937825 -0.09926081 -0.09333409 -0.09402474 -0.09543457 -0.09145921 -0.09155644 -0.08893152 -0.08434718 0.06247775 0.04154019 0.04132854 0.03413044 -0.01933059 -0.06783181 -0.08745732 -0.09767889 -0.08352994 -0.08385286 -0.08171441 -0.0830323 -0.08438002 -0.08474264 -0.08816172 -0.09049811 -0.09074394 -0.09256345 -0.09635464 -0.09527922 -0.09637184 -0.099879 -0.09918948 -0.09655306 -0.0973395 -0.09414753 -0.09328178 -0.09494014 -0.09353361 -0.08968059 -0.08771633 -0.08613726 -0.08707207 -0.09121443 -0.09026097 -0.09242757 -0.09094238 -0.09309211
-0.09414753 -0.09328178 -0.09494014 -0.09353361 -0.08968059 -0.08771633 -0.08613726 -0.08707207 -0.09121443 -0.09026097 -0.09242757 -0.09094238 -0.09309211 -0.0924046 -0.09058964 -0.08893405 -0.09238122 -0.0923097 -0.09198547 -0.0911211 -0.08979414 -0.0926588 -0.09483186 -0.1468816 -0.1055478 -0.05556248 -0.05481857 -0.07314649 -0.07903812 -0.1101633 -0.1252363 -0.1391971 -0.1422104 -0.1214262 -0.107024 -0.09539854 -0.08941402 -0.08967756 -0.09284236 -0.09243387 -0.09346255 -0.09116207 -0.09378438 -0.09110884 -0.08952578 -0.08510148 -0.08593009 -0.07741237
-0.07493476 -0.07521638 -0.08208976 -0.08638322 -0.08557291 -0.0876016 -0.09186059 -0.08903555 -0.08643159 -0.0888692 -0.0884096 -0.08778419 -0.09271693 -0.09142191 -0.08820631 -0.08543394 -0.0839367 -0.08881713 -0.08746726 -0.08643706 -0.08722173 -0.08948255 -0.09240361 -0.08696916 -0.09085326 -0.1373033 -0.08778019 -0.09945726 -0.09736462 -0.100723 -0.0940779 -0.09649624 -0.1011052 -0.09595551 -0.08383068 -0.08381604 -0.08361816 -0.08334042 -0.08423231 -0.08307504 -0.08260992 -0.08366396 -0.08094726 -0.08036337 -0.08217211 -0.08550371 -0.09157279 -0.08916098
-0.08403012 -0.08855255 -0.09060622 -0.09034507 -0.09218151 -0.09365853 -0.09030158 -0.08867518 -0.08619189 -0.09072208 -0.09182293 -0.08676819 -0.07746048 -0.01841187 -0.1040093 -0.1593894 -0.2364042 -0.3362692 -0.4175563 -0.3816856 -0.2443983 -0.1396405 -0.2072234 -0.1881618 -0.1261811 -0.1280691 -0.1320061 -0.1349733 -0.1386874 -0.1424012 -0.1451462 -0.1462122 -0.149212 -0.145678 -0.1471009 -0.1482033 -0.1493867 -0.1441217 -0.136294 -0.1405762 -0.1412099 -0.1366238 -0.1342214 -0.1406726 -0.137182 -0.1381427 -0.135945 -0.1326037
-0.1434916 -0.1398649 -0.1340475 -0.1354432 -0.1405239 -0.1386985 -0.1392242 -0.14224 -0.1465717 -0.1424191 -0.1398519 -0.1383571 -0.1396336 -0.1387004 -0.1328524 -0.1390742 -0.1355117 -0.1273062 -0.1204128 -0.1158307 -0.1219201 -0.1596054 -0.205642 -0.1335692 -0.1375725 -0.1393444 -0.1519428 -0.1532148 -0.1517987 -0.1543317 -0.152229 -0.144082 -0.1517895 -0.152172 -0.1458101 -0.1467371 -0.1442658 -0.1405561 -0.1453218 -0.1473246 -0.1448938 -0.143763 -0.1413876 -0.1350541 -0.1413131 -0.1458097 -0.1439148 -0.1477709
-0.1359249 -0.1348851 -0.1330417 -0.1293696 -0.1237615 -0.1246867 -0.1220328 -0.1104832 -0.1067994 -0.1161352 -0.1273939 -0.1616699 -0.1444053 -0.1368804 -0.125095 -0.1354504 -0.2328743 -0.2600406 -0.3044327 -0.2690803 -0.1864116 -0.1646234 -0.1603688 -0.1512012 -0.1499738 -0.1487241 -0.1442545 -0.1449179 -0.141607 -0.1475344 -0.1419251 -0.134648 -0.1412747 -0.1402092 -0.1366567 -0.1347115 -0.1357163 -0.1338318 -0.1370656 -0.131545 -0.140794 -0.1435567 -0.1325287 -0.1295059 -0.1218276 -0.133748 -0.1312784 -0.1296551
-0.1319878 -0.1392416 -0.1358347 -0.1341041 -0.1361957 -0.1402302 -0.1444723 -0.1381589 -0.1493431 -0.163442 -0.1540116 -0.1520745 -0.1456613 -0.1379359 -0.1408976 -0.1451588 -0.1441961 -0.06092345 -0.1584478 -0.2743085 -0.2625156 -0.1660909 -0.1458442 -0.1505914 -0.1555883 -0.1594179 -0.1561161 -0.155691 -0.1549279 -0.1485587 -0.1510487 -0.1532764 -0.1596105 -0.1508592 -0.1418083 -0.1472482 -0.1470731 -0.1508051 -0.1521776 -0.1501263 -0.1442156 -0.1474782 -0.151454 -0.1518899 -0.1399792 -0.1412067 -0.1451412 -0.1430822
-0.1480948 -0.1404379 -0.1417313 -0.1404068 -0.1419993 -0.1471818 -0.1455667 -0.1492072 -0.1509492 -0.1416747 -0.1414607 -0.138255 -0.1361378 -0.1369006 -0.1412854 -0.141863 -0.1419577 -0.1393218 -0.1358307 -0.1342604 -0.1383214 -0.2059003 -0.4443194 -0.6376101 -0.7120507 -0.6848712 -0.557622 -0.4806662 -0.4495002 -0.4349237 -0.4241652 -0.4243385 -0.4225794 -0.4137217 -0.4130835 -0.4177641 -0.420654 -0.4185776 -0.4234885 -0.4241457 -0.4301688 -0.4386846 -0.4359939 -0.4296606 -0.4325927 -0.4326539 -0.4354121 -0.4380051
-0.1163916 -0.1147516 -0.1120335 -0.1094605 -0.107352 -0.1033063 -0.1067908 -0.1063775 -0.09979399 -0.09778889 -0.09032016 -0.09593943 -0.1059617 -0.1018524 -0.09984411 -0.100752 -0.1032137 -0.1045417 -0.1058584 -0.1097867 -0.06823115 -0.0957021 -0.142155 -0.138978 -0.1132895 -0.1213071 -0.1325865 -0.1334719 -0.1144003 -0.09501051 -0.09767956 -0.1016809 -0.1083836 -0.1055784 -0.1004323 -0.09807345 -0.09551631 -0.09070992 -0.08482936 -0.07991171 -0.08948891 -0.1001506 -0.107268 -0.1094376 -0.1036174 -0.1008438 -0.1048932 -0.09662344
-0.08889775 -0.09012962 -0.09208185 -0.09591485 -0.1011539 -0.1008684 -0.09495147 -0.08957637 -0.09227427 -0.09348423 -0.09408762 -0.09866201 -0.09745929 -0.1057028 -0.1112483 -0.07872505 -0.04994439 -0.09611619 -0.1048902 -0.08583489 -0.0905358 -0.1040994 -0.1143278 -0.1153857 -0.1129164 -0.1166302 -0.1219404 -0.1167769 -0.1051555 -0.1011982 -0.1003457 -0.09805101 -0.1003883 -0.1073231 -0.1018588 -0.09996446 -0.09867939 -0.1024513 -0.09949978 -0.09884236 -0.09344223 -0.08783384 -0.1015715 -0.1088599 -0.1052273 -0.1089438 -0.1070851 -0.09950678
-0.09943713 -0.0970607 -0.09715915 -0.0997748 -0.09563384 -0.09105688 -0.09587423 -0.09403196 -0.09814652 -0.09486987 -0.0945199 -0.09538589 -0.09665978 -0.09449948 -0.102422 -0.5201788 -0.70841 -0.8756429 -1.050409 -1.151039 -1.155859 -1.039564 -0.9587918 -0.7329869 -0.7061406 -0.702184 -0.6993114 -0.6942614 -0.6951834 -0.6990262 -0.6992002 -0.6985745 -0.6928961 -0.6747111 -0.5462377 -0.4222689 -0.3167957 -0.2395255 -0.1655906 -0.08749107 0.006918917 0.03882658 0.0103205 0.01433737 0.01456254 0.01012248 0.01409979 0.01081555
0.02646357 0.02418013 0.02761419 0.02923868 0.01591262 0.003503674 0.009636526 0.01096293 0.01149743 0.01442895 0.01569041 0.01495036 0.01018251 0.003090233 0.08128779 0.2229924 0.1614106 0.06857934 0.03914895 0.0332886 0.02997632 0.02892235 0.01829406 0.002398609 0.01412201 0.01340092 0.00404815 0.0149452 0.00889261 0.01051356 0.01179882 0.01013227 0.008281524 0.007480258 0.002317929 -0.0002859223 0.001977937 0.005580124 0.007602329 0.01323107 0.01840627 0.01195566 0.01454301 0.01143961 0.008830635 -0.002543393 -0.006033781 -0.004545603
4.729231e-05 0.0001758658 -0.0004181871 -0.0007962419 -0.003104155 -0.003593268 -0.005407947 -0.003437072 -0.002131329 -0.003582406 -0.001996214 0.000629123 -0.001967394 -0.001447152 -0.001688851 -0.001378569 -0.003226214 -0.0007356046 5.769679e-05 -0.0006861688 0.001221117 0.002420315 0.002322197 -0.0005768389 2.321088e-05 0.0009620194 0.002267119 0.003229468 0.07941604 0.5764085 0.7027772 0.5976329 0.512123 0.4630098 0.4151074 0.4247427 0.4445588 0.4194981 0.4030783 0.3954152 0.3857524 0.3867757 0.3930509 0.3836064 0.373814 0.3650936 0.3656995 0.3638818
-2.96957 -2.975662 -2.979153 -2.933059 -2.948558 -2.91872 -2.938085 -2.970543 -2.973702 -2.97908 -2.974325 -2.976852 -2.979157 -2.980623 -2.983391 -2.937361 -2.862735 -2.948712 -2.971256 -2.996211 -2.994313 -3.003217 -3.01169 -3.016051 -3.012568 -3.019651 -3.022457 -3.021408 -3.020286 -3.019066 -3.015018 -3.013099 -3.010131 -3.009934 -3.000402 -2.991432 -2.979394 -2.97033 -2.96485 -2.966228 -2.968177 -2.96431 -2.957075 -2.9591 -2.964425 -2.973651 -2.970723 -2.970753
-2.979394 -2.97033 -2.96485 -2.966228 -2.968177 -2.96431 -2.957075 -2.9591 -2.964425 -2.973651 -2.970723 -2.970753 -2.977808 -2.977144 -2.977734 -3.013124 -3.092756 3.080306 3.046824 -3.136127 -3.034007 -2.991716 -2.981946 -2.978723 -2.977452 -2.97799 -2.978204 -2.976399 -2.973032 -2.971792 -2.970614 -2.970442 -2.968449 -2.968765 -2.969352 -2.970676 -2.967957 -2.967123 -2.969148 -2.970177 -2.96788 -2.967784 -2.968768 -2.971664 -2.973188 -2.973664 -2.974432 -2.972146
-2.974432 -2.972146 -2.964337 -2.9628 -2.964999 -2.968786 -2.971035 -2.970304 -2.971178 -2.971426 -2.968492 -2.96755 -2.970536 -2.975982 -3.084727 2.942903 2.523496 2.082685 1.799117 1.625877 1.517865 1.583707 1.715133 1.719819 1.727435 1.759307 1.80592 1.814059 1.806935 1.797622 1.808371 1.818473 1.821318 1.824052 1.813841 1.804869 1.869087 2.007064 2.134163 2.290358 2.395652 2.492264 2.593355 2.723317 2.851999 2.958324 3.041013 -3.075894
-2.841948 -2.8433 -2.841881 -2.841969 -2.840195 -2.839306 -2.841758 -2.845406 -2.843437 -2.84147 -2.840354 -2.839617 -2.839912 -2.836731 -2.80944 -2.723159 -2.752053 -2.779058 -2.775844 -2.802633 -2.822627 -2.865608 -2.887506 -2.894012 -2.909238 -2.908984 -2.893808 -2.888756 -2.879113 -2.867471 -2.861007 -2.859837 -2.858239 -2.855394 -2.848092 -2.849772 -2.858329 -2.857531 -2.856728 -2.853664 -2.846916 -2.840984 -2.845654 -2.844075 -2.844873 -2.845243 -2.851546 -2.85272
-2.843916 -2.845455 -2.845738 -2.847692 -2.845121 -2.844655 -2.846124 -2.850586 -2.851997 -2.853462 -2.848915 -2.845245 -2.843147 -2.845494 -2.847935 -2.850087 -2.856134 -2.965538 2.997599 2.745198 2.519938 2.317081 2.168125 2.075649 2.086383 2.165459 2.251652 2.29766 2.33336 2.339181 2.341991 2.358662 2.355177 2.355444 2.359926 2.366182 2.369719 2.367252 2.361957 2.363135 2.371702 2.376996 2.429244 2.531765 2.669323 2.754296 2.897263 3.001291
-2.999015 -2.9965 -2.996542 -2.998559 -2.998515 -3.00209 -3.003147 -3.006049 -3.005948 -3.004694 -3.004597 -3.004719 -3.006078 -3.008729 -3.003445 -2.999963 -3.000997 -3.003378 -3.002632 -3.005672 -3.006233 -3.004553 -3.004943 -3.004181 -3.019142 -3.133764 3.096107 3.044328 2.993076 3.055852 -3.139486 -3.087568 -3.049754 -3.025251 -3.01315 -3.016737 -3.034482 -3.035025 -3.01559 -3.004911 -3.005456 -3.009512 -3.005858 -3.005158 -3.018495 -3.016387 -3.006439 -3.008111
-3.016387 -3.006439 -3.008111 -3.010942 -3.016074 -3.018231 -3.019948 -3.017734 -3.017362 -3.014747 -3.016825 -3.013962 -3.012515 -3.01702 -3.020458 -3.018753 -3.012135 -3.006844 -3.008996 -3.037083 -3.04646 -3.093292 -3.069907 -3.025543 -3.026986 -3.026382 -3.016081 -3.020379 -3.01689 -3.009488 -3.012102 -3.011865 -3.010231 -3.010283 -3.007235 -3.010634 -3.009444 -3.006592 -3.00458 -3.008161 -3.016002 -3.017019 -3.013922 -3.018162 -3.028372 -3.024895 -3.010858 -3.006541
-3.003752 -3.00736 -3.00644 -2.996614 -3.005561 -3.013907 -3.016245 -3.013528 -3.009351 -3.008253 -2.999261 -2.997396 -3.002624 -2.999175 -3.000953 -2.997737 -2.999525 -3.012136 -3.007898 -2.992151 -2.996979 -3.007494 -3.015977 -3.009663 -3.00243 -3.000063 -2.996697 -2.992589 -2.997726 -3.000304 -2.999097 -2.996791 -2.999321 -3.010237 -3.01335 -3.00455 -3.000144 -3.000842 -3.005757 -3.004416 -3.004069 -3.008053 -3.009399 -3.003458 -2.998422 -3.002835 -3.013583 -3.008492
-3.011062 -3.009159 -3.007987 -3.008148 -3.004901 -3.004027 -3.001587 -2.999675 -2.998111 -2.998301 -2.996491 -3.001227 -3.003541 -3.044741 3.106731 3.074593 3.109703 -3.109557 -3.131157 3.125324 -3.131448 -3.054666 -3.030872 -3.023974 -3.019914 -3.021956 -3.018193 -3.012142 -3.005403 -3.002162 -3.003534 -3.009632 -3.016641 -3.014903 -3.011712 -3.01361 -3.011783 -3.007841 -3.007175 -3.011437 -3.012944 -3.013325 -3.016332 -3.018939 -3.023505 -3.018409 -3.016119 -3.022284
-3.001008 -3.00404 -2.999008 -3.000047 -2.990902 -2.99139 -2.999303 -2.999226 -3.003222 -3.004987 -3.0152 -3.011147 -3.002643 -3.008673 -3.012581 -3.008827 -3.002756 -2.998275 -3.006532 -3.029923 -3.08878 3.06794 3.110068 -3.112166 -3.047949 -3.028687 -3.036666 -3.04152 -3.036183 -3.02682 -3.011908 -3.011079 -3.013318 -3.017002 -3.017578 -3.018599 -3.014435 -3.022404 -3.031517 -3.033861 -3.035019 -3.037069 -3.03004 -3.024574 -3.015593 -3.013158 -3.012772 -3.003809
-2.996243 -2.99665 -2.976462 -2.977208 -2.977353 -2.993334 -2.992031 -2.99268 -2.986274 -2.992568 -2.99672 -3.008268 -3.014871 -3.016742 -3.011095 -3.017763 -3.015841 -3.055714 -3.090173 -3.016072 -3.00018 -3.015473 -3.020564 -3.019971 -3.020705 -3.00994 -3.000554 -3.000843 -3.001972 -3.000078 -3.001832 -3.007392 -3.00556 -3.000249 -2.9921 -3.003535 -3.013885 -3.024359 -3.014444 -3.011506 -3.011568 -3.011065 -3.010928 -3.018035 -3.025095 -3.014991 -3.028069 -3.035975
-2.994519 -2.998792 -3.012005 -3.022747 -3.017696 -3.012909 -3.006027 -3.010393 -3.016387 -3.017833 -3.017871 -3.015207 -3.00595 -3.009701 -3.016017 -3.009367 -3.003864 -3.004588 -3.00319 -3.008279 -3.060851 -3.134237 3.105426 3.117804 -3.098812 3.133414 3.135497 -3.137416 -3.134123 -3.141582 3.139498 3.140901 -3.137923 -3.136216 -3.136645 -3.133163 -3.129015 -3.127542 -3.128476 -3.140002 3.133375 3.137515 -3.13363 -3.126383 -3.129553 -3.135892 -3.137488 -3.132016
-3.112938 -3.114498 -3.112431 -3.111026 -3.10868 -3.10956 -3.108644 -3.108262 -3.106967 -3.108409 -3.109066 -3.109417 -3.109679 -3.108794 -3.105871 -3.104957 -3.10745 -3.105701 -3.102237 -3.064035 -3.08315 -3.095722 -3.06855 -3.090176 -3.129799 3.111764 3.127441 3.136181 3.133348 3.140374 -3.138263 -3.134982 -3.11068 -3.107726 -3.106158 -3.105949 -3.104405 -3.103678 -3.104784 -3.103356 -3.105298 -3.110925 -3.108146 -3.111345 -3.114827 -3.116605 -3.116521 -3.112696
-3.111333 -3.112518 -3.114472 -3.114159 -3.111841 -3.11271 -3.112283 -3.110043 -3.110542 -3.108061 -3.109936 -3.112133 -3.11298 -3.111232 -3.106624 -3.066144 -3.056067 -3.082552 -3.113582 -3.124645 -3.128721 3.122799 3.101106 3.118161 3.127789 -3.127753 3.126823 3.118005 3.134095 -3.14065 -3.133594 -3.128927 -3.125256 -3.120914 -3.098064 -3.087264 -3.098075 -3.102636 -3.100697 -3.113379 -3.121109 -3.122722 -3.121964 -3.118857 -3.117488 -3.116815 -3.115294 -3.114128
-3.113746 -3.108934 -3.107967 -3.110018 -3.113775 -3.115371 -3.114666 -3.113453 -3.109815 -3.1072 -3.105113 -3.104843 -3.104293 -3.102824 -3.103909 -3.106535 -3.112184 3.126482 -3.118914 -3.086321 -3.104336 -3.100497 -3.129916 3.139764 -3.133451 -3.122235 -3.118482 -3.103483 -3.109661 -3.129533 3.134943 3.138954 -3.132461 -3.124129 -3.117337 -3.109694 -3.110927 -3.110838 -3.106758 -3.102972 -3.095895 -3.104801 -3.109653 -3.114633 -3.117129 -3.112494 -3.107547 -3.111537
-3.10672 -3.106758 -3.109281 -3.112436 -3.118741 -3.117761 -3.107537 -3.103111 -3.104422 -3.099549 -3.09705 -3.092424 -3.107253 3.117846 2.818856 2.473946 2.381141 2.535941 2.607826 2.643675 2.652339 2.661594 2.668053 2.664171 2.667449 2.666074 2.669852 2.674991 2.675447 2.678393 2.679284 2.673856 2.674603 2.677598 2.670775 2.670942 2.671518 2.674371 2.667806 2.664304 2.666987 2.663658 2.676411 2.700037 2.791561 2.888808 2.978309 3.086028
-3.066475 -3.062462 -3.06204 -3.06526 -3.069717 -3.063061 -3.056571 -3.051221 -3.042948 -3.041573 -3.050786 -3.057691 -3.04982 -3.044167 -3.054128 -3.051607 -3.052458 -3.051234 -3.061202 3.113886 2.914277 2.835234 2.840225 2.909931 3.072944 3.098987 3.108473 3.114313 3.123303 3.13066 3.133484 3.133894 3.138443 3.138658 3.138274 3.136441 3.134621 3.13413 3.135854 3.140787 3.138018 3.137481 3.138536 3.135509 3.131238 3.127977 3.129155 3.12815
3.123832 3.12271 3.113556 3.109151 3.113889 3.115873 3.116152 3.118834 3.118234 3.116574 3.114647 3.10381 3.107141 3.117439 3.114094 3.111704 3.079111 2.945735 2.809601 2.760215 2.881893 2.952081 3.025424 3.04018 3.037729 3.037902 3.033656 3.028295 3.034645 3.047234 3.05113 3.050918 3.048393 3.047152 3.048829 3.051592 3.049564 3.047226 3.047853 3.048212 3.048727 3.055001 3.05794 3.053936 3.048586 3.045029 3.045889 3.090416
-3.036284 -3.044117 -3.044595 -3.044872 -3.043654 -3.043487 -3.041144 -3.038855 -3.038271 -3.036939 -3.042994 -3.042769 -3.045439 -3.044372 -3.043459 -3.042362 -3.041313 -3.045411 -3.050906 -3.130426 3.106216 3.064824 2.977309 2.836411 2.839141 2.920798 2.988958 3.041724 3.049741 3.058979 3.0731 3.0862 3.091516 3.090082 3.090401 3.090871 3.0909 3.094158 3.097905 3.097168 3.092557 3.087489 3.094617 3.098011 3.09925 3.095716 3.083569 3.083641
3.082707 3.062253 3.080059 3.096728 3.093593 3.088295 3.09553 3.093601 3.090505 3.078086 3.068992 3.05159 3.024039 3.060271 3.079086 3.062381 3.050649 2.893546 2.764542 2.68595 2.631047 2.696645 2.790017 2.862405 2.886748 2.888453 2.901557 2.910441 2.907444 2.910598 2.91483 2.914902 2.917531 2.920598 2.914773 2.915497 2.915708 2.907121 2.902121 2.902785 2.908212 2.909141 2.909761 2.914098 2.919173 2.921256 2.918627 2.91975
-1.587307 -1.589113 -1.583102 -1.57286 -1.576723 -1.579058 -1.576604 -1.575063 -1.574019 -1.579082 -1.58422 -1.581449 -1.579678 -1.581344 -1.582378 -1.581859 -1.585388 -1.587613 -1.589495 -1.59227 -1.686764 -1.820818 -1.816131 -1.726259 -1.614843 -1.588797 -1.580636 -1.585618 -1.578329 -1.586199 -1.58369 -1.579082 -1.578395 -1.577878 -1.578571 -1.584816 -1.59128 -1.596948 -1.597191 -1.594193 -1.589225 -1.581462 -1.58119 -1.584842 -1.58249 -1.584684 -1.586103 -1.5892
-1.591999 -1.584191 -1.576473 -1.571413 -1.575936 -1.574343 -1.573607 -1.60127 -1.600971 -1.588441 -1.599352 -1.592025 -1.587053 -1.594935 -1.597461 -1.589712 -1.58718 -1.587054 -1.587532 -1.586038 -1.591922 -1.60413 -1.68008 -1.773908 -1.793114 -1.699503 -1.6172 -1.588497 -1.590745 -1.596044 -1.588294 -1.598678 -1.598188 -1.591621 -1.586463 -1.585134 -1.591649 -1.595253 -1.596789 -1.595522 -1.595006 -1.596443 -1.596732 -1.597428 -1.597633 -1.596294 -1.596735 -1.591322
-1.59766 -1.596255 -1.595214 -1.591959 -1.592072 -1.592787 -1.592208 -1.590225 -1.589877 -1.587759 -1.586619 -1.58609 -1.587592 -1.585163 -1.584089 -1.584337 -1.582135 -1.580844 -1.581122 -1.583055 -1.585828 -1.586614 -1.587628 -1.584947 -1.582762 -1.586829 -1.586984 -1.57916 -1.666262 -1.852705 -1.997194 -2.104103 -2.23942 -2.282819 -2.255159 -2.141191 -2.090682 -2.064203 -2.032475 -2.002393 -1.993853 -1.99935 -1.997421 -1.991034 -1.988604 -1.985426 -1.981346 -1.981156
-1.463067 -1.463759 -1.464993 -1.465953 -1.463552 -1.46363 -1.463869 -1.462266 -1.45981 -1.463024 -1.463388 -1.463465 -1.463039 -1.462093 -1.464265 -1.463068 -1.473172 -1.502627 -1.602811 -1.662233 -1.621573 -1.574741 -1.529513 -1.52527 -1.497274 -1.46784 -1.4827 -1.498608 -1.474469 -1.467915 -1.461512 -1.460137 -1.46433 -1.46486 -1.461495 -1.464894 -1.4702 -1.474654 -1.474234 -1.464923 -1.459313 -1.45726 -1.45508 -1.458498 -1.456443 -1.454822 -1.457298 -1.459309
-1.461012 -1.466977 -1.471521 -1.471192 -1.472188 -1.471754 -1.463037 -1.455495 -1.452792 -1.454994 -1.449955 -1.44198 -1.442044 -1.442339 -1.448489 -1.451828 -1.458006 -1.457043 -1.45881 -1.460163 -1.458448 -1.461432 -1.458134 -1.455426 -1.454204 -1.510784 -1.845548 -2.242127 -2.648921 -3.009647 -3.040011 -2.894638 -2.807231 -2.774037 -2.767711 -2.7682 -2.748348 -2.746544 -2.756367 -2.756396 -2.744606 -2.739317 -2.738051 -2.738657 -2.738705 -2.740639 -2.7422 -2.742632
-1.433453 -1.426591 -1.422525 -1.428613 -1.431193 -1.429917 -1.42693 -1.431155 -1.430961 -1.427901 -1.426887 -1.428449 -1.435145 -1.436853 -1.430395 -1.431665 -1.437621 -1.439417 -1.432494 -1.423518 -1.423265 -1.426536 -1.420999 -1.423053 -1.416322 -1.414268 -1.419198 -1.386747 -1.3949 -1.417966 -1.428082 -1.437301 -1.429761 -1.45045 -1.441029 -1.424569 -1.418766 -1.419756 -1.420949 -1.422699 -1.42489 -1.428932 -1.430835 -1.429531 -1.433407 -1.441735 -1.445903 -1.440612
-1.431744 -1.436799 -1.443558 -1.445601 -1.450453 -1.449666 -1.456111 -1.456832 -1.456407 -1.45748 -1.456812 -1.453191 -1.450423 -1.448974 -1.448142 -1.446546 -1.444005 -1.444501 -1.446545 -1.447816 -1.447578 -1.443982 -1.439102 -1.439883 -1.448601 -1.453304 -1.443461 -1.475254 -1.536772 -1.449945 -1.424594 -1.448758 -1.442631 -1.434909 -1.438302 -1.436078 -1.432382 -1.431892 -1.436673 -1.437485 -1.437635 -1.436429 -1.432184 -1.433882 -1.433872 -1.43149 -1.431411 -1.432948
-1.435424 -1.43773 -1.436782 -1.439153 -1.440857 -1.44175 -1.438681 -1.43877 -1.441193 -1.439588 -1.439758 -1.431116 -1.42564 -1.427188 -1.427892 -1.430333 -1.434072 -1.434972 -1.430548 -1.432131 -1.441793 -1.443645 -1.424822 -1.439901 -1.477361 -1.398921 -1.431644 -1.469666 -1.441003 -1.434826 -1.417782 -1.414712 -1.421285 -1.415078 -1.412664 -1.419252 -1.421768 -1.425058 -1.423855 -1.427698 -1.426867 -1.428835 -1.425402 -1.424827 -1.424583 -1.428635 -1.432337 -1.432798
-1.438538 -1.437826 -1.436869 -1.437075 -1.43756 -1.4358 -1.436451 -1.438956 -1.43586 -1.434385 -1.43729 -1.438345 -1.438094 -1.435478 -1.433786 -1.431941 -1.408844 -1.430358 -1.427765 -1.440706 -1.438939 -1.434538 -1.449783 -1.448709 -1.435619 -1.423294 -1.420434 -1.432631 -1.429442 -1.433903 -1.432573 -1.431306 -1.433631 -1.43586 -1.438895 -1.440552 -1.440367 -1.439989 -1.43954 -1.439732 -1.438585 -1.43773 -1.442529 -1.442219 -1.443495 -1.443292 -1.440511 -1.438905
-1.423249 -1.425188 -1.416646 -1.423892 -1.424029 -1.414737 -1.406782 -1.411647 -1.422876 -1.424422 -1.430638 -1.428546 -1.426049 -1.496418 -1.574051 -1.518444 -1.435632 -1.430138 -1.43019 -1.42555 -1.41851 -1.41322 -1.408789 -1.405527 -1.409472 -1.409667 -1.411223 -1.412491 -1.40663 -1.402312 -1.394054 -1.3837 -1.377501 -1.383042 -1.389519 -1.403864 -1.422385 -1.443021 -1.439998 -1.435496 -1.439443 -1.43981 -1.442638 -1.447307 -1.445768 -1.437261 -1.439351 -1.444343
-1.41855 -1.412344 -1.415444 -1.422532 -1.421876 -1.422681 -1.424943 -1.422914 -1.425357 -1.428113 -1.422686 -1.425309 -1.420725 -1.415824 -1.483903 -1.68902 -1.924376 -1.99112 -1.967652 -1.886681 -1.803475 -1.743816 -1.720153 -1.712079 -1.70329 -1.694759 -1.696636 -1.689555 -1.690923 -1.696013 -1.696564 -1.69719 -1.700996 -1.70091 -1.719567 -1.710624 -1.731355 -1.727488 -1.688355 -1.668395 -1.675413 -1.683577 -1.70923 -1.716542 -1.726771 -1.715131 -1.709983 -1.705069
-1.682828 -1.695499 -1.694345 -1.683563 -1.677219 -1.671871 -1.671151 -1.670178 -1.680443 -1.687843 -1.681623 -1.674163 -1.676256 -1.688835 -1.70792 -1.700861 -1.694751 -1.693807 -1.670572 -1.69313 -1.88107 -1.924005 -1.908649 -1.930791 -1.941735 -1.861972 -1.780411 -1.718023 -1.681809 -1.67953 -1.671672 -1.67179 -1.680409 -1.686549 -1.691508 -1.696221 -1.693419 -1.688846 -1.68704 -1.688101 -1.695876 -1.690753 -1.685312 -1.690111 -1.693095 -1.696751 -1.702849 -1.703928
-1.699628 -1.722903 -1.724761 -1.695078 -1.71595 -1.726449 -1.721391 -1.703675 -1.682029 -1.686423 -1.678388 -1.68431 -1.686653 -1.620247 -1.663208 -1.694614 -1.692814 -1.688619 -1.691903 -1.700101 -1.690652 -1.684553 -1.694085 -1.684944 -1.677438 -1.699923 -1.716784 -1.700008 -1.70313 -1.705445 -1.709535 -1.695242 -1.685023 -1.691976 -1.69002 -1.692847 -1.697406 -1.698047 -1.701804 -1.700208 -1.704534 -1.706528 -1.703528 -1.69643 -1.691408 -1.68184 -1.685114 -1.690502
-1.674448 -1.685129 -1.689175 -1.685667 -1.6894 -1.689534 -1.691994 -1.690663 -1.688532 -1.688524 -1.688405 -1.64321 -1.603825 -1.675865 -1.684394 -1.680182 -1.681105 -1.680566 -1.68279 -1.684041 -1.684177 -1.686985 -1.685903 -1.687337 -1.685498 -1.685106 -1.683912 -1.685405 -1.689215 -1.697711 -1.690451 -1.687415 -1.684288 -1.674299 -1.674324 -1.682498 -1.695092 -1.694773 -1.681387 -1.685179 -1.702114 -1.705026 -1.691991 -1.69734 -1.701419 -1.697699 -1.700173 -1.701122
-1.690952 -1.666839 -1.655665 -1.678325 -1.671915 -1.660313 -1.661348 -1.657912 -1.64744 -1.668822 -1.692015 -1.697545 -1.694743 -1.690376 -1.713818 -1.654902 -1.584013 -1.676798 -1.706088 -1.706959 -1.701649 -1.694281 -1.693674 -1.67705 -1.666153 -1.695658 -1.688927 -1.672562 -1.690518 -1.698506 -1.667323 -1.680992 -1.693504 -1.703847 -1.705278 -1.716237 -1.702676 -1.71961 -1.706527 -1.713454 -1.708463 -1.713242 -1.716661 -1.714854 -1.692975 -1.710412 -1.69328 -1.692292
-1.513922 -1.513864 -1.509763 -1.49842 -1.534423 -1.580286 -1.649177 -1.696923 -1.799431 -1.870228 -1.915169 -1.909219 -1.918933 -1.902797 -1.880214 -1.84899 -1.829123 -1.711562 -1.805529 -1.863298 -1.872656 -1.895446 -1.881765 -1.870235 -1.869502 -1.871326 -1.882336 -1.87934 -1.8661 -1.865721 -1.860053 -1.854605 -1.864818 -1.874331 -1.865158 -1.881062 -1.886315 -1.870934 -1.871543 -1.871768 -1.866924 -1.864558 -1.873501 -1.869773 -1.867089 -1.872809 -1.864463 -1.864182
-1.784894 -1.787005 -1.79305 -1.782975 -1.803083 -1.804138 -1.796206 -1.799935 -1.81008 -1.802369 -1.789491 -1.782567 -1.783015 -1.781067 -1.784263 -1.784749 -1.784286 -1.934021 -2.22628 -2.37917 -2.34556 -2.254046 -2.175325 -2.117575 -2.103179 -2.10551 -2.106737 -2.102235 -2.104829 -2.109046 -2.104904 -2.095447 -2.095353 -2.091235 -2.079461 -2.081521 -2.094132 -2.10815 -2.101459 -2.101688 -2.097388 -2.093408 -2.098721 -2.098847 -2.098817 -2.097332 -2.097113 -2.092291
-1.557293 -1.569321 -1.57928 -1.580177 -1.577544 -1.575745 -1.575517 -1.571902 -1.571936 -1.569568 -1.56372 -1.561002 -1.564091 -1.561212 -1.559729 -1.559648 -1.481072 -1.325865 -1.482116 -1.548495 -1.548741 -1.557952 -1.561807 -1.560453 -1.558709 -1.562813 -1.568843 -1.570893 -1.570012 -1.569467 -1.570229 -1.571947 -1.582103 -1.579432 -1.571827 -1.573473 -1.571609 -1.566505 -1.561205 -1.56281 -1.568821 -1.567804 -1.569074 -1.559092 -1.553686 -1.556938 -1.561502 -1.563507
-1.572941 -1.574428 -1.569507 -1.570824 -1.573587 -1.571262 -1.565805 -1.567867 -1.567235 -1.566779 -1.567765 -1.565377 -1.556342 -1.556671 -1.560292 -1.561239 -1.560963 -1.563653 -1.439521 -1.49235 -1.577875 -1.573914 -1.558617 -1.580264 -1.581585 -1.578495 -1.57331 -1.573648 -1.566855 -1.557155 -1.556751 -1.564348 -1.569394 -1.569482 -1.564421 -1.561664 -1.563615 -1.566544 -1.564558 -1.565637 -1.564583 -1.564793 -1.566666 -1.563293 -1.557765 -1.551167 -1.534223 -1.53487
-1.461646 -1.455698 -1.450954 -1.445739 -1.443363 -1.440396 -1.431247 -1.425706 -1.430305 -1.42731 -1.439865 -1.466197 -1.468305 -1.462196 -1.462945 -1.464114 -1.467863 -1.465312 -1.469341 -1.469868 -1.466451 -1.458508 -1.449066 -1.443782 -1.43901 -1.443941 -1.441162 -1.44176 -1.44156 -1.441292 -1.438277 -1.427692 -1.430369 -1.453965 -1.451941 -1.444799 -1.458884 -1.468968 -1.464657 -1.455658 -1.453291 -1.446709 -1.444271 -1.44293 -1.444937 -1.450535 -1.4417 -1.443636
-1.544177 -1.546116 -1.542512 -1.541137 -1.560661 -1.57236 -1.586248 -1.583226 -1.589633 -1.585991 -1.57461 -1.561788 -1.544357 -1.40768 -1.487168 -1.539391 -1.548624 -1.536945 -1.543597 -1.545697 -1.535736 -1.537444 -1.54089 -1.548636 -1.556559 -1.556927 -1.555312 -1.540116 -1.543664 -1.549044 -1.55307 -1.568378 -1.580389 -1.569588 -1.566798 -1.571341 -1.59216 -1.601138 -1.575895 -1.562165 -1.565183 -1.573504 -1.57813 -1.580097 -1.574993 -1.564854 -1.554968 -1.561825
-1.457571 -1.467728 -1.462203 -1.461394 -1.460445 -1.456306 -1.460511 -1.459802 -1.457729 -1.449785 -1.439143 -1.433581 -1.433183 -1.422342 -1.40979 -1.432397 -1.455106 -1.457687 -1.456818 -1.450292 -1.510182 -1.493163 -1.452015 -1.44714 -1.450015 -1.447645 -1.433375 -1.444387 -1.447632 -1.44842 -1.450871 -1.449364 -1.452968 -1.458032 -1.453289 -1.446819 -1.451788 -1.458354 -1.460084 -1.470589 -1.469499 -1.458609 -1.456017 -1.457463 -1.468237 -1.467652 -1.466384 -1.463474
-1.453015 -1.449645 -1.450082 -1.444906 -1.446156 -1.442551 -1.433759 -1.426424 -1.438433 -1.449439 -1.452571 -1.438333 -1.398202 -1.424932 -1.435552 -1.407134 -1.431076 -1.44165 -1.440901 -1.435666 -1.429495 -1.432843 -1.424183 -1.408243 -1.418032 -1.427179 -1.425049 -1.424133 -1.431045 -1.449747 -1.458502 -1.46562 -1.452301 -1.442556 -1.436459 -1.439521 -1.454311 -1.467039 -1.474276 -1.459523 -1.448721 -1.453199 -1.453925 -1.454816 -1.458935 -1.470277 -1.470782 -1.462607
-1.46821 -1.478209 -1.479843 -1.469853 -1.460295 -1.456615 -1.467981 -1.471653 -1.472503 -1.481781 -1.476466 -1.466655 -1.474784 -1.633337 -1.663121 -1.614914 -1.564915 -1.554206 -1.521855 -1.467424 -1.457252 -1.455259 -1.455442 -1.451484 -1.437153 -1.445638 -1.457995 -1.456837 -1.438268 -1.436492 -1.449173 -1.477679 -1.477433 -1.473273 -1.449414 -1.442527 -1.447258 -1.447815 -1.458324 -1.461044 -1.470146 -1.461705 -1.469115 -1.469793 -1.46156 -1.468582 -1.461385 -1.451595
-1.444849 -1.457645 -1.463096 -1.454832 -1.451904 -1.451502 -1.453427 -1.448843 -1.464635 -1.4605 -1.466505 -1.474664 -1.455869 -1.460664 -1.477152 -1.469237 -1.474281 -1.462379 -1.465251 -1.485659 -1.485516 -1.461162 -1.451197 -1.464636 -1.459353 -1.44622 -1.468724 -1.461778 -1.448257 -1.442081 -1.441983 -1.467036 -1.468418 -1.448648 -1.429479 -1.435275 -1.434131 -1.441958 -1.464702 -1.461218 -1.458019 -1.453839 -1.442908 -1.455225 -1.459765 -1.46724 -1.47286 -1.475317
-1.472574 -1.475697 -1.457606 -1.44391 -1.448354 -1.458987 -1.460873 -1.463078 -1.462521 -1.456434 -1.464884 -1.43447 -1.439398 -1.436748 -1.433145 -1.430684 -1.43006 -1.454909 -1.463255 -1.57273 -1.615854 -1.444333 -1.43702 -1.473772 -1.474527 -1.463761 -1.465321 -1.455155 -1.43243 -1.427385 -1.418617 -1.430463 -1.441992 -1.445112 -1.454373 -1.449964 -1.441129 -1.437632 -1.440953 -1.442868 -1.43693 -1.441118 -1.451283 -1.45948 -1.457699 -1.458273 -1.457051 -1.464909
-1.457221 -1.454137 -1.453975 -1.456627 -1.455513 -1.456645 -1.454908 -1.449739 -1.453972 -1.451012 -1.446108 -1.449221 -1.446604 -1.453469 -1.458278 -1.450894 -1.472091 -1.497986 -1.448576 -1.461064 -1.473404 -1.463112 -1.45803 -1.446039 -1.43808 -1.442175 -1.454443 -1.454771 -1.451281 -1.468703 -1.466176 -1.467505 -1.46235 -1.455589 -1.453621 -1.445116 -1.448618 -1.450543 -1.460644 -1.449398 -1.453372 -1.46316 -1.460386 -1.458831 -1.461692 -1.454707 -1.446263 -1.454017
1.603908 1.605118 1.606577 1.597427 1.600315 1.606922 1.608431 1.606436 1.610499 1.60648 1.609756 1.605892 1.60101 1.661241 1.687728 1.60854 1.610312 1.606195 1.596162 1.57889 1.592601 1.59042 1.595021 1.603348 1.598937 1.59273 1.594451 1.611314 1.599078 1.598511 1.605965 1.613301 1.620375 1.620068 1.611336 1.61799 1.606686 1.590325 1.597929 1.607396 1.608762 1.607703 1.613191 1.620625 1.607133 1.60466 1.597187 1.600533
1.599036 1.60391 1.604741 1.608969 1.617085 1.608161 1.612137 1.612719 1.612524 1.603842 1.606465 1.603047 1.60459 1.603349 1.599674 1.59895 1.597919 1.598875 1.616837 1.621781 1.611622 1.608321 1.615015 1.60427 1.60505 1.595666 1.600187 1.601897 1.603049 1.60629 1.607658 1.601973 1.604879 1.603176 1.602195 1.605342 1.60661 1.610147 1.607582 1.599878 1.600757 1.602369 1.602984 1.607935 1.602475 1.608709 1.604287 1.603815
1.595045 1.60879 1.611532 1.606895 1.595715 1.604518 1.605043 1.600447 1.599077 1.607165 1.604226 1.598727 1.598753 1.513581 1.450824 1.491077 1.56156 1.588277 1.593968 1.58439 1.592884 1.588365 1.587574 1.595024 1.599635 1.610581 1.61239 1.613437 1.61458 1.62129 1.619327 1.601931 1.611576 1.615529 1.61156 1.598852 1.606455 1.596912 1.57855 1.606809 1.597019 1.600172 1.609953 1.604017 1.598511 1.600782 1.599365 1.614269
1.567257 1.567272 1.572965 1.575475 1.576101 1.575248 1.574466 1.576464 1.46392 1.405244 1.49964 1.539095 1.559058 1.554339 1.568167 1.564355 1.555827 1.564042 1.564051 1.554551 1.558787 1.590882 1.566068 1.565154 1.557998 1.561153 1.557821 1.561154 1.561277 1.572869 1.570404 1.569334 1.561252 1.554849 1.569102 1.569028 1.570533 1.571537 1.571623 1.565156 1.577707 1.572943 1.574921 1.577038 1.571847 1.574041 1.581641 1.581565
1.577709 1.572165 1.570274 1.570861 1.566989 1.553978 1.558389 1.561435 1.566236 1.56358 1.567365 1.564627 1.588074 1.577624 1.256773 1.553743 1.554305 1.575531 1.583902 1.582205 1.573452 1.56887 1.58143 1.587275 1.582391 1.583259 1.583224 1.586803 1.590267 1.593899 1.601233 1.59411 1.586189 1.5812 1.583316 1.580237 1.579867 1.575764 1.578366 1.572111 1.57504 1.570051 1.574737 1.576337 1.57583 1.575788 1.583675 1.576022
1.583675 1.576022 1.58075 1.57289 1.570696 1.574156 1.576117 1.580589 1.56619 1.17285 1.04078 1.385836 1.559148 1.536581 1.536084 1.537303 1.550249 1.557574 1.568882 1.576743 1.566309 1.56946 1.571549 1.569268 1.574941 1.574703 1.580126 1.569467 1.563037 1.563991 1.569146 1.555737 1.559859 1.545505 1.564365 1.566824 1.572329 1.569688 1.570767 1.569311 1.559365 1.561831 1.567744 1.568523 1.566062 1.569516 1.57357 1.572561
1.565885 1.575533 1.576744 1.586265 1.585326 1.571033 1.570107 1.575764 1.574287 1.558141 1.561628 1.567825 1.579625 1.574117 1.578362 1.569271 1.529074 1.443715 1.542574 1.546466 1.564761 1.574962 1.565936 1.56127 1.567489 1.567766 1.571438 1.566181 1.567025 1.565483 1.564389 1.555052 1.545568 1.539743 1.546749 1.562832 1.565957 1.562405 1.57839 1.572581 1.581697 1.578236 1.572882 1.569876 1.572255 1.576984 1.565647 1.567134
1.562312 1.563517 1.563546 1.558838 1.556807 1.546145 1.560278 1.568035 1.562984 1.572785 1.568746 1.572272 1.573841 1.575076 1.578257 1.583534 1.524819 1.377689 1.542864 1.558281 1.560488 1.550265 1.557235 1.573815 1.58121 1.583492 1.58645 1.576194 1.578553 1.567416 1.55599 1.552122 1.557404 1.556344 1.571342 1.563031 1.561216 1.560759 1.563542 1.562651 1.561762 1.568163 1.573023 1.572549 1.575792 1.570433 1.573513 1.571061
1.579881 1.591689 1.594422 1.585623 1.585388 1.582445 1.594641 1.583911 1.571097 1.572573 1.56914 1.545601 1.515108 1.544636 1.567103 1.576121 1.582589 1.573413 1.570226 1.576204 1.572597 1.572806 1.572477 1.572467 1.563654 1.568756 1.567442 1.553914 1.56287 1.562529 1.571618 1.575255 1.581456 1.592712 1.568911 1.561618 1.580753 1.577652 1.581748 1.56523 1.555726 1.562038 1.563091 1.568841 1.57845 1.569946 1.569258 1.568874
1.565663 1.566774 1.587766 1.578729 1.582856 1.5835 1.584798 1.583642 1.582734 1.579035 1.570572 1.570432 1.571197 1.572505 1.564049 1.563004 1.550607 1.38403 1.255073 1.455016 1.508095 1.55289 1.551969 1.56489 1.565307 1.576205 1.581193 1.577067 1.575037 1.559986 1.577163 1.56213 1.56533 1.555931 1.568878 1.574284 1.578213 1.570114 1.571811 1.567855 1.562485 1.558932 1.568498 1.576428 1.585026 1.576509 1.575431 1.578739
1.574045 1.582893 1.574827 1.576101 1.562589 1.556844 1.558336 1.566102 1.555346 1.553069 1.473122 1.520871 1.55703 1.569045 1.571523 1.559617 1.564776 1.571378 1.570697 1.584024 1.560544 1.545834 1.548413 1.552841 1.566253 1.580327 1.581933 1.606406 1.617567 1.601826 1.58829 1.587723 1.579315 1.584813 1.583211 1.570755 1.570472 1.573293 1.569349 1.56999 1.571381 1.561478 1.571339 1.569516 1.571687 1.568901 1.5693 1.566741
1.536557 1.550108 1.564205 1.56968 1.578978 1.578996 1.58029 1.562908 1.564562 1.558628 1.557088 1.557193 1.555022 1.56815 1.542824 1.465774 1.433437 1.523909 1.566132 1.581538 1.578812 1.581125 1.576185 1.579733 1.581932 1.579539 1.569781 1.572692 1.567372 1.56763 1.571173 1.574853 1.575962 1.572202 1.563571 1.57249 1.569893 1.579897 1.57329 1.569469 1.578672 1.579306 1.569699 1.573048 1.571351 1.573538 1.573249 1.576981
