168.0 168.0 168.0 168.0 168.0 168.0 168.0 168.0 168.0 168.0 168.0 168.0 168.0 168.0 168.0 168.0 168.0 168.0 168.0 168.0 168.0 168.0 168.0 168.0 168.0 168.0 168.0 168.0 168.0 168.0
168.0 167.0 167.0 167.0 167.0 167.0 167.0 167.0 167.0 167.0 167.0 167.0 167.0 167.0 167.0 167.0 167.0 167.0 167.0 167.0 167.0 167.0 167.0 167.0 167.0 167.0 167.0 167.0 167.0 167.0
167.0 167.0 167.0 167.0 167.0 167.0 167.0 167.0 170.0 167.0 167.0 167.0 167.0 167.0 167.0 167.0 167.0 167.0 167.0 167.0 167.0 167.0 167.0 167.0 167.0 167.0 167.0 167.0 167.0 167.0
167.0 167.0 167.0 167.0 167.0 167.0 167.0 167.0 167.0 167.0 167.0 167.0 167.0 167.0 167.0 167.0 167.0 167.0 167.0 167.0 167.0 167.0 167.0 167.0 167.0 167.0 167.0 167.0 167.0 167.0
167.0 167.0 167.0 167.0 167.0 167.0 167.0 167.0 167.0 167.0 167.0 167.0 167.0 167.0 167.0 167.0 167.0 167.0 167.0 167.0 167.0 167.0 167.0 167.0 167.0 167.0 167.0 167.0 167.0 167.0
134.0 134.0 134.0 134.0 134.0 134.0 134.0 134.0 134.0 134.0 134.0 134.0 134.0 134.0 134.0 134.0 134.0 134.0 134.0 134.0 134.0 134.0 134.0 134.0 134.0 134.0 134.0 134.0 134.0 134.0
134.0 134.0 134.0 134.0 134.0 134.0 134.0 134.0 134.0 134.0 134.0 134.0 134.0 134.0 134.0 134.0 134.0 134.0 134.0 134.0 134.0 134.0 134.0 134.0 134.0 134.0 134.0 134.0 134.0 134.0
134.0 134.0 134.0 134.0 134.0 134.0 134.0 134.0 134.0 134.0 134.0 134.0 134.0 134.0 134.0 134.0 134.0 134.0 134.0 134.0 134.0 134.0 134.0 134.0 134.0 134.0 134.0 134.0 134.0 134.0
134.0 134.0 134.0 134.0 134.0 134.0 134.0 134.0 134.0 134.0 134.0 134.0 134.0 134.0 134.0 134.0 134.0 134.0 134.0 134.0 134.0 134.0 134.0 134.0 134.0 134.0 134.0 134.0 134.0 134.0
134.0 134.0 134.0 134.0 134.0 134.0 134.0 134.0 134.0 134.0 134.0 134.0 134.0 134.0 134.0 134.0 134.0 134.0 134.0 134.0 134.0 134.0 134.0 134.0 134.0 134.0 134.0 134.0 134.0 134.0
134.0 134.0 134.0 134.0 134.0 134.0 134.0 134.0 134.0 134.0 134.0 134.0 134.0 134.0 134.0 134.0 134.0 134.0 134.0 134.0 134.0 134.0 134.0 134.0 134.0 134.0 134.0 134.0 134.0 134.0
134.0 134.0 134.0 134.0 134.0 134.0 134.0 134.0 134.0 134.0 134.0 134.0 134.0 134.0 134.0 134.0 134.0 134.0 134.0 134.0 134.0 134.0 134.0 134.0 134.0 134.0 134.0 134.0 134.0 134.0
134.0 134.0 134.0 134.0 134.0 134.0 134.0 134.0 134.0 134.0 134.0 134.0 134.0 134.0 134.0 134.0 134.0 134.0 134.0 134.0 134.0 134.0 134.0 134.0 134.0 134.0 134.0 134.0 134.0 134.0
134.0 134.0 134.0 134.0 134.0 134.0 134.0 134.0 134.0 134.0 134.0 134.0 134.0 134.0 134.0 134.0 134.0 134.0 134.0 134.0 134.0 134.0 134.0 134.0 134.0 134.0 134.0 134.0 134.0 134.0
134.0 134.0 134.0 134.0 134.0 134.0 134.0 134.0 134.0 134.0 134.0 134.0 134.0 134.0 134.0 134.0 134.0 134.0 134.0 134.0 134.0 134.0 134.0 134.0 134.0 134.0 134.0 134.0 134.0 134.0
134.0 134.0 134.0 134.0 134.0 134.0 134.0 134.0 134.0 134.0 134.0 134.0 134.0 134.0 134.0 134.0 134.0 134.0 134.0 134.0 134.0 134.0 134.0 134.0 134.0 134.0 134.0 134.0 134.0 134.0
134.0 134.0 134.0 134.0 134.0 134.0 134.0 134.0 134.0 134.0 134.0 134.0 134.0 134.0 134.0 134.0 134.0 134.0 134.0 134.0 134.0 134.0 134.0 134.0 134.0 134.0 134.0 134.0 134.0 134.0
134.0 134.0 134.0 134.0 134.0 134.0 134.0 134.0 134.0 134.0 134.0 134.0 134.0 134.0 134.0 134.0 134.0 134.0 134.0 134.0 134.0 134.0 134.0 134.0 134.0 134.0 134.0 134.0 134.0 134.0
134.0 134.0 134.0 134.0 134.0 134.0 134.0 134.0 134.0 134.0 134.0 134.0 134.0 134.0 134.0 134.0 134.0 134.0 134.0 134.0 134.0 134.0 134.0 134.0 134.0 134.0 134.0 134.0 134.0 134.0
134.0 134.0 134.0 134.0 134.0 134.0 134.0 134.0 134.0 134.0 134.0 134.0 134.0 134.0 134.0 134.0 134.0 134.0 134.0 134.0 134.0 134.0 134.0 134.0 134.0 134.0 134.0 134.0 134.0 134.0
134.0 134.0 134.0 134.0 134.0 134.0 134.0 134.0 134.0 134.0 134.0 134.0 134.0 134.0 134.0 134.0 134.0 134.0 134.0 134.0 134.0 134.0 134.0 134.0 134.0 134.0 134.0 134.0 134.0 134.0
134.0 134.0 134.0 134.0 134.0 134.0 134.0 134.0 134.0 134.0 134.0 134.0 134.0 134.0 134.0 134.0 134.0 134.0 134.0 134.0 134.0 134.0 134.0 134.0 134.0 134.0 135.0 134.0 134.0 134.0
134.0 134.0 134.0 134.0 134.0 134.0 134.0 134.0 134.0 134.0 134.0 134.0 134.0 134.0 134.0 134.0 134.0 134.0 134.0 134.0 134.0 134.0 134.0 134.0 134.0 134.0 134.0 134.0 134.0 134.0
134.0 131.0 131.0 131.0 131.0 131.0 131.0 131.0 131.0 131.0 131.0 131.0 131.0 131.0 131.0 131.0 131.0 131.0 131.0 131.0 131.0 131.0 131.0 131.0 131.0 131.0 131.0 131.0 131.0 131.0
131.0 131.0 131.0 131.0 131.0 131.0 131.0 131.0 131.0 131.0 131.0 131.0 131.0 131.0 131.0 131.0 131.0 131.0 131.0 131.0 131.0 131.0 131.0 131.0 131.0 131.0 131.0 131.0 131.0 131.0
131.0 131.0 131.0 131.0 131.0 131.0 131.0 131.0 131.0 131.0 131.0 131.0 131.0 131.0 131.0 131.0 131.0 131.0 131.0 131.0 131.0 131.0 131.0 131.0 131.0 131.0 131.0 131.0 131.0 131.0
131.0 131.0 131.0 131.0 131.0 131.0 131.0 131.0 131.0 131.0 131.0 131.0 131.0 131.0 131.0 131.0 131.0 131.0 131.0 131.0 131.0 131.0 131.0 131.0 131.0 131.0 131.0 131.0 131.0 131.0
131.0 131.0 131.0 131.0 131.0 131.0 131.0 131.0 131.0 131.0 131.0 131.0 131.0 131.0 190.0 190.0 190.0 190.0 190.0 190.0 190.0 131.0 131.0 131.0 131.0 131.0 131.0 131.0 131.0 131.0
131.0 131.0 131.0 131.0 131.0 131.0 131.0 131.0 131.0 131.0 131.0 131.0 131.0 131.0 131.0 131.0 131.0 131.0 131.0 131.0 131.0 131.0 131.0 131.0 131.0 131.0 131.0 131.0 131.0 131.0
131.0 131.0 131.0 131.0 131.0 131.0 131.0 131.0 131.0 131.0 131.0 131.0 131.0 131.0 131.0 131.0 131.0 131.0 131.0 131.0 131.0 131.0 131.0 131.0 131.0 131.0 131.0 131.0 131.0 131.0
134.0 134.0 134.0 134.0 134.0 134.0 134.0 134.0 134.0 134.0 134.0 134.0 134.0 134.0 134.0 134.0 134.0 134.0 134.0 134.0 134.0 134.0 134.0 134.0 134.0 134.0 134.0 134.0 134.0 134.0
134.0 134.0 134.0 134.0 134.0 134.0 134.0 134.0 134.0 134.0 134.0 134.0 134.0 134.0 134.0 134.0 134.0 134.0 134.0 134.0 134.0 134.0 134.0 134.0 134.0 134.0 134.0 134.0 134.0 134.0
134.0 134.0 134.0 134.0 134.0 134.0 134.0 134.0 134.0 134.0 134.0 134.0 134.0 134.0 134.0 134.0 134.0 134.0 134.0 134.0 134.0 134.0 134.0 134.0 134.0 134.0 134.0 134.0 134.0 134.0
134.0 134.0 134.0 134.0 134.0 134.0 134.0 134.0 134.0 134.0 134.0 134.0 134.0 134.0 134.0 134.0 134.0 134.0 134.0 134.0 134.0 134.0 134.0 134.0 134.0 134.0 134.0 134.0 134.0 134.0
134.0 134.0 134.0 134.0 134.0 134.0 134.0 134.0 134.0 134.0 134.0 134.0 134.0 134.0 134.0 134.0 134.0 134.0 134.0 134.0 134.0 134.0 134.0 134.0 134.0 134.0 134.0 134.0 134.0 134.0
132.0 132.0 132.0 132.0 132.0 132.0 132.0 132.0 132.0 132.0 132.0 132.0 132.0 132.0 132.0 132.0 132.0 132.0 132.0 132.0 132.0 132.0 132.0 132.0 132.0 132.0 132.0 132.0 132.0 132.0
132.0 132.0 132.0 132.0 132.0 132.0 132.0 132.0 132.0 132.0 132.0 132.0 132.0 132.0 132.0 132.0 132.0 132.0 132.0 132.0 132.0 132.0 132.0 132.0 132.0 132.0 132.0 132.0 132.0 132.0
132.0 132.0 132.0 132.0 132.0 132.0 132.0 132.0 132.0 132.0 132.0 132.0 132.0 132.0 132.0 132.0 132.0 132.0 132.0 132.0 132.0 132.0 132.0 132.0 132.0 132.0 132.0 132.0 132.0 132.0
132.0 132.0 132.0 132.0 132.0 132.0 132.0 132.0 132.0 132.0 132.0 132.0 132.0 131.0 131.0 131.0 131.0 131.0 131.0 131.0 131.0 131.0 131.0 131.0 131.0 131.0 131.0 131.0 131.0 131.0
131.0 131.0 131.0 131.0 131.0 131.0 131.0 131.0 131.0 131.0 131.0 131.0 131.0 131.0 131.0 131.0 131.0 131.0 131.0 131.0 131.0 131.0 131.0 131.0 131.0 131.0 131.0 131.0 131.0 131.0
131.0 131.0 131.0 131.0 131.0 131.0 131.0 131.0 131.0 131.0 131.0 131.0 131.0 131.0 131.0 131.0 131.0 131.0 131.0 131.0 131.0 131.0 131.0 131.0 131.0 131.0 131.0 131.0 131.0 131.0
131.0 131.0 131.0 131.0 131.0 131.0 131.0 131.0 131.0 131.0 131.0 131.0 131.0 131.0 131.0 131.0 131.0 131.0 131.0 131.0 131.0 131.0 131.0 131.0 131.0 131.0 131.0 131.0 131.0 131.0
131.0 131.0 131.0 131.0 131.0 131.0 131.0 131.0 131.0 131.0 131.0 131.0 131.0 131.0 131.0 131.0 131.0 131.0 131.0 131.0 131.0 131.0 131.0 131.0 131.0 131.0 131.0 131.0 131.0 131.0
131.0 131.0 131.0 131.0 131.0 131.0 131.0 131.0 131.0 131.0 131.0 131.0 131.0 131.0 131.0 131.0 131.0 131.0 131.0 131.0 131.0 131.0 131.0 131.0 131.0 131.0 131.0 131.0 131.0 131.0
131.0 131.0 131.0 131.0 131.0 131.0 131.0 131.0 131.0 131.0 131.0 131.0 131.0 131.0 131.0 131.0 131.0 131.0 131.0 131.0 131.0 131.0 131.0 131.0 131.0 131.0 131.0 131.0 131.0 131.0
120.0 120.0 120.0 120.0 120.0 120.0 120.0 120.0 120.0 120.0 120.0 120.0 120.0 120.0 120.0 120.0 120.0 120.0 120.0 120.0 120.0 120.0 120.0 120.0 120.0 120.0 120.0 120.0 120.0 120.0
120.0 120.0 120.0 120.0 120.0 120.0 120.0 120.0 120.0 120.0 120.0 120.0 120.0 120.0 120.0 120.0 120.0 120.0 120.0 120.0 120.0 120.0 120.0 120.0 120.0 120.0 120.0 120.0 120.0 120.0
119.0 119.0 119.0 119.0 119.0 119.0 119.0 119.0 119.0 119.0 119.0 119.0 119.0 124.0 119.0 119.0 119.0 119.0 119.0 119.0 119.0 119.0 119.0 119.0 119.0 119.0 119.0 119.0 119.0 119.0
119.0 119.0 119.0 119.0 119.0 119.0 119.0 119.0 119.0 119.0 119.0 119.0 119.0 119.0 119.0 119.0 119.0 119.0 119.0 119.0 119.0 119.0 119.0 119.0 119.0 119.0 119.0 119.0 119.0 119.0
119.0 119.0 119.0 119.0 119.0 119.0 119.0 119.0 119.0 119.0 119.0 119.0 119.0 119.0 119.0 119.0 119.0 119.0 118.0 118.0 118.0 118.0 118.0 118.0 118.0 118.0 118.0 118.0 118.0 118.0
118.0 118.0 118.0 118.0 118.0 118.0 118.0 118.0 118.0 118.0 118.0 118.0 118.0 118.0 118.0 118.0 118.0 118.0 118.0 118.0 118.0 118.0 118.0 118.0 118.0 118.0 118.0 118.0 118.0 118.0
118.0 118.0 118.0 118.0 118.0 118.0 118.0 118.0 118.0 118.0 118.0 118.0 118.0 118.0 118.0 118.0 118.0 118.0 118.0 118.0 118.0 118.0 118.0 118.0 118.0 118.0 118.0 118.0 118.0 118.0
117.0 117.0 117.0 117.0 117.0 117.0 117.0 117.0 117.0 117.0 117.0 122.0 122.0 117.0 117.0 122.0 122.0 117.0 117.0 117.0 117.0 117.0 117.0 117.0 117.0 117.0 117.0 117.0 117.0 117.0
