57320.0 57320.0 57340.0 57340.0 57350.0 57290.0 57320.0 57250.0 57250.0 57350.0 57360.0 57410.0 57410.0 57370.0 57330.0 57320.0 57330.0 57310.0 57360.0 57390.0 57400.0 57460.0 57460.0 57460.0 57470.0 57470.0 57560.0 57660.0 57740.0 57790.0
57790.0 57810.0 57810.0 57790.0 57730.0 57700.0 57680.0 57670.0 57630.0 57590.0 57550.0 57540.0 57480.0 57450.0 57430.0 57370.0 57350.0 57340.0 57420.0 57460.0 57480.0 57510.0 57500.0 57470.0 57520.0 57530.0 57480.0 57390.0 57400.0 57390.0
57400.0 57390.0 57380.0 57460.0 57460.0 57550.0 57580.0 57580.0 57550.0 57500.0 57470.0 57480.0 57460.0 57520.0 57480.0 57520.0 57440.0 57420.0 57330.0 57270.0 57230.0 57200.0 57150.0 57090.0 57040.0 57000.0 56900.0 56830.0 56660.0 56600.0
56600.0 56520.0 56430.0 56340.0 56260.0 56180.0 56100.0 56010.0 55990.0 55940.0 55910.0 55860.0 55830.0 55800.0 55790.0 55780.0 55740.0 55740.0 55770.0 55810.0 55810.0 55810.0 55820.0 55800.0 55800.0 55750.0 55690.0 55640.0 55580.0 55560.0
55560.0 55550.0 55520.0 55500.0 55480.0 55470.0 55460.0 55410.0 55380.0 55370.0 55330.0 55290.0 55270.0 55240.0 55230.0 55210.0 55160.0 55150.0 55130.0 55070.0 55060.0 55030.0 54990.0 54870.0 54910.0 54910.0 54910.0 54900.0 54900.0 54880.0
62770.0 62750.0 62780.0 62730.0 62760.0 62790.0 62790.0 62810.0 62830.0 62890.0 62840.0 62860.0 62830.0 62880.0 62870.0 62830.0 62870.0 62900.0 62840.0 62680.0 62570.0 62550.0 62500.0 62480.0 62510.0 62520.0 62530.0 62550.0 62480.0 62490.0
62640.0 62640.0 62630.0 62590.0 62570.0 62540.0 62550.0 62520.0 62500.0 62450.0 62440.0 62380.0 62370.0 62360.0 62340.0 62320.0 62330.0 62260.0 62350.0 62310.0 62240.0 62240.0 62230.0 62190.0 62270.0 62260.0 62190.0 62270.0 62160.0 62150.0
62250.0 62220.0 62250.0 62200.0 62180.0 62120.0 62120.0 62090.0 62080.0 62100.0 62080.0 62070.0 62110.0 62120.0 62080.0 62100.0 62120.0 62090.0 62080.0 62100.0 62040.0 62030.0 62080.0 62080.0 62080.0 62050.0 62080.0 62080.0 62090.0 62110.0
61870.0 61850.0 61850.0 61910.0 61970.0 62000.0 62030.0 62070.0 62100.0 62090.0 62150.0 62150.0 62160.0 62140.0 62150.0 62190.0 62230.0 62310.0 62330.0 62340.0 62350.0 62400.0 62390.0 62440.0 62440.0 62430.0 62320.0 62290.0 62280.0 62250.0
61950.0 61950.0 61950.0 61950.0 61930.0 61980.0 61940.0 62020.0 62000.0 61930.0 61930.0 61870.0 61840.0 61790.0 61800.0 61700.0 61640.0 61650.0 61610.0 61760.0 61750.0 61690.0 61640.0 61560.0 61540.0 61530.0 61550.0 61550.0 61590.0 61610.0
62390.0 62350.0 62330.0 62270.0 62240.0 62210.0 62160.0 62130.0 62030.0 62000.0 61950.0 61870.0 61780.0 61720.0 61670.0 61820.0 61740.0 61730.0 61700.0 61620.0 61560.0 61540.0 61500.0 61430.0 61410.0 61440.0 61420.0 61420.0 61440.0 61440.0
61490.0 61620.0 61660.0 61670.0 61700.0 61670.0 61650.0 61630.0 61600.0 61610.0 61600.0 61640.0 61660.0 61660.0 61760.0 61720.0 61770.0 61770.0 61730.0 61650.0 61660.0 61580.0 61540.0 61490.0 61420.0 61370.0 61320.0 61280.0 61260.0 61350.0
61330.0 61310.0 61290.0 61440.0 61580.0 61510.0 61580.0 61620.0 61530.0 61420.0 61300.0 61280.0 61230.0 61430.0 61530.0 61550.0 61570.0 61610.0 61660.0 61670.0 61740.0 61800.0 61880.0 61840.0 61760.0 61670.0 61600.0 61530.0 61550.0 61500.0
61100.0 61080.0 61090.0 61110.0 61120.0 61130.0 61170.0 61190.0 61200.0 61220.0 61240.0 61250.0 61230.0 61290.0 61370.0 61320.0 61320.0 61270.0 61200.0 61150.0 61020.0 60950.0 60950.0 60940.0 60990.0 60960.0 61040.0 61050.0 60990.0 61000.0
61030.0 61010.0 61030.0 61130.0 61180.0 61220.0 61270.0 61280.0 61310.0 61320.0 61330.0 61350.0 61380.0 61400.0 61420.0 61440.0 61460.0 61430.0 61400.0 61450.0 61510.0 61390.0 61440.0 61370.0 61370.0 61280.0 61170.0 61090.0 61080.0 61070.0
61480.0 61500.0 61510.0 61520.0 61510.0 61550.0 61590.0 61620.0 61740.0 61790.0 61660.0 61570.0 61420.0 61220.0 61080.0 61000.0 60990.0 60950.0 60890.0 60930.0 60930.0 60890.0 60890.0 60890.0 60870.0 60760.0 60810.0 60820.0 60860.0 60830.0
60730.0 60780.0 60780.0 60900.0 60830.0 60800.0 60840.0 60810.0 60840.0 60880.0 60910.0 60890.0 60990.0 60950.0 60870.0 60790.0 60760.0 60650.0 60630.0 60610.0 60680.0 60680.0 60700.0 60720.0 60780.0 60710.0 60730.0 60670.0 60650.0 60660.0
60680.0 60680.0 60700.0 60720.0 60780.0 60710.0 60730.0 60670.0 60650.0 60660.0 60660.0 60680.0 60660.0 60700.0 60690.0 60800.0 60880.0 60870.0 60900.0 60920.0 61040.0 61180.0 61330.0 61360.0 61320.0 61350.0 61420.0 61450.0 61390.0 61440.0
61540.0 61540.0 61530.0 61540.0 61580.0 61620.0 61650.0 61720.0 61770.0 61830.0 61820.0 61850.0 61860.0 61800.0 61860.0 61820.0 61720.0 61630.0 61480.0 61390.0 61340.0 61340.0 61370.0 61390.0 61450.0 61450.0 61420.0 61520.0 61500.0 61510.0
61800.0 61780.0 61760.0 61780.0 61740.0 61690.0 61660.0 61640.0 61620.0 61610.0 61590.0 61560.0 61530.0 61500.0 61490.0 61490.0 61490.0 61540.0 61500.0 61490.0 61380.0 61420.0 61340.0 61340.0 61320.0 61330.0 61370.0 61400.0 61360.0 61340.0
61590.0 61570.0 61670.0 61630.0 61630.0 61620.0 61590.0 61520.0 61470.0 61500.0 61480.0 61460.0 61420.0 61390.0 61340.0 61330.0 61310.0 61300.0 61340.0 61260.0 61290.0 61330.0 61330.0 61270.0 61270.0 61260.0 61240.0 61200.0 61230.0 61200.0
61340.0 61330.0 61240.0 61230.0 61250.0 61300.0 61340.0 61470.0 61500.0 61550.0 61600.0 61650.0 61700.0 61660.0 61630.0 61660.0 61660.0 61660.0 61610.0 61610.0 61570.0 61570.0 61580.0 61540.0 61540.0 61500.0 61470.0 61460.0 61530.0 61580.0
61710.0 61890.0 61940.0 61970.0 62000.0 62010.0 62070.0 62120.0 62190.0 62170.0 62170.0 62080.0 62030.0 61980.0 61900.0 61850.0 61880.0 61860.0 61840.0 61840.0 61850.0 61840.0 61850.0 61830.0 61840.0 61860.0 61840.0 61850.0 61830.0 61810.0
61860.0 61840.0 61850.0 61830.0 61810.0 61820.0 61800.0 61770.0 61750.0 61740.0 61740.0 61740.0 61760.0 61790.0 61780.0 61910.0 61990.0 61920.0 62010.0 61990.0 61970.0 61950.0 61960.0 61930.0 61920.0 61900.0 61870.0 61940.0 61930.0 61870.0
61820.0 61770.0 61750.0 61700.0 61670.0 61650.0 61600.0 61570.0 61560.0 61500.0 61480.0 61460.0 61460.0 61440.0 61440.0 61450.0 61450.0 61480.0 61480.0 61510.0 61450.0 61450.0 61490.0 61470.0 61450.0 61400.0 61380.0 61380.0 61380.0 61420.0
61720.0 61670.0 61690.0 61710.0 61730.0 61750.0 61740.0 61750.0 61730.0 61820.0 61850.0 61870.0 61810.0 61680.0 61500.0 61500.0 61570.0 61590.0 61700.0 61690.0 61870.0 61940.0 62010.0 62100.0 62160.0 62230.0 62310.0 62330.0 62240.0 62270.0
62370.0 62330.0 62320.0 62310.0 62290.0 62340.0 62320.0 62360.0 62370.0 62380.0 62420.0 62430.0 62450.0 62420.0 62400.0 62400.0 62450.0 62500.0 62450.0 62370.0 62350.0 62330.0 62290.0 62200.0 62160.0 62120.0 62120.0 62050.0 62060.0 62040.0
62030.0 62010.0 61990.0 61990.0 62020.0 62030.0 62000.0 61970.0 61920.0 61930.0 61870.0 61840.0 61830.0 61740.0 61620.0 61600.0 61620.0 61640.0 61690.0 61700.0 61720.0 61770.0 61740.0 61810.0 61880.0 61910.0 61990.0 62050.0 62050.0 62030.0
62080.0 62040.0 62000.0 61950.0 61930.0 61890.0 61820.0 61810.0 61760.0 61730.0 61690.0 61660.0 61610.0 61590.0 61610.0 61660.0 61680.0 61690.0 61670.0 61600.0 61570.0 61480.0 61500.0 61500.0 61460.0 61410.0 61410.0 61410.0 61370.0 61370.0
61450.0 61500.0 61480.0 61500.0 61290.0 61320.0 61290.0 61330.0 61270.0 61220.0 61220.0 61180.0 61090.0 61080.0 61100.0 61150.0 61140.0 61140.0 61100.0 61140.0 61130.0 61100.0 61090.0 61100.0 61090.0 61080.0 61120.0 61070.0 61070.0 61020.0
60780.0 60770.0 60750.0 60730.0 60700.0 60680.0 60680.0 60610.0 60590.0 60590.0 60580.0 60570.0 60590.0 60580.0 60580.0 60620.0 60750.0 60590.0 60540.0 60480.0 60470.0 60350.0 60340.0 60350.0 60290.0 60270.0 60230.0 60280.0 60340.0 60320.0
60580.0 60540.0 60570.0 60560.0 60570.0 60580.0 60650.0 60590.0 60590.0 60610.0 60660.0 60720.0 60750.0 60770.0 60760.0 60780.0 60790.0 60770.0 60760.0 60790.0 60700.0 60620.0 60670.0 60650.0 60660.0 60640.0 60600.0 60580.0 60570.0 60580.0
60720.0 60700.0 60650.0 60680.0 60690.0 60650.0 60650.0 60660.0 60690.0 60720.0 60800.0 60770.0 60840.0 60660.0 60540.0 60560.0 60560.0 60540.0 60530.0 60480.0 60410.0 60300.0 60220.0 60140.0 60050.0 60000.0 60000.0 60010.0 60000.0 60070.0
60370.0 60360.0 60360.0 60290.0 60290.0 60290.0 60300.0 60290.0 60260.0 60270.0 60290.0 60270.0 60220.0 60250.0 60150.0 60130.0 60020.0 60020.0 60040.0 60010.0 59970.0 60020.0 60070.0 60020.0 59970.0 59900.0 59850.0 59830.0 59740.0 59780.0
59960.0 60000.0 60100.0 60120.0 60150.0 60190.0 60180.0 60190.0 60170.0 60160.0 60160.0 60190.0 60220.0 60230.0 60250.0 60250.0 60290.0 60300.0 60400.0 60480.0 60490.0 60420.0 60340.0 60270.0 60280.0 60280.0 60340.0 60360.0 60360.0 60390.0
63510.0 63500.0 63370.0 63190.0 63240.0 63210.0 63150.0 63010.0 62960.0 62920.0 62890.0 62820.0 62700.0 62650.0 62670.0 62590.0 62610.0 62640.0 62590.0 62570.0 62500.0 62350.0 62300.0 62160.0 62030.0 61930.0 61740.0 61690.0 61630.0 61550.0
61310.0 61250.0 61240.0 61170.0 61100.0 61120.0 61130.0 61100.0 60990.0 60960.0 60920.0 60880.0 60910.0 60850.0 60780.0 60820.0 60830.0 60890.0 60920.0 60990.0 61010.0 61050.0 61090.0 61120.0 61140.0 61130.0 61150.0 61210.0 61270.0 61390.0
61470.0 61500.0 61510.0 61540.0 61520.0 61530.0 61560.0 61600.0 61670.0 61690.0 61740.0 61790.0 61910.0 61880.0 61790.0 61760.0 61740.0 61770.0 61750.0 61750.0 61790.0 61780.0 61820.0 61840.0 61870.0 61880.0 61910.0 61940.0 61960.0 61980.0
61800.0 61760.0 61690.0 61690.0 61670.0 61670.0 61660.0 61670.0 61670.0 61660.0 61690.0 61700.0 61680.0 61650.0 61660.0 61640.0 61590.0 61580.0 61530.0 61490.0 61460.0 61410.0 61370.0 61320.0 61270.0 61260.0 61240.0 61260.0 61180.0 61120.0
61020.0 61010.0 61040.0 61040.0 61040.0 61040.0 61030.0 61040.0 61060.0 61060.0 61060.0 61080.0 61080.0 60980.0 60940.0 60910.0 60880.0 60790.0 60740.0 60780.0 60820.0 60850.0 60870.0 60940.0 60940.0 60960.0 60990.0 60930.0 60870.0 60820.0
61120.0 61280.0 61300.0 61340.0 61360.0 61420.0 61460.0 61460.0 61510.0 61530.0 61540.0 61550.0 61550.0 61560.0 61530.0 61520.0 61540.0 61510.0 61610.0 61680.0 61680.0 61660.0 61500.0 61430.0 61410.0 61320.0 61290.0 61230.0 61170.0 61090.0
61030.0 60950.0 60880.0 60800.0 60880.0 60920.0 60950.0 61020.0 61020.0 61030.0 61040.0 61060.0 61080.0 61100.0 61140.0 61010.0 61000.0 61000.0 60940.0 60900.0 60930.0 60910.0 60900.0 60920.0 60910.0 60920.0 60930.0 60920.0 60930.0 60940.0
60840.0 60850.0 60810.0 60780.0 60820.0 60790.0 60820.0 60830.0 60860.0 60870.0 60870.0 60830.0 60850.0 60840.0 60810.0 60760.0 60790.0 60740.0 60760.0 60820.0 60790.0 60800.0 60820.0 60890.0 60920.0 60910.0 60960.0 60960.0 61010.0 61060.0
61560.0 61610.0 61650.0 61700.0 61710.0 61750.0 61750.0 61760.0 61790.0 61800.0 61880.0 61940.0 62040.0 61970.0 61910.0 61900.0 61890.0 61840.0 61820.0 61790.0 61770.0 61790.0 61760.0 61770.0 61770.0 61750.0 61730.0 61730.0 61730.0 61690.0
60990.0 61030.0 61040.0 61050.0 61070.0 61090.0 61130.0 61150.0 61170.0 61250.0 61280.0 61340.0 61370.0 61390.0 61480.0 61500.0 61570.0 61550.0 61540.0 61560.0 61620.0 61680.0 61790.0 61950.0 62070.0 62070.0 62050.0 62060.0 62110.0 62050.0
61660.0 61660.0 61720.0 61750.0 61820.0 61860.0 61890.0 61920.0 61950.0 62020.0 62090.0 62140.0 62210.0 62230.0 62310.0 62260.0 62280.0 62210.0 62230.0 62270.0 62290.0 62300.0 62310.0 62340.0 62390.0 62450.0 62470.0 62460.0 62460.0 62460.0
64660.0 64690.0 64690.0 64730.0 64780.0 64810.0 64840.0 64850.0 64880.0 64880.0 64910.0 64910.0 64870.0 64860.0 64890.0 64890.0 64880.0 64790.0 64730.0 64720.0 64670.0 64660.0 64660.0 64620.0 64630.0 64600.0 64600.0 64540.0 64570.0 64560.0
64480.0 64490.0 64500.0 64480.0 64520.0 64520.0 64500.0 64520.0 64500.0 64520.0 64530.0 64520.0 64480.0 64510.0 64530.0 64470.0 64490.0 64430.0 64440.0 64380.0 64310.0 64160.0 64120.0 64180.0 64130.0 64090.0 64130.0 64010.0 63900.0 63820.0
63280.0 63270.0 63210.0 63210.0 63150.0 63130.0 63120.0 63090.0 63090.0 63080.0 63110.0 63120.0 63140.0 63070.0 63040.0 62990.0 62940.0 62860.0 62860.0 62840.0 62830.0 62810.0 62850.0 62870.0 62890.0 62880.0 62870.0 62950.0 62960.0 62950.0
62940.0 62880.0 62880.0 62920.0 62960.0 62990.0 63110.0 63180.0 63170.0 63180.0 63190.0 63200.0 63220.0 63290.0 63310.0 63270.0 63210.0 63180.0 63160.0 63130.0 63070.0 63110.0 63110.0 63150.0 63140.0 63160.0 63150.0 63160.0 63130.0 63190.0
63350.0 63370.0 63390.0 63390.0 63440.0 63490.0 63550.0 63620.0 63700.0 63710.0 63730.0 63750.0 63750.0 63730.0 63730.0 63720.0 63760.0 63770.0 63850.0 63820.0 63850.0 63880.0 63890.0 63860.0 63920.0 63910.0 63930.0 63930.0 63950.0 63990.0
64760.0 64840.0 64910.0 64970.0 65020.0 65030.0 65080.0 65110.0 65140.0 65180.0 65210.0 65250.0 65300.0 65360.0 65400.0 65470.0 65450.0 65410.0 65380.0 65370.0 65340.0 65380.0 65360.0 65430.0 65370.0 65390.0 65400.0 65440.0 65390.0 65380.0
66010.0 65970.0 65930.0 65930.0 65920.0 65890.0 65880.0 65870.0 65850.0 65860.0 65870.0 65900.0 65960.0 65920.0 65870.0 65840.0 65810.0 65790.0 65790.0 65770.0 65770.0 65770.0 65790.0 65780.0 65780.0 65790.0 65830.0 65870.0 65890.0 65920.0
66160.0 66180.0 66180.0 66240.0 66180.0 66130.0 66150.0 66170.0 66170.0 66140.0 66130.0 66140.0 66220.0 66240.0 66190.0 66090.0 66030.0 65890.0 65890.0 65880.0 65870.0 65870.0 65880.0 65880.0 65910.0 65910.0 65910.0 65900.0 65870.0 65880.0
66920.0 66910.0 66920.0 66880.0 66820.0 66790.0 66760.0 66750.0 66720.0 66670.0 66670.0 66710.0 66780.0 66790.0 66720.0 66680.0 66600.0 66580.0 66550.0 66480.0 66420.0 66400.0 66430.0 66380.0 66400.0 66320.0 66320.0 66330.0 66310.0 66260.0
55820.0 55830.0 55830.0 55840.0 55820.0 55800.0 55810.0 55800.0 55790.0 55810.0 55820.0 55820.0 55840.0 55900.0 55920.0 55940.0 55900.0 55880.0 55900.0 55900.0 55870.0 55890.0 55920.0 55950.0 55940.0 55980.0 55980.0 55990.0 56000.0 56070.0
55440.0 55440.0 55430.0 55430.0 55350.0 55300.0 55240.0 55150.0 55060.0 54960.0 54890.0 54830.0 54770.0 54720.0 54730.0 54710.0 54650.0 54600.0 54500.0 54460.0 54490.0 54460.0 54460.0 54450.0 54450.0 54440.0 54460.0 54450.0 54480.0 54480.0
54610.0 54580.0 54600.0 54630.0 54660.0 54640.0 54660.0 54650.0 54630.0 54670.0 54650.0 54630.0 54670.0 54700.0 54710.0 54700.0 54720.0 54730.0 54780.0 54820.0 54900.0 54870.0 54840.0 54800.0 54760.0 54740.0 54760.0 54800.0 54820.0 54810.0
55280.0 55290.0 55310.0 55360.0 55400.0 55380.0 55340.0 55350.0 55340.0 55330.0 55310.0 55340.0 55360.0 55420.0 55410.0 55360.0 55310.0 55380.0 55360.0 55430.0 55440.0 55460.0 55500.0 55500.0 55530.0 55550.0 55580.0 55600.0 55610.0 55620.0
57100.0 57170.0 57180.0 57270.0 57300.0 57390.0 57400.0 57420.0 57450.0 57520.0 57510.0 57530.0 57560.0 57560.0 57560.0 57610.0 57620.0 57700.0 57800.0 57820.0 57830.0 57810.0 57770.0 57780.0 57790.0 57800.0 57810.0 57910.0 57870.0 57900.0
57800.0 57850.0 57860.0 57920.0 57950.0 57960.0 57950.0 57980.0 57970.0 57970.0 57970.0 57920.0 57920.0 57950.0 57920.0 57930.0 57950.0 57930.0 57910.0 57930.0 57970.0 57970.0 57970.0 57920.0 57920.0 57930.0 57930.0 57930.0 57900.0 57910.0
58180.0 58200.0 58260.0 58280.0 58280.0 58280.0 58280.0 58310.0 58310.0 58300.0 58290.0 58290.0 58300.0 58280.0 58250.0 58230.0 58250.0 58200.0 58190.0 58270.0 58270.0 58290.0 58240.0 58280.0 58250.0 58230.0 58210.0 58240.0 58240.0 58250.0
58580.0 58590.0 58590.0 58600.0 58650.0 58670.0 58670.0 58690.0 58690.0 58700.0 58740.0 58730.0 58750.0 58760.0 58850.0 58910.0 58860.0 58770.0 58750.0 58700.0 58680.0 58640.0 58600.0 58570.0 58570.0 58550.0 58510.0 58480.0 58470.0 58420.0
57990.0 57990.0 57980.0 58000.0 58040.0 58110.0 58150.0 58210.0 58170.0 58200.0 58200.0 58260.0 58270.0 58270.0 58240.0 58240.0 58240.0 58240.0 58210.0 58160.0 58100.0 58100.0 58170.0 58170.0 58160.0 58200.0 58240.0 58240.0 58300.0 58340.0
75070.0 75060.0 75020.0 74970.0 74970.0 74980.0 74960.0 75010.0 74990.0 75000.0 75020.0 75020.0 74970.0 75030.0 75050.0 75040.0 75010.0 74990.0 74920.0 74870.0 74850.0 74870.0 74820.0 74810.0 74800.0 74800.0 74760.0 74710.0 74700.0 74670.0
74410.0 74440.0 74440.0 74410.0 74360.0 74300.0 74270.0 74240.0 74240.0 74260.0 74250.0 74080.0 74090.0 74070.0 74030.0 74060.0 74060.0 74010.0 73940.0 73960.0 73970.0 73970.0 73950.0 73950.0 73940.0 73900.0 73860.0 73830.0 73830.0 73770.0
74390.0 74400.0 74370.0 74400.0 74400.0 74380.0 74350.0 74340.0 74310.0 74280.0 74200.0 74170.0 74180.0 74120.0 73960.0 73960.0 73980.0 74010.0 73920.0 73970.0 73930.0 73940.0 73990.0 74000.0 73990.0 74020.0 74030.0 74060.0 74040.0 74020.0
73590.0 73620.0 73760.0 73770.0 73830.0 73950.0 74060.0 74200.0 74290.0 74370.0 74580.0 74700.0 74710.0 74760.0 74850.0 74870.0 74870.0 74910.0 74900.0 74920.0 74970.0 74950.0 75020.0 75040.0 75090.0 75090.0 75130.0 75130.0 75130.0 75170.0
74990.0 75000.0 74990.0 74970.0 74970.0 74960.0 75000.0 74930.0 74920.0 74980.0 74910.0 74960.0 74890.0 74890.0 74830.0 74870.0 74800.0 74870.0 74960.0 74940.0 74920.0 74950.0 74920.0 74980.0 74960.0 74970.0 74930.0 74910.0 74920.0 74940.0
74630.0 74610.0 74540.0 74550.0 74560.0 74590.0 74680.0 74770.0 74860.0 74960.0 75030.0 75140.0 75110.0 75030.0 74880.0 74770.0 74770.0 74790.0 74870.0 75180.0 75260.0 75410.0 75410.0 75460.0 75490.0 75560.0 75610.0 75660.0 75720.0 75750.0
76790.0 76840.0 76860.0 76920.0 76780.0 76740.0 76460.0 76240.0 75980.0 75720.0 75520.0 75350.0 75380.0 75290.0 75260.0 75060.0 74900.0 74910.0 74980.0 75150.0 75230.0 75460.0 75640.0 75770.0 75850.0 76040.0 76160.0 76130.0 76170.0 76260.0
47990.0 48030.0 48030.0 47950.0 47830.0 47770.0 47760.0 47760.0 47750.0 47780.0 47740.0 47690.0 47680.0 47580.0 47440.0 47400.0 47430.0 47430.0 47410.0 47480.0 47500.0 47510.0 47510.0 47520.0 47490.0 47500.0 47490.0 47500.0 47510.0 47520.0
47600.0 47520.0 47540.0 47580.0 47570.0 47570.0 47540.0 47560.0 47510.0 47530.0 47500.0 47480.0 47420.0 47400.0 47410.0 47560.0 47460.0 47510.0 47500.0 47550.0 47540.0 47620.0 47610.0 47560.0 47500.0 47480.0 47630.0 47650.0 47670.0 47700.0
47680.0 47620.0 47680.0 47700.0 47660.0 47620.0 47640.0 47640.0 47690.0 47720.0 47800.0 47810.0 47790.0 47810.0 47840.0 47930.0 47950.0 47970.0 47970.0 47970.0 48060.0 48020.0 48100.0 48040.0 48070.0 48080.0 48180.0 48170.0 48180.0 48260.0
53280.0 53270.0 53320.0 53360.0 53430.0 53420.0 53410.0 53470.0 53540.0 53640.0 53730.0 53840.0 53890.0 53880.0 53920.0 53950.0 53980.0 54020.0 54030.0 54100.0 54140.0 54160.0 54170.0 54160.0 54180.0 54170.0 54180.0 54170.0 54170.0 54140.0
48310.0 48320.0 48290.0 48330.0 48550.0 48780.0 49010.0 49250.0 49360.0 49510.0 49610.0 49670.0 49790.0 49820.0 49870.0 49880.0 49960.0 50030.0 50090.0 50170.0 50240.0 50280.0 50350.0 50430.0 50520.0 50590.0 50640.0 50730.0 50870.0 50880.0
54410.0 54430.0 54470.0 54430.0 54460.0 54470.0 54480.0 54480.0 54470.0 54470.0 54490.0 54520.0 54540.0 54550.0 54590.0 54610.0 54600.0 54610.0 54640.0 54670.0 54670.0 54680.0 54680.0 54700.0 54690.0 54700.0 54690.0 54670.0 54650.0 54620.0
54700.0 54720.0 54750.0 54770.0 54770.0 54760.0 54780.0 54810.0 54830.0 54830.0 54830.0 54840.0 54850.0 54840.0 54840.0 54870.0 54880.0 54910.0 54920.0 54950.0 54940.0 54970.0 55000.0 55000.0 55010.0 55020.0 55010.0 55020.0 54990.0 54960.0
54690.0 54640.0 54610.0 54600.0 54590.0 54570.0 54570.0 54590.0 54560.0 54550.0 54510.0 54400.0 54360.0 54300.0 54330.0 54380.0 54500.0 54550.0 54540.0 54590.0 54600.0 54630.0 54660.0 54710.0 54750.0 54790.0 54790.0 54790.0 54820.0 54860.0
54860.0 54840.0 54790.0 54770.0 54760.0 54800.0 54800.0 54780.0 54760.0 54740.0 54740.0 54710.0 54760.0 54740.0 54750.0 54790.0 54810.0 54840.0 54850.0 54910.0 54880.0 54890.0 54860.0 54850.0 54850.0 54870.0 54930.0 54920.0 54890.0 54850.0
54770.0 54740.0 54740.0 54720.0 54660.0 54620.0 54630.0 54640.0 54620.0 54590.0 54580.0 54580.0 54600.0 54640.0 54390.0 54330.0 54240.0 54250.0 54240.0 54320.0 54310.0 54360.0 54420.0 54410.0 54460.0 54490.0 54490.0 54510.0 54540.0 54540.0
54360.0 54380.0 54370.0 54370.0 54390.0 54400.0 54420.0 54410.0 54370.0 54350.0 54350.0 54350.0 54340.0 54310.0 54310.0 54320.0 54350.0 54380.0 54380.0 54400.0 54430.0 54420.0 54410.0 54410.0 54360.0 54370.0 54350.0 54380.0 54320.0 54340.0
65730.0 65830.0 65960.0 65960.0 66050.0 66140.0 66220.0 66220.0 66220.0 66300.0 66250.0 66240.0 66180.0 66340.0 66240.0 66430.0 66510.0 66670.0 66870.0 66970.0 67040.0 67040.0 67100.0 67110.0 67180.0 67100.0 67210.0 67350.0 67460.0 67620.0
67940.0 67810.0 67920.0 68080.0 67990.0 68240.0 68400.0 68530.0 68570.0 68580.0 68530.0 68390.0 68510.0 68520.0 68600.0 68580.0 68210.0 68190.0 68170.0 68100.0 67880.0 67900.0 67850.0 67690.0 67700.0 67900.0 68040.0 67690.0 67740.0 67710.0
70290.0 70340.0 70470.0 70600.0 70910.0 71000.0 71110.0 71250.0 71350.0 71310.0 71310.0 71100.0 71260.0 71230.0 71120.0 71090.0 71110.0 71240.0 71030.0 71220.0 70970.0 71000.0 70940.0 70840.0 70460.0 70170.0 70410.0 71200.0 71450.0 71590.0
72140.0 72190.0 72200.0 72190.0 72130.0 72150.0 72180.0 72080.0 72060.0 72090.0 72040.0 71980.0 71960.0 71910.0 71880.0 71900.0 71880.0 71850.0 71790.0 71760.0 71720.0 71720.0 71720.0 71700.0 71670.0 71600.0 71570.0 71520.0 71460.0 71420.0
71420.0 71410.0 71400.0 71440.0 71500.0 71620.0 71630.0 71640.0 71690.0 71680.0 71750.0 71580.0 71610.0 71600.0 71570.0 71570.0 71580.0 71530.0 71580.0 71580.0 71610.0 71610.0 71620.0 71580.0 71570.0 71570.0 71580.0 71610.0 71570.0 71520.0
71520.0 71510.0 71500.0 71490.0 71440.0 71380.0 71330.0 71250.0 71070.0 70930.0 70870.0 70860.0 70890.0 70910.0 70940.0 70960.0 70970.0 71010.0 70960.0 70960.0 71010.0 71000.0 70980.0 70950.0 70910.0 70900.0 70870.0 70840.0 70840.0 70820.0
69550.0 69440.0 69450.0 69480.0 69520.0 69670.0 69630.0 69720.0 69670.0 69690.0 69670.0 69660.0 69650.0 69770.0 69740.0 69810.0 69870.0 69890.0 69980.0 69920.0 70090.0 70080.0 70140.0 70140.0 70150.0 70190.0 70200.0 70220.0 70220.0 70200.0
70360.0 70350.0 70340.0 70350.0 70380.0 70420.0 70450.0 70450.0 70410.0 70390.0 70460.0 70480.0 70630.0 70540.0 70510.0 70580.0 70710.0 70820.0 70820.0 70760.0 70770.0 70700.0 70660.0 70670.0 70630.0 70600.0 70590.0 70550.0 70530.0 70500.0
70520.0 70530.0 70600.0 70580.0 70620.0 70630.0 70610.0 70640.0 70660.0 70680.0 70670.0 70640.0 70660.0 70670.0 70580.0 70560.0 70490.0 70430.0 70370.0 70390.0 70360.0 70370.0 70370.0 70380.0 70390.0 70390.0 70360.0 70340.0 70310.0 70260.0
70070.0 70120.0 70130.0 70120.0 70190.0 70260.0 70180.0 70260.0 70360.0 70380.0 70420.0 70390.0 70430.0 70280.0 70310.0 70360.0 70450.0 70410.0 70440.0 70420.0 70310.0 70290.0 70250.0 70280.0 70160.0 70190.0 70240.0 70220.0 70170.0 70100.0
69780.0 69730.0 69710.0 69720.0 69670.0 69740.0 69600.0 69580.0 69570.0 69480.0 69670.0 69660.0 69670.0 69630.0 69600.0 69650.0 69560.0 69550.0 69510.0 69500.0 69440.0 69370.0 69280.0 69230.0 69170.0 69160.0 69130.0 69110.0 69100.0 69100.0
70290.0 70290.0 70350.0 70250.0 70280.0 70320.0 70330.0 70360.0 70370.0 70410.0 70420.0 70490.0 70490.0 70500.0 70550.0 70640.0 70690.0 70790.0 70800.0 70850.0 70890.0 70920.0 70950.0 70840.0 70890.0 70980.0 71000.0 71010.0 70890.0 71040.0
