-95.0 -95.0 -95.0 -95.0 -95.0 -95.0 -95.0 -95.0 -95.0 -95.0 -95.0 -95.0 -95.0 -95.0 -95.0 -95.0 -95.0 -95.0 -95.0 -95.0 -95.0 -95.0 -95.0 -95.0 -95.0 -95.0 -95.0 -95.0 -95.0 -95.0 -95.0 -95.0 -95.0 -95.0 -95.0 -95.0 -95.0 -95.0 -95.0 -95.0 -95.0 -95.0 -95.0 -95.0 -95.0 -95.0 -95.0 -95.0 -95.0 -95.0 -95.0 -95.0 -95.0 -95.0 -95.0 -95.0 -95.0 -95.0 -95.0 -95.0
-95.0 -95.0 -95.0 -95.0 -95.0 -95.0 -95.0 -95.0 -95.0 -95.0 -95.0 -95.0 -95.0 -95.0 -95.0 -95.0 -95.0 -95.0 -95.0 -95.0 -95.0 -95.0 -95.0 -95.0 -95.0 -95.0 -95.0 -95.0 -95.0 -95.0 -95.0 -95.0 -95.0 -95.0 -95.0 -95.0 -95.0 -95.0 -95.0 -95.0 -95.0 -95.0 -95.0 -95.0 -95.0 -95.0 -95.0 -95.0 -95.0 -95.0 -95.0 -95.0 -95.0 -95.0 -95.0 -95.0 -95.0 -95.0 -95.0 -95.0
-95.0 -95.0 -95.0 -95.0 -95.0 -95.0 -95.0 -95.0 -95.0 -95.0 -95.0 -95.0 -95.0 -95.0 -95.0 -95.0 -95.0 -95.0 -95.0 -95.0 -95.0 -95.0 -95.0 -95.0 -95.0 -95.0 -95.0 -95.0 -95.0 -95.0 -95.0 -95.0 -95.0 -95.0 -95.0 -95.0 -95.0 -95.0 -95.0 -95.0 -95.0 -95.0 -95.0 -95.0 -95.0 -95.0 -95.0 -95.0 -95.0 -95.0 -95.0 -95.0 -95.0 -95.0 -95.0 -95.0 -95.0 -95.0 -95.0 -95.0
-95.0 -95.0 -95.0 -95.0 -95.0 -95.0 -95.0 -95.0 -95.0 -95.0 -95.0 -95.0 -95.0 -95.0 -95.0 -95.0 -95.0 -95.0 -95.0 -95.0 -95.0 -95.0 -95.0 -95.0 -95.0 -95.0 -95.0 -95.0 -95.0 -95.0 -95.0 -95.0 -95.0 -95.0 -95.0 -95.0 -95.0 -95.0 -95.0 -95.0 -95.0 -95.0 -95.0 -95.0 -95.0 -95.0 -95.0 -95.0 -95.0 -95.0 -95.0 -95.0 -95.0 -95.0 -95.0 -95.0 -95.0 -95.0 -95.0 -95.0
-95.0 -95.0 -95.0 -95.0 -95.0 -95.0 -95.0 -95.0 -95.0 -95.0 -95.0 -95.0 -95.0 -95.0 -95.0 -95.0 -95.0 -95.0 -95.0 -95.0 -95.0 -95.0 -95.0 -95.0 -95.0 -95.0 -95.0 -95.0 -95.0 -95.0 -95.0 -95.0 -95.0 -95.0 -95.0 -95.0 -95.0 -95.0 -95.0 -95.0 -95.0 -95.0 -95.0 -95.0 -95.0 -95.0 -95.0 -95.0 -95.0 -95.0 -95.0 -95.0 -95.0 -95.0 -95.0 -95.0 -95.0 -95.0 -95.0 -95.0
-6.0 -6.0 -6.0 -6.0 -6.0 -6.0 -6.0 -6.0 -6.0 -6.0 -6.0 -6.0 -6.0 -6.0 -6.0 -6.0 -6.0 -6.0 -6.0 -6.0 -6.0 -6.0 -6.0 -6.0 -6.0 -6.0 -6.0 -6.0 -6.0 -6.0 -6.0 -6.0 -6.0 -6.0 -6.0 -6.0 -6.0 -6.0 -6.0 -6.0 -6.0 -6.0 -6.0 -6.0 -6.0 -6.0 -6.0 -6.0 -6.0 -6.0 -6.0 -6.0 -6.0 -6.0 -6.0 -6.0 -6.0 -6.0 -6.0 -6.0
-6.0 -6.0 -6.0 -6.0 -6.0 -6.0 -6.0 -6.0 -6.0 -6.0 -6.0 -6.0 -6.0 -6.0 -6.0 -6.0 -6.0 -6.0 -6.0 -6.0 -6.0 -6.0 -6.0 -6.0 -6.0 -6.0 -6.0 -6.0 -6.0 -6.0 -6.0 -6.0 -6.0 -6.0 -6.0 -6.0 -6.0 -6.0 -6.0 -6.0 -6.0 -6.0 -6.0 -6.0 -6.0 -6.0 -6.0 -6.0 -6.0 -6.0 -6.0 -6.0 -6.0 -6.0 -6.0 -6.0 -6.0 -6.0 -6.0 -6.0
-6.0 -6.0 -6.0 -6.0 -6.0 -6.0 -6.0 -6.0 -6.0 -6.0 -6.0 -6.0 -6.0 -6.0 -6.0 -6.0 -6.0 -6.0 -6.0 -6.0 -6.0 -6.0 -6.0 -6.0 -6.0 -6.0 -6.0 -6.0 -6.0 -6.0 -6.0 -6.0 -6.0 -6.0 -6.0 -6.0 -6.0 -6.0 -6.0 -6.0 -6.0 -6.0 -6.0 -6.0 -6.0 -6.0 -6.0 -6.0 -6.0 -6.0 -6.0 -6.0 -6.0 -6.0 -6.0 -6.0 -6.0 -6.0 -6.0 -6.0
-6.0 -6.0 -6.0 -6.0 -6.0 -6.0 -6.0 -6.0 -6.0 -6.0 -6.0 -6.0 -6.0 -6.0 -6.0 -6.0 -6.0 -6.0 -6.0 -6.0 -6.0 -6.0 -6.0 -6.0 -6.0 -6.0 -6.0 -6.0 -6.0 -6.0 -6.0 -6.0 -6.0 -6.0 -6.0 -6.0 -6.0 -6.0 -6.0 -6.0 -6.0 -6.0 -6.0 -6.0 -6.0 -6.0 -6.0 -6.0 -6.0 -6.0 -6.0 -6.0 -6.0 -6.0 -6.0 -6.0 -6.0 -6.0 -6.0 -6.0
-6.0 -6.0 -6.0 -6.0 -6.0 -6.0 -6.0 -6.0 -6.0 -6.0 -6.0 -6.0 -6.0 -6.0 -6.0 -6.0 -6.0 -6.0 -6.0 -6.0 -6.0 -6.0 -6.0 -6.0 -6.0 -6.0 -6.0 -6.0 -6.0 -6.0 -6.0 -6.0 -6.0 -6.0 -6.0 -6.0 -6.0 -6.0 -6.0 -6.0 -6.0 -6.0 -6.0 -6.0 -6.0 -6.0 -6.0 -6.0 -6.0 -6.0 -6.0 -6.0 -6.0 -6.0 -6.0 -6.0 -6.0 -6.0 -6.0 -6.0
-6.0 -6.0 -6.0 -6.0 -6.0 -6.0 -6.0 -6.0 -6.0 -6.0 -6.0 -6.0 -6.0 -6.0 -6.0 -6.0 -6.0 -6.0 -6.0 -6.0 -6.0 -6.0 -6.0 -6.0 -6.0 -6.0 -6.0 -6.0 -6.0 -6.0 -6.0 -6.0 -6.0 -6.0 -6.0 -6.0 -6.0 -6.0 -6.0 -6.0 -6.0 -6.0 -6.0 -6.0 -6.0 -6.0 -6.0 -6.0 -6.0 -6.0 -6.0 -6.0 -6.0 -6.0 -6.0 -6.0 -6.0 -6.0 -6.0 -6.0
-6.0 -6.0 -6.0 -6.0 -6.0 -6.0 -6.0 -6.0 -6.0 -6.0 -6.0 -6.0 -6.0 -6.0 -6.0 -6.0 -6.0 -6.0 -6.0 -6.0 -6.0 -6.0 -6.0 -6.0 -6.0 -6.0 -6.0 -6.0 -3.0 2.0 2.0 2.0 2.0 2.0 2.0 2.0 2.0 2.0 2.0 2.0 2.0 2.0 2.0 2.0 2.0 2.0 2.0 2.0 2.0 2.0 2.0 2.0 2.0 2.0 2.0 2.0 2.0 2.0 2.0 2.0
2.0 2.0 2.0 2.0 2.0 2.0 2.0 2.0 2.0 2.0 2.0 2.0 2.0 2.0 2.0 2.0 2.0 2.0 2.0 2.0 2.0 2.0 2.0 2.0 2.0 2.0 2.0 2.0 2.0 2.0 2.0 2.0 2.0 2.0 2.0 2.0 2.0 2.0 2.0 2.0 2.0 2.0 2.0 2.0 2.0 2.0 2.0 2.0 2.0 2.0 2.0 2.0 2.0 2.0 2.0 2.0 2.0 2.0 2.0 2.0
2.0 2.0 2.0 2.0 2.0 2.0 2.0 2.0 2.0 2.0 2.0 2.0 2.0 2.0 2.0 2.0 2.0 2.0 2.0 2.0 2.0 2.0 2.0 2.0 2.0 2.0 2.0 2.0 2.0 2.0 2.0 2.0 2.0 2.0 2.0 2.0 2.0 2.0 2.0 2.0 2.0 2.0 2.0 2.0 2.0 2.0 2.0 2.0 2.0 2.0 2.0 2.0 2.0 2.0 2.0 2.0 2.0 2.0 2.0 2.0
2.0 2.0 2.0 2.0 2.0 2.0 2.0 2.0 2.0 2.0 2.0 2.0 2.0 2.0 2.0 2.0 2.0 2.0 2.0 2.0 2.0 2.0 2.0 2.0 2.0 2.0 2.0 2.0 2.0 2.0 2.0 2.0 2.0 2.0 2.0 2.0 2.0 2.0 2.0 2.0 2.0 2.0 2.0 2.0 2.0 2.0 2.0 2.0 2.0 2.0 2.0 2.0 2.0 2.0 2.0 2.0 2.0 2.0 2.0 2.0
2.0 2.0 2.0 2.0 2.0 2.0 2.0 2.0 2.0 2.0 2.0 2.0 2.0 2.0 2.0 16.0 52.0 76.0 93.0 95.0 95.0 95.0 95.0 95.0 95.0 95.0 95.0 95.0 95.0 95.0 95.0 95.0 95.0 95.0 95.0 95.0 94.0 88.0 82.0 73.0 67.0 58.0 50.0 41.0 33.0 24.0 14.0 6.0 -2.0 -4.0 -4.0 -4.0 -4.0 -4.0 -4.0 -4.0 -4.0 -4.0 -4.0 -4.0
-4.0 -4.0 -4.0 -4.0 -4.0 -4.0 -4.0 -4.0 -4.0 -4.0 -4.0 -4.0 -4.0 -4.0 -4.0 -4.0 -4.0 -4.0 -4.0 -4.0 -4.0 -4.0 -4.0 -4.0 -4.0 -4.0 -4.0 -4.0 -4.0 -4.0 -4.0 -4.0 -4.0 -4.0 -4.0 -4.0 -4.0 -4.0 -4.0 -4.0 -4.0 -4.0 -4.0 -4.0 -4.0 -4.0 -4.0 -4.0 -4.0 -4.0 -4.0 -4.0 -4.0 -4.0 -4.0 -4.0 -4.0 -4.0 -4.0 -4.0
-4.0 -4.0 -4.0 -4.0 -4.0 -4.0 -4.0 -4.0 -4.0 -4.0 -4.0 -4.0 -4.0 -4.0 -4.0 -4.0 -4.0 -4.0 -4.0 -4.0 -4.0 -4.0 -4.0 -4.0 -4.0 -4.0 -4.0 -4.0 -4.0 -4.0 -4.0 -4.0 -4.0 -4.0 -4.0 -4.0 -4.0 -4.0 -4.0 -4.0 -4.0 -4.0 -4.0 -4.0 -4.0 -4.0 -4.0 -4.0 -4.0 -4.0 -4.0 -4.0 -4.0 -4.0 -4.0 -4.0 -4.0 -4.0 -4.0 -4.0
-4.0 -4.0 -4.0 -4.0 -4.0 -4.0 -4.0 -4.0 -4.0 -4.0 -4.0 -4.0 -4.0 -4.0 -4.0 -4.0 -4.0 -4.0 -4.0 -4.0 -4.0 -4.0 -4.0 -4.0 -4.0 -4.0 -4.0 -4.0 -4.0 -4.0 -4.0 -4.0 -4.0 -4.0 -4.0 -4.0 -4.0 -4.0 -4.0 -4.0 -4.0 -4.0 -4.0 -4.0 -4.0 -4.0 -4.0 -4.0 -4.0 -4.0 -4.0 -4.0 -4.0 -4.0 -4.0 -4.0 -4.0 -4.0 -4.0 -4.0
-4.0 -4.0 -4.0 -4.0 -4.0 -4.0 -4.0 -4.0 -4.0 -4.0 -4.0 -4.0 -4.0 -4.0 -4.0 -4.0 -4.0 -4.0 -4.0 -4.0 -4.0 -4.0 -4.0 -4.0 -4.0 -4.0 -4.0 -4.0 -4.0 -4.0 -4.0 -4.0 -4.0 -4.0 -4.0 -4.0 -4.0 -4.0 -4.0 -4.0 -4.0 -4.0 -4.0 -4.0 -4.0 -4.0 -4.0 -4.0 -4.0 -4.0 -4.0 -4.0 -4.0 -4.0 -4.0 -4.0 -4.0 -4.0 -4.0 -4.0
-4.0 -4.0 -4.0 -4.0 -4.0 -4.0 -4.0 -4.0 -4.0 -4.0 -4.0 -4.0 -4.0 -4.0 -4.0 -4.0 -4.0 -4.0 -4.0 -4.0 -4.0 -4.0 -4.0 -4.0 -4.0 -4.0 -4.0 -4.0 -4.0 -4.0 -4.0 -4.0 -4.0 -4.0 -4.0 -4.0 -4.0 -4.0 -4.0 -4.0 -4.0 -4.0 -4.0 -4.0 -4.0 -4.0 -4.0 -4.0 -4.0 -4.0 -4.0 -4.0 -4.0 -4.0 -4.0 -4.0 -4.0 -4.0 -4.0 -4.0
-4.0 -4.0 -4.0 -4.0 -4.0 -4.0 -4.0 -4.0 -4.0 -4.0 -4.0 -4.0 -4.0 -4.0 -4.0 -4.0 -4.0 -4.0 -4.0 -4.0 -4.0 -4.0 -4.0 -4.0 -4.0 -4.0 -4.0 -4.0 -4.0 -4.0 -4.0 -4.0 -4.0 -4.0 -4.0 -4.0 -4.0 -4.0 -4.0 -4.0 -4.0 -4.0 -4.0 -4.0 -4.0 -4.0 -4.0 -4.0 -4.0 -4.0 -4.0 -4.0 -4.0 -4.0 -4.0 -4.0 -4.0 -4.0 -4.0 -4.0
-4.0 -4.0 -4.0 -4.0 -4.0 -4.0 -4.0 -4.0 -4.0 -4.0 -4.0 -4.0 -4.0 -4.0 -4.0 -4.0 -4.0 -4.0 -4.0 -4.0 -4.0 -4.0 -4.0 -4.0 -4.0 -4.0 -4.0 -4.0 -4.0 -4.0 -4.0 -4.0 -4.0 -4.0 -4.0 -4.0 -4.0 -4.0 -4.0 -4.0 -4.0 -4.0 -4.0 -4.0 -4.0 -4.0 -4.0 -4.0 -4.0 -4.0 -4.0 -4.0 -4.0 -4.0 -4.0 -4.0 -4.0 -4.0 -4.0 -4.0
-4.0 -4.0 -4.0 -4.0 -4.0 -4.0 -4.0 -4.0 -4.0 -4.0 -4.0 -4.0 -4.0 -4.0 -4.0 -4.0 -4.0 -4.0 -4.0 -4.0 -4.0 -4.0 -4.0 -4.0 -4.0 -4.0 -4.0 -4.0 -4.0 -4.0 -4.0 -4.0 -4.0 -4.0 -4.0 -4.0 -4.0 -4.0 -4.0 -4.0 -4.0 -4.0 -4.0 -4.0 -4.0 -4.0 -4.0 -4.0 -4.0 -4.0 -4.0 -4.0 -4.0 -4.0 -4.0 -4.0 -4.0 -4.0 -4.0 -4.0
-4.0 -4.0 -4.0 -4.0 -4.0 -4.0 -4.0 -4.0 -4.0 -4.0 -4.0 -4.0 -4.0 -4.0 -4.0 -4.0 -4.0 -4.0 -4.0 -4.0 -4.0 -4.0 -4.0 -4.0 -4.0 -4.0 -4.0 -4.0 -4.0 -4.0 -4.0 -4.0 -4.0 -4.0 -4.0 -4.0 -4.0 -4.0 -4.0 -4.0 -4.0 -4.0 -4.0 -4.0 -4.0 -4.0 -4.0 -4.0 -4.0 -4.0 -4.0 -4.0 -4.0 -4.0 -4.0 -4.0 -4.0 -4.0 -4.0 -4.0
-4.0 -4.0 -4.0 -4.0 -4.0 -4.0 -4.0 -4.0 -4.0 -4.0 -4.0 -4.0 -4.0 -4.0 -4.0 -4.0 -4.0 -4.0 -4.0 -4.0 -4.0 -4.0 -7.0 -8.0 -8.0 -8.0 -8.0 -8.0 -8.0 -8.0 -8.0 -8.0 -8.0 -8.0 -8.0 -8.0 -8.0 -8.0 -8.0 -8.0 -8.0 -8.0 -8.0 -8.0 -8.0 -8.0 -8.0 -8.0 -8.0 -8.0 -8.0 -8.0 -8.0 -8.0 -8.0 -8.0 -8.0 -8.0 -8.0 -8.0
-8.0 -8.0 -8.0 -8.0 -8.0 -8.0 -8.0 -8.0 -8.0 -8.0 -8.0 -8.0 -8.0 -8.0 -8.0 -8.0 -8.0 -8.0 -8.0 -8.0 -8.0 -8.0 -8.0 -8.0 -8.0 -8.0 -8.0 -8.0 -8.0 -8.0 -8.0 -8.0 -8.0 -8.0 -8.0 -8.0 -8.0 -8.0 -8.0 -8.0 -8.0 -8.0 -8.0 -8.0 -8.0 -8.0 -8.0 -8.0 -8.0 -8.0 -8.0 -8.0 -8.0 -8.0 -8.0 -8.0 -8.0 -8.0 -8.0 -8.0
-8.0 -8.0 -8.0 -8.0 -8.0 -8.0 -8.0 -8.0 -8.0 -8.0 -8.0 -8.0 -8.0 -8.0 -8.0 -8.0 -8.0 -8.0 -8.0 -8.0 -8.0 -8.0 -8.0 -8.0 -8.0 -8.0 -8.0 -8.0 -8.0 -8.0 -8.0 -8.0 -8.0 -8.0 -8.0 -8.0 -8.0 -8.0 -8.0 -8.0 -8.0 -8.0 -8.0 -8.0 -8.0 -8.0 -8.0 -8.0 -8.0 -8.0 -8.0 -8.0 -8.0 -8.0 -8.0 -8.0 -8.0 -8.0 -8.0 -8.0
-8.0 -8.0 -8.0 -8.0 -8.0 -8.0 -8.0 -8.0 -8.0 -8.0 -8.0 -8.0 -8.0 -8.0 -8.0 -8.0 -8.0 -8.0 -8.0 -8.0 -8.0 -8.0 -8.0 -8.0 -8.0 -8.0 -8.0 -8.0 -8.0 -8.0 -8.0 -8.0 -8.0 -8.0 -8.0 -8.0 -8.0 -8.0 -8.0 -8.0 -8.0 -8.0 -8.0 -8.0 -8.0 -8.0 -8.0 -8.0 -8.0 -8.0 -8.0 -8.0 -8.0 -8.0 -8.0 -8.0 -8.0 -8.0 -8.0 -8.0
-8.0 -8.0 -8.0 -8.0 -8.0 -8.0 -8.0 -8.0 -8.0 -8.0 -8.0 -8.0 -8.0 -8.0 -8.0 -8.0 -8.0 -8.0 -8.0 -8.0 -8.0 -8.0 -8.0 -8.0 -8.0 -8.0 -8.0 -16.0 -23.0 -24.0 -24.0 -24.0 -24.0 -24.0 -24.0 -24.0 -24.0 -24.0 -24.0 -24.0 -24.0 -24.0 -24.0 -24.0 -24.0 -24.0 -24.0 -24.0 -24.0 -24.0 -24.0 -24.0 -24.0 -24.0 -24.0 -24.0 -24.0 -24.0 -24.0 -24.0
-5.0 -5.0 -5.0 -5.0 -5.0 -5.0 -5.0 -5.0 -5.0 -5.0 -5.0 -5.0 -5.0 -5.0 -5.0 -5.0 -5.0 -5.0 -5.0 -5.0 -5.0 -5.0 -5.0 -5.0 -5.0 -5.0 -5.0 -5.0 -5.0 -5.0 -5.0 -5.0 -5.0 -5.0 -5.0 -5.0 -5.0 -5.0 -5.0 -5.0 -5.0 -5.0 -5.0 -5.0 -5.0 -5.0 -5.0 -5.0 -5.0 -5.0 -5.0 -5.0 -5.0 -5.0 -5.0 -5.0 -5.0 -5.0 -5.0 -5.0
-5.0 -5.0 -5.0 -5.0 -5.0 -5.0 -5.0 -5.0 -5.0 -5.0 -5.0 -5.0 -5.0 -5.0 -5.0 -5.0 -5.0 -5.0 -5.0 -5.0 -5.0 -5.0 -5.0 -5.0 -5.0 -5.0 -5.0 -5.0 -5.0 -5.0 -5.0 -5.0 -5.0 -5.0 -5.0 -5.0 -5.0 -5.0 -5.0 -5.0 -5.0 -5.0 -5.0 -5.0 -5.0 -5.0 -5.0 -5.0 -5.0 -5.0 -5.0 -5.0 -5.0 -5.0 -5.0 -5.0 -5.0 -5.0 -5.0 -5.0
-5.0 -5.0 -5.0 -5.0 -5.0 -5.0 -5.0 -5.0 -5.0 -5.0 -5.0 -5.0 -5.0 -5.0 -5.0 -5.0 -5.0 -5.0 -5.0 -13.0 -21.0 -31.0 -41.0 -48.0 -51.0 -51.0 -51.0 -51.0 -40.0 -40.0 -40.0 -40.0 -40.0 -40.0 -40.0 -40.0 -40.0 -40.0 -40.0 -40.0 -40.0 -39.0 -36.0 -31.0 -25.0 -18.0 -14.0 -10.0 -6.0 -1.0 0.0 0.0 0.0 0.0 0.0 0.0 0.0 0.0 0.0 0.0
0.0 0.0 0.0 0.0 0.0 0.0 0.0 0.0 0.0 0.0 0.0 0.0 0.0 0.0 0.0 0.0 0.0 0.0 0.0 0.0 0.0 0.0 0.0 0.0 0.0 0.0 0.0 0.0 0.0 0.0 0.0 0.0 0.0 0.0 0.0 0.0 0.0 0.0 0.0 0.0 0.0 0.0 0.0 0.0 0.0 0.0 0.0 0.0 0.0 0.0 0.0 0.0 0.0 0.0 0.0 0.0 0.0 0.0 0.0 0.0
0.0 0.0 0.0 0.0 0.0 0.0 0.0 0.0 0.0 0.0 0.0 0.0 0.0 0.0 0.0 0.0 0.0 0.0 0.0 0.0 0.0 0.0 0.0 0.0 0.0 0.0 0.0 0.0 0.0 0.0 0.0 0.0 0.0 0.0 0.0 0.0 0.0 0.0 0.0 0.0 0.0 0.0 0.0 0.0 0.0 0.0 0.0 0.0 0.0 0.0 0.0 0.0 0.0 0.0 0.0 0.0 0.0 0.0 0.0 0.0
-170.0 -170.0 -170.0 -170.0 -170.0 -170.0 -170.0 -170.0 -170.0 -170.0 -170.0 -170.0 -170.0 -170.0 -170.0 -170.0 -170.0 -170.0 -170.0 -170.0 -170.0 -170.0 -170.0 -170.0 -170.0 -170.0 -170.0 -170.0 -170.0 -170.0 -170.0 -170.0 -170.0 -170.0 -170.0 -170.0 -170.0 -170.0 -170.0 -170.0 -170.0 -170.0 -170.0 -170.0 -170.0 -170.0 -170.0 -170.0 -170.0 -170.0 -170.0 -170.0 -170.0 -170.0 -170.0 -170.0 -170.0 -170.0 -170.0 -170.0
-170.0 -170.0 -170.0 -170.0 -170.0 -170.0 -170.0 -170.0 -170.0 -170.0 -170.0 -170.0 -170.0 -170.0 -170.0 -170.0 -170.0 -170.0 -170.0 -170.0 -170.0 -170.0 -170.0 -170.0 -170.0 -170.0 -170.0 -170.0 -170.0 -170.0 -170.0 -170.0 -170.0 -170.0 -170.0 -170.0 -170.0 -170.0 -170.0 -170.0 -170.0 -170.0 -170.0 -170.0 -170.0 -170.0 -170.0 -170.0 -170.0 -170.0 -170.0 -170.0 -170.0 -170.0 -170.0 -170.0 -170.0 -170.0 -170.0 -170.0
-163.0 -163.0 -163.0 -163.0 -163.0 -163.0 -163.0 -163.0 -163.0 -163.0 -163.0 -163.0 -163.0 -163.0 -163.0 -163.0 -163.0 -163.0 -163.0 -163.0 -163.0 -163.0 -163.0 -163.0 -163.0 -163.0 -163.0 -163.0 -163.0 -163.0 -163.0 -163.0 -163.0 -163.0 -163.0 -163.0 -163.0 -163.0 -163.0 -163.0 -163.0 -163.0 -163.0 -163.0 -163.0 -163.0 -163.0 -163.0 -163.0 -163.0 -163.0 -163.0 -163.0 -163.0 -163.0 -163.0 -163.0 -163.0 -163.0 -163.0
-163.0 -163.0 -163.0 -163.0 -163.0 -163.0 -163.0 -163.0 -163.0 -163.0 -163.0 -163.0 -163.0 -163.0 -163.0 -163.0 -163.0 -163.0 -163.0 -163.0 -163.0 -163.0 -163.0 -163.0 -163.0 -163.0 -163.0 -163.0 -163.0 -163.0 -163.0 -163.0 -163.0 -163.0 -163.0 -163.0 -163.0 -163.0 -163.0 -163.0 -163.0 -163.0 -163.0 -163.0 -163.0 -163.0 -163.0 -163.0 -163.0 -163.0 -163.0 -163.0 -163.0 -163.0 -163.0 -163.0 -163.0 -163.0 -163.0 -163.0
-163.0 -163.0 -163.0 -163.0 -163.0 -163.0 -163.0 -163.0 -163.0 -163.0 -163.0 -163.0 -163.0 -163.0 -163.0 -163.0 -163.0 -163.0 -163.0 -163.0 -163.0 -163.0 -169.0 178.0 166.0 154.0 144.0 137.0 135.0 135.0 135.0 135.0 135.0 135.0 135.0 135.0 135.0 135.0 135.0 135.0 135.0 135.0 135.0 135.0 135.0 135.0 135.0 135.0 135.0 135.0 136.0 139.0 143.0 149.0 153.0 159.0 163.0 168.0 173.0 175.0
-172.0 -172.0 -172.0 -172.0 -172.0 -172.0 -172.0 -172.0 -172.0 -172.0 -172.0 -172.0 -172.0 -172.0 -172.0 -172.0 -172.0 -172.0 -172.0 -172.0 -172.0 -172.0 -172.0 -172.0 -172.0 -172.0 -172.0 -172.0 -172.0 -172.0 -172.0 -172.0 -172.0 -172.0 -172.0 -172.0 -172.0 -172.0 -172.0 -172.0 -172.0 -172.0 -172.0 -172.0 -172.0 -172.0 -172.0 -172.0 -172.0 -172.0 -172.0 -172.0 -172.0 -172.0 -172.0 -172.0 -172.0 -172.0 -172.0 -172.0
-172.0 -172.0 -172.0 -172.0 -172.0 -172.0 -172.0 -172.0 -172.0 -172.0 -172.0 -172.0 -172.0 -172.0 -172.0 -172.0 -172.0 -172.0 -172.0 -172.0 -172.0 -172.0 -172.0 -172.0 -172.0 -172.0 -172.0 -172.0 -172.0 -172.0 -172.0 -172.0 -172.0 -172.0 -172.0 -172.0 -172.0 -172.0 -172.0 -172.0 -172.0 -172.0 -172.0 -172.0 -172.0 -172.0 -172.0 -172.0 -172.0 -172.0 -172.0 -172.0 -172.0 -172.0 -172.0 -172.0 -172.0 -172.0 -172.0 -172.0
-172.0 -172.0 -172.0 -172.0 -172.0 -172.0 -172.0 -172.0 -172.0 -172.0 -172.0 -172.0 -172.0 -172.0 -172.0 -172.0 -172.0 -172.0 -172.0 -172.0 -172.0 -172.0 -172.0 -172.0 -172.0 -172.0 -172.0 -172.0 -172.0 -172.0 -172.0 -172.0 -172.0 -172.0 -172.0 -172.0 -172.0 -172.0 -172.0 -172.0 -172.0 -172.0 -172.0 -172.0 -172.0 -172.0 -172.0 -172.0 -172.0 -172.0 -172.0 -172.0 -172.0 -172.0 -172.0 -172.0 -172.0 -172.0 -172.0 -172.0
-172.0 -172.0 -172.0 -172.0 -172.0 -172.0 -172.0 -172.0 -172.0 -172.0 -172.0 -172.0 -172.0 -172.0 -172.0 -172.0 -172.0 -172.0 -172.0 -172.0 -172.0 -172.0 -172.0 -172.0 -172.0 -172.0 -172.0 -172.0 -172.0 -172.0 -172.0 -172.0 -172.0 -172.0 -172.0 -172.0 -172.0 -172.0 -172.0 -172.0 -172.0 -172.0 -172.0 -172.0 -172.0 -172.0 -172.0 -172.0 -172.0 -172.0 -172.0 -172.0 -172.0 -172.0 -172.0 -172.0 -172.0 -172.0 -172.0 -172.0
-172.0 -172.0 -172.0 -172.0 -172.0 -172.0 -172.0 -172.0 -172.0 -172.0 -172.0 -172.0 -172.0 -172.0 -172.0 -172.0 -172.0 -172.0 -172.0 -172.0 -172.0 -172.0 -172.0 -172.0 -172.0 -172.0 -172.0 -172.0 -172.0 -172.0 -172.0 -172.0 -172.0 -172.0 -172.0 -172.0 -172.0 -172.0 -172.0 -172.0 -172.0 -172.0 -172.0 -172.0 -172.0 -172.0 -172.0 -172.0 -172.0 -172.0 -172.0 -172.0 -172.0 -172.0 -172.0 -172.0 -172.0 -172.0 -172.0 -172.0
-172.0 -172.0 -172.0 -172.0 -172.0 -172.0 -172.0 -172.0 -172.0 -172.0 -172.0 -172.0 -172.0 -172.0 -172.0 -172.0 -172.0 -172.0 -172.0 -172.0 -172.0 -172.0 -172.0 -172.0 -172.0 -172.0 -172.0 -172.0 -172.0 -172.0 -172.0 -172.0 -172.0 -172.0 -172.0 -172.0 -172.0 -172.0 -172.0 -172.0 -172.0 -172.0 -172.0 -172.0 -172.0 -172.0 -172.0 -172.0 -172.0 -172.0 -172.0 -172.0 -172.0 -172.0 -172.0 -172.0 -172.0 -172.0 -172.0 -172.0
-172.0 -172.0 -172.0 -172.0 -172.0 -172.0 -172.0 -172.0 -172.0 -172.0 -172.0 -172.0 -172.0 -172.0 -172.0 -172.0 -172.0 -172.0 -172.0 -172.0 -172.0 -172.0 -172.0 -172.0 -172.0 -172.0 -172.0 -172.0 -179.0 -179.0 -179.0 -179.0 -179.0 -179.0 -179.0 -179.0 -179.0 -179.0 -179.0 -179.0 -179.0 -179.0 -179.0 -179.0 -179.0 -179.0 -179.0 -179.0 -179.0 -179.0 -179.0 -179.0 -179.0 -179.0 -179.0 -179.0 -179.0 -179.0 -179.0 -179.0
-178.0 -178.0 -178.0 -178.0 -178.0 -178.0 -178.0 -178.0 -178.0 -178.0 -178.0 -178.0 -178.0 -178.0 -178.0 -178.0 -178.0 -178.0 -178.0 -178.0 -178.0 -178.0 -178.0 -178.0 -178.0 -178.0 -178.0 -178.0 -178.0 -178.0 -178.0 -178.0 -178.0 -178.0 -178.0 -178.0 -178.0 -178.0 -178.0 -178.0 -178.0 -178.0 -178.0 -178.0 -178.0 -178.0 -178.0 -178.0 -178.0 -178.0 -178.0 -178.0 -178.0 -178.0 -178.0 -178.0 -178.0 -178.0 -178.0 -178.0
-178.0 -178.0 -178.0 -178.0 -178.0 -178.0 -178.0 -178.0 -178.0 -178.0 -178.0 -178.0 -178.0 -178.0 -178.0 -178.0 -178.0 -178.0 -178.0 -178.0 -178.0 -178.0 -178.0 -178.0 -178.0 -178.0 -178.0 -178.0 -178.0 -178.0 -178.0 -178.0 -178.0 -178.0 -178.0 -178.0 -178.0 -178.0 -178.0 -178.0 -178.0 -178.0 -178.0 -178.0 -178.0 -178.0 -178.0 -178.0 -178.0 -178.0 -178.0 -178.0 -178.0 -178.0 -178.0 -178.0 -178.0 -178.0 -178.0 -178.0
-178.0 -178.0 -178.0 -178.0 -178.0 -178.0 -178.0 -178.0 -178.0 -178.0 -178.0 -178.0 -178.0 -178.0 -178.0 -178.0 -178.0 -178.0 -178.0 173.0 159.0 153.0 152.0 152.0 152.0 152.0 152.0 152.0 152.0 152.0 152.0 152.0 152.0 152.0 152.0 152.0 152.0 152.0 152.0 152.0 152.0 152.0 152.0 152.0 152.0 152.0 152.0 152.0 152.0 152.0 152.0 152.0 153.0 155.0 158.0 161.0 167.0 172.0 177.0 -177.0
-174.0 -174.0 -174.0 -174.0 -174.0 -174.0 -174.0 -174.0 -174.0 -174.0 -174.0 -174.0 -174.0 -174.0 -174.0 -174.0 -174.0 -174.0 -174.0 -174.0 -174.0 -174.0 -174.0 -174.0 179.0 178.0 178.0 178.0 178.0 178.0 178.0 178.0 178.0 178.0 178.0 178.0 178.0 178.0 178.0 178.0 178.0 178.0 178.0 178.0 178.0 178.0 178.0 178.0 178.0 178.0 178.0 178.0 178.0 178.0 178.0 178.0 178.0 178.0 178.0 178.0
178.0 178.0 178.0 178.0 178.0 178.0 178.0 178.0 178.0 178.0 178.0 178.0 178.0 178.0 178.0 178.0 178.0 178.0 178.0 178.0 178.0 177.0 174.0 174.0 174.0 174.0 174.0 174.0 174.0 174.0 174.0 174.0 174.0 174.0 174.0 174.0 174.0 174.0 174.0 174.0 174.0 174.0 174.0 174.0 174.0 174.0 174.0 174.0 174.0 174.0 174.0 174.0 174.0 174.0 175.0 176.0 -179.0 -176.0 -174.0 -173.0
177.0 177.0 177.0 177.0 177.0 177.0 177.0 177.0 177.0 177.0 177.0 177.0 177.0 177.0 177.0 177.0 177.0 177.0 177.0 177.0 177.0 177.0 175.0 170.0 167.0 166.0 166.0 166.0 166.0 166.0 166.0 166.0 166.0 166.0 166.0 166.0 166.0 166.0 166.0 166.0 166.0 166.0 166.0 166.0 166.0 166.0 166.0 166.0 166.0 166.0 166.0 166.0 166.0 166.0 166.0 166.0 166.0 166.0 166.0 166.0
