0.08669743 0.05748849 0.05715765 0.07325797 0.07389896 0.07397656 0.07648442 0.06911053 0.06015107 0.01279509 -0.008644425 -0.01830658 0.003598277 0.03906939 0.07858822 0.0800809 0.06979947 0.02980343 -0.009056197 -0.03725288 0.001900194 0.02667838 0.01703142 0.03074833 0.05441029 0.0493458 0.04640323 0.09376168 0.1332121 0.1376256 0.1110312 0.03174098 -0.01689541 -0.007513908 -0.01301384 0.002574436 0.02386758 0.03053203 0.04245264 0.0218262 0.001391944 0.01368396 0.01568885 0.02769993 0.03067417 0.04466147 0.05260152 0.0523041 0.05302909 0.07161166 0.03083959
0.07161166 0.03083959 -0.03621966 -0.04815204 -0.02024277 0.01992799 0.06546437 0.08426038 0.025705 -0.01272126 0.000688588 0.03367364 0.05773542 0.04652297 0.02961887 0.008110521 0.02630297 0.02053507 0.001139816 -0.02221049 -0.03751877 -0.03453585 -0.03016958 -0.0434459 -0.03644526 -0.04527935 -0.04937013 -0.04004695 -0.043542 -0.0474066 -0.03133651 -0.01489347 -0.03735912 -0.04391372 -0.03348411 -0.02413229 -0.05451026 -0.05898569 -0.07766967 -0.08694558 -0.0750835 -0.05728764 -0.05088093 -0.0436899 -0.04966535 -0.05280441 -0.05793196 -0.06341422 -0.05388131 -0.06188495 -0.06805387
-0.05793196 -0.06341422 -0.05388131 -0.06188495 -0.06805387 -0.06490327 -0.05983934 -0.05679573 -0.06089306 -0.06127335 -0.05596736 -0.04587048 -0.02759497 -0.02361691 -0.04126192 -0.0533108 -0.04653594 -0.03707772 -0.03759987 -0.04784258 -0.04240482 -0.04066616 -0.037951 -0.03723534 -0.03807791 -0.0397733 -0.04160112 -0.03694468 -0.01399533 0.000289897 -0.002115449 -0.007804022 -0.01543223 -0.02370734 -0.03736824 -0.0375785 -0.0303446 -0.02980346 -0.02253158 -0.01302203 -0.005874833 -0.009480126 -0.01219973 -0.006453247 0.000363265 0.02304123 0.0407535 0.04129963 0.02988712 0.02147968 0.0186755
0.02147968 0.0186755 0.01043611 0.008090029 0.009530349 0.008369867 0.009162549 -0.002286615 -0.002847598 0.004779228 0.01665377 0.023679 0.03636742 0.03609446 0.03181283 0.02044184 0.008536737 0.006165731 0.01044873 0.01727093 0.01442725 0.01546195 0.01103951 0.01990868 0.03976966 0.03428263 0.02898052 0.01593228 0.01109605 0.01564043 0.02435649 0.03445618 0.03631685 0.02895904 0.008922739 -0.01130568 -0.006745383 0.007126915 0.003840711 0.000687761 -0.002472917 -0.004674943 0.00188611 0.020933 0.0380553 0.05278796 0.05702971 0.04658923 0.03064054 0.01825924 0.01134681
0.03064054 0.01825924 0.01134681 0.005053083 -0.00115719 -0.006039819 -0.00794656 -0.01756699 -0.021242 -0.0282728 -0.01121859 -0.002001594 0.001860961 0.006752382 0.007040011 -0.003337762 -0.01234024 -0.01963468 -0.02301008 -0.0175557 -0.01584499 -0.01337972 -0.01056109 -0.01287833 -0.01049478 0.003122424 0.009593008 0.00377399 -0.01336045 -0.01639495 -0.002728914 -0.01683797 -0.000138411 0.00134372 -0.005577896 0.008129304 0.02478218 0.0462424 0.06534985 0.06739756 0.06156525 0.05055004 0.02780294 0.02567746 0.01793574 0.02147375 0.0221893 0.02369321 0.01432604 0.01615486 0.02445653
0.002243422 0.0121795 0.02707005 0.02751025 0.02846606 0.03185107 0.04027382 0.05714283 0.0673732 0.06089109 0.04958483 0.04724748 0.04422056 0.0427076 0.03056437 0.02552242 0.02611591 0.03142436 0.0338212 0.03488223 0.08400054 0.3525665 0.3638999 0.1693917 -0.006113766 -0.3941806 -0.42725 -0.356828 -0.2857437 -0.1192398 -0.02139137 0.08019702 0.08988871 0.05770619 0.01036534 -0.03061328 -0.06313799 -0.05708221 -0.04238823 -0.05206596 -0.02196855 0.04181642 0.06054799 0.06490357 0.04491194 0.002858426 -0.03011528 -0.03876587 -0.03636216 -0.0281472 -0.01924165
0.01219796 0.008509561 0.007923031 0.01425116 0.02092133 0.01326748 0.005414908 -0.005436167 -0.01538987 -0.01688105 -0.01445037 -0.01443204 -0.0052734 -0.002299747 -0.002151516 0.001443184 -0.002909425 -0.008171362 -0.0145123 -0.01640556 -0.01696328 -0.01304785 -0.007276321 -0.0003099555 0.05501622 0.3300837 0.198643 -0.06327157 -0.1891019 -0.1945502 -0.2002685 -0.08576785 -0.0625835 -0.08528206 -0.09178372 -0.1350894 -0.1730227 -0.1481876 -0.09195911 -0.07753636 -0.05850667 -0.02119736 -0.0158252 -0.02775778 -0.02899068 -0.02632105 -0.02481459 -0.02561632 -0.02838252 -0.02599468 -0.02344004
-0.0095289 -0.01406239 -0.01598534 -0.01833373 -0.01855837 -0.02262145 -0.02193008 -0.03164349 -0.02800195 -0.01984161 -0.02327012 -0.0046299 -0.01576187 -0.01834731 -0.004992839 -0.002152292 -0.007523711 -0.002413542 -0.01387143 -0.03879736 -0.05350066 -0.05331096 -0.04203145 -0.04557468 -0.03279523 -0.01794747 -0.009331448 0.03533927 0.0197241 -0.00368407 -0.05219884 0.007584072 -0.03032974 -0.04501515 -0.07504262 -0.09794614 -0.1072867 -0.0858284 -0.05720161 -0.03130317 -0.02953044 -0.01492832 -0.004745093 -0.01508744 -0.02044336 -0.01552185 -0.002451511 -0.009628036 -0.01631573 -0.01155973 -0.01554796
-0.008916639 -0.02364013 -0.03604974 -0.04405054 -0.04486332 -0.01595338 -0.02519545 -0.05450189 -0.03515078 -0.04018645 -0.02731803 -0.004257919 -0.009581849 -0.008012261 -0.007200173 -0.00182004 0.007187454 0.003452505 -0.02417876 -0.03643151 -0.04097823 -0.0458497 -0.02799821 -0.009480653 0.01235589 0.0169229 0.1213209 0.02936916 -0.02056263 -0.003786879 -0.03265342 0.004949106 -0.04822946 -0.02189747 -0.07380883 -0.1449332 -0.1503674 -0.1053286 -0.1201464 -0.07954411 -0.07426415 -0.04021386 -0.05571042 -0.06387201 -0.02080762 -0.01040878 0.004535534 -0.01035377 -0.03464387 -0.04196075 -0.04141312
-0.005052794 0.005944937 0.004523433 -0.006630647 -0.01740916 -0.03536672 -0.04824289 -0.02896757 -0.02057738 -0.004744374 0.008145883 0.004906089 -0.00931189 -0.020375 -0.02634122 -0.01376039 0.004565993 0.0009533224 0.008422107 0.008701965 0.003232037 -0.000723711 0.06672696 0.06707758 0.0481808 -0.02833952 -0.06149152 -0.1404872 -0.1798248 -0.1507902 -0.09079339 -0.08730526 -0.1172938 -0.07213813 -0.04392294 -0.02617069 -0.03897765 -0.06074609 -0.0486875 -0.03214845 -0.0177868 -0.004037263 0.00715034 0.002484221 -0.03406423 -0.03622701 -0.04467029 -0.0364831 -0.008385177 -0.00835222 7.886451e-05
0.03377227 0.04385555 0.04817082 0.04764207 0.04668265 0.04182913 0.04526472 0.0434167 0.03728603 0.02656765 0.008541831 0.0001273899 0.0154082 0.06957642 0.1208518 0.06518919 0.07818368 -0.04176516 -0.1190684 -0.1047694 -0.0783865 -0.1620803 -0.2088912 -0.2052906 -0.1449566 -0.06857453 -0.00581085 0.0188103 0.03401279 0.02237404 0.0236456 0.01859029 0.03038192 0.0364512 0.01895177 -0.01175522 -0.02841519 -0.02510443 -0.003547339 0.001360302 3.772088e-05 0.01208782 0.01507262 0.01942511 0.0339994 0.04133727 0.04064451 0.02093481 0.00240508 0.009577167 0.01899736
0.03892479 0.02143624 0.009921393 -0.005070492 -0.03058244 -0.0211379 -0.004732245 0.03172964 0.04824909 0.04869538 0.04612259 0.02323538 0.007539154 0.00268254 0.006531183 0.007607791 0.00821003 0.02115829 0.1533092 0.2331624 0.3324444 0.2910324 0.03699343 -0.2615832 -0.4912392 -0.4598505 -0.3700068 -0.1593834 -0.04829571 0.007939255 0.002205617 -0.001324735 -0.0003559364 0.002411759 -0.004532304 -0.01631251 -0.03397371 -0.04489927 -0.04902241 -0.04488656 -0.0320045 -0.02513757 -0.00482587 -0.01973839 -0.05877778 -0.04836763 -0.03421791 -0.02928557 -0.02870957 -0.02287794 -0.01987287
0.01127187 0.01210271 0.005208104 -0.0001702238 -0.01111595 -0.01566717 -0.01283722 -0.008768778 -0.009418451 -0.00950004 -0.008396174 -0.008522514 0.004614752 0.01059834 0.006096963 0.01320028 0.0382304 0.04563175 0.03895138 0.03390208 0.0290373 0.02801736 0.03529124 0.03378054 0.02073763 0.01013667 -0.003691257 -0.01168877 7.187443e-05 0.1418177 0.3221869 0.2759913 0.03709375 -0.2747699 -0.3515798 -0.3600351 -0.2760954 -0.2243063 -0.2418887 -0.1021043 -0.01961871 -0.01754962 -0.02747032 0.002296694 0.002280076 0.003086765 -0.003725852 -0.00503532 -0.0237953 0.001342609 -0.02097459
0.0118079 -0.01290231 -0.01649834 -0.03652311 -0.04633968 -0.04282735 -0.03481139 -0.02238089 -0.035315 -0.04478431 -0.0569309 -0.05013281 -0.03927914 -0.03104975 -0.02458508 -0.02044197 -0.01469643 0.00713988 0.1782769 0.0653915 0.006539018 -0.07647981 -0.1554498 -0.2189482 -0.2142208 -0.1555171 -0.1084423 -0.04914222 -0.03461386 -0.00479094 -0.001620461 -0.006657663 -0.01696439 -0.02277108 -0.01497962 -0.00077383 0.01042017 -0.004987071 -0.01655721 -0.01041484 -0.02357727 -0.02648573 -0.02972871 -0.02265224 -0.006848072 0.01032109 0.03494972 0.01910231 0.01310627 0.01729097 0.01677693
0.0424552 0.02663791 0.004745891 -0.006719721 0.008204193 0.01231625 0.03190319 0.03610771 0.02615172 0.008455249 0.008703966 0.01123761 0.02101523 0.0343661 0.02888212 0.03352088 0.04833421 0.04660914 0.03227875 0.0207065 0.002880049 -0.002607584 0.01553292 0.07752227 0.5154088 0.2772221 0.02453721 -0.1909973 -0.2161259 -0.32431 -0.3046184 -0.2147135 -0.04739037 0.04185625 0.03308562 0.03956317 0.02480359 0.003403025 -0.01081019 -0.01139847 -0.01284839 -0.003432428 -0.008009267 -0.02472819 -0.02765046 -0.03101941 -0.02208411 -0.01554876 -0.01547595 -0.01645716 -0.02181353
-0.001962004 0.0103747 0.01811906 0.02781328 0.03169495 0.02877013 0.02391182 0.01033099 0.003315747 0.003153957 0.005468659 0.005202424 0.2506638 0.6906125 0.4673715 0.004398386 -0.1777274 -0.2297228 -0.2699816 -0.1863132 -0.05790479 0.004664524 0.0725624 0.1257636 0.1129941 0.05201013 0.01149751 -0.03920595 -0.06242206 -0.06395078 -0.05295467 -0.05706359 -0.07589123 -0.09777883 -0.1021147 -0.07192325 -0.03164147 0.02100108 0.02573166 0.04229265 0.02502589 0.01032961 -0.004583586 -0.01459176 -0.01714547 -0.01858558 -0.008176447 -0.0001803772 0.009746298 0.02156091 0.02700278
0.03017028 0.01833125 -0.01146398 -0.03298674 -0.03276374 -0.04675347 -0.05465604 -0.05981553 -0.05355059 -0.0342188 -0.01613677 -0.001063352 0.003958602 0.008160937 0.006219185 0.005502328 -0.02298908 -0.1127327 -0.2087691 -0.2249711 -0.2070117 -0.1676066 -0.1227092 -0.1038486 -0.1019852 -0.1052876 -0.1054331 -0.08684187 -0.01361925 0.1151872 0.152276 0.1340643 0.07626631 0.0343834 -0.0005852546 -0.03249404 -0.05538343 -0.05968064 -0.05937638 -0.04831237 -0.04116533 -0.03254201 -0.01605064 -0.00588968 -0.008846601 -0.002837326 -0.009377917 -0.01528721 -0.0153854 -0.02253346 -0.014969
-0.01361925 0.1151872 0.152276 0.1340643 0.07626631 0.0343834 -0.0005852546 -0.03249404 -0.05538343 -0.05968064 -0.05937638 -0.04831237 -0.04116533 -0.03254201 -0.01605064 -0.00588968 -0.008846601 -0.002837326 -0.009377917 -0.01528721 -0.0153854 -0.02253346 -0.014969 -0.005747878 -0.01128834 -0.01117819 -0.005319641 0.0004005293 0.005715535 0.003674669 -0.009916412 0.02472032 0.2238486 0.3083629 0.3311691 0.2318553 -0.01635675 -0.1797303 -0.1972932 -0.1439411 -0.07973614 -0.02860344 0.01525223 0.04796636 0.0697052 0.07865019 0.07743166 0.0654046 0.05212594 0.04298286 0.03650714
0.02798264 0.02846647 0.0300831 0.03478868 0.04285777 0.05408097 0.05909519 0.06315704 0.05511766 0.03942033 0.03347737 0.03746801 0.0527526 0.05409428 0.04716868 0.04611116 0.03428505 0.1959194 0.2229128 0.1394545 -0.02234234 -0.09538287 -0.1416044 -0.1690785 -0.1643568 -0.1210581 -0.02699064 0.01353907 0.05740883 0.06907898 0.05445616 0.03498118 0.01622747 0.004784532 -0.003466615 0.001386986 0.007568299 0.01155688 0.01003576 0.01366576 0.01888107 0.0207513 0.0214759 0.01841068 0.01119506 0.007688704 0.007105659 0.004713366 0.003889167 0.002588658 0.009871008
0.02029054 0.02497069 0.02719596 0.02673811 0.01988623 0.01570702 0.01623457 0.01873808 0.01790584 0.01497297 0.01870848 0.02087988 0.02332359 0.01944043 0.01483346 0.01321115 0.01276722 0.01745747 0.01442897 0.01846484 0.02849362 0.2317052 0.3218581 0.09000276 -0.1255882 -0.2023833 -0.1652382 -0.1235877 -0.0446502 -0.005455688 -0.01063572 -0.04263602 -0.06457946 -0.06015632 -0.06600752 -0.05658047 -0.04208576 -0.02450296 -0.005878088 0.001005851 0.006483883 0.006625798 0.007871909 0.008733237 0.005001977 0.003130474 0.008385809 0.01365181 0.01776328 0.0154826 0.01179877
0.01531905 0.01502356 0.00995254 0.008899187 0.005285381 -0.001319926 -0.005910428 -0.008665549 -0.007942459 -0.008797934 -0.01199869 -0.01384942 -0.01059462 -0.00699083 -0.006476167 -0.001781233 -0.0009291106 -0.002617814 -0.003375534 -0.005278528 -0.01186056 -0.01094737 -0.003016056 0.004061466 0.03470569 0.1148165 0.008212241 -0.1443472 -0.03891796 0.03166947 -0.06365156 -0.1111489 -0.1162871 -0.1202648 -0.114045 -0.1120429 -0.09068683 -0.06453242 -0.04979029 -0.02154894 -0.004394008 0.004866812 0.0120954 0.006665562 -0.0001632917 -0.004123625 0.004309135 0.002810987 -0.001706024 -0.006757294 -0.0140671
0.006687992 0.01172832 0.02208915 0.02109939 0.01200412 0.004148059 -0.009135442 -0.01270546 -0.003182266 0.009017526 0.02147996 0.02246548 0.02410731 0.02732413 0.03215249 0.05886992 0.06005033 0.06145595 0.02340695 -0.007500038 -0.01066313 -0.01270578 -0.006385181 -0.0252433 -0.07645951 -0.08905192 -0.05791355 -0.02289302 0.0202405 0.02835149 0.02935103 0.01763422 0.01106662 0.008498804 0.004857649 0.0004283475 -0.00130513 0.003400719 0.001228121 0.009089991 0.008922482 0.01121522 0.01394645 0.01149087 0.003253363 -0.007591817 -0.01327705 -0.006540001 -0.002469964 -0.005731439 -0.006855909
0.01722496 0.02297759 0.03891898 0.04273235 0.03878044 0.03245575 0.02509559 0.01826116 0.009505086 0.03417807 0.2397013 0.182947 -0.01110388 -0.1386812 -0.2655697 -0.2468398 -0.1811986 -0.1278625 -0.01260325 0.01511211 0.02277328 0.02619205 0.02514166 0.01974036 0.01213042 -0.004891813 -0.0108803 -0.01603371 -0.01845965 -0.01634949 -0.006588505 0.002123701 0.001976151 -0.001252366 -0.01144298 -0.02160734 -0.02651541 -0.02281526 -0.01767595 -0.01216516 -0.01033476 -0.01021235 -0.01451152 -0.01133778 -0.006246804 0.0049489 0.0001300725 -0.002593249 -0.001378085 0.005108356 0.002141645
-0.02160734 -0.02651541 -0.02281526 -0.01767595 -0.01216516 -0.01033476 -0.01021235 -0.01451152 -0.01133778 -0.006246804 0.0049489 0.0001300725 -0.002593249 -0.001378085 0.005108356 0.002141645 0.0003243823 -0.0009128604 -0.002683805 0.003530552 0.01813711 0.1417447 0.2826996 0.03952083 -0.07465064 -0.1340014 -0.2023005 -0.1679168 -0.1495475 -0.1521471 -0.1526362 -0.1378967 -0.1368028 -0.07635985 -0.02261414 -0.000809241 0.0122773 0.01514657 0.004992727 -0.001280544 -0.01105106 -0.01107427 -0.008086283 -0.01526548 -0.03406487 -0.03415572 -0.0475739 -0.05610762 -0.04516472 -0.03617307 -0.02751293
-0.02684111 -0.03553191 -0.03717078 -0.04266089 -0.03617167 -0.02650368 -0.02462688 -0.01987229 -0.0139 -0.002633321 0.00987178 0.01297714 -0.006561977 -0.0181651 -0.01994595 -0.008306436 0.01614359 0.01634597 0.01929355 0.03252546 0.02622674 0.01469007 0.007658152 0.006637634 0.02614019 0.2623451 0.1808521 -0.05898443 -0.2099244 -0.2667639 -0.2419801 -0.1684601 -0.1028149 -0.05170616 0.008257507 0.01765984 0.007247633 -0.007600446 -0.01317235 -0.02991547 -0.03918406 -0.03770222 -0.02306195 -0.002561385 0.002835129 0.007702135 0.001712459 -0.008431242 -0.03603066 -0.07110472 -0.05612076
-0.004226231 -0.02000439 -0.03176992 -0.03373487 -0.01581118 0.008984102 0.00993193 0.003363059 0.02013753 0.02302472 0.01137547 0.002081253 0.1235363 0.2671674 0.06937579 -0.004063821 -0.1137569 -0.2506698 -0.3629676 -0.1833391 -0.07559616 -0.06442564 -0.1222337 -0.07563382 0.01351826 0.04825755 0.06064535 0.03916279 0.02141272 -0.03035228 -0.03803644 -0.05692377 -0.05703213 -0.07257468 -0.06870236 -0.05865651 -0.04007039 -0.01718669 0.004797988 0.008920331 -0.0004405609 -0.002959627 0.0009740749 -0.004354756 -0.0222361 -0.03487349 -0.04543744 -0.05208168 -0.04870513 -0.03412038 -0.02213719
-0.01160338 -0.00260265 0.0214211 0.03632631 0.04488998 0.03443258 0.02045137 0.006829243 -0.007769226 -0.0212355 -0.02717671 -0.0176616 0.003019582 0.000153341 -0.02579573 -0.02228261 -0.01894154 0.0002536165 0.03378841 0.04311079 0.05357713 0.4033309 0.05041441 -0.2296915 -0.2787262 -0.1888793 -0.09878117 -0.02470531 -0.0131369 -0.03050319 -0.04555691 -0.04165643 -0.05929147 -0.07982057 -0.09327333 -0.08598019 -0.06449401 -0.03657372 -0.03044503 -0.0262412 -0.01416304 -0.01677087 -0.03472305 -0.03709663 -0.04557922 -0.04278449 -0.05622217 -0.04111448 -0.01260216 -0.009230406 -0.01707278
0.004445527 0.01042682 0.02864474 0.02049409 0.006686808 0.03414154 0.02719035 0.0320343 0.0227902 -0.002495612 0.01807813 -0.0162654 -0.03833906 0.0004566137 0.05331562 0.08640023 0.02620458 -0.1670433 -0.184904 -0.1458147 -0.07059519 -0.006311008 0.02590582 0.03370769 0.02905612 0.02385096 -0.005506657 -0.01848357 -0.01815041 -0.06275434 -0.06687466 -0.05668947 -0.01962615 0.002568912 0.01433417 0.02622159 0.02480518 0.002658785 -0.01016267 -0.02303318 -0.03386796 -0.03520252 -0.03942611 -0.03088028 -0.01035667 0.01301739 0.02129673 0.007725921 -0.002290314 -0.01774204 -0.01606501
-0.002290314 -0.01774204 -0.01606501 -0.001028354 -0.009778654 -0.01798012 -0.0298446 -0.03795338 -0.04132118 -0.02923809 -0.01754299 -0.03010358 -0.02849832 -0.0142527 -0.009380782 -0.003232109 0.001773559 0.01625508 0.151985 0.1166276 -0.001856871 -0.2289486 -0.2834618 -0.1858658 -0.09664566 -0.06976251 -0.05177659 -0.04751725 -0.04002403 -0.03722101 -0.03654552 -0.04076291 -0.03965528 -0.03358429 -0.06468695 -0.06038512 -0.04930015 -0.04903815 -0.05402904 -0.05514273 -0.05988718 -0.05704394 -0.03910866 -0.05592685 -0.04266535 -0.03503639 -0.04322051 -0.03179286 -0.05275358 -0.01753062 -0.00234156
-0.03061458 -0.03418557 -0.03455969 -0.02601151 -0.01648852 0.007117274 0.01267916 -0.01150225 -0.03014453 -0.04330549 -0.03738227 -0.0293147 -0.01892141 0.00126702 0.0004399552 0.002063233 -0.01556525 -0.02712405 -0.02923555 -0.0241873 -0.02413797 0.09044758 0.2936005 0.07283928 -0.1071089 -0.1910298 -0.1917886 -0.173858 -0.1005943 -0.05685781 -0.0357318 -0.0142581 0.004578476 0.0104898 0.01359831 0.01674227 0.001341868 -0.02148819 -0.03781181 -0.03032993 -0.01099501 -0.006763499 -0.02999656 -0.03911724 -0.03070993 -0.02259927 -0.009078414 -0.008082747 -0.01309036 -0.01828086 -0.01457804
-0.02733535 -0.01702499 0.001863125 0.00804746 0.01769483 0.02454565 0.02136063 0.007462076 0.004066564 0.02942019 0.04416672 0.04544177 0.03328492 0.01498037 -0.005731024 0.003832268 0.02277304 0.0289821 0.03515489 0.06550088 0.2225399 0.03785836 -0.0847555 -0.0765987 -0.07897092 -0.05663966 -0.08727236 -0.06197471 -0.05106144 -0.001648888 0.04591932 0.06114995 0.05445964 0.04031978 0.03020948 0.01195847 -0.02458087 -0.04254058 -0.02247741 0.008389329 0.007232076 0.00716484 -0.03256573 -0.0565671 -0.03655323 -0.01255185 -0.0146043 -0.01302941 -0.003271565 0.006800976 -0.009829692
-0.007615601 -0.003665292 0.01070842 0.01144786 0.01292811 0.0007652827 -0.01408867 -0.01246696 0.009098933 0.02279615 0.03388746 0.03680464 0.03161707 0.03224817 0.07004916 0.2137093 0.1032007 -0.02174922 -0.1249318 -0.1635957 -0.123187 -0.06313948 -0.02886352 -0.04049171 -0.01982808 -0.01724985 -0.007073512 -0.02364189 -0.01894946 0.00957232 0.05030561 0.05709437 0.02537523 0.00890941 0.007260413 -0.002562369 -0.004758841 0.001636695 0.01713381 0.0172336 0.015117 0.02914717 0.04409012 0.03920299 0.02910463 -0.0007919052 -0.03397156 -0.03533594 -0.02084596 -0.01145295 0.008363748
0.0004315963 0.01534746 0.0260604 0.03277721 0.02962522 0.01244483 0.0136822 0.01280802 0.01407849 0.01566054 0.02239973 0.03039276 0.02725979 0.02244649 0.05860814 0.3417737 0.01778834 -0.2400418 -0.3322912 -0.2787835 -0.1951287 -0.1187628 -0.07421072 -0.02415902 -0.02245359 0.0004836116 0.01542017 0.0255913 0.03823309 0.0204936 -0.0005002641 -0.009884002 -0.01552232 -0.01192584 0.001625776 -0.002060337 0.006460047 0.01205208 0.01027265 0.006438511 0.00759909 0.005178181 0.00973627 0.003854788 -0.009208821 -0.02037416 -0.006278186 -0.02768951 -0.03223329 -0.04031321 -0.05255606
0.004540852 -0.001609597 -0.01239047 -0.02224844 -0.02958983 -0.02901664 -0.02939799 -0.0312095 -0.01644157 -0.008333127 -0.003795082 -0.02057686 -0.03221422 -0.03930185 -0.03107841 0.1226342 0.2970206 0.1019357 -0.167879 -0.2480223 -0.3084944 -0.2739975 -0.1947787 -0.1215087 -0.06625512 -0.05007455 -0.05202047 -0.06318154 -0.09275752 -0.08095386 -0.06689709 -0.03609791 -0.01150172 0.006670726 0.01693096 0.01567665 -0.0006276011 -0.01234465 -0.03319523 -0.03918732 -0.03386035 -0.04037717 -0.04194337 -0.02418066 -0.001976797 0.01625794 0.0327879 0.02514649 0.01526949 0.007074134 -0.0007078199
-0.00226726 -0.0005649173 0.007258982 0.01727354 0.02728394 0.02752632 0.02166403 0.01695471 0.01293112 0.01468707 0.02360997 0.02370302 0.02976622 0.03073392 0.03154831 0.02725002 0.02670488 0.01903757 0.01834145 0.0259105 0.02734524 0.03034695 0.03044937 0.03917773 0.04126445 0.04435325 0.04427905 0.04781229 0.1967166 0.4133498 0.3050371 0.1200149 -0.1804171 -0.3054116 -0.2735397 -0.1744238 -0.02019353 0.04322034 0.01088239 -0.02687205 -0.03479005 0.005032005 0.01330367 -0.02287656 -0.03254174 -0.02321481 -0.02098537 -0.02111157 -0.01260862 0.003023782 -0.01023773
0.03300412 0.01043565 -0.253356 0.09941109 0.2071245 0.1252806 -0.006935519 -0.001689435 0.01990936 0.0391622 0.07044632 0.07196534 0.07414111 0.03222976 -0.007236443 -0.01922848 0.1848397 0.1489645 0.009745165 -0.003639774 0.0186991 0.0409635 0.01584766 0.003807518 0.0007397681 0.02686584 0.05276944 0.06540835 0.07505881 0.07117777 0.05222537 0.02741024 0.0137825 0.007390066 -0.003159469 -0.01465162 -0.02181653 -0.01992005 -0.02906779 -0.01632612 0.01067487 0.02771906 0.02491345 0.01317046 -0.002328468 -0.006801331 -0.01026424 -0.002220918 0.00389332 -0.04961422 -0.2363982
-0.01465162 -0.02181653 -0.01992005 -0.02906779 -0.01632612 0.01067487 0.02771906 0.02491345 0.01317046 -0.002328468 -0.006801331 -0.01026424 -0.002220918 0.00389332 -0.04961422 -0.2363982 -0.2024062 0.1482213 0.2643334 0.2573755 0.1659438 0.06675035 0.002465193 -0.02414294 -0.03155249 -0.02723425 -0.007269868 0.007272376 0.02155808 0.03235965 0.03219228 0.03780309 0.0430266 0.03941214 0.02875988 0.02996978 0.02600416 0.01968606 0.01527355 0.01520374 0.01722544 0.01564097 0.01511952 0.01773163 0.02338021 0.0297362 0.03587205 0.0430647 0.04827385 0.04009293 0.02350462
0.03587205 0.0430647 0.04827385 0.04009293 0.02350462 0.01193294 0.01421967 0.03434458 0.04364263 0.04948396 0.04860805 0.04528778 0.04130048 0.03710714 -0.1697506 -0.06877331 -0.1082544 0.2025681 0.1055115 0.1436698 0.148905 0.0807884 -0.009477803 -0.09035545 -0.1141375 -0.04312316 -0.07437283 -0.09910781 -0.1097559 -0.05601196 -0.002118281 0.005753304 -0.04081169 -0.07938755 -0.08750895 -0.06387503 -0.06471319 -0.08656274 -0.07570875 -0.05214794 -0.06366037 -0.03811646 -0.01322463 0.003871604 0.006091625 0.017381 0.02081141 0.02642921 0.06376366 0.05182103 0.03052526
0.006391983 0.01013784 0.01735404 0.01726172 0.01420621 0.01345372 0.01373244 0.01703356 0.0192863 0.01712662 0.01191545 0.002370893 -0.001054645 -0.005552103 -0.1010495 -0.1803967 -0.179692 -0.05316747 -0.009183341 0.1023419 0.1797536 0.2546361 0.2772903 0.2583079 0.2173429 0.182115 0.1531306 0.1205956 0.08637498 0.04714328 0.02680154 0.009156871 -0.002744281 9.222152e-07 0.009224626 0.01919161 0.02516375 0.02925449 0.03185217 0.03844075 0.03706817 0.03446649 0.03277663 0.04064631 0.03739355 0.008820743 -0.002100237 -0.001589563 0.00334637 0.02352065 0.0511292
0.03573469 0.03898036 0.03440886 0.04301482 0.05604996 0.05526452 0.04645323 0.03889761 0.04140874 0.05228215 0.05423393 0.0453699 0.04029342 0.03311652 0.03402897 0.03567755 -0.002818489 -0.0115298 -0.03306772 -0.0278386 0.03229213 0.09095624 0.06785746 0.02019595 0.03600243 0.04197624 0.02610944 -0.01003032 -0.04564424 -0.05791476 -0.05160283 -0.03633586 -0.03572797 -0.02495012 -0.02238272 -0.01938186 -0.01465082 -0.02273756 -0.04587414 -0.04668338 -0.04828454 -0.0416964 -0.04620431 -0.05085766 -0.03032428 -0.03301292 -0.05070783 -0.05917435 -0.006013633 0.02159663 0.00852755
0.02841598 0.01854413 0.01042817 0.002158231 0.002158044 0.002191663 0.00479286 0.006524477 0.0204085 0.0322401 0.03613631 0.03055217 0.02839853 0.0323102 0.0345411 0.0301984 0.02071049 0.02031536 0.01878165 0.0283944 0.03048111 0.01682423 0.01727371 0.01457622 -0.04400674 -0.2663479 -0.1781665 0.003929107 0.1891735 0.3408768 0.3021248 0.2285257 0.143897 0.04940588 -0.01665727 -0.01153432 0.003753762 0.03585242 0.04756929 0.0577898 0.0545474 0.06340163 0.05617491 0.04594544 0.04982936 0.06529075 0.06271681 0.05321837 0.03769353 0.01901906 0.01321034
0.06271681 0.05321837 0.03769353 0.01901906 0.01321034 0.03309602 0.04418424 0.0501183 0.04450236 0.04592521 0.04288924 0.0446209 0.03640293 0.03246973 0.02735231 0.03066182 0.03179651 0.01347462 -0.2690194 -0.1056958 0.1223318 0.2827883 0.2070709 0.1192513 0.05991566 0.009101005 0.0124809 0.0203766 0.01647649 0.02195689 0.02908935 0.03173008 0.0302675 0.0187211 0.00476179 0.03431862 0.03489739 0.02894837 0.03201903 0.05245117 0.05552526 0.06233621 0.01997605 0.01579106 0.04958763 0.05306477 0.05463496 0.04892232 0.02839938 0.03544532 0.04359868
0.06480276 0.04924265 0.05084145 0.04444292 0.01360952 0.002022279 0.005358428 0.01450256 0.02571617 0.0331278 0.03908483 0.02649822 0.01957212 0.00942011 0.01100802 0.01388911 -0.002039049 -0.007009529 0.01961932 0.0578827 0.03779642 -0.00840403 0.002791638 0.02634645 0.03403518 0.03277526 0.01422194 0.006467032 0.01268162 0.02607772 0.03868987 0.04178592 0.02324531 0.02022414 0.01076619 0.03456145 0.0347111 0.02539676 0.01655694 0.01717372 0.01734372 0.0222893 0.04834874 0.02886631 0.007048557 0.0005186761 0.006096027 0.002658477 0.006176876 0.01516601 0.01424265
0.02030658 0.02774524 0.03206829 0.03883293 0.03328352 0.02453722 0.01580528 0.01331426 0.004750301 3.757252e-05 -0.006762593 -0.007659476 -0.01509182 -0.01302419 -0.1872427 -0.1531853 -0.1980089 -0.07155673 0.2008613 0.3450758 0.3010156 0.2706577 0.2711734 0.1773273 0.1019192 0.02595185 0.004265815 -0.001310126 1.408917e-05 0.01678731 0.01924615 0.01884651 0.02068648 0.03339345 0.04947229 0.04838347 0.04379044 0.04537128 0.04308033 0.03689514 0.02956627 0.0291026 0.03234735 0.03996583 0.03736052 0.04348233 0.05315305 0.038575 0.02305812 0.0304815 0.03343293
0.02270055 0.01069987 0.01766037 0.01611579 0.02143938 -0.008575203 -0.004200073 -0.00169749 0.006226852 0.03465194 0.07438456 0.03744866 0.01094375 0.01193008 0.04577584 0.04926737 0.03546795 0.0002865971 -0.1541442 -0.2458702 -0.1402825 0.1555045 0.2812656 0.3279164 0.2702448 0.1695575 0.08518425 0.01798369 0.01110912 0.0265319 0.04258927 0.05256754 0.05070236 0.05756193 0.07022107 0.07044873 0.07320541 0.04473409 0.04492694 0.0474825 0.0463763 0.05536399 0.05450571 0.04855949 0.05094066 0.05963344 0.06634831 0.0615409 0.03191978 0.02707739 0.02888969
0.09929597 0.1138468 0.1068822 0.06954081 0.0496396 0.03228041 0.07932584 0.07065427 0.0522713 0.03187715 0.02298993 0.03993917 0.06850308 0.08264098 0.07369116 0.01225301 -0.2745364 -0.2139059 0.04299815 0.1742193 0.2093405 0.179701 0.1432258 0.1031933 0.08010329 0.0529252 0.02521638 0.03500938 0.05399938 0.0831378 0.09013861 0.08012117 0.07808243 0.06740551 0.06346279 0.09971857 0.1031525 0.09183002 0.07139583 0.05759818 0.01301073 -0.01488324 -0.01266927 0.01998032 0.001941273 0.002156816 0.03366698 0.04972527 0.04155526 0.06651362 0.06707527
0.02167211 -0.01426873 -0.02087989 -0.03194832 -0.005692707 0.03934647 0.05271143 0.05381894 0.03779728 0.0216752 0.002220543 0.005685563 -0.003342497 -0.004939485 0.008969176 0.02691835 0.03660713 0.03834369 0.04111993 0.02081528 -0.1272629 -0.07763844 -0.1381271 0.07284247 0.2366167 0.2311259 0.1901871 0.1437744 0.08413369 0.01555538 0.007726004 0.011109 0.003768751 0.0004108864 -0.004217186 -0.001037609 0.0149694 0.01522149 0.006614176 -0.003439612 0.003951273 0.03291745 0.06138927 0.06096698 0.03268194 -0.001327781 -0.01752544 -0.02135532 -0.005696998 0.02262812 0.03860223
0.02299786 0.02614259 0.01916373 0.01269063 0.006250607 0.007620875 0.0122004 0.0119242 0.008537834 0.006817875 0.0004869366 0.001046618 0.016469 0.02995007 0.0389819 0.0397892 0.0354669 -0.03571451 -0.08669332 -0.1906256 -0.1140268 0.05775499 0.2238494 0.2286354 0.2053099 0.1714792 0.1765833 0.1454977 0.1247337 0.1324827 0.1227402 0.1082707 0.06913383 0.01927702 0.009980449 0.01536404 0.03607539 0.03855511 0.04849362 0.06125034 0.07187647 0.04853735 0.02297339 0.01748781 0.0261012 0.03863522 0.04866615 0.06162507 0.05945065 0.04172592 0.02840267
0.02331819 0.0283364 0.03008262 0.02834701 0.02309796 0.02287176 0.02610112 0.03044724 0.02842275 0.02801061 0.02102772 0.0192476 0.01209843 -0.01317277 -0.1302519 -0.09362613 -0.1978619 -0.1717684 0.0187261 0.1895211 0.2852915 0.2755204 0.2294061 0.2358395 0.2291703 0.1791172 0.09250944 0.09484723 0.09397423 0.08980937 0.06608104 0.05208474 0.05857117 0.05900428 0.05238331 0.05393288 0.04790837 0.06222674 0.06179194 0.0663173 0.06841977 0.08594245 0.09265023 0.09026188 0.07728757 0.07049879 0.06011195 0.05109106 0.05097418 0.048186 0.03904611
0.01201622 0.005756525 0.01123914 0.01568989 0.006165287 0.008876653 0.01821521 0.03204953 0.03819438 0.03239948 0.03305633 0.02924371 0.0215389 0.0175138 0.01346274 0.01437091 -0.03645566 -0.2492963 -0.1150252 0.1330698 0.2120906 0.2045246 0.1593889 0.1480128 0.1245419 0.1394482 0.132348 0.1344027 0.1228892 0.09792424 0.06876645 0.0659031 0.01880654 0.02782137 0.07123085 0.08053354 0.07486915 0.05569652 0.03519013 0.04066557 0.05191062 0.05509808 0.06288143 0.05629641 0.06325518 0.05796391 0.05343951 0.04494816 0.03755658 0.03446745 0.0429718
0.08706254 0.08502095 0.0863942 0.08168243 0.08955201 0.09350179 0.09082875 0.0952417 0.06846629 0.05689141 0.05172664 0.06623002 0.07469556 0.03950979 -0.0883147 -0.02584361 0.09185609 0.1829779 0.1405116 0.1010128 0.04261388 0.02070266 0.01795806 0.01457373 0.003411168 0.002295805 0.02238694 0.0347274 0.02961759 0.02150703 0.01965388 0.0122605 0.005820442 0.001820804 0.00086225 -0.01517646 -0.01982578 -0.01793221 -0.0197954 -0.0166742 -0.01595988 -0.01553525 0.002809027 0.02534865 0.01103851 0.01772996 0.006988097 -0.01013714 0.02615088 0.03421939 0.04414335
0.02070636 0.02625299 0.01633987 0.01935943 0.01946123 0.04058291 0.04426402 0.04153355 0.03085051 0.00192974 -0.01038933 0.008015652 0.01282175 0.008388037 0.01771166 0.02672349 0.03730604 0.02552384 -0.0179711 -0.2912792 -0.1420929 0.05920319 0.1933625 0.1901847 0.1248381 0.1050033 0.06872577 0.03557755 -0.001857563 -0.02902505 -0.04246647 -0.03129051 -0.01116248 0.00911492 0.01224505 -0.003099836 -0.01761721 -0.02001456 -0.01849091 -0.02937023 -0.03308174 -0.01441066 0.01450859 0.04353646 0.04806998 0.0497762 0.05217311 0.04534876 0.03361553 0.02060001 0.01519568
0.002595237 -0.007971712 -0.01717958 0.001677744 0.03145061 0.04542196 0.04434871 0.0365122 0.01678012 0.008735503 0.01288305 0.01010387 0.03182854 0.02477279 0.0131181 -0.009551235 -0.2878357 -0.2300039 0.05255293 0.171921 0.2011266 0.140777 0.09847197 0.06053081 0.02066906 -0.01156321 -0.03704156 -0.01579588 0.007718285 0.008766769 0.007549159 0.01501833 0.02786655 0.03381491 0.03004733 0.01783437 0.0006969377 -0.012711 -0.02716325 -0.03786554 -0.03659311 -0.0234671 0.01179625 0.02207489 0.009166261 0.002390566 0.01870386 0.02284683 0.0143483 0.01115551 0.003399325
0.02484098 0.01962102 0.01037234 0.01951234 0.04800777 0.055515 0.05765445 0.04586367 0.04108331 0.004597403 -0.02009634 -0.02042296 0.005111874 0.0218258 0.03592516 0.0420042 0.04025514 0.02055477 -0.1657033 -0.1773787 -0.1713316 0.0355024 0.2481923 0.4414762 0.3700173 0.2284899 0.1368694 0.0357085 -0.03263079 -0.04686375 -0.01511328 0.03118903 0.0553871 0.06364486 0.07607456 0.09023578 0.09451225 0.05700643 0.02768271 0.02312885 0.05158288 0.074638 0.08886338 0.08930526 0.08378085 0.08391822 0.07228706 0.05188583 0.05301632 0.05043432 0.04380089
-0.05148951 0.002330984 0.04008171 0.08818897 0.06974421 0.06308554 0.05778491 0.05537248 0.0341961 0.02773095 0.03407961 -0.0129157 0.02334457 0.06486914 0.0672974 0.04024984 -0.1528073 -0.1413585 -0.05689121 0.1924181 0.2198509 0.1942671 0.16737 0.09548821 0.0573283 0.04963198 0.03474269 0.01552313 0.005178145 0.01261537 0.0234816 0.02767434 0.003876477 0.01549448 0.04227009 0.04300577 0.03354681 0.04913356 0.04004518 0.03331918 0.04528037 0.05874575 0.04507237 0.0006816583 -0.03823816 -0.03828095 -0.03894412 -0.03875774 -0.02945544 -0.03292247 -0.01703209
0.04663759 0.03451673 0.02850404 0.0342255 0.0362638 0.03558695 0.02714398 0.02947352 0.03828449 0.04948072 0.05259987 0.05520476 0.047599 0.03899378 0.03592104 0.03412703 0.02469948 0.02350652 0.02012175 0.07011672 0.1555529 0.0698927 -0.0396434 -0.06371101 -0.0163023 -0.06238835 0.01141211 0.002382304 0.05629829 0.02082054 0.0004812986 0.01770673 0.05872527 0.05332333 0.06576744 0.07803287 0.04227148 0.0101518 -0.01295517 -0.01213513 0.004478462 0.0168469 0.03995772 0.04666932 0.054074 0.05003305 0.0494393 0.05696539 0.06807876 0.06412912 0.05628659
0.05465021 0.05533114 0.07608021 0.08075477 0.08782084 0.0771222 0.07904015 0.06110411 0.03902967 0.04257977 0.02965989 0.03676435 0.03872216 0.03366998 0.03897162 0.05059983 0.05513982 0.08463078 0.08667611 0.09048684 0.109213 0.1739041 0.05051911 0.0106503 0.002403516 0.04337492 0.06114465 0.07253169 0.07989409 0.07740631 0.07269229 0.06357864 0.0727207 0.09207174 0.1031194 0.08665301 0.08865603 0.0835056 0.0773394 0.06703321 0.06067468 0.06368303 0.05885233 0.06258236 0.0699291 0.07374482 0.05972753 0.06590477 0.06286651 0.06621183 0.0770483
0.03826798 0.04086892 0.04123808 0.03794114 0.03571283 0.03025497 0.02534862 0.02659676 0.02285683 0.02588741 0.03259609 0.03419221 0.03533598 0.02878607 0.02958325 0.03012731 0.03042186 0.02935539 0.02789715 0.02799622 0.02948099 0.03686016 0.04169235 0.05138332 0.04827456 0.04519421 0.04512615 0.0416706 0.1833913 0.0610797 -0.01870674 -0.005856534 0.0104478 0.06369101 0.1713512 0.1556965 0.1200599 0.06713485 -0.01859758 -0.02998132 -0.02375657 0.01356306 0.008638171 0.02050306 0.04376683 0.05737303 0.05757361 0.06755409 0.07314109 0.08311213 0.06750768
0.01769046 0.02282174 0.02447405 0.03538198 0.03893889 0.04377447 0.03897543 0.03648106 0.03259227 0.03230326 0.03168829 0.033813 0.03816868 0.03791554 0.03960615 0.03894565 0.1125837 0.0748003 0.08172584 0.06852119 -0.0305954 -0.01317336 -0.06523047 -0.04434525 -0.01861789 0.05771433 0.1280862 0.05237792 -0.000975126 0.00408289 0.02363495 0.07920398 0.09014634 0.06864911 0.0718571 0.07211807 0.04536097 0.03184437 0.021333 0.0293873 0.05061539 0.06501293 0.0841302 0.08827292 0.08187454 0.07460165 0.06387082 0.06406187 0.05616466 0.05485972 0.05724925
0.07512364 0.07493193 0.07520657 0.06671154 0.05426166 0.05195249 0.06422628 0.07163456 0.08231965 0.08182131 0.07354531 0.0580631 0.06148427 0.06677218 0.06256033 0.0569399 0.0495443 0.04339152 0.04856249 0.05240177 0.06562556 0.07061931 0.05811257 0.04240287 0.04187154 0.2446655 -0.05623378 0.03314959 0.05630571 0.1062681 0.1549088 0.1439369 0.06694075 -0.001821458 -0.02001355 -0.03326058 -0.03072064 0.006977686 0.03204273 0.00214154 -0.005654058 0.002416098 0.01180543 0.02810628 0.03400116 0.02860043 0.02519621 0.01430953 0.006900674 0.004865196 0.001209723
0.06441725 0.08485144 0.07906687 0.0881373 0.08055606 0.06787352 0.05129438 0.05000864 0.0577207 0.06131425 0.06099537 0.07611907 0.06540963 0.04884543 0.04413679 0.04715115 0.05236895 0.05260802 0.05037573 0.07184743 0.07439571 0.06862549 0.05787084 0.05915103 0.05944687 0.04048643 0.03542721 0.03996133 0.05238704 0.03059991 0.0423172 0.02516788 0.06157683 0.03245274 0.02704495 0.02540377 0.02323442 0.03710482 0.05192835 0.06132512 0.0546354 0.05506241 0.04943224 0.04015658 0.02521868 0.02281795 0.01589291 0.03020243 0.03082177 0.03729846 0.04191082
0.02636421 0.02297754 0.03592446 0.05475295 0.07484931 0.08471604 0.06922097 0.06084129 0.055581 0.06420752 0.06188592 0.05063757 0.04658202 0.04833253 0.05649533 0.06175163 0.0628954 0.06229711 0.05973714 0.04914996 0.04382576 0.03176555 0.03645682 0.04706727 0.06160648 0.0668069 0.07643396 0.1785393 0.009611135 -0.002242279 0.02763049 0.009311317 -0.006379734 0.002681916 0.01402119 0.03127741 0.05025013 0.06417333 0.04914796 0.03785092 0.03313453 0.02918218 0.03076799 0.03028433 0.03824405 0.05225301 0.05473204 0.05166561 0.0559894 0.04949808 0.04310777
0.0403071 0.04044911 0.02710686 0.02063554 0.02060509 0.02089253 0.02556331 0.03972913 0.04557514 0.05074477 0.05003163 0.0542185 0.04760844 0.04435522 0.04985408 0.06331107 0.06006227 0.03520552 0.02910414 0.03165787 0.03003441 0.03108048 0.01785187 0.09974398 0.006338958 -0.008046649 0.02266854 0.0340216 0.03996697 0.08119745 0.1009143 0.08269119 0.08267562 0.09157707 0.09883089 0.10218 0.07663462 0.04098676 0.04303777 0.04333413 0.0506329 0.04916298 0.04673164 0.05858679 0.05945964 0.06828544 0.05779179 0.04356876 0.0441374 0.04666701 0.05542746
0.04207504 0.04843329 0.05205547 0.04933354 0.04693378 0.04112283 0.03495582 0.02515665 0.02082664 0.01562929 0.01628661 0.01609054 0.0229948 0.02772902 0.03513011 0.0429228 0.006271353 0.04160888 -0.03602327 0.07996012 0.01738822 0.03905108 -0.0172528 -0.02280267 0.001990739 0.003524579 0.02417487 0.03443958 0.04172567 0.04346715 0.04112324 0.03356098 0.03231066 0.01927676 0.01318931 0.01432845 0.01715693 0.02024138 0.02781296 0.03689849 0.04082471 0.05464029 0.05193404 0.03873091 0.0240825 0.0197777 0.01698454 0.02294086 0.02645559 0.03437014 0.04436818
0.042383 0.05568949 0.09444287 0.07847666 0.07033782 0.05965118 0.03689751 0.01496504 0.001047743 0.007925787 0.01790895 0.03343639 0.04350612 0.2403985 0.09515615 0.02717529 -0.01866378 -0.0167622 -0.008555412 0.01449143 0.03894642 0.05854883 0.06983514 0.05556841 0.03787587 0.02998361 0.02797368 0.03327587 0.06230465 0.06847439 0.08102888 0.08390297 0.1060955 0.0938996 0.07215156 0.02955304 -0.01499042 -0.01498436 0.01336673 0.05141542 0.08347678 0.08902734 0.06130651 0.04498334 0.03432826 0.02629033 0.0325663 0.04568832 0.04959556 0.03329594 0.02652864
0.03560983 0.07822806 0.09398486 0.09177847 0.1068824 0.1264232 0.1403383 0.120089 0.1014069 0.1089219 0.1148205 0.1160549 0.1062962 0.1010666 0.3643295 0.4063893 0.1197705 0.01962437 0.00986396 0.03674718 0.07127274 0.09106549 0.06809252 0.06697892 0.07340791 0.09426884 0.1127083 0.1143361 0.1278867 0.1468028 0.1729687 0.1544366 0.131483 0.155481 0.1416989 0.11078 0.1069479 0.1450737 0.1653152 0.2186133 0.2116732 0.1867218 0.1895934 0.1751381 0.1876905 0.1192376 0.1426637 0.1465069 0.1369551 0.1210241 0.09752773
0.05904423 0.05578433 0.07996727 0.07574052 0.07595869 0.07620662 0.0847694 0.09867112 0.1007401 0.1111859 0.1143795 0.1049442 0.09584322 0.08940526 0.09913149 0.06571491 0.06040081 0.08028055 0.5073205 0.8024408 0.4075437 -0.02158036 -0.1781293 -0.181996 -0.1356833 -0.07016198 0.006228501 0.05682743 0.07441688 0.09505673 0.09855369 0.1056664 0.1149515 0.137223 0.1454167 0.1493758 0.1425601 0.1083194 0.06165653 0.04489085 0.05100287 0.08320302 0.08877908 0.1283942 0.1206549 0.1154573 0.1148503 0.1038973 0.09323657 0.1041056 0.1086426
0.05721061 0.04650686 0.09088181 0.1300962 0.09345937 0.1203862 0.09069397 0.1109652 0.06370951 0.0522799 0.05468789 0.1064698 0.1472683 0.4857958 0.291491 0.06903391 -0.03333874 -0.02061803 0.01214089 0.004805918 0.04062981 0.01308803 0.04186573 0.05607993 0.04971864 0.1268887 0.156256 0.110975 0.0796392 0.04699472 0.050716 0.05161133 0.06049144 0.1049749 0.1259435 0.141044 0.1344309 0.1213772 0.1403569 0.1528936 0.1548483 0.1374563 0.1203149 0.117268 0.1157248 0.09474328 0.09930705 0.1030313 0.1066829 0.06008721 0.06517284
0.0761015 0.07849745 0.08193604 0.06885267 0.02521895 0.002734161 0.005579559 0.01392181 0.01361295 0.01034747 0.01680581 0.2510918 0.346336 0.02960309 -0.1032501 -0.1132387 -0.08390147 -0.06488293 -0.0523167 -0.01784922 -0.001561262 0.0008865533 0.004011475 0.009964662 0.01744018 0.02123365 0.02832944 0.03854506 0.03436629 0.01632547 0.005886572 0.007029792 0.01901466 0.03960122 0.05315153 0.04993288 0.04219724 0.06807582 0.09491916 0.07257032 0.06298907 0.08102739 0.07499949 0.07975197 0.06231272 0.0810202 0.1099003 0.1397016 0.1593124 0.1548555 0.1500865
0.1127188 0.1330176 0.0842701 0.145284 0.1100891 0.1006909 0.09688687 0.07463812 0.08628893 0.1228528 0.08603105 0.07030489 0.08805318 0.06794054 0.08256067 0.3213381 0.4937717 0.2033852 0.0005591537 -0.07068641 -0.05088885 -0.02594056 0.01635765 0.05922999 0.1036018 0.1426207 0.1919342 0.1431888 0.1344203 0.1248053 0.1611569 0.1483019 0.170038 0.1479796 0.09149334 0.09367914 0.08672284 0.1075592 0.1262227 0.1232522 0.1372101 0.1367189 0.1345596 0.1243098 0.09944189 0.1375988 0.1102742 0.1037845 0.1016242 0.104853 0.1023597
0.09817171 0.1007745 0.08833417 0.09409436 0.116145 0.1227176 0.1341912 0.1285439 0.1033223 0.06306263 0.07011653 0.09760109 0.05024727 0.02370083 0.04452645 0.1257315 0.1078903 0.145081 0.2151575 0.1172095 0.03428387 0.004291542 0.0262217 0.03374303 0.07295207 0.0736471 0.08674959 0.05530999 0.05317419 0.05385393 0.04869375 0.06410319 0.07962669 0.06563161 0.05302263 0.03903594 0.0247336 0.0361233 0.04623517 0.03679652 0.06518354 0.07924568 0.0752788 0.07002364 0.07205001 0.06886636 0.08570137 0.1191314 0.09325229 0.06465485 0.0594326
0.08756372 0.08586789 0.0790044 0.1136811 0.1092169 0.09691621 0.0782703 0.07710669 0.1120534 0.1015124 0.09004916 0.07547079 0.08625583 0.09064067 0.1062024 0.116085 0.1352529 0.6929883 0.3917448 0.06954033 -0.03273881 -0.02732669 -0.01047331 -0.007064419 0.008376725 0.04956277 0.04683615 0.06855753 0.07618725 0.08549987 0.09618755 0.1017234 0.09326902 0.07987956 0.04933101 0.0529189 0.04664892 0.06038539 0.06323776 0.08959342 0.09569205 0.08603948 0.08049148 0.07128112 0.05505678 0.04388231 0.0413613 0.04231199 0.03630174 0.0457556 0.0514161
0.0270487 0.0294689 0.0274271 0.03811072 0.05071595 0.05859208 0.0584847 0.05150417 0.05162274 0.05281759 0.04277839 0.02772324 0.02681273 0.02340928 0.02855795 0.0278177 0.2743697 0.4417247 0.1131999 -0.09583862 -0.1345578 -0.1006032 -0.07437691 -0.04441056 0.002136222 0.03548655 0.04312218 0.04416198 0.03289457 0.03254144 0.03528138 0.02357048 0.02640988 0.02961615 0.03424924 0.04031709 0.04349476 0.03463054 0.04163198 0.0612984 0.08419585 0.06607351 0.05381719 0.04633183 0.042387 0.04592294 0.05142096 0.06564961 0.06140496 0.07828901 0.08873827
0.08204436 0.04410093 0.02316574 0.01858059 0.01719947 0.03010883 0.03921666 0.0454653 0.05267238 0.04687709 0.04021863 0.04257423 0.05248424 0.043624 0.04296054 0.05315549 0.05014318 0.05676869 0.6111391 0.3827506 -0.03184666 -0.2223728 -0.2153238 -0.1288902 -0.05996782 -0.03287114 -0.01021019 0.02667844 0.04798668 0.05280878 0.05857754 0.04971151 0.05078752 0.06397893 0.06477512 0.06075953 0.07474569 0.08677565 0.0791494 0.08746415 0.08301716 0.08196741 0.06927024 0.06705659 0.06197706 0.05893841 0.07473306 0.0831169 0.08598051 0.08197631 0.0901401
0.05801662 0.04278285 0.02997219 0.04910243 0.06558221 0.086585 0.1012774 0.1193319 0.1244877 0.1145649 0.1009801 0.04098719 0.01869208 0.01976054 0.0231961 0.01767946 0.01155553 0.007611263 0.01108149 0.03572414 0.04150674 0.04066341 0.06576877 0.08163116 0.06127366 0.07591875 0.06617765 0.0554822 0.07065529 0.07577609 0.08110303 0.0947239 0.1059227 0.1255339 0.1315812 0.1251131 0.1130536 0.0794576 0.1072881 0.08542602 0.04727075 0.04429491 0.05965016 0.0688247 0.06109173 0.05617649 0.04812104 0.05830739 0.05786588 0.05383718 -0.1151692
0.05943152 0.05401861 0.06332828 0.06361907 0.07212574 0.1051425 0.1048431 0.0842248 0.09145217 0.09439696 0.108857 0.1248336 0.4719691 0.1361103 -0.02409899 -0.1097495 -0.1446243 -0.09630539 -0.0307066 0.01229503 0.04688277 0.09835417 0.1033685 0.08970512 0.0670762 0.05216455 0.06153802 0.06821731 0.08013456 0.09650452 0.09894592 0.1070253 0.0583399 0.05642933 0.04966356 -0.00238469 -0.009105555 0.07220341 0.1074814 0.1002212 0.06846337 0.06589771 0.09017482 0.09092922 0.09030537 0.0901875 0.08208434 0.07972351 0.07928348 0.09477206 0.0960786
0.08332641 0.07300001 0.06607352 0.07928573 0.0835048 0.06338825 0.07483494 0.05665612 0.05930096 0.07633176 0.0442732 0.02651382 0.01423541 0.05276383 0.1002092 0.1012942 0.06755082 0.04434133 0.02486264 0.009078082 -0.4224527 -0.2491625 0.0391206 0.2490155 0.2467457 0.1998394 0.1594528 0.09672106 0.07827225 0.07481405 0.07621759 0.0616158 0.07227217 0.08719382 0.08875944 0.08786663 0.08124541 0.06050675 0.05482502 0.08462443 0.1014035 0.09611496 0.09951185 0.1056971 0.09779704 0.1024977 0.1123668 0.1228723 0.1580045 0.1254453 0.1212791
0.047683 0.03696025 0.04192855 0.05890002 0.07641511 0.1033027 0.1316495 0.128058 0.09121366 0.0455514 0.03631787 0.05064986 -0.3352289 -0.339785 -0.007356858 0.1628732 0.240972 0.256595 0.2120348 0.1329395 0.09740411 0.1008437 0.1105767 0.06941263 0.04377395 0.06092507 0.04334795 0.02230727 -0.001345887 0.0315278 0.1289817 0.1505032 0.1543677 0.1224714 0.06572156 0.04945165 0.02909387 -0.02609923 0.005243598 0.04334158 0.05435965 0.05444794 0.05413697 0.07342062 0.07746045 0.08760929 0.08732165 0.06847624 0.06103003 0.08701337 0.06992767
0.06400099 0.07282876 0.05874474 0.08816605 0.08864707 0.1087654 0.06887291 0.09018611 0.05199131 0.03501645 0.03215246 0.05542674 0.04867012 -0.1952346 -0.03116964 0.07587759 0.182964 0.2059679 0.2014589 0.2113429 0.1568838 0.0835498 0.03686397 0.01769456 0.04422444 0.04807556 0.02251496 0.04304978 0.07012788 0.1121148 0.117679 0.07113526 0.02911 0.03761851 0.06820207 0.07320874 0.075178 0.06886655 0.06890951 0.07408031 0.08336209 0.08068783 0.1005789 0.07137658 0.1238947 0.1116709 0.08953151 0.0833829 0.07828701 0.07610153 0.07219361
0.08877746 0.08081093 0.08468716 0.05901349 0.08686902 0.1076704 0.1193606 0.1100408 0.132506 0.1116218 0.09946867 0.09577926 0.1140737 0.1178431 0.09131869 0.06834259 -0.2020032 -0.06741687 0.09355895 0.1645803 0.203806 0.2231804 0.2401662 0.1702237 0.1182842 0.08843847 0.0482805 0.05045699 0.0403713 0.06610644 0.07386074 0.1020847 0.1141601 0.1277642 0.1419698 0.07946293 0.05097122 0.07982484 0.08833838 0.1070698 0.119646 0.1098283 0.1106414 0.1377452 0.1331573 0.09612056 0.03547399 0.04599027 0.0504633 0.06912456 0.07733674
0.07733674 0.079598 0.05433407 0.05771899 0.09532012 0.08701816 0.06908242 0.04279817 -0.006166311 -0.001721158 0.04298957 0.04311084 0.07462953 0.0640007 0.06641684 0.05278825 0.05809887 0.08349635 0.08192807 -0.4829409 -0.5822999 -0.1150642 0.1731184 0.264925 0.2426013 0.1577957 0.1002551 0.08143806 0.03045334 0.03281162 0.04104121 0.06998213 0.06466952 0.0256243 0.03304994 0.06074366 0.09378696 0.07517039 0.08876991 0.113214 0.08060515 0.08756824 0.107678 0.1257691 0.1237295 0.148164 0.1515768 0.1585921 0.1523574 0.1564563 0.1570795
0.04230306 0.03517003 0.02965764 0.02886509 0.03820514 0.04282721 0.06334963 0.06228039 0.05478056 0.06519562 0.06207933 0.05717973 0.04963835 0.05501859 0.0570797 0.0557618 -0.3568382 -0.3466469 -0.04136651 0.2143307 0.3214942 0.3192127 0.2748847 0.2184967 0.1718237 0.1460094 0.1170526 0.1157175 0.1262162 0.1336178 0.1500583 0.1449251 0.1420008 0.135727 0.1246415 0.1218119 0.1228018 0.1119467 0.1344202 0.1379568 0.1449146 0.1530666 0.1369018 0.146407 0.1482736 0.1160012 0.09955086 0.09256181 0.1025456 0.09340951 0.1066254
-0.02373078 -0.02627157 -0.0118493 -0.02920654 -0.02264512 -0.01284401 -0.02038823 -0.01919744 -0.01730966 -0.01240024 -0.005314241 -0.00510249 -0.007936327 -0.1429751 -0.09694448 0.003910429 0.09073562 0.09250285 0.09741098 0.09894168 0.09841979 0.08955912 0.08651615 0.07406031 0.05143444 0.02319271 0.03583096 0.008588668 -0.009889868 0.002038281 0.02255214 0.05101872 0.06669787 0.06400769 0.05488728 0.04163038 0.02919968 0.02989475 0.05105191 0.002540017 0.003834817 0.006237514 0.01398633 0.005699016 -0.005000683 -0.0111131 -0.01526157 -0.02199277 -0.002278643 0.006932395 -0.006783791
0.0779588 0.08948127 0.07826991 0.06994323 0.05468603 0.04963494 0.02831783 0.003277993 -0.01252192 -0.01128488 -0.01132646 -0.005843799 -0.01213618 -0.01008628 -0.02157567 -0.02068928 -0.02690944 -0.3358332 -0.1528938 -0.02132757 0.07334778 0.1071099 0.1106872 0.1018978 0.07708465 0.04952761 -0.005391728 -0.02353028 -0.0388643 -0.04601145 -0.03867476 -0.01251678 -0.00299333 0.005114587 0.01534787 0.01804692 0.009265551 -0.005004663 -0.001771746 0.01534466 0.02163696 0.03938437 0.03916463 0.04309169 0.05967505 0.03897273 0.02449339 0.02321536 0.04119452 0.02340944 0.03585184
0.04651361 0.04377437 0.001619052 -0.04821668 -0.02909452 0.01092837 0.01886334 0.04191802 0.05977295 0.0444589 0.01087594 0.02211278 0.03549963 -0.1707056 -0.1250914 0.0001185912 0.04425008 0.08258044 0.08049575 0.07117093 0.0563679 0.01789075 0.01635309 0.009350294 0.0003174319 -0.02486618 -0.02240675 -0.03925137 -0.02421627 -0.01479527 -0.02205211 -0.03000826 -0.020982 -0.03583536 -0.023697 -0.02200759 0.008334008 0.01180864 0.02064351 0.04253465 0.04498769 0.03338848 0.01814943 0.01539577 -0.008268088 -0.01845815 -0.03792545 -0.1235436 -0.1644638 -0.109303 -0.01188723
0.02657604 0.04338684 0.03360148 0.01424544 0.001043004 0.01403123 0.009240403 -0.02348511 0.236575 0.182109 0.06355221 -0.05065132 -0.1069689 -0.1221004 -0.1220214 -0.1110796 -0.07379234 -0.07626298 -0.04171319 -0.02685773 -0.03174378 -0.06017037 -0.05808821 -0.03609055 -0.02010482 -0.01739707 -0.02246282 0.008336751 0.01841775 -0.003118919 -0.04562307 -0.07063109 -0.03684048 -0.0383391 -0.04081045 -0.04545387 -0.03274213 -0.04306786 -0.04847683 -0.03042179 -0.04046576 -0.04571511 -0.04963226 -0.04932202 -0.05819103 -0.08610919 -0.08628777 -0.05147741 -0.05340813 -0.05003287 -0.01232831
-0.05340813 -0.05003287 -0.01232831 -0.004921208 0.001978689 -0.006004225 -0.01784887 -0.03321638 -0.04477265 -0.06086228 -0.03934002 -0.01963499 -0.009951628 0.05927881 0.6301745 0.225616 0.06166877 -0.04235715 -0.1076782 -0.1390111 -0.1344583 -0.09589186 -0.08842726 -0.07192617 -0.04392676 -0.004118031 0.02586942 0.009008144 0.01466608 0.05036616 0.04496634 0.04255719 0.0232784 0.03329115 0.03205972 0.0316994 0.04937098 0.04052489 0.01374273 0.0264675 0.02004117 0.03539494 0.03550032 0.03870317 0.02015064 0.03903804 0.03784119 0.04302607 0.0434896 0.03340894 0.03557923
0.03784119 0.04302607 0.0434896 0.03340894 0.03557923 0.04249589 0.03732801 0.04469058 0.09482672 0.8320649 0.9380641 0.4434351 0.05359937 -0.168674 -0.2071166 -0.1894256 -0.120013 -0.05995281 -0.04409632 -0.00839809 0.01405309 0.05087678 0.0468985 0.0370223 0.01446987 -0.0162973 -0.02722636 -0.02040361 0.002346817 0.009948371 -0.001144623 0.006122005 0.005309541 0.02515097 0.01397511 -0.009943368 -0.005716584 0.007906018 -0.0106135 -0.02153963 -0.05444732 -0.05290018 -0.02712294 -0.01241966 -0.002263772 0.005438983 0.02163767 0.02015111 0.03451952 0.02434084 0.05796842
0.007475819 -0.004100737 -0.01739172 -0.03025334 -0.02619821 -0.01543763 -0.01394258 -0.00458758 0.003804315 0.01517184 0.02333839 0.03854783 0.03545224 0.05024963 0.04896925 0.05238046 0.1227351 0.1632666 0.08887445 -0.01599625 -0.03616821 -0.04335318 -0.02829369 -0.0229492 -0.004745726 0.00674509 0.01481619 0.01358884 0.0241136 0.03210505 0.02582153 0.01160372 -0.001109744 0.003875822 0.01602606 0.009080296 0.007231317 -0.03129649 -0.01121553 -0.004162164 0.0002363413 -0.003807308 0.01589796 0.02070967 0.02406021 0.01765497 0.003520157 -0.006631184 0.01453603 -0.006589378 0.001395036
0.04223482 0.03905668 0.01977115 -0.004208551 0.006981493 0.009820166 0.01784738 0.01398916 0.02527314 0.03102945 0.04137305 0.02660838 0.003730834 -0.005747821 -0.01154258 0.001172689 0.2563873 0.47455 0.1996392 -0.04377843 -0.1253 -0.1593746 -0.1549664 -0.1044155 -0.08024376 -0.08761846 -0.06728245 -0.06116784 -0.0413017 -0.02597557 -0.01707376 -0.009883012 -0.005632418 -0.02682972 -0.01178077 -0.01128293 -0.001520592 -0.009597265 -0.00996757 -0.0225918 -0.02532288 -0.01438722 -0.01217156 -0.04280776 -0.02153174 -0.03646282 -0.03895926 -0.02658888 -0.01060478 -0.008080825 -0.006187006
0.05709494 0.05843231 0.06111629 0.01028926 -0.01390233 -0.02672687 -0.02691503 -0.0141337 0.007732742 0.02951244 0.02217237 0.2384689 0.3823136 0.2008019 0.02943959 -0.09122477 -0.1082656 -0.103135 -0.1111223 -0.05680657 -0.03527383 -0.003438492 0.03480408 0.04218373 0.02231812 0.01573478 0.01904669 0.004528112 0.008234284 -0.008341473 -0.0153602 -0.01988343 -0.009283306 -0.02217638 -0.01678345 -0.006079493 0.003569474 0.005459692 0.01108287 0.007545079 0.007739421 -0.002384833 0.01113612 0.02429172 0.02215572 0.0370793 0.02469701 0.007339711 0.003320165 -0.001468024 0.01486383
0.003276217 0.01679092 -0.01525672 -0.02340862 -0.02577438 -0.005884527 -0.002583665 0.04156638 0.03879325 0.04706313 0.01479518 0.0003974132 -0.006534415 -0.009784902 -0.01969782 -0.002057762 0.04426454 0.3639974 0.361329 0.1460375 0.006235925 -0.06649139 -0.0844641 -0.09472307 -0.09212846 -0.07889175 -0.04987724 -0.04811226 -0.0418684 -0.0245246 0.00269084 -0.0241645 -0.007878981 -0.009559614 -0.005347901 0.01716708 0.02628743 0.003091855 0.0003979803 0.01084041 0.01235382 0.01265097 0.0295052 0.009397067 -0.01560159 -0.00181433 0.01730644 0.01346313 0.02479044 0.03544541 0.04628163
0.05475088 0.05533892 0.0527323 0.03795376 0.02101399 0.02243147 0.0237045 0.0169461 0.01918615 0.05906929 0.4217697 0.285329 0.1120024 0.01738383 -0.05738868 -0.06274706 -0.0416258 -0.01227135 0.01795982 0.01259285 -0.01565967 -0.01977162 0.02882042 0.03638145 0.01629706 0.01143725 0.02501635 0.0443016 0.04602975 0.01140854 0.003818453 0.01570524 0.02284105 0.05474265 0.04889495 0.05681399 0.04383382 0.02459809 0.02245531 0.02004115 0.01334647 0.005252972 0.005018753 -0.001698282 -0.0002924795 -0.009264183 -0.01646227 -0.004658233 -0.008420169 -0.0055553 -0.006696898
0.03167011 0.05809565 0.007813013 0.0218713 0.05850551 0.04048238 0.004188055 0.004234043 0.02008017 0.01438919 0.01034985 -0.0009800347 -0.00293662 -0.02130286 -0.2342685 -0.5070356 -0.123566 0.09899568 0.2124782 0.2160535 0.1728904 0.1281142 0.07950199 0.04902614 0.03024228 0.01810576 0.01655765 0.03903846 0.04516308 0.02831091 0.02271833 0.0231052 0.02118836 0.01458912 0.02044065 0.03282432 0.007663196 0.008542168 -0.01686346 -0.01628386 -0.004518287 -0.008629169 -0.02430587 -0.01851902 -0.01183877 -0.01554378 0.001621253 0.005935218 -0.01990415 -0.002228319 -0.003075733
