261.0 257.0 196.0 181.0 190.0 192.0 215.0 278.0 268.0 241.0 211.0 199.0 197.0 216.0 238.0 260.0 274.0 295.0 324.0 306.0 343.0 301.0 275.0 238.0 272.0 312.0 302.0 267.0 261.0 262.0 267.0 266.0 227.0 236.0 243.0 231.0 248.0 236.0 260.0 297.0 261.0 280.0 249.0 217.0 200.0 192.0 239.0 250.0 217.0
286.0 276.0 237.0 228.0 246.0 262.0 286.0 329.0 256.0 277.0 272.0 266.0 255.0 278.0 262.0 244.0 263.0 279.0 259.0 271.0 272.0 280.0 308.0 293.0 290.0 321.0 286.0 301.0 315.0 275.0 290.0 280.0 318.0 276.0 295.0 305.0 339.0 303.0 294.0 303.0 285.0 291.0 303.0 332.0 305.0 291.0 313.0 316.0 298.0
278.0 269.0 277.0 275.0 276.0 283.0 278.0 275.0 272.0 266.0 277.0 266.0 281.0 286.0 283.0 273.0 278.0 281.0 279.0 277.0 277.0 265.0 275.0 280.0 279.0 274.0 277.0 270.0 295.0 279.0 278.0 278.0 284.0 288.0 274.0 259.0 269.0 272.0 268.0 273.0 277.0 275.0 278.0 303.0 303.0 259.0 290.0 291.0 303.0
300.0 314.0 312.0 318.0 297.0 314.0 302.0 292.0 307.0 333.0 327.0 321.0 344.0 325.0 319.0 334.0 317.0 317.0 322.0 311.0 304.0 284.0 307.0 294.0 314.0 342.0 354.0 350.0 327.0 343.0 325.0 297.0 340.0 334.0 339.0 322.0 335.0 341.0 375.0 370.0 374.0 349.0 324.0 350.0 351.0 372.0 356.0 354.0 337.0
350.0 322.0 325.0 325.0 290.0 281.0 302.0 280.0 310.0 312.0 330.0 307.0 293.0 303.0 297.0 301.0 295.0 288.0 294.0 285.0 294.0 282.0 276.0 275.0 266.0 271.0 271.0 270.0 274.0 297.0 271.0 264.0 267.0 266.0 272.0 272.0 284.0 279.0 307.0 302.0 300.0 271.0 290.0 309.0 304.0 309.0 343.0 324.0 318.0
338.0 327.0 332.0 324.0 311.0 310.0 306.0 288.0 298.0 322.0 332.0 309.0 315.0 297.0 299.0 296.0 283.0 303.0 311.0 318.0 302.0 305.0 289.0 314.0 297.0 320.0 332.0 305.0 299.0 299.0 296.0 295.0 297.0 288.0 284.0 283.0 283.0 254.0 248.0 266.0 247.0 254.0 254.0 258.0 279.0 292.0 309.0 304.0 306.0
320.0 309.0 305.0 247.0 343.0 292.0 246.0 326.0 316.0 330.0 307.0 313.0 352.0 321.0 293.0 326.0 306.0 352.0 309.0 348.0 314.0 332.0 360.0 308.0 359.0 301.0 303.0 317.0 322.0 362.0 306.0 256.0 261.0 242.0 268.0 216.0 221.0 281.0 245.0 280.0 303.0 262.0 346.0 295.0 286.0 309.0 278.0 278.0 329.0
337.0 323.0 334.0 303.0 305.0 322.0 363.0 350.0 330.0 305.0 347.0 392.0 328.0 323.0 367.0 345.0 341.0 359.0 380.0 356.0 403.0 413.0 355.0 356.0 367.0 318.0 395.0 323.0 338.0 366.0 374.0 361.0 356.0 363.0 287.0 258.0 324.0 333.0 398.0 340.0 363.0 256.0 299.0 305.0 395.0 396.0 333.0 433.0 363.0
334.0 303.0 296.0 303.0 317.0 293.0 333.0 298.0 303.0 308.0 309.0 305.0 299.0 311.0 328.0 322.0 327.0 315.0 306.0 288.0 314.0 323.0 346.0 332.0 291.0 301.0 307.0 311.0 321.0 325.0 315.0 305.0 337.0 318.0 303.0 306.0 305.0 294.0 308.0 295.0 294.0 284.0 298.0 312.0 301.0 294.0 311.0 292.0 284.0
344.0 311.0 279.0 299.0 314.0 304.0 316.0 297.0 333.0 319.0 335.0 340.0 335.0 317.0 333.0 321.0 324.0 322.0 319.0 315.0 319.0 319.0 332.0 331.0 331.0 345.0 327.0 350.0 336.0 337.0 352.0 327.0 330.0 333.0 328.0 320.0 341.0 333.0 321.0 302.0 319.0 332.0 328.0 328.0 347.0 340.0 337.0 335.0 336.0
347.0 323.0 326.0 338.0 348.0 331.0 333.0 335.0 321.0 327.0 358.0 339.0 365.0 327.0 374.0 366.0 371.0 360.0 355.0 339.0 362.0 357.0 369.0 369.0 326.0 318.0 328.0 345.0 337.0 351.0 361.0 326.0 339.0 317.0 310.0 329.0 356.0 313.0 381.0 361.0 348.0 328.0 362.0 344.0 357.0 339.0 360.0 354.0 355.0
328.0 321.0 315.0 330.0 329.0 325.0 340.0 338.0 342.0 361.0 344.0 339.0 355.0 347.0 342.0 319.0 330.0 335.0 340.0 324.0 337.0 330.0 322.0 337.0 329.0 329.0 310.0 317.0 326.0 341.0 337.0 328.0 358.0 339.0 339.0 336.0 339.0 349.0 333.0 348.0 325.0 351.0 325.0 353.0 345.0 377.0 371.0 351.0 356.0
339.0 348.0 345.0 345.0 345.0 357.0 332.0 343.0 338.0 346.0 328.0 337.0 332.0 334.0 344.0 315.0 336.0 335.0 318.0 329.0 341.0 338.0 345.0 341.0 344.0 352.0 351.0 357.0 345.0 354.0 344.0 372.0 362.0 357.0 342.0 345.0 347.0 365.0 348.0 334.0 340.0 329.0 352.0 355.0 373.0 340.0 343.0 331.0 346.0
357.0 330.0 356.0 311.0 319.0 333.0 329.0 345.0 308.0 330.0 326.0 352.0 360.0 306.0 341.0 319.0 359.0 311.0 293.0 334.0 300.0 107.0 354.0 357.0 312.0 322.0 377.0 347.0 330.0 316.0 298.0 323.0 294.0 327.0 311.0 313.0 315.0 278.0 369.0 323.0 262.0 261.0 310.0 357.0 365.0 366.0 373.0 331.0 374.0
326.0 349.0 325.0 346.0 322.0 319.0 338.0 311.0 319.0 310.0 334.0 334.0 352.0 324.0 353.0 351.0 351.0 332.0 322.0 342.0 328.0 356.0 361.0 350.0 320.0 160.0 377.0 423.0 446.0 475.0 472.0 383.0 384.0 348.0 339.0 344.0 310.0 336.0 326.0 323.0 334.0 318.0 329.0 334.0 304.0 327.0 325.0 320.0 334.0
334.0 321.0 326.0 328.0 348.0 345.0 358.0 347.0 370.0 355.0 351.0 333.0 234.0 472.0 421.0 398.0 357.0 360.0 349.0 363.0 342.0 331.0 341.0 327.0 312.0 333.0 318.0 322.0 347.0 336.0 319.0 362.0 333.0 357.0 353.0 356.0 332.0 334.0 362.0 348.0 358.0 370.0 346.0 326.0 349.0 328.0 372.0 324.0 368.0
321.0 347.0 315.0 335.0 333.0 343.0 365.0 321.0 333.0 316.0 349.0 303.0 133.0 341.0 359.0 475.0 475.0 475.0 475.0 475.0 457.0 430.0 366.0 365.0 373.0 401.0 345.0 386.0 350.0 370.0 360.0 369.0 344.0 352.0 328.0 341.0 326.0 315.0 324.0 323.0 317.0 307.0 332.0 332.0 346.0 307.0 343.0 305.0 310.0
311.0 329.0 305.0 318.0 332.0 329.0 352.0 361.0 348.0 17.0 473.0 445.0 375.0 336.0 318.0 334.0 332.0 349.0 366.0 330.0 333.0 331.0 318.0 340.0 344.0 327.0 337.0 360.0 339.0 332.0 344.0 336.0 357.0 335.0 353.0 326.0 324.0 350.0 332.0 316.0 354.0 337.0 303.0 295.0 338.0 323.0 335.0 314.0 307.0
303.0 295.0 338.0 323.0 335.0 314.0 307.0 300.0 326.0 308.0 26.0 40.0 432.0 455.0 439.0 468.0 401.0 365.0 338.0 332.0 335.0 357.0 363.0 332.0 351.0 339.0 341.0 349.0 348.0 331.0 349.0 334.0 376.0 341.0 359.0 362.0 364.0 378.0 380.0 384.0 372.0 361.0 365.0 352.0 375.0 363.0 345.0 392.0 397.0
343.0 359.0 362.0 341.0 346.0 359.0 347.0 356.0 353.0 342.0 332.0 353.0 339.0 360.0 247.0 90.0 415.0 438.0 409.0 435.0 369.0 363.0 361.0 333.0 326.0 322.0 310.0 335.0 331.0 336.0 360.0 354.0 358.0 349.0 333.0 330.0 334.0 332.0 336.0 334.0 359.0 345.0 324.0 322.0 339.0 351.0 365.0 334.0 355.0
356.0 359.0 343.0 339.0 339.0 334.0 340.0 342.0 337.0 333.0 332.0 352.0 324.0 353.0 349.0 343.0 320.0 81.0 26.0 468.0 417.0 415.0 392.0 347.0 371.0 341.0 309.0 342.0 344.0 348.0 342.0 336.0 333.0 310.0 330.0 331.0 326.0 360.0 334.0 330.0 347.0 349.0 324.0 336.0 325.0 328.0 347.0 328.0 322.0
340.0 367.0 396.0 395.0 355.0 340.0 380.0 354.0 376.0 385.0 348.0 384.0 392.0 363.0 330.0 333.0 240.0 407.0 425.0 411.0 383.0 353.0 361.0 359.0 368.0 334.0 350.0 323.0 370.0 368.0 333.0 360.0 343.0 341.0 349.0 340.0 355.0 357.0 346.0 376.0 366.0 337.0 361.0 375.0 342.0 345.0 357.0 371.0 333.0
355.0 366.0 337.0 363.0 342.0 332.0 319.0 347.0 329.0 347.0 338.0 330.0 325.0 426.0 463.0 291.0 327.0 335.0 338.0 325.0 307.0 316.0 315.0 300.0 297.0 301.0 306.0 320.0 301.0 294.0 295.0 267.0 269.0 298.0 285.0 294.0 301.0 353.0 360.0 329.0 356.0 343.0 336.0 363.0 343.0 314.0 344.0 365.0 340.0
267.0 277.0 285.0 295.0 317.0 300.0 319.0 348.0 299.0 303.0 317.0 278.0 286.0 287.0 249.0 288.0 290.0 345.0 369.0 375.0 428.0 299.0 286.0 306.0 342.0 316.0 293.0 301.0 331.0 309.0 362.0 302.0 323.0 359.0 287.0 291.0 329.0 237.0 418.0 350.0 249.0 294.0 331.0 294.0 327.0 358.0 300.0 316.0 307.0
262.0 407.0 420.0 289.0 260.0 465.0 334.0 434.0 295.0 333.0 299.0 318.0 344.0 385.0 347.0 310.0 313.0 310.0 352.0 296.0 382.0 312.0 353.0 345.0 288.0 394.0 402.0 424.0 298.0 376.0 341.0 358.0 302.0 321.0 373.0 321.0 317.0 366.0 324.0 364.0 378.0 344.0 416.0 362.0 352.0 369.0 283.0 324.0 359.0
337.0 342.0 356.0 337.0 345.0 317.0 340.0 351.0 339.0 298.0 307.0 407.0 340.0 294.0 298.0 277.0 208.0 413.0 294.0 275.0 377.0 370.0 275.0 266.0 289.0 260.0 263.0 289.0 374.0 356.0 358.0 296.0 271.0 235.0 264.0 364.0 301.0 353.0 358.0 257.0 263.0 318.0 233.0 300.0 312.0 260.0 311.0 305.0 307.0
351.0 222.0 327.0 350.0 298.0 253.0 244.0 245.0 205.0 311.0 327.0 388.0 366.0 332.0 387.0 305.0 492.0 419.0 438.0 357.0 483.0 402.0 370.0 323.0 301.0 349.0 492.0 307.0 372.0 450.0 402.0 265.0 362.0 395.0 327.0 396.0 386.0 372.0 366.0 331.0 349.0 398.0 411.0 310.0 465.0 329.0 454.0 436.0 301.0
263.0 274.0 295.0 295.0 240.0 247.0 287.0 285.0 230.0 222.0 259.0 236.0 238.0 265.0 260.0 251.0 270.0 298.0 279.0 334.0 287.0 358.0 282.0 272.0 251.0 243.0 220.0 246.0 272.0 266.0 281.0 264.0 259.0 265.0 252.0 290.0 268.0 294.0 288.0 288.0 292.0 310.0 322.0 268.0 308.0 267.0 259.0 291.0 295.0
283.0 324.0 304.0 322.0 359.0 333.0 291.0 367.0 357.0 320.0 305.0 281.0 324.0 290.0 318.0 328.0 315.0 315.0 413.0 437.0 460.0 367.0 340.0 320.0 341.0 385.0 331.0 358.0 340.0 367.0 372.0 338.0 335.0 343.0 298.0 304.0 333.0 351.0 370.0 340.0 346.0 332.0 333.0 357.0 343.0 344.0 331.0 351.0 332.0
306.0 335.0 322.0 333.0 333.0 336.0 325.0 345.0 341.0 338.0 307.0 309.0 332.0 310.0 314.0 313.0 302.0 116.0 424.0 382.0 369.0 332.0 353.0 303.0 307.0 317.0 326.0 329.0 338.0 320.0 330.0 332.0 342.0 315.0 335.0 330.0 324.0 287.0 291.0 328.0 328.0 312.0 315.0 273.0 274.0 300.0 316.0 310.0 319.0
324.0 313.0 316.0 317.0 313.0 315.0 305.0 326.0 326.0 325.0 333.0 307.0 297.0 311.0 315.0 307.0 303.0 319.0 259.0 368.0 355.0 387.0 374.0 347.0 361.0 307.0 319.0 325.0 329.0 306.0 290.0 297.0 342.0 341.0 307.0 297.0 300.0 324.0 302.0 308.0 317.0 306.0 303.0 315.0 277.0 263.0 250.0 239.0 287.0
321.0 305.0 308.0 310.0 312.0 349.0 354.0 346.0 331.0 348.0 323.0 318.0 332.0 349.0 343.0 351.0 408.0 397.0 393.0 467.0 416.0 249.0 246.0 279.0 307.0 312.0 301.0 312.0 299.0 309.0 286.0 270.0 248.0 235.0 279.0 291.0 259.0 223.0 210.0 234.0 219.0 197.0 205.0 264.0 240.0 273.0 289.0 250.0 280.0
318.0 302.0 287.0 290.0 306.0 320.0 299.0 291.0 324.0 342.0 336.0 365.0 369.0 346.0 357.0 357.0 362.0 372.0 348.0 373.0 344.0 362.0 330.0 309.0 317.0 289.0 307.0 292.0 288.0 292.0 290.0 291.0 257.0 262.0 338.0 318.0 294.0 348.0 377.0 402.0 346.0 329.0 329.0 333.0 332.0 311.0 340.0 307.0 314.0
270.0 254.0 257.0 261.0 339.0 283.0 309.0 321.0 340.0 307.0 322.0 275.0 253.0 296.0 275.0 348.0 297.0 278.0 278.0 261.0 254.0 280.0 276.0 301.0 309.0 308.0 299.0 252.0 283.0 289.0 299.0 335.0 349.0 266.0 299.0 287.0 317.0 372.0 326.0 257.0 324.0 308.0 327.0 329.0 307.0 296.0 281.0 277.0 303.0
349.0 320.0 329.0 336.0 315.0 356.0 314.0 327.0 333.0 258.0 269.0 269.0 304.0 297.0 282.0 385.0 327.0 319.0 305.0 15.0 487.0 410.0 330.0 332.0 335.0 304.0 300.0 322.0 293.0 323.0 294.0 311.0 325.0 319.0 304.0 302.0 320.0 305.0 328.0 368.0 314.0 310.0 345.0 336.0 351.0 358.0 377.0 390.0 395.0
444.0 323.0 360.0 388.0 338.0 309.0 370.0 372.0 346.0 385.0 353.0 371.0 295.0 318.0 348.0 341.0 319.0 319.0 295.0 314.0 309.0 15.0 492.0 492.0 433.0 364.0 400.0 348.0 344.0 316.0 309.0 249.0 284.0 264.0 273.0 275.0 286.0 241.0 246.0 288.0 289.0 307.0 339.0 344.0 330.0 279.0 320.0 328.0 319.0
313.0 301.0 308.0 293.0 311.0 313.0 314.0 307.0 298.0 293.0 320.0 307.0 15.0 256.0 470.0 220.0 287.0 312.0 291.0 279.0 275.0 292.0 281.0 206.0 242.0 274.0 253.0 227.0 252.0 274.0 338.0 390.0 344.0 329.0 305.0 302.0 298.0 312.0 311.0 338.0 326.0 273.0 321.0 304.0 336.0 348.0 385.0 405.0 359.0
340.0 361.0 339.0 308.0 319.0 302.0 318.0 289.0 378.0 331.0 338.0 364.0 360.0 302.0 338.0 380.0 15.0 497.0 469.0 451.0 497.0 353.0 369.0 377.0 399.0 338.0 339.0 398.0 360.0 297.0 293.0 329.0 444.0 363.0 325.0 263.0 284.0 283.0 342.0 367.0 364.0 359.0 364.0 326.0 395.0 402.0 385.0 362.0 389.0
421.0 347.0 301.0 316.0 402.0 393.0 369.0 351.0 334.0 322.0 391.0 282.0 370.0 353.0 316.0 321.0 325.0 371.0 421.0 15.0 309.0 498.0 498.0 498.0 498.0 439.0 392.0 431.0 353.0 289.0 282.0 249.0 300.0 342.0 297.0 360.0 347.0 339.0 299.0 375.0 410.0 338.0 311.0 334.0 350.0 296.0 320.0 329.0 331.0
299.0 280.0 270.0 354.0 287.0 260.0 314.0 315.0 327.0 368.0 337.0 15.0 343.0 368.0 362.0 335.0 305.0 287.0 308.0 307.0 284.0 293.0 294.0 320.0 353.0 341.0 381.0 351.0 315.0 369.0 352.0 345.0 352.0 316.0 329.0 416.0 375.0 340.0 343.0 353.0 347.0 358.0 349.0 368.0 359.0 356.0 356.0 345.0 368.0
356.0 356.0 345.0 368.0 355.0 367.0 381.0 339.0 379.0 359.0 327.0 389.0 360.0 356.0 415.0 345.0 110.0 230.0 500.0 412.0 439.0 436.0 397.0 403.0 338.0 323.0 349.0 361.0 325.0 314.0 381.0 369.0 342.0 334.0 317.0 330.0 318.0 317.0 324.0 316.0 362.0 332.0 331.0 377.0 364.0 360.0 377.0 375.0 302.0
318.0 289.0 298.0 295.0 300.0 289.0 308.0 314.0 306.0 294.0 306.0 300.0 290.0 281.0 287.0 297.0 301.0 282.0 294.0 15.0 329.0 354.0 319.0 364.0 318.0 308.0 291.0 307.0 308.0 302.0 298.0 314.0 330.0 313.0 298.0 323.0 307.0 309.0 329.0 323.0 309.0 299.0 318.0 329.0 315.0 318.0 317.0 319.0 318.0
318.0 329.0 315.0 318.0 317.0 319.0 318.0 321.0 321.0 321.0 320.0 319.0 318.0 328.0 308.0 54.0 260.0 293.0 319.0 332.0 343.0 346.0 332.0 319.0 330.0 314.0 322.0 317.0 311.0 315.0 309.0 314.0 303.0 315.0 306.0 318.0 326.0 305.0 326.0 299.0 313.0 300.0 301.0 300.0 294.0 289.0 296.0 300.0 303.0
312.0 331.0 331.0 341.0 325.0 313.0 331.0 321.0 325.0 298.0 308.0 308.0 15.0 433.0 297.0 328.0 320.0 338.0 322.0 325.0 319.0 328.0 322.0 332.0 316.0 297.0 331.0 321.0 328.0 305.0 305.0 309.0 317.0 317.0 316.0 321.0 306.0 343.0 318.0 325.0 302.0 328.0 321.0 345.0 340.0 343.0 322.0 342.0 329.0
328.0 331.0 326.0 331.0 328.0 329.0 317.0 314.0 329.0 296.0 318.0 317.0 307.0 15.0 288.0 281.0 341.0 326.0 375.0 351.0 343.0 323.0 316.0 312.0 317.0 331.0 330.0 332.0 344.0 338.0 331.0 344.0 342.0 316.0 326.0 323.0 317.0 324.0 310.0 324.0 330.0 330.0 312.0 296.0 319.0 296.0 320.0 303.0 310.0
298.0 323.0 313.0 313.0 296.0 328.0 316.0 316.0 259.0 498.0 419.0 393.0 336.0 320.0 308.0 338.0 320.0 312.0 323.0 308.0 321.0 332.0 300.0 316.0 310.0 337.0 318.0 336.0 313.0 328.0 318.0 323.0 329.0 331.0 321.0 317.0 309.0 315.0 316.0 312.0 311.0 318.0 324.0 327.0 310.0 317.0 324.0 310.0 324.0
305.0 318.0 325.0 297.0 315.0 298.0 333.0 15.0 275.0 365.0 323.0 321.0 318.0 307.0 327.0 336.0 340.0 320.0 323.0 335.0 327.0 341.0 302.0 325.0 321.0 324.0 322.0 324.0 329.0 302.0 319.0 334.0 312.0 310.0 322.0 305.0 309.0 308.0 327.0 326.0 300.0 312.0 298.0 323.0 324.0 313.0 288.0 323.0 307.0
323.0 307.0 323.0 312.0 364.0 342.0 325.0 326.0 321.0 315.0 318.0 318.0 304.0 317.0 306.0 292.0 166.0 390.0 332.0 340.0 333.0 302.0 318.0 333.0 309.0 310.0 318.0 309.0 329.0 318.0 314.0 300.0 315.0 299.0 316.0 341.0 327.0 313.0 316.0 323.0 315.0 311.0 332.0 323.0 330.0 336.0 315.0 316.0 351.0
322.0 325.0 338.0 329.0 321.0 288.0 323.0 312.0 285.0 294.0 282.0 15.0 286.0 500.0 302.0 320.0 334.0 340.0 401.0 329.0 313.0 286.0 279.0 261.0 261.0 279.0 288.0 295.0 270.0 269.0 275.0 270.0 267.0 278.0 292.0 275.0 281.0 274.0 309.0 303.0 322.0 343.0 346.0 319.0 310.0 313.0 336.0 334.0 323.0
364.0 328.0 316.0 338.0 359.0 340.0 321.0 326.0 358.0 329.0 329.0 330.0 311.0 15.0 408.0 408.0 351.0 326.0 335.0 322.0 314.0 315.0 329.0 338.0 338.0 337.0 314.0 327.0 318.0 326.0 327.0 309.0 333.0 331.0 336.0 308.0 322.0 327.0 320.0 327.0 325.0 320.0 297.0 296.0 287.0 300.0 324.0 335.0 352.0
327.0 313.0 312.0 317.0 306.0 323.0 330.0 334.0 322.0 324.0 330.0 337.0 334.0 308.0 15.0 471.0 305.0 397.0 396.0 371.0 366.0 357.0 309.0 327.0 323.0 314.0 311.0 330.0 330.0 321.0 344.0 311.0 279.0 299.0 314.0 304.0 316.0 297.0 333.0 319.0 335.0 340.0 335.0 317.0 333.0 321.0 324.0 322.0 319.0
327.0 300.0 284.0 298.0 300.0 321.0 318.0 303.0 324.0 328.0 328.0 392.0 384.0 388.0 413.0 200.0 224.0 280.0 346.0 368.0 291.0 274.0 292.0 282.0 304.0 305.0 291.0 315.0 328.0 339.0 350.0 343.0 311.0 313.0 324.0 299.0 302.0 311.0 306.0 281.0 328.0 291.0 312.0 298.0 286.0 295.0 278.0 293.0 350.0
313.0 336.0 315.0 300.0 305.0 309.0 329.0 349.0 312.0 328.0 349.0 368.0 332.0 372.0 357.0 475.0 397.0 443.0 319.0 262.0 299.0 268.0 333.0 280.0 320.0 297.0 309.0 360.0 326.0 316.0 321.0 290.0 294.0 272.0 306.0 306.0 303.0 293.0 287.0 312.0 306.0 314.0 288.0 264.0 295.0 285.0 290.0 267.0 281.0
366.0 364.0 347.0 332.0 343.0 349.0 361.0 355.0 352.0 338.0 345.0 324.0 363.0 356.0 419.0 208.0 321.0 330.0 291.0 331.0 292.0 291.0 304.0 311.0 343.0 313.0 340.0 335.0 308.0 311.0 341.0 327.0 325.0 339.0 322.0 313.0 341.0 312.0 308.0 352.0 301.0 317.0 335.0 316.0 340.0 325.0 319.0 325.0 337.0
330.0 369.0 357.0 367.0 365.0 376.0 381.0 375.0 369.0 363.0 367.0 362.0 346.0 371.0 356.0 354.0 391.0 354.0 341.0 331.0 351.0 317.0 352.0 354.0 368.0 362.0 364.0 356.0 349.0 359.0 349.0 354.0 358.0 350.0 360.0 355.0 423.0 339.0 364.0 363.0 391.0 375.0 363.0 352.0 353.0 345.0 340.0 338.0 344.0
359.0 350.0 328.0 332.0 328.0 337.0 336.0 358.0 341.0 341.0 368.0 383.0 374.0 391.0 445.0 240.0 410.0 380.0 372.0 377.0 333.0 391.0 343.0 339.0 338.0 359.0 381.0 383.0 335.0 359.0 365.0 340.0 340.0 346.0 358.0 348.0 352.0 353.0 342.0 351.0 350.0 353.0 389.0 351.0 360.0 361.0 348.0 351.0 390.0
354.0 339.0 295.0 341.0 372.0 347.0 298.0 256.0 457.0 466.0 325.0 254.0 226.0 372.0 309.0 299.0 358.0 371.0 358.0 402.0 330.0 204.0 341.0 352.0 373.0 372.0 399.0 301.0 353.0 345.0 327.0 366.0 432.0 340.0 334.0 343.0 342.0 335.0 333.0 388.0 272.0 360.0 347.0 340.0 370.0 329.0 395.0 352.0 337.0
385.0 391.0 374.0 356.0 380.0 346.0 338.0 339.0 338.0 314.0 355.0 265.0 278.0 299.0 304.0 273.0 468.0 281.0 251.0 280.0 338.0 375.0 351.0 307.0 332.0 312.0 306.0 284.0 345.0 265.0 288.0 267.0 295.0 382.0 308.0 313.0 331.0 309.0 294.0 298.0 321.0 344.0 338.0 337.0 295.0 313.0 287.0 317.0 290.0
287.0 317.0 290.0 288.0 315.0 308.0 304.0 300.0 316.0 111.0 469.0 469.0 251.0 240.0 422.0 469.0 469.0 413.0 350.0 306.0 372.0 358.0 340.0 342.0 345.0 317.0 332.0 341.0 379.0 359.0 351.0 328.0 398.0 288.0 452.0 352.0 350.0 334.0 376.0 336.0 323.0 359.0 370.0 356.0 350.0 349.0 329.0 317.0 334.0
318.0 322.0 273.0 248.0 297.0 305.0 275.0 273.0 331.0 287.0 297.0 245.0 276.0 313.0 287.0 338.0 248.0 375.0 310.0 329.0 244.0 293.0 350.0 319.0 317.0 357.0 333.0 363.0 299.0 347.0 319.0 327.0 350.0 357.0 318.0 319.0 295.0 318.0 271.0 309.0 282.0 283.0 315.0 330.0 330.0 328.0 322.0 349.0 382.0
340.0 355.0 347.0 338.0 304.0 354.0 316.0 346.0 360.0 242.0 375.0 360.0 334.0 291.0 302.0 294.0 356.0 235.0 169.0 177.0 293.0 308.0 372.0 428.0 363.0 354.0 351.0 320.0 351.0 317.0 335.0 431.0 407.0 316.0 366.0 348.0 351.0 388.0 348.0 346.0 334.0 381.0 343.0 352.0 342.0 346.0 403.0 347.0 371.0
314.0 302.0 294.0 303.0 297.0 321.0 326.0 327.0 315.0 342.0 289.0 351.0 384.0 317.0 429.0 256.0 239.0 273.0 299.0 337.0 350.0 349.0 345.0 322.0 370.0 366.0 322.0 360.0 358.0 386.0 318.0 330.0 282.0 316.0 325.0 348.0 400.0 337.0 301.0 291.0 268.0 370.0 364.0 336.0 322.0 356.0 299.0 334.0 322.0
283.0 331.0 353.0 334.0 349.0 306.0 321.0 305.0 304.0 320.0 320.0 319.0 482.0 482.0 482.0 411.0 274.0 282.0 329.0 377.0 359.0 339.0 336.0 307.0 321.0 304.0 290.0 306.0 300.0 299.0 320.0 313.0 307.0 306.0 335.0 336.0 305.0 283.0 301.0 300.0 308.0 278.0 298.0 310.0 301.0 295.0 333.0 324.0 317.0
327.0 282.0 309.0 297.0 328.0 330.0 320.0 307.0 309.0 389.0 284.0 190.0 346.0 343.0 168.0 305.0 301.0 332.0 347.0 323.0 322.0 410.0 393.0 298.0 304.0 293.0 396.0 322.0 178.0 295.0 294.0 307.0 359.0 362.0 290.0 395.0 359.0 317.0 349.0 367.0 325.0 338.0 358.0 352.0 326.0 337.0 369.0 351.0 343.0
308.0 318.0 314.0 332.0 305.0 303.0 308.0 316.0 305.0 300.0 325.0 309.0 335.0 362.0 226.0 379.0 212.0 286.0 287.0 434.0 257.0 316.0 316.0 270.0 305.0 324.0 312.0 255.0 270.0 310.0 291.0 312.0 265.0 256.0 302.0 273.0 283.0 315.0 363.0 267.0 297.0 339.0 345.0 290.0 299.0 283.0 293.0 308.0 339.0
313.0 302.0 290.0 303.0 301.0 288.0 309.0 269.0 351.0 327.0 307.0 336.0 333.0 332.0 342.0 317.0 319.0 327.0 415.0 239.0 317.0 282.0 289.0 361.0 356.0 326.0 304.0 297.0 313.0 297.0 319.0 331.0 328.0 319.0 327.0 334.0 327.0 306.0 321.0 320.0 336.0 295.0 348.0 273.0 343.0 329.0 307.0 336.0 327.0
289.0 302.0 336.0 314.0 350.0 329.0 297.0 307.0 317.0 360.0 325.0 333.0 300.0 298.0 204.0 447.0 447.0 424.0 386.0 376.0 354.0 360.0 339.0 312.0 306.0 342.0 299.0 270.0 260.0 365.0 348.0 331.0 296.0 306.0 257.0 298.0 297.0 357.0 392.0 308.0 302.0 341.0 304.0 348.0 363.0 344.0 289.0 301.0 341.0
350.0 337.0 360.0 354.0 396.0 379.0 292.0 281.0 315.0 300.0 317.0 334.0 326.0 336.0 341.0 361.0 314.0 335.0 326.0 237.0 389.0 291.0 298.0 331.0 375.0 361.0 343.0 368.0 351.0 306.0 354.0 366.0 396.0 335.0 314.0 320.0 365.0 382.0 356.0 335.0 355.0 331.0 365.0 338.0 373.0 341.0 343.0 358.0 337.0
444.0 352.0 399.0 368.0 313.0 313.0 386.0 391.0 365.0 377.0 401.0 394.0 377.0 320.0 308.0 339.0 496.0 399.0 328.0 390.0 348.0 351.0 324.0 335.0 332.0 342.0 333.0 360.0 343.0 382.0 364.0 336.0 330.0 332.0 366.0 395.0 367.0 348.0 375.0 322.0 351.0 328.0 312.0 309.0 336.0 371.0 348.0 348.0 368.0
272.0 291.0 276.0 294.0 279.0 299.0 287.0 262.0 177.0 284.0 297.0 280.0 285.0 287.0 280.0 287.0 259.0 277.0 264.0 290.0 271.0 308.0 264.0 263.0 279.0 299.0 282.0 263.0 288.0 257.0 276.0 302.0 280.0 292.0 309.0 299.0 296.0 298.0 306.0 292.0 296.0 291.0 285.0 287.0 292.0 282.0 307.0 283.0 278.0
296.0 278.0 285.0 281.0 306.0 302.0 311.0 305.0 295.0 283.0 304.0 280.0 277.0 275.0 286.0 261.0 389.0 310.0 263.0 288.0 319.0 300.0 316.0 283.0 314.0 281.0 308.0 303.0 309.0 294.0 276.0 285.0 302.0 298.0 282.0 276.0 284.0 267.0 276.0 261.0 277.0 278.0 285.0 267.0 293.0 283.0 282.0 271.0 295.0
306.0 329.0 289.0 306.0 324.0 304.0 329.0 303.0 320.0 313.0 306.0 325.0 289.0 293.0 311.0 297.0 290.0 283.0 54.0 349.0 338.0 372.0 356.0 347.0 320.0 310.0 305.0 314.0 312.0 314.0 337.0 301.0 314.0 301.0 306.0 315.0 309.0 330.0 329.0 302.0 299.0 318.0 298.0 293.0 319.0 296.0 317.0 317.0 299.0
300.0 320.0 320.0 318.0 316.0 310.0 300.0 28.0 350.0 431.0 318.0 297.0 310.0 309.0 316.0 296.0 328.0 330.0 295.0 327.0 316.0 323.0 317.0 309.0 324.0 303.0 316.0 309.0 323.0 313.0 305.0 302.0 312.0 306.0 299.0 318.0 310.0 292.0 313.0 318.0 321.0 328.0 316.0 328.0 305.0 319.0 297.0 328.0 300.0
323.0 294.0 306.0 307.0 320.0 327.0 335.0 325.0 331.0 308.0 73.0 418.0 432.0 309.0 333.0 334.0 318.0 341.0 323.0 330.0 302.0 302.0 308.0 322.0 339.0 307.0 326.0 310.0 324.0 308.0 306.0 298.0 302.0 317.0 315.0 304.0 306.0 300.0 301.0 296.0 300.0 298.0 310.0 311.0 309.0 289.0 292.0 275.0 284.0
306.0 319.0 309.0 300.0 317.0 315.0 324.0 335.0 323.0 330.0 317.0 308.0 318.0 51.0 347.0 401.0 260.0 341.0 330.0 314.0 332.0 330.0 321.0 286.0 304.0 301.0 280.0 288.0 284.0 333.0 294.0 293.0 289.0 302.0 286.0 292.0 268.0 299.0 260.0 279.0 278.0 295.0 298.0 304.0 269.0 286.0 267.0 260.0 295.0
309.0 320.0 296.0 304.0 333.0 335.0 341.0 340.0 315.0 308.0 308.0 384.0 475.0 391.0 295.0 287.0 401.0 363.0 373.0 317.0 336.0 347.0 348.0 300.0 304.0 320.0 294.0 317.0 304.0 310.0 298.0 310.0 310.0 304.0 299.0 297.0 282.0 279.0 278.0 253.0 256.0 260.0 247.0 282.0 293.0 271.0 283.0 280.0 272.0
271.0 283.0 280.0 272.0 268.0 278.0 274.0 290.0 276.0 284.0 281.0 267.0 266.0 278.0 263.0 279.0 277.0 382.0 408.0 295.0 365.0 341.0 317.0 266.0 288.0 287.0 294.0 268.0 294.0 287.0 294.0 279.0 286.0 277.0 298.0 297.0 316.0 322.0 303.0 306.0 303.0 288.0 288.0 324.0 297.0 316.0 297.0 322.0 278.0
310.0 318.0 321.0 327.0 309.0 332.0 318.0 314.0 318.0 308.0 310.0 312.0 326.0 302.0 301.0 310.0 312.0 310.0 310.0 299.0 450.0 302.0 403.0 359.0 259.0 381.0 245.0 272.0 323.0 431.0 414.0 454.0 391.0 336.0 385.0 355.0 323.0 328.0 326.0 297.0 250.0 280.0 300.0 303.0 303.0 317.0 320.0 332.0 327.0
325.0 331.0 332.0 328.0 327.0 330.0 333.0 338.0 346.0 338.0 342.0 342.0 345.0 337.0 347.0 333.0 325.0 293.0 345.0 338.0 320.0 340.0 319.0 321.0 351.0 373.0 324.0 190.0 278.0 212.0 233.0 237.0 459.0 179.0 295.0 269.0 282.0 288.0 321.0 336.0 326.0 311.0 316.0 322.0 278.0 307.0 347.0 335.0 333.0
326.0 358.0 361.0 336.0 341.0 356.0 322.0 320.0 373.0 368.0 372.0 344.0 353.0 381.0 359.0 358.0 350.0 344.0 302.0 315.0 322.0 328.0 339.0 323.0 314.0 317.0 333.0 313.0 339.0 363.0 18.0 238.0 287.0 281.0 59.0 208.0 184.0 347.0 425.0 373.0 314.0 356.0 312.0 324.0 306.0 362.0 339.0 345.0 404.0
347.0 364.0 329.0 316.0 347.0 346.0 377.0 328.0 355.0 338.0 350.0 342.0 319.0 327.0 347.0 346.0 334.0 372.0 366.0 351.0 331.0 340.0 120.0 62.0 197.0 162.0 234.0 188.0 273.0 372.0 355.0 463.0 449.0 405.0 326.0 379.0 338.0 348.0 334.0 339.0 323.0 321.0 358.0 387.0 329.0 316.0 321.0 311.0 327.0
295.0 314.0 304.0 302.0 305.0 304.0 319.0 308.0 312.0 310.0 319.0 306.0 316.0 254.0 196.0 144.0 422.0 384.0 260.0 380.0 430.0 453.0 394.0 303.0 346.0 360.0 329.0 350.0 335.0 364.0 325.0 336.0 336.0 327.0 336.0 351.0 351.0 319.0 323.0 347.0 322.0 305.0 304.0 336.0 330.0 330.0 364.0 353.0 337.0
333.0 319.0 306.0 318.0 332.0 334.0 335.0 329.0 335.0 316.0 333.0 335.0 360.0 341.0 324.0 328.0 330.0 340.0 319.0 335.0 329.0 332.0 316.0 346.0 341.0 338.0 317.0 310.0 337.0 313.0 474.0 474.0 467.0 303.0 358.0 324.0 235.0 333.0 417.0 344.0 416.0 410.0 338.0 364.0 369.0 356.0 362.0 397.0 367.0
334.0 366.0 328.0 317.0 326.0 325.0 314.0 361.0 341.0 352.0 335.0 339.0 322.0 313.0 319.0 288.0 311.0 328.0 338.0 346.0 354.0 411.0 402.0 475.0 298.0 389.0 406.0 475.0 475.0 435.0 371.0 399.0 387.0 401.0 347.0 398.0 397.0 370.0 317.0 352.0 316.0 316.0 322.0 347.0 346.0 357.0 309.0 351.0 320.0
359.0 329.0 321.0 345.0 347.0 336.0 342.0 346.0 351.0 336.0 337.0 336.0 349.0 332.0 332.0 353.0 326.0 396.0 377.0 478.0 320.0 358.0 315.0 304.0 329.0 352.0 353.0 350.0 340.0 341.0 360.0 343.0 343.0 340.0 344.0 349.0 345.0 340.0 367.0 341.0 354.0 368.0 339.0 353.0 344.0 324.0 320.0 328.0 313.0
311.0 326.0 307.0 302.0 308.0 326.0 303.0 312.0 322.0 306.0 301.0 299.0 316.0 298.0 304.0 312.0 310.0 315.0 331.0 312.0 310.0 321.0 296.0 284.0 273.0 333.0 114.0 214.0 219.0 239.0 250.0 358.0 367.0 326.0 310.0 315.0 312.0 319.0 321.0 310.0 302.0 302.0 339.0 340.0 323.0 349.0 336.0 338.0 330.0
306.0 343.0 326.0 331.0 339.0 325.0 330.0 340.0 340.0 330.0 339.0 311.0 343.0 322.0 334.0 332.0 332.0 349.0 341.0 307.0 334.0 341.0 379.0 330.0 347.0 345.0 342.0 323.0 357.0 367.0 357.0 356.0 361.0 350.0 356.0 346.0 338.0 333.0 341.0 340.0 350.0 335.0 340.0 352.0 342.0 360.0 324.0 360.0 346.0
357.0 356.0 361.0 350.0 356.0 346.0 338.0 333.0 341.0 340.0 350.0 335.0 340.0 352.0 342.0 360.0 324.0 360.0 346.0 334.0 380.0 333.0 348.0 356.0 359.0 348.0 348.0 387.0 433.0 444.0 423.0 297.0 224.0 359.0 302.0 351.0 393.0 278.0 305.0 297.0 319.0 343.0 343.0 320.0 328.0 337.0 317.0 330.0 338.0
329.0 332.0 331.0 308.0 312.0 314.0 308.0 305.0 307.0 302.0 291.0 287.0 282.0 311.0 299.0 301.0 371.0 223.0 363.0 374.0 493.0 472.0 446.0 321.0 350.0 425.0 445.0 438.0 419.0 349.0 337.0 348.0 348.0 355.0 344.0 348.0 330.0 343.0 345.0 364.0 342.0 353.0 359.0 355.0 352.0 344.0 350.0 349.0 343.0
340.0 340.0 346.0 352.0 344.0 335.0 338.0 336.0 350.0 341.0 330.0 338.0 328.0 335.0 339.0 327.0 317.0 334.0 339.0 328.0 336.0 341.0 344.0 494.0 431.0 156.0 199.0 242.0 251.0 271.0 298.0 313.0 357.0 339.0 347.0 313.0 340.0 341.0 351.0 342.0 339.0 357.0 356.0 341.0 346.0 341.0 346.0 339.0 348.0
370.0 367.0 365.0 344.0 346.0 351.0 341.0 379.0 361.0 353.0 357.0 352.0 347.0 355.0 376.0 355.0 347.0 212.0 346.0 322.0 329.0 268.0 392.0 340.0 338.0 283.0 317.0 340.0 391.0 378.0 370.0 383.0 377.0 362.0 360.0 369.0 354.0 370.0 347.0 352.0 357.0 335.0 349.0 358.0 361.0 364.0 378.0 355.0 357.0
378.0 355.0 357.0 353.0 365.0 353.0 347.0 349.0 345.0 359.0 344.0 346.0 336.0 334.0 355.0 337.0 346.0 346.0 351.0 386.0 110.0 227.0 325.0 452.0 405.0 383.0 315.0 340.0 394.0 317.0 328.0 405.0 375.0 396.0 381.0 358.0 389.0 403.0 371.0 347.0 367.0 363.0 368.0 388.0 344.0 357.0 342.0 341.0 349.0
364.0 371.0 370.0 358.0 360.0 370.0 365.0 359.0 356.0 377.0 154.0 290.0 161.0 225.0 278.0 372.0 400.0 360.0 361.0 376.0 353.0 366.0 378.0 372.0 384.0 375.0 385.0 370.0 391.0 393.0 373.0 393.0 375.0 374.0 374.0 366.0 344.0 354.0 366.0 358.0 363.0 352.0 345.0 348.0 365.0 372.0 356.0 361.0 359.0
344.0 354.0 366.0 358.0 363.0 352.0 345.0 348.0 365.0 372.0 356.0 361.0 359.0 352.0 357.0 342.0 366.0 350.0 347.0 348.0 346.0 351.0 500.0 293.0 154.0 204.0 256.0 377.0 393.0 419.0 444.0 422.0 444.0 377.0 338.0 345.0 341.0 350.0 361.0 369.0 357.0 369.0 360.0 366.0 369.0 355.0 351.0 368.0 322.0
346.0 340.0 350.0 324.0 357.0 363.0 341.0 341.0 340.0 344.0 371.0 319.0 476.0 220.0 358.0 500.0 365.0 265.0 255.0 396.0 496.0 473.0 265.0 320.0 355.0 255.0 401.0 383.0 375.0 342.0 385.0 368.0 370.0 371.0 351.0 370.0 389.0 390.0 369.0 347.0 365.0 368.0 361.0 340.0 362.0 329.0 372.0 350.0 307.0
336.0 333.0 351.0 351.0 371.0 355.0 339.0 357.0 355.0 348.0 343.0 344.0 349.0 341.0 308.0 294.0 357.0 323.0 327.0 338.0 329.0 346.0 500.0 288.0 242.0 259.0 319.0 342.0 392.0 387.0 384.0 374.0 343.0 336.0 389.0 357.0 331.0 365.0 358.0 345.0 349.0 367.0 359.0 378.0 363.0 350.0 338.0 391.0 362.0
308.0 330.0 297.0 314.0 303.0 295.0 280.0 298.0 260.0 274.0 328.0 419.0 295.0 320.0 335.0 341.0 434.0 372.0 66.0 289.0 500.0 383.0 395.0 363.0 348.0 350.0 346.0 367.0 337.0 319.0 338.0 325.0 349.0 314.0 330.0 352.0 368.0 349.0 350.0 358.0 358.0 360.0 317.0 363.0 355.0 333.0 292.0 321.0 320.0
328.0 345.0 328.0 343.0 333.0 355.0 339.0 323.0 320.0 342.0 393.0 325.0 365.0 318.0 327.0 362.0 398.0 385.0 193.0 298.0 259.0 348.0 347.0 295.0 355.0 363.0 358.0 347.0 345.0 372.0 357.0 362.0 377.0 363.0 416.0 341.0 343.0 385.0 371.0 375.0 389.0 381.0 358.0 359.0 358.0 394.0 334.0 346.0 410.0
376.0 360.0 365.0 381.0 386.0 374.0 336.0 318.0 333.0 328.0 357.0 331.0 359.0 351.0 392.0 287.0 323.0 302.0 326.0 305.0 328.0 383.0 357.0 353.0 369.0 385.0 375.0 385.0 390.0 367.0 373.0 368.0 352.0 368.0 358.0 392.0 351.0 376.0 350.0 369.0 362.0 353.0 341.0 348.0 344.0 356.0 351.0 362.0 338.0
350.0 369.0 362.0 353.0 341.0 348.0 344.0 356.0 351.0 362.0 338.0 348.0 370.0 334.0 334.0 352.0 382.0 376.0 367.0 379.0 474.0 170.0 391.0 500.0 351.0 493.0 422.0 473.0 382.0 338.0 356.0 386.0 394.0 395.0 363.0 355.0 367.0 351.0 348.0 351.0 346.0 343.0 392.0 350.0 374.0 369.0 367.0 367.0 368.0
339.0 344.0 359.0 359.0 371.0 350.0 334.0 346.0 361.0 359.0 366.0 366.0 348.0 373.0 469.0 217.0 208.0 326.0 374.0 286.0 344.0 420.0 343.0 368.0 396.0 394.0 415.0 374.0 367.0 369.0 385.0 350.0 358.0 347.0 370.0 361.0 359.0 370.0 384.0 353.0 369.0 338.0 382.0 398.0 382.0 373.0 372.0 340.0 335.0
361.0 355.0 351.0 347.0 308.0 329.0 338.0 348.0 346.0 341.0 332.0 348.0 340.0 346.0 500.0 500.0 500.0 131.0 438.0 387.0 361.0 331.0 418.0 385.0 365.0 337.0 361.0 386.0 353.0 345.0 355.0 366.0 359.0 338.0 335.0 368.0 397.0 317.0 362.0 372.0 377.0 386.0 381.0 243.0 375.0 387.0 326.0 351.0 371.0
339.0 348.0 365.0 363.0 364.0 360.0 358.0 364.0 364.0 387.0 379.0 400.0 400.0 395.0 386.0 386.0 367.0 379.0 368.0 369.0 392.0 370.0 109.0 16.0 228.0 351.0 408.0 463.0 382.0 362.0 379.0 378.0 409.0 395.0 385.0 411.0 409.0 380.0 370.0 377.0 348.0 363.0 388.0 331.0 349.0 365.0 348.0 382.0 375.0
337.0 335.0 306.0 295.0 328.0 371.0 366.0 336.0 341.0 354.0 367.0 342.0 332.0 332.0 336.0 363.0 146.0 46.0 286.0 222.0 314.0 416.0 420.0 387.0 347.0 361.0 322.0 308.0 373.0 356.0 350.0 361.0 353.0 329.0 363.0 352.0 340.0 359.0 362.0 340.0 339.0 341.0 342.0 326.0 353.0 351.0 355.0 376.0 396.0
300.0 297.0 143.0 274.0 239.0 226.0 273.0 262.0 284.0 262.0 287.0 298.0 293.0 290.0 385.0 163.0 354.0 285.0 332.0 326.0 334.0 346.0 368.0 335.0 368.0 377.0 386.0 383.0 388.0 392.0 394.0 402.0 389.0 354.0 346.0 325.0 326.0 310.0 300.0 325.0 336.0 331.0 312.0 317.0 325.0 330.0 314.0 329.0 341.0
326.0 310.0 300.0 325.0 336.0 331.0 312.0 317.0 325.0 330.0 314.0 329.0 341.0 326.0 320.0 185.0 288.0 441.0 406.0 441.0 412.0 385.0 340.0 331.0 319.0 329.0 322.0 342.0 332.0 327.0 324.0 311.0 324.0 345.0 314.0 331.0 321.0 328.0 312.0 315.0 323.0 317.0 318.0 315.0 315.0 323.0 327.0 321.0 336.0
336.0 326.0 308.0 305.0 313.0 309.0 314.0 320.0 320.0 319.0 290.0 309.0 318.0 321.0 18.0 391.0 261.0 444.0 444.0 444.0 444.0 411.0 413.0 444.0 381.0 444.0 431.0 280.0 372.0 382.0 371.0 335.0 305.0 284.0 301.0 326.0 391.0 411.0 292.0 336.0 382.0 304.0 346.0 346.0 356.0 352.0 317.0 435.0 372.0
323.0 327.0 322.0 323.0 308.0 312.0 319.0 335.0 328.0 317.0 312.0 323.0 306.0 304.0 243.0 78.0 167.0 174.0 170.0 211.0 330.0 380.0 443.0 395.0 437.0 432.0 361.0 393.0 349.0 328.0 330.0 337.0 330.0 321.0 321.0 323.0 348.0 334.0 320.0 326.0 327.0 312.0 337.0 341.0 318.0 307.0 318.0 343.0 315.0
324.0 323.0 316.0 341.0 321.0 313.0 328.0 334.0 334.0 347.0 333.0 310.0 310.0 315.0 339.0 313.0 315.0 325.0 96.0 357.0 454.0 454.0 432.0 454.0 454.0 454.0 454.0 445.0 395.0 326.0 385.0 365.0 320.0 356.0 335.0 336.0 321.0 338.0 327.0 332.0 348.0 316.0 332.0 418.0 343.0 360.0 338.0 330.0 322.0
300.0 293.0 309.0 320.0 315.0 326.0 327.0 334.0 338.0 327.0 334.0 332.0 331.0 344.0 328.0 314.0 323.0 338.0 330.0 325.0 320.0 332.0 327.0 323.0 328.0 73.0 397.0 436.0 458.0 458.0 458.0 352.0 393.0 311.0 310.0 324.0 355.0 400.0 347.0 329.0 321.0 326.0 374.0 325.0 319.0 376.0 336.0 330.0 334.0
330.0 334.0 358.0 358.0 348.0 361.0 353.0 369.0 337.0 348.0 339.0 342.0 353.0 358.0 362.0 348.0 331.0 322.0 65.0 389.0 406.0 460.0 388.0 384.0 366.0 365.0 323.0 372.0 354.0 333.0 364.0 358.0 365.0 352.0 342.0 354.0 365.0 346.0 337.0 364.0 377.0 347.0 363.0 314.0 380.0 387.0 342.0 348.0 354.0
335.0 344.0 347.0 344.0 327.0 326.0 317.0 328.0 312.0 319.0 328.0 312.0 323.0 314.0 130.0 319.0 331.0 358.0 295.0 395.0 442.0 466.0 390.0 347.0 335.0 344.0 353.0 358.0 341.0 323.0 333.0 335.0 346.0 354.0 348.0 333.0 344.0 346.0 340.0 322.0 336.0 350.0 346.0 358.0 362.0 363.0 366.0 356.0 346.0
346.0 373.0 367.0 357.0 329.0 306.0 357.0 348.0 359.0 329.0 411.0 397.0 330.0 363.0 369.0 379.0 343.0 352.0 373.0 365.0 217.0 96.0 471.0 471.0 471.0 385.0 409.0 395.0 377.0 350.0 329.0 329.0 338.0 357.0 365.0 353.0 362.0 335.0 374.0 369.0 363.0 381.0 399.0 342.0 337.0 349.0 334.0 367.0 335.0
376.0 308.0 317.0 331.0 375.0 340.0 379.0 308.0 321.0 357.0 378.0 358.0 399.0 355.0 359.0 355.0 158.0 193.0 475.0 338.0 363.0 379.0 342.0 373.0 343.0 333.0 346.0 322.0 335.0 328.0 373.0 365.0 335.0 330.0 321.0 345.0 376.0 428.0 341.0 382.0 373.0 363.0 362.0 385.0 390.0 364.0 392.0 402.0 407.0
281.0 271.0 282.0 350.0 369.0 374.0 353.0 356.0 371.0 354.0 355.0 364.0 360.0 342.0 327.0 382.0 369.0 355.0 369.0 369.0 355.0 361.0 379.0 372.0 360.0 344.0 373.0 357.0 371.0 353.0 347.0 366.0 375.0 357.0 380.0 406.0 369.0 381.0 377.0 430.0 430.0 343.0 418.0 352.0 366.0 365.0 481.0 390.0 381.0
377.0 391.0 358.0 368.0 359.0 361.0 368.0 368.0 344.0 338.0 355.0 346.0 334.0 353.0 349.0 349.0 345.0 342.0 326.0 327.0 101.0 204.0 272.0 322.0 251.0 455.0 480.0 358.0 312.0 468.0 451.0 374.0 431.0 371.0 303.0 347.0 349.0 360.0 320.0 346.0 350.0 364.0 347.0 335.0 336.0 369.0 347.0 371.0 368.0
383.0 391.0 380.0 374.0 369.0 391.0 385.0 376.0 389.0 394.0 372.0 390.0 385.0 373.0 343.0 331.0 35.0 331.0 359.0 381.0 374.0 410.0 500.0 500.0 454.0 500.0 388.0 447.0 399.0 396.0 428.0 384.0 370.0 391.0 392.0 313.0 287.0 339.0 407.0 331.0 384.0 364.0 393.0 382.0 388.0 375.0 371.0 365.0 384.0
397.0 381.0 391.0 391.0 394.0 410.0 404.0 406.0 381.0 383.0 374.0 377.0 381.0 371.0 357.0 372.0 368.0 113.0 362.0 275.0 450.0 369.0 435.0 500.0 389.0 374.0 401.0 364.0 426.0 406.0 493.0 491.0 421.0 346.0 387.0 344.0 379.0 360.0 378.0 359.0 342.0 341.0 371.0 395.0 414.0 369.0 364.0 362.0 398.0
406.0 422.0 419.0 421.0 449.0 442.0 413.0 384.0 379.0 385.0 352.0 370.0 382.0 400.0 311.0 500.0 331.0 493.0 500.0 431.0 428.0 419.0 418.0 388.0 409.0 407.0 393.0 421.0 394.0 377.0 385.0 398.0 380.0 403.0 393.0 372.0 396.0 382.0 424.0 386.0 412.0 439.0 378.0 436.0 369.0 500.0 383.0 363.0 487.0
428.0 399.0 423.0 411.0 432.0 408.0 404.0 399.0 383.0 376.0 422.0 392.0 376.0 404.0 439.0 394.0 415.0 395.0 386.0 91.0 336.0 440.0 500.0 450.0 341.0 414.0 431.0 420.0 401.0 360.0 345.0 351.0 379.0 367.0 363.0 357.0 381.0 379.0 370.0 363.0 338.0 366.0 375.0 363.0 361.0 373.0 388.0 390.0 354.0
381.0 393.0 400.0 380.0 374.0 392.0 383.0 397.0 404.0 399.0 429.0 421.0 368.0 388.0 392.0 56.0 419.0 500.0 500.0 453.0 447.0 380.0 364.0 405.0 386.0 389.0 409.0 394.0 373.0 378.0 393.0 401.0 383.0 387.0 351.0 380.0 375.0 366.0 373.0 371.0 350.0 380.0 363.0 382.0 393.0 403.0 458.0 395.0 370.0
414.0 496.0 418.0 363.0 417.0 441.0 393.0 412.0 435.0 456.0 500.0 480.0 500.0 500.0 360.0 483.0 476.0 32.0 324.0 450.0 477.0 500.0 478.0 299.0 362.0 424.0 453.0 362.0 401.0 417.0 397.0 410.0 442.0 400.0 380.0 415.0 401.0 379.0 438.0 458.0 443.0 404.0 437.0 427.0 385.0 385.0 357.0 426.0 390.0
294.0 290.0 274.0 272.0 277.0 284.0 276.0 266.0 269.0 289.0 276.0 298.0 274.0 285.0 277.0 276.0 296.0 286.0 296.0 288.0 259.0 362.0 451.0 293.0 248.0 197.0 261.0 286.0 265.0 293.0 294.0 298.0 285.0 286.0 283.0 300.0 293.0 309.0 311.0 300.0 302.0 280.0 270.0 263.0 307.0 279.0 272.0 276.0 290.0
260.0 244.0 254.0 264.0 276.0 271.0 270.0 358.0 288.0 252.0 302.0 265.0 282.0 283.0 300.0 267.0 281.0 279.0 301.0 301.0 279.0 275.0 370.0 215.0 335.0 345.0 256.0 255.0 282.0 307.0 277.0 276.0 295.0 258.0 282.0 282.0 271.0 285.0 296.0 298.0 283.0 285.0 282.0 305.0 292.0 296.0 301.0 311.0 281.0
346.0 333.0 329.0 334.0 320.0 331.0 335.0 317.0 328.0 327.0 326.0 327.0 337.0 323.0 312.0 321.0 322.0 305.0 308.0 309.0 314.0 328.0 309.0 324.0 318.0 299.0 320.0 312.0 294.0 234.0 347.0 416.0 383.0 412.0 404.0 463.0 422.0 435.0 419.0 326.0 304.0 285.0 348.0 327.0 328.0 309.0 328.0 312.0 319.0
335.0 319.0 340.0 336.0 333.0 328.0 320.0 340.0 321.0 330.0 317.0 328.0 319.0 320.0 322.0 317.0 468.0 350.0 118.0 468.0 439.0 468.0 288.0 366.0 427.0 341.0 340.0 344.0 296.0 334.0 325.0 317.0 316.0 308.0 320.0 300.0 298.0 320.0 330.0 315.0 284.0 300.0 298.0 297.0 312.0 288.0 284.0 295.0 299.0
320.0 331.0 331.0 327.0 326.0 297.0 286.0 295.0 300.0 320.0 285.0 297.0 289.0 298.0 306.0 298.0 317.0 305.0 308.0 318.0 306.0 292.0 311.0 297.0 296.0 331.0 15.0 476.0 476.0 476.0 476.0 340.0 362.0 339.0 362.0 356.0 334.0 338.0 356.0 354.0 331.0 337.0 327.0 350.0 334.0 339.0 328.0 340.0 343.0
307.0 295.0 284.0 314.0 325.0 307.0 279.0 289.0 294.0 292.0 288.0 302.0 301.0 324.0 296.0 280.0 291.0 325.0 293.0 294.0 291.0 305.0 307.0 286.0 313.0 216.0 305.0 218.0 220.0 298.0 337.0 286.0 313.0 291.0 339.0 277.0 277.0 264.0 317.0 294.0 284.0 305.0 316.0 303.0 298.0 305.0 321.0 327.0 300.0
306.0 316.0 318.0 324.0 330.0 321.0 333.0 341.0 351.0 340.0 348.0 335.0 327.0 338.0 352.0 341.0 355.0 334.0 349.0 358.0 347.0 338.0 337.0 340.0 360.0 358.0 353.0 301.0 275.0 321.0 311.0 256.0 358.0 321.0 312.0 347.0 337.0 329.0 318.0 345.0 341.0 346.0 341.0 336.0 333.0 335.0 309.0 336.0 312.0
326.0 329.0 347.0 322.0 334.0 321.0 324.0 338.0 335.0 323.0 318.0 298.0 309.0 328.0 326.0 354.0 327.0 330.0 321.0 336.0 343.0 292.0 223.0 376.0 295.0 159.0 382.0 312.0 349.0 368.0 256.0 281.0 302.0 280.0 275.0 282.0 260.0 285.0 262.0 268.0 283.0 275.0 281.0 285.0 291.0 295.0 292.0 291.0 281.0
333.0 337.0 333.0 326.0 321.0 331.0 335.0 346.0 319.0 327.0 351.0 329.0 334.0 336.0 329.0 273.0 336.0 233.0 366.0 368.0 300.0 358.0 415.0 353.0 302.0 312.0 295.0 343.0 310.0 328.0 330.0 331.0 326.0 331.0 333.0 347.0 351.0 335.0 334.0 338.0 333.0 338.0 344.0 341.0 339.0 348.0 339.0 337.0 336.0
346.0 354.0 355.0 328.0 329.0 343.0 314.0 328.0 332.0 339.0 341.0 334.0 156.0 263.0 401.0 315.0 253.0 362.0 334.0 278.0 292.0 310.0 314.0 302.0 287.0 328.0 314.0 334.0 301.0 333.0 316.0 356.0 352.0 363.0 384.0 374.0 389.0 372.0 358.0 359.0 360.0 355.0 354.0 362.0 362.0 362.0 353.0 363.0 387.0
326.0 330.0 326.0 324.0 347.0 351.0 340.0 346.0 334.0 346.0 329.0 322.0 326.0 341.0 321.0 314.0 346.0 112.0 66.0 270.0 380.0 357.0 312.0 365.0 341.0 387.0 386.0 377.0 339.0 348.0 345.0 345.0 345.0 357.0 332.0 343.0 338.0 346.0 328.0 337.0 332.0 334.0 344.0 315.0 336.0 335.0 318.0 329.0 341.0
343.0 331.0 346.0 380.0 372.0 354.0 347.0 353.0 349.0 335.0 336.0 346.0 350.0 345.0 342.0 328.0 138.0 110.0 269.0 212.0 341.0 399.0 303.0 366.0 346.0 350.0 328.0 321.0 325.0 304.0 303.0 322.0 316.0 311.0 327.0 321.0 323.0 339.0 348.0 337.0 345.0 324.0 340.0 326.0 331.0 327.0 325.0 355.0 306.0
334.0 319.0 323.0 362.0 364.0 361.0 357.0 349.0 356.0 354.0 335.0 101.0 15.0 338.0 210.0 252.0 299.0 397.0 334.0 350.0 332.0 320.0 322.0 332.0 318.0 303.0 304.0 333.0 338.0 339.0 357.0 334.0 363.0 345.0 341.0 352.0 348.0 368.0 340.0 334.0 337.0 334.0 311.0 305.0 334.0 336.0 319.0 351.0 341.0
348.0 333.0 356.0 345.0 336.0 338.0 331.0 351.0 339.0 346.0 224.0 15.0 15.0 220.0 222.0 325.0 281.0 351.0 383.0 350.0 360.0 330.0 337.0 326.0 321.0 318.0 335.0 330.0 326.0 332.0 326.0 330.0 326.0 321.0 328.0 321.0 315.0 330.0 329.0 325.0 340.0 338.0 342.0 361.0 344.0 339.0 355.0 347.0 342.0
