109.0 109.0 109.0 109.0 109.0 109.0 109.0 109.0 109.0 109.0 109.0 109.0 109.0 109.0 109.0 109.0 109.0 109.0 109.0 109.0 109.0 109.0 109.0 109.0 109.0 109.0 109.0 109.0 109.0 109.0
109.0 100.0 100.0 100.0 100.0 100.0 100.0 100.0 100.0 100.0 100.0 100.0 100.0 100.0 100.0 100.0 100.0 100.0 100.0 100.0 100.0 100.0 100.0 100.0 100.0 100.0 100.0 100.0 100.0 100.0
100.0 100.0 100.0 100.0 100.0 100.0 100.0 100.0 102.0 100.0 100.0 100.0 100.0 100.0 100.0 100.0 100.0 100.0 100.0 100.0 100.0 100.0 100.0 100.0 100.0 100.0 100.0 100.0 100.0 100.0
100.0 100.0 100.0 100.0 100.0 100.0 100.0 100.0 100.0 100.0 100.0 100.0 100.0 100.0 100.0 100.0 100.0 100.0 100.0 100.0 100.0 100.0 100.0 100.0 100.0 100.0 100.0 100.0 100.0 100.0
100.0 100.0 100.0 100.0 100.0 100.0 100.0 100.0 100.0 100.0 100.0 100.0 100.0 100.0 100.0 100.0 100.0 100.0 100.0 100.0 100.0 100.0 100.0 100.0 100.0 100.0 100.0 100.0 100.0 100.0
101.0 101.0 101.0 101.0 101.0 101.0 101.0 101.0 101.0 101.0 101.0 101.0 101.0 101.0 101.0 101.0 101.0 101.0 101.0 101.0 101.0 101.0 101.0 101.0 101.0 101.0 101.0 101.0 101.0 101.0
101.0 101.0 101.0 101.0 101.0 101.0 101.0 101.0 101.0 101.0 101.0 101.0 101.0 101.0 101.0 101.0 101.0 101.0 101.0 101.0 101.0 101.0 101.0 101.0 101.0 101.0 101.0 101.0 101.0 101.0
101.0 101.0 101.0 101.0 101.0 101.0 101.0 101.0 101.0 101.0 101.0 101.0 101.0 101.0 101.0 101.0 101.0 101.0 101.0 101.0 101.0 101.0 101.0 101.0 101.0 101.0 101.0 101.0 101.0 101.0
101.0 101.0 101.0 101.0 101.0 101.0 101.0 101.0 101.0 101.0 101.0 101.0 101.0 101.0 101.0 101.0 101.0 101.0 101.0 101.0 101.0 101.0 101.0 101.0 101.0 101.0 101.0 101.0 101.0 101.0
101.0 101.0 101.0 101.0 101.0 101.0 101.0 101.0 101.0 101.0 101.0 101.0 101.0 101.0 101.0 101.0 101.0 101.0 101.0 101.0 101.0 101.0 101.0 101.0 101.0 101.0 101.0 101.0 101.0 101.0
101.0 101.0 101.0 101.0 101.0 101.0 101.0 101.0 101.0 101.0 101.0 101.0 101.0 101.0 101.0 101.0 101.0 101.0 101.0 101.0 101.0 101.0 101.0 101.0 101.0 101.0 101.0 101.0 101.0 101.0
101.0 101.0 101.0 101.0 101.0 101.0 101.0 101.0 101.0 101.0 101.0 101.0 101.0 101.0 101.0 101.0 101.0 101.0 101.0 101.0 101.0 101.0 101.0 101.0 101.0 101.0 101.0 101.0 101.0 101.0
101.0 101.0 101.0 101.0 101.0 101.0 101.0 101.0 101.0 101.0 101.0 101.0 101.0 101.0 101.0 101.0 101.0 101.0 101.0 101.0 101.0 101.0 101.0 101.0 101.0 101.0 101.0 101.0 101.0 101.0
101.0 101.0 101.0 101.0 101.0 101.0 101.0 101.0 101.0 101.0 101.0 101.0 101.0 101.0 101.0 101.0 101.0 101.0 101.0 101.0 101.0 101.0 101.0 101.0 101.0 101.0 101.0 101.0 101.0 101.0
101.0 101.0 101.0 101.0 101.0 101.0 101.0 101.0 101.0 101.0 101.0 101.0 101.0 101.0 101.0 101.0 101.0 101.0 101.0 101.0 101.0 101.0 101.0 101.0 101.0 101.0 101.0 101.0 101.0 101.0
101.0 101.0 101.0 101.0 101.0 101.0 101.0 101.0 101.0 101.0 101.0 101.0 101.0 101.0 101.0 101.0 101.0 101.0 101.0 101.0 101.0 101.0 101.0 101.0 101.0 101.0 101.0 101.0 101.0 101.0
101.0 101.0 101.0 101.0 101.0 101.0 101.0 101.0 101.0 101.0 101.0 101.0 101.0 101.0 101.0 101.0 101.0 101.0 101.0 101.0 101.0 101.0 101.0 101.0 101.0 101.0 101.0 101.0 101.0 101.0
101.0 101.0 101.0 101.0 101.0 101.0 101.0 101.0 101.0 101.0 101.0 101.0 101.0 101.0 101.0 101.0 101.0 101.0 101.0 101.0 101.0 101.0 101.0 101.0 101.0 101.0 101.0 101.0 101.0 101.0
101.0 101.0 101.0 101.0 101.0 101.0 101.0 101.0 101.0 101.0 101.0 101.0 101.0 101.0 101.0 101.0 101.0 101.0 101.0 101.0 101.0 101.0 101.0 101.0 101.0 101.0 101.0 101.0 101.0 101.0
101.0 101.0 101.0 101.0 101.0 101.0 101.0 101.0 101.0 101.0 101.0 101.0 101.0 101.0 101.0 101.0 101.0 101.0 101.0 101.0 101.0 101.0 101.0 101.0 101.0 101.0 101.0 101.0 101.0 101.0
101.0 101.0 101.0 101.0 101.0 101.0 101.0 101.0 101.0 101.0 101.0 101.0 101.0 101.0 101.0 101.0 101.0 101.0 101.0 101.0 101.0 101.0 101.0 101.0 101.0 101.0 101.0 101.0 101.0 101.0
101.0 101.0 101.0 101.0 101.0 101.0 101.0 101.0 101.0 101.0 101.0 101.0 101.0 101.0 101.0 101.0 101.0 101.0 101.0 101.0 101.0 101.0 101.0 101.0 101.0 101.0 118.0 101.0 101.0 101.0
101.0 101.0 101.0 101.0 101.0 101.0 101.0 101.0 101.0 101.0 101.0 101.0 101.0 101.0 101.0 101.0 101.0 101.0 101.0 101.0 101.0 101.0 101.0 101.0 101.0 101.0 91.0 91.0 91.0 91.0
101.0 91.0 91.0 91.0 91.0 91.0 91.0 91.0 91.0 91.0 91.0 91.0 91.0 91.0 91.0 91.0 91.0 91.0 91.0 91.0 91.0 91.0 91.0 91.0 91.0 91.0 91.0 91.0 91.0 91.0
91.0 91.0 91.0 91.0 91.0 91.0 91.0 91.0 91.0 91.0 91.0 91.0 91.0 91.0 91.0 91.0 91.0 91.0 91.0 91.0 91.0 91.0 91.0 91.0 91.0 91.0 91.0 91.0 91.0 91.0
91.0 91.0 91.0 91.0 91.0 91.0 91.0 91.0 91.0 91.0 91.0 91.0 91.0 91.0 91.0 91.0 91.0 91.0 91.0 91.0 91.0 91.0 91.0 91.0 91.0 91.0 91.0 91.0 91.0 91.0
91.0 91.0 91.0 91.0 91.0 91.0 91.0 91.0 91.0 91.0 91.0 91.0 91.0 91.0 91.0 91.0 91.0 91.0 91.0 91.0 91.0 91.0 91.0 91.0 91.0 91.0 91.0 91.0 91.0 91.0
91.0 91.0 91.0 91.0 91.0 91.0 91.0 91.0 91.0 91.0 91.0 91.0 91.0 91.0 107.0 107.0 107.0 107.0 107.0 107.0 107.0 91.0 91.0 91.0 91.0 91.0 91.0 91.0 91.0 91.0
91.0 91.0 91.0 91.0 91.0 91.0 91.0 91.0 91.0 91.0 91.0 91.0 91.0 91.0 91.0 91.0 91.0 91.0 91.0 91.0 91.0 91.0 91.0 91.0 91.0 91.0 91.0 91.0 91.0 91.0
91.0 91.0 91.0 91.0 91.0 91.0 91.0 91.0 91.0 91.0 91.0 91.0 91.0 91.0 91.0 91.0 91.0 91.0 91.0 91.0 91.0 91.0 91.0 91.0 91.0 91.0 91.0 91.0 91.0 91.0
101.0 101.0 101.0 101.0 101.0 101.0 101.0 101.0 101.0 101.0 101.0 101.0 101.0 101.0 101.0 101.0 101.0 101.0 101.0 101.0 101.0 101.0 101.0 101.0 101.0 101.0 101.0 101.0 101.0 101.0
101.0 101.0 101.0 101.0 101.0 101.0 101.0 101.0 101.0 101.0 101.0 101.0 101.0 101.0 101.0 101.0 101.0 101.0 101.0 101.0 101.0 101.0 101.0 101.0 101.0 101.0 101.0 101.0 101.0 101.0
101.0 101.0 101.0 101.0 101.0 101.0 101.0 101.0 101.0 101.0 101.0 101.0 101.0 101.0 101.0 101.0 101.0 101.0 101.0 101.0 101.0 101.0 101.0 101.0 101.0 101.0 101.0 101.0 101.0 101.0
101.0 101.0 101.0 101.0 101.0 101.0 101.0 101.0 101.0 101.0 101.0 101.0 101.0 101.0 101.0 101.0 101.0 101.0 101.0 101.0 101.0 101.0 101.0 101.0 101.0 101.0 101.0 101.0 101.0 101.0
101.0 101.0 101.0 101.0 101.0 101.0 101.0 101.0 101.0 101.0 101.0 101.0 101.0 101.0 101.0 101.0 101.0 101.0 101.0 101.0 101.0 101.0 101.0 101.0 101.0 101.0 101.0 101.0 101.0 101.0
87.0 87.0 87.0 87.0 87.0 87.0 87.0 87.0 87.0 87.0 87.0 87.0 87.0 87.0 87.0 87.0 87.0 87.0 87.0 87.0 87.0 87.0 87.0 87.0 87.0 87.0 87.0 87.0 87.0 87.0
87.0 87.0 87.0 87.0 87.0 87.0 87.0 87.0 87.0 87.0 87.0 87.0 87.0 87.0 87.0 87.0 87.0 87.0 87.0 87.0 87.0 87.0 87.0 87.0 87.0 87.0 87.0 87.0 87.0 87.0
87.0 87.0 87.0 87.0 87.0 87.0 87.0 87.0 87.0 87.0 87.0 87.0 87.0 87.0 87.0 87.0 87.0 87.0 87.0 87.0 87.0 87.0 87.0 87.0 87.0 87.0 87.0 87.0 87.0 87.0
87.0 87.0 87.0 87.0 87.0 87.0 87.0 87.0 87.0 87.0 87.0 87.0 87.0 87.0 87.0 87.0 87.0 87.0 87.0 87.0 87.0 87.0 87.0 87.0 87.0 87.0 87.0 87.0 87.0 87.0
87.0 87.0 87.0 87.0 87.0 87.0 87.0 87.0 87.0 87.0 87.0 87.0 87.0 87.0 87.0 87.0 87.0 87.0 87.0 87.0 87.0 87.0 87.0 87.0 87.0 87.0 87.0 87.0 87.0 87.0
87.0 87.0 87.0 87.0 87.0 87.0 87.0 87.0 87.0 87.0 87.0 87.0 87.0 87.0 87.0 87.0 87.0 87.0 87.0 87.0 87.0 87.0 87.0 87.0 87.0 87.0 87.0 87.0 87.0 87.0
87.0 87.0 87.0 87.0 87.0 87.0 87.0 87.0 87.0 87.0 87.0 87.0 87.0 87.0 87.0 87.0 87.0 87.0 87.0 87.0 87.0 87.0 87.0 87.0 87.0 87.0 87.0 87.0 87.0 87.0
87.0 87.0 87.0 87.0 87.0 87.0 87.0 87.0 87.0 87.0 87.0 87.0 87.0 87.0 87.0 87.0 87.0 87.0 87.0 87.0 87.0 87.0 87.0 87.0 87.0 87.0 87.0 87.0 87.0 87.0
87.0 87.0 87.0 87.0 87.0 87.0 87.0 87.0 87.0 87.0 88.0 87.0 87.0 87.0 87.0 87.0 87.0 87.0 87.0 87.0 87.0 87.0 87.0 87.0 87.0 87.0 87.0 87.0 87.0 87.0
87.0 87.0 87.0 87.0 87.0 87.0 87.0 87.0 87.0 87.0 87.0 87.0 87.0 87.0 87.0 87.0 87.0 87.0 87.0 87.0 87.0 87.0 87.0 87.0 87.0 87.0 87.0 87.0 87.0 87.0
87.0 87.0 87.0 87.0 87.0 87.0 87.0 87.0 87.0 87.0 87.0 87.0 87.0 87.0 87.0 87.0 87.0 87.0 87.0 87.0 87.0 87.0 87.0 87.0 87.0 87.0 87.0 87.0 87.0 87.0
86.0 86.0 86.0 86.0 86.0 86.0 86.0 86.0 86.0 86.0 86.0 86.0 86.0 86.0 86.0 82.0 82.0 82.0 82.0 82.0 82.0 82.0 82.0 82.0 82.0 82.0 82.0 82.0 82.0 82.0
82.0 82.0 82.0 82.0 82.0 82.0 82.0 82.0 82.0 82.0 82.0 82.0 82.0 82.0 82.0 82.0 82.0 82.0 82.0 82.0 82.0 82.0 82.0 82.0 82.0 82.0 82.0 82.0 82.0 82.0
82.0 82.0 82.0 82.0 82.0 82.0 82.0 82.0 82.0 82.0 82.0 82.0 82.0 82.0 82.0 82.0 82.0 82.0 82.0 82.0 82.0 82.0 82.0 82.0 82.0 82.0 82.0 82.0 82.0 82.0
82.0 82.0 82.0 82.0 82.0 82.0 82.0 82.0 82.0 82.0 82.0 82.0 82.0 82.0 82.0 82.0 82.0 82.0 82.0 82.0 82.0 82.0 82.0 82.0 82.0 82.0 82.0 82.0 82.0 82.0
82.0 82.0 82.0 82.0 82.0 82.0 82.0 82.0 82.0 82.0 82.0 82.0 82.0 82.0 82.0 82.0 82.0 82.0 82.0 82.0 82.0 82.0 82.0 82.0 82.0 82.0 82.0 82.0 82.0 82.0
82.0 82.0 82.0 82.0 82.0 82.0 82.0 82.0 82.0 82.0 82.0 82.0 82.0 82.0 82.0 82.0 82.0 82.0 82.0 82.0 82.0 82.0 82.0 82.0 82.0 82.0 82.0 82.0 82.0 82.0
82.0 82.0 82.0 82.0 82.0 82.0 82.0 82.0 82.0 82.0 82.0 82.0 82.0 82.0 82.0 82.0 82.0 82.0 82.0 82.0 82.0 82.0 82.0 82.0 82.0 82.0 82.0 82.0 82.0 82.0
82.0 82.0 82.0 82.0 82.0 82.0 82.0 82.0 82.0 82.0 82.0 82.0 82.0 82.0 82.0 82.0 82.0 82.0 82.0 82.0 82.0 82.0 82.0 82.0 82.0 82.0 82.0 82.0 82.0 82.0
82.0 82.0 82.0 82.0 82.0 82.0 82.0 82.0 82.0 82.0 82.0 82.0 82.0 82.0 82.0 82.0 82.0 82.0 82.0 82.0 82.0 82.0 82.0 82.0 82.0 82.0 82.0 82.0 82.0 82.0
90.0 90.0 90.0 90.0 90.0 90.0 90.0 90.0 90.0 90.0 90.0 90.0 90.0 90.0 90.0 90.0 90.0 90.0 90.0 90.0 90.0 90.0 90.0 90.0 90.0 90.0 90.0 90.0 90.0 90.0
90.0 90.0 90.0 90.0 90.0 90.0 90.0 90.0 90.0 90.0 90.0 90.0 90.0 90.0 90.0 90.0 90.0 90.0 90.0 90.0 90.0 90.0 90.0 90.0 90.0 90.0 90.0 90.0 90.0 90.0
90.0 90.0 90.0 90.0 90.0 90.0 90.0 90.0 90.0 90.0 90.0 90.0 90.0 90.0 90.0 90.0 90.0 90.0 90.0 90.0 90.0 90.0 90.0 90.0 90.0 90.0 90.0 90.0 90.0 90.0
90.0 90.0 90.0 90.0 90.0 90.0 90.0 90.0 90.0 90.0 90.0 90.0 90.0 90.0 90.0 90.0 90.0 90.0 90.0 90.0 90.0 90.0 90.0 90.0 90.0 90.0 90.0 90.0 90.0 90.0
90.0 90.0 90.0 90.0 90.0 90.0 90.0 90.0 90.0 90.0 90.0 90.0 90.0 90.0 90.0 90.0 90.0 90.0 90.0 90.0 90.0 90.0 90.0 90.0 90.0 90.0 90.0 90.0 90.0 90.0
90.0 90.0 90.0 90.0 90.0 90.0 90.0 90.0 90.0 90.0 90.0 90.0 90.0 90.0 90.0 90.0 90.0 90.0 90.0 90.0 90.0 90.0 90.0 90.0 90.0 90.0 90.0 90.0 90.0 90.0
90.0 90.0 90.0 90.0 90.0 90.0 90.0 90.0 90.0 90.0 90.0 90.0 90.0 90.0 90.0 90.0 90.0 90.0 90.0 90.0 90.0 90.0 90.0 90.0 90.0 90.0 90.0 90.0 90.0 90.0
90.0 90.0 90.0 90.0 90.0 90.0 90.0 90.0 90.0 90.0 90.0 90.0 90.0 90.0 90.0 90.0 90.0 90.0 90.0 90.0 90.0 90.0 90.0 90.0 90.0 90.0 90.0 90.0 90.0 90.0
90.0 90.0 90.0 90.0 90.0 90.0 90.0 90.0 90.0 90.0 90.0 90.0 90.0 90.0 90.0 90.0 90.0 90.0 90.0 90.0 90.0 90.0 90.0 90.0 90.0 90.0 90.0 90.0 90.0 90.0
125.0 125.0 125.0 125.0 125.0 125.0 125.0 125.0 125.0 125.0 125.0 125.0 125.0 125.0 125.0 125.0 125.0 125.0 125.0 125.0 125.0 125.0 125.0 125.0 125.0 125.0 125.0 125.0 125.0 125.0
125.0 125.0 125.0 125.0 125.0 125.0 125.0 125.0 125.0 125.0 125.0 125.0 125.0 125.0 125.0 125.0 125.0 125.0 125.0 125.0 125.0 125.0 125.0 125.0 125.0 125.0 125.0 125.0 125.0 125.0
114.0 114.0 114.0 114.0 114.0 114.0 114.0 114.0 114.0 114.0 114.0 114.0 114.0 114.0 114.0 114.0 114.0 114.0 114.0 114.0 114.0 114.0 114.0 114.0 114.0 114.0 114.0 114.0 114.0 114.0
92.0 92.0 92.0 92.0 92.0 92.0 92.0 92.0 92.0 92.0 92.0 92.0 92.0 92.0 92.0 92.0 92.0 92.0 92.0 92.0 92.0 92.0 92.0 92.0 92.0 92.0 92.0 92.0 92.0 92.0
93.0 93.0 93.0 93.0 93.0 93.0 93.0 93.0 93.0 93.0 93.0 93.0 93.0 93.0 96.0 96.0 96.0 96.0 96.0 96.0 96.0 96.0 96.0 96.0 96.0 96.0 96.0 93.0 93.0 93.0
93.0 93.0 93.0 93.0 93.0 93.0 93.0 93.0 93.0 93.0 93.0 93.0 93.0 93.0 93.0 93.0 93.0 93.0 93.0 93.0 93.0 93.0 93.0 93.0 93.0 93.0 93.0 93.0 93.0 93.0
93.0 93.0 93.0 93.0 93.0 93.0 93.0 93.0 93.0 93.0 93.0 93.0 93.0 93.0 93.0 93.0 93.0 93.0 93.0 93.0 93.0 93.0 93.0 93.0 93.0 93.0 93.0 93.0 93.0 93.0
94.0 94.0 94.0 94.0 94.0 94.0 94.0 100.0 100.0 100.0 94.0 94.0 94.0 94.0 94.0 94.0 94.0 94.0 100.0 97.0 97.0 91.0 91.0 91.0 97.0 97.0 91.0 91.0 91.0 91.0
91.0 91.0 91.0 91.0 91.0 91.0 91.0 91.0 91.0 91.0 91.0 91.0 91.0 91.0 91.0 91.0 91.0 91.0 91.0 91.0 91.0 91.0 91.0 91.0 91.0 91.0 91.0 91.0 91.0 91.0
91.0 91.0 91.0 91.0 97.0 91.0 91.0 91.0 91.0 91.0 91.0 91.0 91.0 91.0 91.0 91.0 91.0 91.0 91.0 91.0 91.0 91.0 91.0 91.0 91.0 91.0 91.0 91.0 91.0 91.0
75.0 75.0 75.0 75.0 75.0 75.0 75.0 75.0 75.0 75.0 75.0 75.0 75.0 75.0 75.0 75.0 75.0 75.0 75.0 75.0 75.0 75.0 75.0 75.0 75.0 75.0 75.0 75.0 75.0 75.0
79.0 79.0 79.0 79.0 75.0 75.0 75.0 75.0 75.0 75.0 75.0 75.0 75.0 75.0 75.0 75.0 75.0 75.0 75.0 75.0 75.0 75.0 75.0 75.0 75.0 75.0 75.0 75.0 75.0 75.0
75.0 75.0 75.0 75.0 75.0 75.0 75.0 75.0 75.0 75.0 75.0 75.0 75.0 75.0 75.0 75.0 75.0 75.0 75.0 75.0 75.0 75.0 75.0 75.0 75.0 75.0 75.0 75.0 75.0 75.0
75.0 75.0 75.0 75.0 75.0 75.0 75.0 75.0 75.0 75.0 75.0 75.0 75.0 75.0 75.0 75.0 75.0 75.0 75.0 75.0 75.0 75.0 75.0 75.0 75.0 75.0 75.0 75.0 75.0 75.0
75.0 75.0 75.0 75.0 75.0 75.0 75.0 75.0 75.0 75.0 75.0 75.0 75.0 75.0 75.0 75.0 75.0 75.0 75.0 75.0 75.0 75.0 75.0 75.0 75.0 75.0 75.0 75.0 75.0 75.0
75.0 75.0 75.0 75.0 75.0 75.0 75.0 75.0 75.0 75.0 75.0 75.0 75.0 75.0 75.0 75.0 75.0 75.0 75.0 75.0 75.0 75.0 75.0 75.0 75.0 75.0 75.0 75.0 75.0 75.0
83.0 83.0 83.0 83.0 75.0 83.0 83.0 83.0 83.0 83.0 83.0 83.0 83.0 83.0 83.0 75.0 75.0 83.0 83.0 83.0 83.0 83.0 83.0 83.0 83.0 75.0 75.0 75.0 75.0 83.0
83.0 83.0 83.0 83.0 83.0 83.0 83.0 83.0 83.0 83.0 83.0 83.0 75.0 75.0 75.0 94.0 84.0 75.0 75.0 75.0 75.0 75.0 75.0 75.0 75.0 75.0 75.0 75.0 75.0 75.0
134.0 134.0 134.0 134.0 134.0 134.0 134.0 134.0 134.0 134.0 134.0 134.0 134.0 134.0 134.0 134.0 134.0 134.0 134.0 134.0 134.0 134.0 134.0 134.0 134.0 134.0 134.0 134.0 134.0 134.0
134.0 134.0 134.0 134.0 134.0 134.0 134.0 134.0 134.0 134.0 134.0 134.0 134.0 134.0 134.0 134.0 134.0 134.0 134.0 134.0 134.0 134.0 134.0 134.0 134.0 134.0 134.0 134.0 134.0 134.0
134.0 134.0 134.0 134.0 134.0 134.0 134.0 134.0 134.0 134.0 134.0 134.0 134.0 134.0 134.0 134.0 134.0 134.0 134.0 134.0 134.0 134.0 134.0 134.0 134.0 134.0 109.0 109.0 109.0 109.0
138.0 138.0 103.0 103.0 103.0 103.0 103.0 103.0 103.0 103.0 103.0 103.0 103.0 103.0 103.0 103.0 103.0 103.0 103.0 103.0 103.0 103.0 103.0 103.0 103.0 103.0 103.0 103.0 103.0 103.0
103.0 103.0 103.0 103.0 103.0 103.0 103.0 103.0 103.0 103.0 103.0 103.0 103.0 103.0 103.0 103.0 103.0 103.0 103.0 103.0 103.0 103.0 103.0 103.0 103.0 103.0 103.0 103.0 103.0 103.0
103.0 103.0 103.0 103.0 103.0 103.0 103.0 103.0 103.0 103.0 103.0 103.0 103.0 103.0 103.0 103.0 103.0 103.0 103.0 103.0 103.0 103.0 103.0 103.0 103.0 103.0 103.0 103.0 103.0 103.0
103.0 103.0 103.0 103.0 103.0 103.0 103.0 103.0 103.0 103.0 103.0 103.0 103.0 103.0 103.0 103.0 103.0 103.0 103.0 103.0 103.0 103.0 103.0 103.0 103.0 103.0 103.0 103.0 103.0 103.0
103.0 103.0 103.0 103.0 103.0 103.0 103.0 103.0 103.0 103.0 103.0 103.0 103.0 103.0 103.0 103.0 103.0 103.0 103.0 103.0 103.0 103.0 103.0 103.0 103.0 103.0 103.0 103.0 103.0 103.0
103.0 103.0 103.0 103.0 103.0 103.0 103.0 103.0 103.0 103.0 103.0 103.0 103.0 103.0 103.0 103.0 103.0 103.0 103.0 103.0 103.0 103.0 103.0 103.0 103.0 103.0 103.0 103.0 103.0 103.0
103.0 103.0 103.0 103.0 103.0 103.0 103.0 103.0 103.0 103.0 103.0 103.0 103.0 103.0 103.0 103.0 103.0 103.0 103.0 103.0 103.0 103.0 103.0 103.0 103.0 103.0 103.0 103.0 103.0 103.0
103.0 103.0 103.0 103.0 103.0 103.0 103.0 103.0 103.0 103.0 103.0 103.0 103.0 103.0 103.0 103.0 103.0 103.0 103.0 103.0 103.0 103.0 103.0 103.0 103.0 103.0 103.0 103.0 103.0 103.0
103.0 103.0 103.0 103.0 103.0 103.0 103.0 103.0 103.0 103.0 103.0 103.0 103.0 103.0 103.0 103.0 103.0 103.0 103.0 103.0 103.0 103.0 103.0 103.0 103.0 103.0 103.0 103.0 103.0 103.0
