0.04485091 -0.01869398 0.3606155 0.2498635 0.09156787 0.1289957 -0.32539 -0.3187458 -0.2944534 0.008793116 0.1077191 -0.19193 0.3149922 0.2959011 -0.2328775 -0.3337113 -0.4006656 -0.2439388 -0.1793594 0.03085636 0.4490293 0.4660446 0.3846307 -0.02326235 -0.1731371 -0.1425857 0.3149722 0.4777864 -0.09118851 -0.01933523 0.05478535 -0.03931881 -0.2320338 -0.1745414 -0.08717741 0.08367047 -0.1517243 -0.2828399 -0.5377326 -0.2211989 0.2033221 0.4882725 0.1444962 0.2407833 0.013246 -0.01874364 -0.009254535 -0.1208472 -0.1779365 -0.04204915 -0.4903685
-0.04204915 -0.4903685 -0.1500509 0.1026662 0.01820241 0.2147313 0.1855052 0.1824175 0.1547287 -0.1984655 -0.04120215 0.2998628 0.2252628 0.08482612 -0.01664739 0.009007456 -0.1808544 -0.04732318 -0.1168827 -0.1089443 -0.1089112 -0.04745352 -0.001498967 -0.09962076 -0.06352834 0.1929786 0.06514899 0.04037067 0.08572569 -0.1278528 0.05542339 0.1119851 0.1152041 -0.1848692 -0.1177332 -0.09978011 0.2301632 0.01382867 -0.05093377 0.0210668 0.07462197 0.02397516 -0.001148917 0.04518231 -0.02390533 0.08963809 -0.1426683 -0.1365776 0.03450476 0.1084797 0.1922174
-0.1426683 -0.1365776 0.03450476 0.1084797 0.1922174 0.1594994 0.1324649 0.03877243 0.0192338 0.1005297 0.01510061 -0.1597194 0.08113425 0.2148131 -0.05218353 -0.09548071 -0.03855901 -0.1283414 -0.05508856 0.1056218 0.06031694 0.1309269 0.04618257 0.05549378 -0.02244131 -0.02784296 0.03329255 0.03175367 0.03299785 -0.05433543 -0.01434119 0.01217402 -0.006886331 0.08083507 0.02634384 0.04309567 -0.02044077 -0.000620548 -0.08474699 -0.004924214 -0.02254248 0.03203422 0.0975076 -0.03797508 -0.04456725 0.03398861 -0.007212854 0.07613463 -0.02478446 -0.05349952 0.02481652
-0.05349952 0.02481652 0.001444902 0.04227953 0.01326489 -0.02502132 0.09091896 0.01330395 -0.0384084 0.09254658 0.07841806 0.09314241 0.0967975 0.06700388 0.007519809 0.07912635 -0.03557829 0.006520194 0.02709187 0.02530081 0.003746396 -0.06211374 -0.06466017 0.02642042 0.02199451 0.05975036 0.03158251 -0.04655217 0.02110696 -0.03540682 0.07336184 0.03492668 -0.06701659 -0.04154339 0.001819452 0.148094 0.01360494 0.06273068 0.06323282 -0.1410512 -0.04508762 -0.0996004 -0.04818817 -0.06818882 0.1985843 0.1348597 0.05608938 0.02392648 0.06198039 -0.007061561 0.005535882
0.06198039 -0.007061561 0.005535882 -0.09496702 -0.0433117 0.09132585 0.02741764 0.02635279 -0.01117799 0.02511542 -0.04287061 -0.05333273 0.02834589 0.06979729 0.01406344 0.08462238 -0.003497589 0.007266663 0.1082678 0.01524019 -0.01864903 0.07960001 0.2135376 -0.02422755 -0.01060526 -0.1473346 -0.1265786 -0.0888487 0.05802067 0.1534491 0.05274701 0.2067161 -0.06747405 -0.07865162 -0.08635814 -0.05690687 0.05698452 -0.008676143 -0.2491294 -0.2221361 -0.1797051 0.07973918 0.3268548 0.1982124 0.1681186 -0.05206371 -0.007074839 0.008458485 0.1005979 0.0927518 0.006337999
0.03660012 -0.07294599 -0.1189631 -0.1620444 0.00809205 0.01380101 0.05718229 0.056229 -0.01841609 0.03161833 -0.04095586 0.02480995 -0.0599608 0.06255685 -0.05365241 -0.04769447 0.02223582 0.1099824 0.05675422 0.02739176 0.311687 0.6788434 -0.3066666 -0.422203 -0.2386142 0.1515645 0.4581212 0.2075218 0.007777079 -0.2610304 0.05164278 -0.6619347 0.07872907 0.1576876 0.1386196 0.1249049 -0.05225526 -0.03750108 0.2201052 0.1859716 0.3632346 0.000690617 -0.1089851 -0.0177133 -0.1348372 -0.104347 -0.122711 -0.06353148 0.001720794 -0.01492651 0.02927145
0.004687389 -0.01135242 -0.05448875 0.09584163 0.07571346 0.03869673 0.0178533 -0.01643385 0.0004983508 0.01590134 -0.005845469 -0.04172248 0.03393701 0.07279059 0.01104333 0.0009600683 0.02250385 -0.008864538 0.01708103 -0.04461984 -0.04806166 -0.06464726 -0.02353151 0.03317415 -0.04575104 0.6512209 -1.026902 0.4778091 -1.241334 -0.01600016 0.8452603 0.3133337 0.400665 0.2445467 -0.3813541 -0.3352918 -0.1033317 0.2137316 -0.1324059 -0.05800682 0.08719031 -0.007280496 -0.04220833 -0.1046515 -0.004163269 0.03426458 0.1383899 -0.0630594 0.0583295 0.03615732 -0.02841097
-0.1023866 -0.01120633 0.1133054 0.05770887 -0.02910762 -0.0674032 -0.008602271 -0.0268982 0.1062356 -0.006588223 0.05696882 0.08212227 -0.2782055 -0.03979202 -0.1037342 0.09536709 0.1557973 0.3093619 -0.1414355 -0.1330678 -0.08118466 -0.009632609 0.1579796 -0.09687212 -0.04024911 0.2611122 0.4852698 -0.4171309 -0.05301222 0.07405379 0.2549046 0.4175683 0.4403602 0.1191563 -0.4325646 -0.2076684 -0.2303554 -0.1114144 0.06818154 0.2648525 0.1861905 0.2681532 0.09947868 -0.1242518 -0.07749261 0.0235815 0.2093322 -0.01781094 -0.05175821 0.05763816 -0.004322353
0.04752967 -0.03808889 -0.01377146 -0.2124558 -0.1185659 0.136683 0.0567386 0.009828334 -0.01707965 -0.1571581 -0.000947788 -0.02532864 0.1281672 0.01990143 0.08362718 -0.04867579 -0.1665953 0.1899446 0.1642552 0.04921935 -0.1320444 -0.125352 -0.06623603 0.06934822 0.1139862 -0.007249735 0.5846426 -0.5822794 -0.196573 -0.3841344 0.8666838 -0.3240706 -0.1990724 0.02747201 -0.3834055 -0.241722 0.246373 0.1741148 0.138287 0.1924347 -0.0004478701 0.08799773 -0.1711392 -0.1571953 -0.1192193 0.129468 0.2528385 0.04483881 0.03115109 -0.02568335 -0.02652051
-6.823616e-05 0.1140798 -0.01318745 0.1123746 -0.04209131 -0.1820452 -0.08337534 -0.04292434 -0.0004602874 -0.08462502 0.08601757 0.1031358 0.1058181 0.02003293 0.1303772 0.04095951 0.07720973 -0.1615469 -0.06298965 -0.09445763 -0.08884407 -0.3105513 0.2281641 -0.9048404 0.07473306 0.4935766 0.1655597 -0.01583867 0.1259026 -0.05807178 -0.05624634 -0.2130217 -0.04510448 -0.5022284 0.06316766 0.1169492 0.1780355 0.05225474 0.1003341 -0.03891715 0.02561885 -0.1172179 -0.1694586 0.1181366 0.03479481 0.1656865 -0.3401945 -0.03459847 0.2759158 0.1977619 -0.04401523
-0.02744807 -0.05602771 0.03989252 0.01631066 0.02420777 0.09747346 0.01765451 -0.02505312 0.05843156 -0.03978078 0.006432071 0.02566906 0.2691993 0.5003251 -0.02984151 0.05190984 -0.4692644 -0.180482 -0.5853313 -0.2457679 -0.08804321 0.6592876 0.7546984 0.5587208 -0.01419914 -0.3729557 -0.4521633 -0.3420649 -0.05288751 0.1658549 0.02614067 0.2305333 0.1389137 -0.0114837 -0.1291631 0.146119 0.0415738 -0.08158337 0.04298452 0.09514699 0.08507262 0.05624951 0.01730944 -0.03501989 -0.2351581 -0.1650984 0.04616047 0.2096092 0.08497936 0.02183004 -0.1837227
0.0401631 0.08618863 0.1362068 0.1177566 0.03056696 -0.09457287 -0.06960442 -0.0172416 -0.05094817 -0.02937745 0.03897368 0.08386289 0.06480981 0.009822829 0.04195556 0.04636166 -0.03975759 0.01704011 1.625603 -0.1959685 -0.1431977 -0.200783 -0.849851 0.4051547 -0.2296919 0.3201064 -0.3532145 0.4408722 0.5657094 0.119641 -0.0981506 -0.1010362 -0.1002311 -0.05593765 -0.3784859 0.1279203 0.2030389 0.0453241 -0.01723209 0.007420903 -0.07628848 -0.009039422 -0.07936219 -0.04891781 -0.05489788 0.2468658 0.2208788 0.0306581 -0.05425879 -0.05334569 -0.08961557
-0.07027425 0.02759548 -0.06768276 -0.04140343 0.02172139 0.0369699 0.06466316 0.1259147 -0.0247458 0.1087403 0.03015558 -0.01083165 -0.05457362 -0.03461579 0.06230069 0.002419997 0.02120669 0.01941221 0.01752596 -0.06528761 -0.02168564 -0.01320309 -0.03268849 0.0008973199 0.07194375 -0.04458481 -0.1009293 0.01918258 0.04394446 -0.3049766 0.921015 -1.314691 0.5607585 0.2548445 -0.05716036 -0.0253654 -0.4943603 -0.282243 0.01852494 0.9534495 0.1193844 -0.2575855 -0.3106259 -0.2643252 -0.1308752 -0.03046656 0.1734363 0.1543208 -0.1743083 0.3732169 -0.05145692
0.08928925 0.2474713 0.3490748 0.0274138 -0.09431275 -0.05442757 -0.07915795 -0.06697162 -0.04545677 -0.02117351 0.06408316 -0.04758161 -0.09730341 0.04305499 0.07134152 -0.08430476 0.06794057 0.06247703 -0.1479245 -0.3882488 0.09632991 0.2986602 0.5548251 0.1724024 0.2754335 -0.01013551 -0.1565441 -0.4437811 -0.1810143 -0.1178678 0.2007116 0.2252502 0.06650599 0.0795424 -0.09224913 0.04683262 -0.1102387 -0.01349025 0.01678455 -0.01875329 0.02504045 0.1370994 0.04315475 -0.0439098 -0.009822122 -0.01905517 0.01881715 -0.1361648 0.002714175 -0.03040254 -0.05495117
-0.04398331 0.02505026 -0.2009068 -0.05576293 -0.04318823 0.1836216 0.08671194 -0.09191108 0.008360014 -0.05944268 0.09444705 0.03399794 -0.03233995 -0.06477801 -0.07235119 0.03012778 -0.01963613 -0.1106238 -0.002154345 -0.057443 0.01590865 0.05912761 0.105896 -0.09022363 0.972905 0.1187269 -0.4970079 -0.81639 0.3382785 0.07801595 -0.00202718 0.04173425 0.2960346 0.1056511 -0.2322614 -0.1209583 -0.13755 -0.1411609 0.071424 0.1678569 0.01003918 -0.04376885 -0.1721064 0.05612705 -0.1275527 0.07042208 0.2051041 0.2227508 0.1365709 -0.1002899 -0.008767667
-0.146971 -0.03160027 -0.04290916 0.08457366 0.04059171 0.01620768 0.02020059 0.09549633 0.1095029 0.07255048 -0.003678469 -0.3170759 2.524835 2.609013 1.115334 0.8176091 0.6377388 -1.369086 -1.204755 -0.5499988 -0.08629078 -0.140006 0.3476226 0.6618025 0.4822435 0.08532978 0.07039664 -0.07418706 0.07649782 -0.1434912 -0.007244117 0.02469981 0.2128528 -0.07131522 0.03520603 0.07053445 0.1479291 0.2123272 0.1421624 0.01458431 -0.1466631 -0.2248229 -0.09638861 -0.1043613 -0.02876001 -0.01069643 0.01562915 0.02341258 -0.06478389 0.01744542 0.02387435
-0.04534437 -0.009328942 -0.06248348 0.07535347 0.08330325 0.09163363 0.04613285 -0.01379336 0.04326958 -0.08195711 -0.08344961 -0.08151073 0.04238322 -0.03389071 0.08735923 0.01662818 0.07579082 0.01888769 -0.02543388 0.0578967 0.0580522 0.1056579 -0.02503647 -0.09837079 0.1356893 0.07052501 -0.154954 -0.1254515 0.03840927 0.2724082 0.06344695 -0.04351217 -0.04159229 -0.0808671 -0.01043431 -0.02357209 -0.01250903 0.008618901 -0.05173677 0.07377634 0.03041742 0.1632096 -0.07606093 -0.120071 -0.001149022 0.06514627 0.08751061 -0.05683987 0.07267684 0.01344491 0.0653121
0.03840927 0.2724082 0.06344695 -0.04351217 -0.04159229 -0.0808671 -0.01043431 -0.02357209 -0.01250903 0.008618901 -0.05173677 0.07377634 0.03041742 0.1632096 -0.07606093 -0.120071 -0.001149022 0.06514627 0.08751061 -0.05683987 0.07267684 0.01344491 0.0653121 -0.09765916 -0.0238895 0.02285039 0.02176001 0.06144631 0.04497053 0.02588041 -0.2959501 -0.8481412 -0.5963048 0.00374811 0.4317873 1.153256 0.9994203 0.1298744 -0.2178102 -0.4057837 -0.4194463 -0.2828389 -0.2221896 -0.1201256 -0.07781754 0.04572539 0.1040608 0.1616123 -0.01569884 -0.09166979 -0.01588174
-0.01110635 -0.0080917 0.03844363 -0.02816768 0.04636618 0.1233491 -0.01306386 0.02879786 -0.009136237 0.02717942 0.02139001 0.07874425 0.0465569 -0.08210286 -0.05556351 -0.006836156 -0.2244068 0.44921 -0.2526761 0.03833798 -0.3169994 -0.07633071 -0.1268583 0.5761891 0.2545424 -0.3093038 0.1779956 -0.1643411 0.02515329 -0.2335973 -0.1300218 0.008800534 -0.08407409 -0.01213599 -0.01113052 0.1053505 0.01801266 0.09555787 0.04418205 0.09920748 0.05739156 0.04768573 0.00182894 0.02635764 0.08610553 0.04156683 0.04698048 -0.003884933 -0.006423446 0.1082159 0.048234
-0.06835303 0.01401103 -0.06429859 0.06513721 0.04777442 -0.0247008 0.006156289 -0.02569503 0.03500678 0.04804331 0.02716381 0.09105167 0.03378749 0.008403224 0.005604356 0.05856712 -0.07403108 0.004373518 -0.04754326 0.01029891 0.08054538 0.3669688 0.961824 -1.580883 -0.5264399 -0.5465074 -0.4353811 0.258876 0.4053069 0.2631414 0.5362981 0.1808345 -0.06772022 -0.257613 -0.2898038 -0.08734191 -0.01047836 0.05573884 -0.0522372 0.0006782672 0.04472964 0.1047747 0.0194757 0.002346492 -0.03179177 -0.05125874 0.02708152 0.002233691 0.02845509 0.003877581 0.03207017
0.04876943 -0.08900698 0.01651754 -0.05489479 -0.03196388 -0.04847492 -0.04142233 -0.03432367 -0.02210768 -0.03143169 0.01763755 -0.04251619 -0.02001944 -0.0480974 0.04907665 0.02671904 -0.0344772 0.03143704 0.06055614 -0.05015462 -0.07348399 -0.002096409 0.05280338 0.1421219 0.04673084 -0.271786 -0.5038084 0.4195879 -0.1996996 0.5942447 0.1425311 0.04103982 -0.5134678 -0.4840119 0.112505 -0.3123887 0.08022009 0.3093676 0.1088699 0.06490363 0.1039282 -0.02985116 -0.03836648 0.04313882 0.0468762 -0.04882113 -0.07131523 -0.09245592 -0.04683734 -0.08889274 -0.1073891
-0.02497038 -0.06600768 0.05432104 0.05687949 0.1330256 0.06809228 0.1054318 0.05866788 -0.06970912 -0.008271805 0.02457751 0.05765687 0.01830618 -0.1349416 0.04587847 0.1858863 -0.732408 -0.1603553 0.316311 -0.1005953 -0.2035782 0.1693489 0.2442381 0.4609831 -0.05300202 -0.187839 -0.1558675 -0.1715912 -0.05450719 -0.01526682 -0.02040868 0.1060656 0.01805814 0.03344516 -0.03811404 0.01116079 -0.07272132 0.07655048 0.1107437 0.1225795 0.03454887 0.06479127 -0.02071653 -0.1028805 -0.1748768 -0.03416094 0.001047763 0.09471835 0.02198766 0.008229896 0.05667661
-0.01337637 -7.073556e-05 0.01049347 0.08152886 0.01029877 -0.01670018 -0.0386834 -0.01810623 0.003520248 0.009069999 0.02342196 -0.6497869 -0.7396867 -0.06371027 0.3895671 0.2665743 0.3337463 -0.03431134 0.02525869 0.04839963 0.01719072 0.02180967 0.06055524 0.0254712 -0.1295343 -0.04433233 -0.05094532 -0.006626072 0.01090325 -0.05619274 -0.009874041 -0.03747036 0.02551748 0.08353473 0.04230232 -0.04399619 0.02963193 -0.09230135 -0.09469521 0.008209947 -0.05092699 0.05185204 0.0400487 0.03414838 -0.003379834 -0.0363118 0.08215777 0.02440501 0.01146338 0.03466678 -0.001916124
-0.04399619 0.02963193 -0.09230135 -0.09469521 0.008209947 -0.05092699 0.05185204 0.0400487 0.03414838 -0.003379834 -0.0363118 0.08215777 0.02440501 0.01146338 0.03466678 -0.001916124 0.004923329 -0.0342351 0.01258225 -0.04958833 0.01208736 -0.1907477 0.5049618 -0.1920927 0.08331375 -0.4188158 0.5334793 0.1118658 -0.3619318 0.2083056 0.6748174 -0.3192211 -0.1280876 -0.006950388 -0.2352429 -0.1406682 -0.1206726 0.07491364 0.006667098 0.01382691 -0.0539924 -0.07548179 -0.08778197 0.09489204 0.03664386 -0.08945608 0.00934597 0.05506094 0.1589236 -0.08356508 0.05566131
-0.006200533 -0.0336408 0.07725442 0.008243308 0.08549208 -0.04459279 0.07316584 -0.1156204 -0.004378731 0.06050769 0.003423818 -0.06892066 0.05752185 -0.0255157 0.009587011 0.03569209 0.01189105 0.07108139 0.1108767 -0.07684834 -0.03985265 0.06674509 -0.1076738 0.06255044 0.03224242 0.1729169 -0.5765065 -0.1776329 -0.0688339 0.5671828 0.5572782 0.2501025 -0.1050876 -0.2272767 -0.1995625 -0.02170208 -0.01301996 0.123062 0.07943567 -0.01732092 -0.05127105 -0.08237921 0.01587589 -0.003337533 -0.02195258 0.07427854 0.004756178 0.04278661 -0.09803985 0.04481466 0.1984929
0.08130843 0.03941194 0.02515952 0.004232974 -0.01792648 -0.1428421 -0.08068877 0.2251113 0.1919057 0.05886432 -0.007834468 -0.02690516 1.053395 -0.7557925 -0.9453352 -0.1991623 0.1791693 -0.09773764 -0.2147982 0.3201907 -0.196519 1.900706 -0.7304651 0.3854754 -0.05596346 0.1196462 -0.03028134 0.1854113 0.3028565 -0.06480441 -0.2271586 0.09814329 0.05468562 0.02738623 -0.05160248 -0.04453434 -0.03589949 -0.05282196 0.03970127 -0.01305002 -0.03326397 -0.05732014 0.04445782 0.08211306 0.1263875 -0.1396861 -0.003710771 0.03817933 0.144127 -0.02403845 -0.1202648
-0.1162396 0.03064856 -0.06099448 0.04524866 -0.02782896 -0.1313541 0.08468396 0.01219362 0.1236658 0.07750238 -0.03763535 0.07912631 0.09608021 0.04090069 0.06625079 -0.06713481 -0.03909867 0.09537353 0.04309276 -0.02333088 -0.1049725 -0.543004 -0.3921306 0.08683436 0.1877993 0.1155167 0.0264639 -0.3131141 -0.02182302 -0.03399234 0.08741047 -0.0616145 -0.09564315 -0.02077908 -0.01255963 0.0008514894 -0.1194275 0.08653877 0.03145998 -0.1239194 -0.009577159 -0.05032285 -0.02834652 0.1458752 0.06080594 -0.005474243 0.01775463 0.2069689 0.01752005 -0.01128755 -0.04269034
-0.1279358 -0.06422201 0.04026027 -0.1284704 0.06280867 0.07624678 0.0664866 -0.04193202 0.09467775 0.09023786 0.1000043 -0.1115389 0.03435732 -0.1487493 -0.4406262 0.3028597 0.6193372 -0.3744088 -0.3550132 0.07190231 0.119776 0.05795003 -0.08560508 -0.07618944 -0.03996122 0.06321167 0.125059 0.09485631 0.02554426 0.05310691 -0.1553445 -0.04547554 0.07196521 0.1597988 0.09357687 0.001948732 -0.2638386 -0.008081014 0.01925887 -0.00114509 0.1438386 0.2011012 -0.04187135 0.0407872 -0.3155308 -0.0901281 -0.1147923 -0.00983506 0.02668226 -0.06894914 0.02298745
0.02668226 -0.06894914 0.02298745 0.1247166 0.2188218 0.026508 -0.08679833 0.006826721 0.1771773 0.236103 -0.3803858 -0.0944333 -0.02760516 0.1624205 -0.1365145 -0.1364008 -0.1446008 -0.08033726 -0.1316193 -1.345737 0.7308983 -0.1003676 0.3049866 0.3258809 0.09183036 0.09947554 -0.06965595 -0.2990333 -0.1866571 -0.06864258 0.007607508 0.0529771 0.03230349 -0.1337087 0.1800276 0.1449062 0.04630272 0.05590513 -0.02218793 0.02914473 0.09425138 0.1268217 -0.01443631 -0.163799 -0.03511396 0.02866184 0.05820782 -0.2642039 -0.07708344 0.1033035 -0.04745307
-0.008392777 -0.1910559 -0.06641709 0.1039455 0.08792825 0.148888 -0.01321459 -0.06783365 -0.09411387 0.1864054 0.0412473 -0.1153735 -0.1136067 0.1470287 0.0414404 0.06706824 -0.01498506 -0.04926478 -0.03986416 -0.1514243 -0.02212726 -0.9481691 -0.6138415 0.9392492 0.824398 0.2662115 0.4116633 0.2685516 0.1122032 -0.4065595 -0.4590404 -0.5149091 -0.1330746 -0.005884108 0.01001449 0.009690557 0.1315868 -0.05113175 0.1755119 0.08714499 -0.04093914 0.06823286 0.05226333 -0.06382626 -0.04922183 0.03777178 -0.01745879 0.1230577 -0.005283002 0.01452443 -0.04466496
0.08527827 -0.09759307 -0.1014934 -0.05058653 0.04127466 -0.09279502 0.06423638 -0.04348387 -0.05329873 -0.06417698 0.03951302 0.07612793 0.09853805 0.04028508 0.08437075 0.07819334 -0.1806741 -0.1780179 -0.006047057 -0.05050817 0.674453 -0.643521 -0.604625 0.1813032 0.3306225 0.2646041 0.4924966 -0.2675862 -0.007027401 0.1647546 -0.01618433 -0.1445057 -0.2102295 0.0004007753 0.05334523 0.02535351 0.05208368 0.02419457 0.1310802 -0.2100289 -0.1646161 0.04933122 0.0886055 -0.03988687 -0.0999762 -0.1258196 0.06067879 0.02300555 0.1371636 -0.01996086 -0.09562329
-0.0254615 -0.01797202 0.00459685 0.02440865 -0.03032888 -0.03971014 0.0536911 0.03193559 0.1170376 -0.008481024 -0.003269555 0.05892921 0.08379932 -0.02835649 -0.2264297 1.059242 -0.700853 -0.4418543 -0.1427722 0.160936 0.3424482 0.03817394 0.1350823 -0.01126755 -0.0700357 -0.0932502 0.08258134 0.04099118 -0.1277233 -0.1561133 -0.007597868 0.02169556 -0.09738316 -0.1925285 -0.1393021 0.04782705 0.1661628 0.08076087 0.1344356 0.0396884 -0.1803546 -0.06797118 0.03469325 -0.005443397 -0.08612803 -0.007161669 0.1142335 0.03928853 0.0229578 0.1807532 0.01256506
0.01536871 0.09728207 0.1404397 0.1688581 0.08871316 0.02304104 -0.1439353 -0.1438167 -0.05541911 0.03214706 0.1252492 -0.05012872 -0.02755751 -0.1432335 0.130771 -1.268012 0.8796885 -0.6436247 -0.1411304 0.6980088 1.162312 0.9383162 0.5377701 0.4483631 -0.1793733 -0.3685569 -0.357204 -0.07924855 -0.1778041 -0.02198668 0.03181447 0.1919681 0.220261 -0.06212534 0.1390686 -0.00206478 0.08648437 -0.1439569 -0.09757102 -0.09071059 -0.01076341 0.08649872 -0.01513111 0.02732841 0.051277 -0.08142501 0.05720609 0.003981939 0.0347678 -0.1474567 -0.04538614
0.06585034 0.1019604 0.1239768 0.1972387 0.1837395 -0.01546373 -0.3131153 -0.006791485 0.1289408 0.04176258 -0.1960259 -0.03010316 0.1592899 0.1685106 -0.1132245 1.302216 0.2894989 -1.43616 -0.08276077 0.02792141 0.0258737 0.1815036 0.6086644 0.566166 0.3340577 0.1214953 -0.1147075 -0.4751437 -0.2577773 -0.1207448 0.0188153 0.2393826 -0.04706152 -0.004059352 0.01437621 -0.0694855 -0.08033896 -0.08530344 0.005960673 0.05680574 0.02146499 -0.02115468 -0.01012662 -0.04364922 0.01516733 0.006329278 -0.07230159 0.05139708 0.1387877 0.09240983 0.1366038
0.02762371 -0.001708361 -0.02600606 -0.01345356 -0.04253347 0.03771544 -0.01420296 0.00937908 0.06005041 0.03166427 0.05579088 0.06445411 -0.03978696 -0.04234112 -0.06456546 0.02882421 -0.02273996 -0.00724243 0.05607621 0.05127707 0.03163745 -0.03309069 0.0582185 -0.06425729 -0.07546832 -0.04137675 0.03354194 0.04996702 1.981501 2.184074 -2.229018 -0.9397305 -0.1727031 1.418638 -0.5108771 0.2816257 0.4018382 0.3673284 0.544137 -0.104096 -0.3914327 -0.466852 -0.2238397 -0.1650744 0.05480395 -0.2904048 0.03161483 0.1307005 0.1998203 0.1138553 0.05639815
-0.07987455 0.005126622 0.2955606 1.04244 -0.221343 -0.1705511 -0.5152764 0.1427773 0.1648249 0.1336511 0.1006619 0.0128201 0.1365284 -0.1788972 -1.033337 0.5773624 -0.1333529 0.01298397 -0.5762758 -0.111812 0.06997457 0.0283839 0.123022 0.02572286 0.05264149 -0.06086474 -0.03184224 0.02721574 0.024217 -0.01202596 0.01632071 0.02414588 0.0316667 0.1147534 0.1332651 -0.05091235 -0.01630597 0.02071627 -0.08570555 -0.1276333 0.008875584 0.05112501 0.09121434 0.06440688 0.003704029 0.08311096 -0.04687139 -0.08613648 0.002855801 -0.1236345 0.1936989
-0.05091235 -0.01630597 0.02071627 -0.08570555 -0.1276333 0.008875584 0.05112501 0.09121434 0.06440688 0.003704029 0.08311096 -0.04687139 -0.08613648 0.002855801 -0.1236345 0.1936989 0.1715813 -0.4205914 -0.163606 -0.1780443 -0.09735759 0.1279478 0.2489899 0.2071788 0.1555771 0.1124763 0.0563387 0.02085696 -0.07764775 -0.07109249 -0.06089573 -0.046652 0.03783357 -0.06205925 0.0311621 0.07860865 0.03625013 0.07176659 0.007585105 -0.06796538 -0.03415419 -0.01785894 0.01361247 -0.0370842 -0.04197228 -0.002573705 -0.1063011 -0.05744545 -0.08108448 -0.07490989 0.01078044
-0.1063011 -0.05744545 -0.08108448 -0.07490989 0.01078044 0.01523878 -0.05433592 0.0229253 0.1279739 0.09443666 0.1066416 -0.02887095 -0.07897709 -0.09370761 1.90291 -0.7623842 0.1729608 -0.3706402 -0.4272703 -0.2681195 0.5412773 0.6672526 -0.4114859 -0.1534595 -0.03868133 0.1314753 0.1597214 -0.3277524 -0.1204745 0.3636191 0.2152432 0.06399343 0.08437557 0.02263732 -0.2617018 -0.1295294 -0.01745782 -0.08422445 0.08656707 -0.0265237 0.07469361 0.2387216 -0.003980577 -0.2477859 -0.1181002 0.06689669 -0.06073333 -0.1437163 0.1417781 0.1433333 -0.2268176
-0.008338989 0.05303688 0.00791923 0.02090244 0.04704572 -0.0003317638 0.03308965 -0.03559403 -0.03879657 -0.003395183 0.02057968 0.01889737 0.01565373 -0.01623983 -1.208032 0.1169485 0.5617737 0.7910216 0.3466422 0.4836306 -0.06278248 -0.5165204 -0.07803527 -0.1545918 -0.3742114 -0.3099066 -0.1575046 0.2268155 0.2653288 0.5067952 0.3016465 0.0007722932 -0.0005037709 -0.04024363 -0.05373416 -0.182667 -0.1037217 -0.04273137 -0.05236278 -0.03985367 0.01171692 0.2122694 0.005717688 -0.004979079 0.121031 -0.2131022 -0.1157261 0.05631065 0.1243472 -0.0327519 -0.1320644
-0.01192067 -0.09739571 0.03754572 0.0686922 0.1186119 0.08162254 -0.04183259 -0.01008794 -0.05268336 -0.09396296 0.05602133 0.05698749 0.06217321 0.03048013 -0.01609071 -0.0006315207 0.1735521 -0.4281854 0.1445432 0.121484 0.2529467 -0.1144917 -0.5658186 0.06327651 0.8231805 0.1950437 0.03943229 -0.06874251 0.01660798 -0.2215625 -0.03466176 -0.1166201 -0.1469571 0.08211351 -0.03089535 -0.05415326 -0.06588134 0.0174167 0.02892825 0.01991556 -0.05523365 0.04868124 0.08338716 -0.02693547 -0.1595785 -0.1431078 -6.490923e-05 -0.06625967 0.3373143 -0.2557264 0.02792961
-0.04074161 0.03203536 -0.06122268 0.02881949 0.02394007 0.01764308 -0.05910797 -0.05238968 0.02351922 0.03772991 0.00125568 -0.01224935 -0.03727882 -0.1050273 -0.03093429 0.06080401 -0.08856821 0.01751328 -0.04137879 0.04878234 0.1841682 0.1362894 -0.0400732 0.03900588 -0.02104921 0.5140378 -0.1806864 -0.6729333 0.4367185 0.4648152 -0.2506588 -0.3302929 0.02224524 0.2403992 0.2425745 0.1439188 0.1247776 -0.2216789 -0.1511064 -0.0652298 0.2269101 -0.1160481 0.0161987 -0.04311603 0.04475562 0.1545964 -0.03143807 -0.08720992 -0.08162534 0.01202658 0.05235924
-0.03143807 -0.08720992 -0.08162534 0.01202658 0.05235924 -0.001955425 0.1014271 -0.08675508 -0.005005995 0.005564565 0.006656458 0.1313865 0.05353545 -0.005695106 0.0396724 0.106238 0.05438222 -0.01721463 -0.2368765 0.03417011 0.3295288 0.1148512 -0.3381841 -0.2010927 0.07154725 0.1720947 0.09991134 0.1244129 0.04041653 -0.02354778 0.05818829 -0.09330869 0.05380772 -0.03058695 -0.03906394 -0.03802086 0.02948264 -0.1240214 -0.1005142 -0.03579843 0.11954 0.02707947 -0.1124161 -0.005001018 0.3389064 0.07354326 -0.1408676 0.01263907 -0.06605283 -0.09227703 -0.09685753
0.002891334 -0.01810008 0.08293139 0.02505214 0.02862631 -0.02839888 0.006698387 -0.02430084 -0.1025509 -0.0343236 0.1170888 -0.08125735 -0.05450799 -0.2756347 0.008084252 0.1025805 0.1755332 0.02599755 0.07338331 -0.1274451 -0.2435831 -0.1551796 -0.1700351 0.07213638 0.1340788 0.1172064 0.03232901 -0.1045301 -0.05246804 0.09025155 -0.03317365 0.02341674 0.1457924 -0.07649587 0.0248085 0.09700886 0.02491364 -0.08023892 -0.001276936 0.1948989 0.1444595 -0.1138558 0.1491415 -0.09564485 -0.06041019 -0.08523716 0.1085835 0.09002108 0.07736879 -0.02391709 -0.01294107
0.01881753 -0.01669674 -0.07798237 0.03105469 0.03033912 0.09539761 0.07612669 0.04893001 0.08536156 -0.02215132 -0.03483832 0.04418017 -0.02727717 -0.06564819 0.353258 0.144459 -0.6626244 -0.1432424 1.543933 -0.2256036 -0.6578657 -0.1995103 -0.2021759 -0.3081827 0.007948885 0.2411568 0.3621519 0.05786043 0.1304708 0.1857204 0.0001986928 0.03446717 0.01378597 -0.03555145 0.002182366 0.03240431 -0.1096123 -0.005468694 0.05871176 0.006059375 0.02739283 0.01956543 -0.08123627 -0.008387735 0.0216985 0.05763545 0.05158557 0.04807838 -0.002077467 0.07588862 0.01982054
-0.08616681 0.0556988 0.001227392 0.1512954 0.007255304 0.02144589 -0.03520622 -0.06983496 0.1219762 -0.07166331 -0.1164604 -0.1074038 -0.05499806 0.09622774 0.1191221 0.1806604 -0.03041043 -0.08619986 -0.396049 1.588381 -0.1606908 -0.331645 -0.1402005 -0.2716345 -0.4775851 -0.062238 0.06926725 0.2211885 0.2826506 0.21288 0.2150564 0.06982028 -0.1044749 0.004758301 0.01754603 0.01761061 -0.1652011 0.04746971 0.2629661 -0.01991106 -0.08455249 0.221385 0.2033491 0.03983277 0.02312708 0.1321538 0.08578587 0.1087381 -0.03907525 -0.0997984 -0.1105501
0.04682883 0.0756209 -0.06257103 -0.1891877 -0.1546431 -0.007192519 0.05155967 0.1704394 0.154224 -0.01985048 -0.04275257 -0.329442 -0.1215961 0.03521948 0.03616469 0.2529676 2.539794 -0.8167218 -1.685975 -0.6370277 -0.3716086 0.3188208 0.4279866 0.3676857 0.2253529 0.08316722 -0.102005 -0.04137298 0.2168808 -0.001821473 -0.1242019 -0.09028534 0.08311047 0.05722655 -0.02483197 -0.1998674 0.06569314 -0.04656576 -0.05885089 0.03344085 -0.05137697 -0.06824047 0.1441822 0.08459306 -0.05107025 0.2026817 0.04012354 -0.1215817 -0.1046919 0.06362623 0.09073125
-0.008152758 -0.08023347 -0.003026386 0.01566972 0.04613906 -0.03753799 -0.05186798 -0.07809164 0.05292594 0.04243037 -0.02889482 -0.1014131 -0.1424299 0.2062581 0.06564974 -0.1154131 0.06307838 0.1697432 0.2520969 0.1158521 -0.2556827 0.5082387 -0.3895332 -0.09697348 0.7229326 -0.439352 -0.3854293 -0.1361952 -0.01163916 0.1554218 0.2975769 0.1940424 0.06638411 0.1733407 -0.1690583 0.1194452 0.01028382 -0.1564495 -0.00711458 -0.05706066 -0.0533562 -0.199551 0.2279487 0.01081892 0.1305689 -0.02729169 0.05940301 -0.3550278 0.05666586 -0.08368482 -0.1015586
0.01682221 -0.08299761 0.002659536 0.04436805 -0.06723715 0.04029739 0.08967863 0.03388934 0.0382949 0.05297006 -0.01755675 -0.02749041 -0.009100604 -0.07400613 -0.05972942 -0.009755777 0.0186008 -0.9361696 0.4104887 -0.2700078 0.2820616 1.2309 -0.2505176 -0.5813413 -0.3347801 -0.4272131 0.1628558 0.6509777 -0.1601658 -0.3578809 -0.2442278 0.01624666 0.1533575 -0.08626045 -0.180163 -0.2262912 -0.03821357 0.03229001 0.1071051 0.1626091 -0.1312225 0.01816681 0.04674222 0.03837854 -0.04500557 -0.1165433 -0.03548362 0.04981764 -0.02900499 -0.05198774 -0.04011307
-0.0472163 -0.03915786 -0.0003597889 0.07549047 0.02208207 -0.07191534 0.01191925 -0.06645354 0.003509101 0.03647032 0.09541549 0.1228347 0.02916162 -0.02587253 -0.8671778 0.32037 0.537755 -0.2362602 0.1022586 0.6202638 -0.2591167 -0.3386782 -0.2148313 -0.008540953 -0.2678058 0.06048578 0.09647053 0.3274491 0.04602251 -0.1996954 -0.06938865 0.08750317 0.2100578 0.01632077 0.1088115 0.0177799 0.01897161 -0.3156223 -0.3184359 0.005469884 0.1187516 0.1616808 0.1043705 0.04020026 -0.03430005 -0.02499955 0.0482448 0.04531931 -0.03582985 -0.02144914 0.06833625
0.001566998 0.1119186 0.04285389 -0.008352224 0.0597511 0.05106456 -0.08261964 -0.03726225 0.04915987 0.03473786 0.04191072 -0.05726606 -0.009665954 0.02594386 0.01013366 -0.0239013 -0.3677024 -0.07130062 -0.2675659 2.289331 -0.03619469 0.05654351 -0.8414117 -0.4629942 0.4381413 0.221099 -0.1677736 0.02936978 -0.2717898 0.09173562 0.4726325 -0.2197385 -0.1645266 -0.0390415 0.0583088 0.01431625 0.06651645 -0.372325 0.001965802 0.0404091 0.1795188 -0.06772139 -0.05303893 0.05226394 -0.03355136 -0.1051181 0.06265081 0.09366433 0.0006387004 0.04135631 -0.030512
-0.1119659 -0.07471386 -0.05474589 -0.04310826 -0.02057026 -0.08254895 0.08134881 0.02360351 -0.08021914 -0.03420487 0.00771791 -0.03152577 0.106296 -0.1649004 0.9677781 -0.7240503 -0.9133345 -0.02413835 -0.1393768 -0.2253507 -0.1448019 0.0868315 0.1552609 0.1616862 0.1351805 0.3597766 -0.02820544 -0.05473294 -0.05401573 -0.006248753 -0.05873356 -0.01389537 0.07486261 0.02430009 0.1143375 -0.02918102 0.09076988 -0.06206449 0.01257342 -0.08977412 -0.1800989 0.1061968 0.09690879 0.01695988 0.1199393 0.2231893 -0.01986767 -0.1317632 -0.1313098 0.08759725 -0.01479725
-0.1319288 -0.07327008 0.022913 0.2560993 0.006762143 0.07342643 -0.06054114 -0.1096796 -0.1106712 -0.1123939 -0.00122362 0.06931639 0.09337294 -0.05274338 -0.06462546 0.08668517 0.0257901 0.1070061 0.2071635 1.238492 -0.1129189 0.5565625 0.3374155 -0.07859769 -0.4519922 -0.1171484 -0.1269376 0.07992402 -0.04726397 0.2255615 0.4511673 0.1510812 -0.06952059 0.1205882 0.1317524 -0.03151837 -0.2215419 -0.06463205 -0.02325577 0.006319467 0.0202277 0.004647267 0.06500112 0.1516581 0.04864413 -0.05008837 -0.1117121 0.1122229 -0.07001575 -0.07055711 0.0444481
-0.01909942 -0.08251613 0.04516826 0.05114393 0.07901926 0.04136587 -0.06068566 -0.1034092 -0.2026376 0.03408711 -0.07293574 0.03026416 0.09556897 0.03949687 -0.04718615 -0.324503 1.296678 0.647895 -0.4483044 -0.2142883 -0.44375 -0.8156734 -0.1278001 0.1077578 0.3129238 0.3627598 0.3646758 0.2710717 0.01544963 -0.173828 -0.1890332 -0.07427325 -0.09404764 -0.02723242 -0.05468176 0.07951248 0.003233529 0.07622185 0.07637724 0.04627934 -0.1180311 -0.0159594 -0.04777225 0.1003656 -0.04134929 0.07262895 0.1192902 -0.040979 -0.06809037 0.07801367 -0.1231181
-0.06647009 0.1164592 0.03010962 0.1018621 -0.07096314 -0.1730108 0.002279864 0.1263085 0.0718692 -0.03358782 -0.08870818 0.06820025 0.08212256 -0.01063443 -0.03462746 -0.07130864 -0.02076744 0.002542361 -0.5105767 1.111597 0.3764464 -0.46397 -0.2066087 -0.07042052 -0.2191386 -0.7701687 -0.1542986 -0.08503192 0.2342034 0.2916097 0.1514054 0.2205123 -0.1041003 -0.1228067 -0.09379786 -0.03570723 -0.001225634 -0.03293641 0.03222274 0.09795754 0.07373726 0.001214102 -0.1806123 -0.1275929 -0.0838209 0.1848807 0.1749067 0.1865811 0.04549838 -0.1163884 -0.2264238
-0.221153 0.04743841 -0.001151596 0.3528109 -0.008641339 0.1050891 0.1632214 0.04723011 -0.08776388 0.4656621 -0.02472628 -0.08781157 -0.05668249 -0.2007145 -0.4370731 0.1258952 0.8186259 0.1598045 0.8456108 -0.1410662 -1.375651 -0.2759168 -0.01540432 0.1147116 0.2749096 0.7943797 0.4190666 0.2222318 0.3136391 0.05980911 -0.1341209 0.01230093 -0.1710048 0.1573406 0.00858746 -0.2038891 -0.2093362 -0.1449445 -0.2211352 0.01453405 0.1404899 0.02416178 0.1549306 -0.005410244 0.1308622 -0.04444202 0.05207785 0.2161585 -0.1874388 -0.03734212 0.3066547
-0.002203379 0.01415514 -0.02370791 -0.01359395 0.02783482 0.05442222 0.07790062 -0.09706092 -0.1047959 -0.1543607 0.06543654 -0.02548176 -0.1297207 0.03765202 -0.01492528 -0.06257343 0.04154395 -0.05990873 0.1383043 1.653819 -0.05633721 -1.356324 -1.03354 -0.1045988 0.3724501 0.3350846 0.002583705 -0.01916684 0.3944129 -0.1073275 -0.04307396 -0.1996563 -0.2856066 -0.1762491 0.04159848 0.2191916 -0.0235293 0.03809731 0.1786959 0.1194348 0.1277432 0.1933467 0.04799061 -0.1302956 -0.07952491 -0.1058379 -0.2237646 0.02556548 -0.06576739 0.1719712 -0.01760074
0.03441959 0.06633883 0.01685658 -0.01323309 -0.1753659 -0.1934869 -0.1331437 0.1063772 0.1281814 0.220797 0.287714 -0.09249139 -0.07172654 -0.1123965 -0.04827088 -0.1333347 -0.257763 0.004551385 -0.03030619 0.3967238 0.6859763 -0.732905 -1.072567 -1.222795 -0.2334704 0.5366412 0.7941112 0.2140325 0.3227785 0.04440543 -0.237382 -0.1283295 0.09927063 0.0943316 -0.09165836 0.0560839 -0.02067745 0.02249672 0.08442288 -0.04709221 0.03800951 0.06710558 0.01808477 -0.1395538 -0.09665806 -0.0504819 0.003563639 0.124324 -0.04338566 -0.009176091 0.06386814
-0.0404106 0.0640913 0.02175073 -0.03054925 -0.07492264 -0.006672077 0.006173734 -0.05479967 -0.06734207 -0.02486072 -0.03117263 0.07971181 0.02422354 0.05187918 0.0813313 0.02101651 0.003416004 -0.02016114 -0.01841133 -0.06402875 -0.08062839 0.03311679 0.02479688 -0.05202381 0.09165794 0.05775944 0.09605774 0.2942531 0.02598428 -0.2089996 -2.223022 -0.8381323 -0.1195243 -0.05741898 -0.5160234 0.5801145 0.268356 0.559182 0.1151856 0.190852 0.4493543 0.02926777 -0.1130548 -0.2264512 0.03569683 -0.1858264 -0.07693098 0.09359692 -0.005953619 0.268392 0.1888654
-0.006065474 -0.04777238 0.02178563 0.02622534 -0.006690596 0.02822542 0.02231484 0.02294453 0.004034236 -0.002403686 0.01379252 0.06818486 0.02581162 -0.02715197 0.01413906 0.2194294 0.8967275 0.5012524 0.2741863 -2.165222 -1.654183 -0.2432299 0.4515066 0.6039101 0.573359 0.2962592 0.3029474 0.06760869 -0.2181308 -0.206356 0.16793 0.1449332 -0.1159723 0.04536206 0.07769699 -0.01057552 -0.05145295 -0.05386615 -0.03534568 0.07267235 -0.01315819 -0.011994 0.003523987 -0.01172677 0.05824336 -0.005955487 -0.05067633 0.04534636 0.01715644 -0.006406603 0.002197367
0.1489628 -0.09490233 0.0674923 -0.1593882 -0.0602443 0.1037688 0.05902978 -0.1957214 0.05575222 -0.07934379 0.02050076 -0.04526053 -0.06442592 -0.1085804 0.004618599 0.001723822 0.02257207 -0.02515729 0.01259277 0.04981554 0.08600067 -0.00309676 -0.1652506 -0.0181149 0.3307334 0.2082878 0.5412489 -1.211941 -1.622314 -0.007760509 0.3981925 0.2801911 0.222667 0.2247226 0.2790405 -0.2421808 0.2697734 0.3675475 -0.1327225 0.2071576 -0.4772354 0.01666711 0.09136267 0.1161637 0.1228106 0.1113899 0.01670159 -0.02850051 -0.07728236 0.01407263 -0.05073916
0.03612397 0.2238003 0.02185727 0.03176947 -0.1039945 -0.1395606 -0.1282983 -0.0001045908 0.1109707 0.1309413 0.007058124 -0.05912624 -0.04718181 -0.1044375 -0.0706315 0.1735826 0.133653 -0.111315 0.02264463 -0.1291098 0.1086759 -0.0295777 0.01820524 0.02245367 1.314274 -0.8346416 0.4247103 -0.566584 -0.15363 -0.3077291 -0.3184934 0.1161288 -0.07740253 0.09054442 0.01451703 0.2515303 0.1693071 0.1699857 0.03635596 -0.05984866 -0.1136227 -0.03912195 -0.09317224 -0.1138264 -0.02341975 0.1091132 0.06570663 0.02187457 0.1417406 -0.0326701 0.14588
-0.04007156 -0.0313381 -0.002736188 -0.06508757 -0.05698391 0.1169502 0.003348043 0.0943099 -0.09729113 0.08445138 -0.05315325 -0.146514 0.07511396 -0.002501518 0.01082549 0.0091148 0.09944705 -0.04620311 -0.06568474 0.0005523229 0.05044231 0.005079473 0.1133325 -0.02687796 -0.03170032 0.03260593 0.9434142 -0.1363142 -0.2962974 -0.7169476 0.01885333 -0.3528197 0.1018092 0.2545789 0.2220624 0.1544297 0.1144905 0.01003417 -0.1249797 -0.03889645 -0.131269 -0.05129637 0.01390781 0.009201116 0.08821583 0.06479272 0.02038202 0.2140342 0.1242348 -0.002058616 -0.06178365
-0.03955733 0.05647605 -0.0515965 -0.1221585 0.06896151 -0.02149749 -0.1701684 -0.02467659 -0.08707973 0.1007574 0.3011076 0.205259 0.00398186 0.004547251 -0.0713352 -0.1337149 -0.192984 -0.02092117 -0.1196445 -0.06836057 0.06428278 0.4984278 2.457048 0.2348728 -2.087641 -1.387012 0.1215797 0.568941 -0.05430998 0.371341 0.3315827 0.1749503 0.07872643 -0.1929796 0.1008612 0.08769774 -0.01137163 -0.2164313 0.06497842 0.0288903 -0.1001037 0.01134846 0.2824709 -0.03700006 -0.08799443 0.09347799 -0.0442063 0.09810796 0.006125547 -0.02141582 0.006470672
-0.0495175 0.08872679 -0.003239297 -0.02993895 0.04865946 0.03746301 -0.05786884 -0.07304482 0.04862456 0.09481462 -0.004206296 0.08624821 -0.01587555 0.02956007 0.06446442 0.1968224 2.135459 -1.438544 -0.09036695 -0.8523157 -0.2937028 -0.004970267 -0.1425862 0.5016353 0.1275477 0.06358395 0.2051988 0.08455458 0.02462608 -0.01396878 -0.08231668 -0.09937112 -0.1284599 -0.1806205 0.08676519 0.1483139 0.05675082 0.05920347 0.05547177 -0.05904017 0.07883636 -0.007859938 -0.04753165 -0.08035402 0.06128266 0.08862952 0.1224272 0.1174484 0.02071298 -0.003905273 -0.1316154
-0.034325 0.07529595 0.1537137 -0.09984899 0.03400634 0.04847098 -0.04722796 -0.09188147 0.08728972 -0.0802292 0.1639962 0.09627104 -9.341923e-05 0.6392232 -1.461187 -0.996736 -0.2639333 0.01342236 0.2236701 0.2526494 0.2274848 0.2380471 0.1981131 0.01054264 0.1176994 -0.1916619 -0.1535932 -0.1620528 0.02453547 0.04833217 0.2358354 0.2163301 0.09151561 -0.06304611 0.1046414 0.0495224 -0.02090064 -0.1269691 -0.1597625 -0.03395176 0.01038289 0.1043688 0.03423135 0.1404914 0.1944889 0.001807842 -0.08045916 0.02666955 0.05828765 0.21322 -0.0636173
-0.4437259 -0.07582415 -0.2442522 -0.2406247 0.002937264 0.1047313 -0.1747781 -0.1582695 0.03325342 0.1314043 0.2935205 -0.1891502 -0.1885722 0.1857968 2.810529 -2.306959 -1.83506 -0.7363771 -0.2003396 0.5919183 1.007176 0.6518207 -0.1413241 -0.2076791 -0.0462832 0.1782934 -0.07643525 -0.2801179 -0.1780498 -0.1872455 0.1790328 0.1877405 0.3325939 0.07668542 -0.4546654 0.2576906 -0.4947246 -0.1489535 0.8434923 0.4334042 -0.4161768 -0.7329775 0.1436824 -0.0001091862 0.05063862 -0.5368133 0.4688118 0.4310631 0.1338218 0.2071114 -0.1048103
0.1586025 -0.1637087 0.09484419 0.0830931 0.1242182 -0.04625571 -0.02053264 -0.09512208 0.009674821 -0.01172369 -0.05504395 -0.03176167 -0.1465507 -0.1422407 -0.1122046 0.1527491 0.279368 0.04373168 5.103494 -1.401744 -2.848403 -2.361855 -1.133815 0.00294816 1.172423 1.239905 0.9542379 0.2626683 -0.1256678 -0.4148063 -0.2160082 -0.3335776 -0.1722967 -0.007624752 0.2893332 -0.05653325 0.02581756 -0.08548845 0.04425998 0.2394406 -0.03762555 -0.02735923 0.07391401 0.1837414 0.05471489 -0.2504648 -0.03088363 0.213491 0.09404467 -0.0318242 -0.2768631
0.005965171 -0.03466014 -0.3034383 -0.08054344 -0.2052088 0.05487977 0.002875594 -0.147952 0.1713505 0.4396131 0.4767698 0.06452999 -0.3355686 2.27634 -1.936261 -1.86917 -0.6420493 0.3015173 0.4682058 0.1598898 0.5854769 0.1862476 0.1462102 0.1038778 -0.2474236 -0.1864215 -0.225399 0.1626354 0.09384608 0.2551132 0.0705494 0.06485804 0.514893 0.140389 -0.005790445 -0.2309047 -0.1924109 0.04309062 -0.1873291 0.01841665 0.2545553 -0.04465631 -0.05813254 0.008774845 0.2761314 0.05743231 0.1283928 -0.2457221 -0.04512711 -0.178695 -0.08393893
-0.05057756 -0.2202888 0.1168944 -0.0324969 -0.09666854 -0.06210036 0.1779021 0.06960892 -0.1113649 -0.1099837 -0.0005940659 4.461149 -0.4365168 -1.548026 -0.7585035 -0.1357497 0.2675501 0.2886223 0.2805859 0.3186711 0.1723838 0.04769767 -0.009362697 0.1380434 -0.02634835 -0.0483162 -0.08520914 -0.1407958 0.117872 0.01017632 0.1052587 -0.08030981 -0.1153939 -0.004209634 -0.1750922 -0.008589008 0.2507207 -0.03451075 -0.03344873 -0.1387142 -0.05412234 0.2191686 0.06190208 -0.1288021 -0.09252585 0.1837754 -0.1223507 -0.2401652 0.01562755 -0.3601503 -0.1762745
0.383583 -0.3051016 -0.190542 0.1142218 -0.2089365 -0.1892699 0.02278054 -0.02645189 0.7157492 0.08057493 -0.1919633 -0.3711426 0.02924652 0.2407774 0.1539573 5.221069 -1.208521 -1.936609 -1.515776 -0.332664 -0.02352921 0.4129306 0.3853003 0.4535486 0.2851369 0.6212826 0.5867851 -0.2502584 -0.463468 -0.1092002 0.1326547 0.2053019 0.1142907 -0.03297319 -0.2323148 0.1405359 0.3167307 0.14629 0.1820461 0.02026358 -0.01961497 0.004943836 0.3755271 0.5418951 -0.1757496 0.2843613 0.5232223 0.1265788 0.1907972 -0.008482424 -0.3004853
-0.9348536 -1.361779 -1.367583 0.1014078 0.1648627 0.3501111 0.3766273 0.2182699 -0.138076 0.1308577 0.3569923 -0.03320352 -1.534902 0.557014 0.6136172 1.503551 -1.854808 -0.4831114 -0.1126755 1.100951 -0.2281803 -0.9977867 -0.3108507 0.0961574 0.222196 0.2339144 0.4838077 -0.09954742 0.1068591 -0.03818165 0.09839218 -0.03414212 0.1080504 -0.2737707 0.06775674 0.1535315 -0.02939551 0.1151422 0.02355479 0.1417978 0.003224702 0.1528121 -0.03228867 -0.04642741 0.1869999 0.7569543 0.7993887 -0.2306919 -0.8375538 -0.9958193 -1.440116
0.02957481 0.2623219 -0.1335397 -0.286989 -0.1054387 0.1211988 0.2785729 0.06882364 0.0617799 0.06685604 0.1710483 0.0913707 -0.09847083 -0.2518584 -0.1282941 -0.03313997 0.146502 -0.7456836 -2.757594 -1.78341 -0.3316314 0.3768982 0.6637357 0.3806359 0.5059686 -0.02579938 -0.1057962 -0.04422506 0.1294764 -0.06475008 0.01865713 -0.02500754 -0.0427791 0.07058706 0.06922226 -0.1098509 0.003053546 0.06942856 0.09526645 0.05585357 0.06270374 0.01373733 -0.04906798 0.03647138 -0.005339687 0.03092905 -0.01404256 -0.03478333 0.01681196 0.01965669 0.04615298
-0.08374831 -0.1382267 -0.03646277 -0.06782266 -0.01362047 0.03240677 0.1702194 -0.01942612 -0.0756647 -0.03000687 0.05382329 0.08761387 0.02444776 -0.04132796 0.01612878 0.06466947 6.241803 -0.1506554 -2.691045 -2.348642 -0.6557341 0.5771861 0.7990772 0.7037352 0.4581499 0.0428495 -0.01158135 -0.06337982 -0.1781502 0.005810064 -0.06336281 -0.03330468 0.2258212 0.1304646 -0.08896681 -0.1366336 -0.03979836 0.2808844 0.1864955 -0.2300883 -0.220641 -0.1723733 0.1755528 0.1739828 0.259983 0.1423308 -0.1964705 -0.09931847 -0.1417047 0.09541351 0.3428884
-0.006405271 -0.2111015 0.1001124 -0.1073546 0.1237577 0.09442716 -0.01629291 -0.143781 -0.0725319 -0.03561575 0.008024771 0.08930058 0.09921278 -0.1170224 -0.1288249 0.07025757 0.06047858 -0.0210648 1.459028 -2.048502 -2.101235 -1.259902 0.2343586 0.6176985 0.5825383 0.4203072 0.1258549 0.1153671 0.009066902 -0.07067681 -0.1013655 -0.04171638 -0.1801315 -0.09991966 -0.1065317 -0.03597278 -0.07155548 0.2064431 0.08927859 -0.01041241 0.09887407 0.0249611 0.0646707 0.0436168 0.08141945 -0.1823607 0.1893863 -0.2791275 -0.05176431 -0.07125233 -0.1457881
0.08283032 -0.04041994 -0.06011913 -0.03169763 0.0291004 0.02413617 0.1254847 0.2073158 0.1231856 0.009435536 -0.2006865 -0.08530033 0.0398023 0.05763328 0.06596129 0.05439517 0.1059607 0.03150404 0.1173069 -0.1677331 -0.3187394 0.07686838 0.4702592 0.01422547 -0.1728337 0.09505764 -0.1829769 -0.267778 -0.08480497 -0.1492741 -0.1246823 0.1114351 0.08367091 -0.05708944 0.007524006 -0.2770897 -0.1272581 -0.1363989 0.3640783 0.2254658 0.3512655 0.3514248 0.1312188 0.1683172 -0.2800179 -0.172269 -0.2010805 -0.07046187 -8.548549e-05 0.0154705 3.283086
0.09333717 -0.0690444 -0.01313181 -0.30518 -0.1950506 0.1900416 -0.04511401 -0.1785247 0.1634128 0.1280392 -0.1128888 1.529716 -0.7321054 -2.318986 -2.06226 -1.443979 0.1108828 0.7487181 0.5978693 0.3369171 0.04813938 0.03494142 -0.07105038 -0.04785712 -0.1796927 -0.05997768 0.2525207 0.09285008 -0.01279816 0.008457854 -0.2529019 -0.01173871 0.01773517 0.2726055 0.1502363 -0.7035965 0.03614673 0.07823876 0.5136054 0.137745 -0.001241718 -0.1282613 -0.2477878 -0.04381979 -0.06860722 0.17593 0.08198107 -0.07270872 -0.1375894 0.1243796 0.1450423
-0.4702238 -0.3325782 0.4782523 0.06000844 0.09353169 -0.1971083 0.04838677 0.05830785 0.2039541 -0.04391127 0.1275527 0.07138784 -0.04943275 -0.2781076 0.09082948 0.2393916 -0.1534565 0.2103147 -0.06979103 0.01253848 1.722138 -1.550299 -1.770986 -0.3999604 0.3590499 0.1942795 0.4581652 0.3458641 0.1612468 0.3443439 -0.1954385 -0.3337984 -0.1162894 0.1391101 0.03239547 0.1033002 0.01251301 -0.1180284 0.09965608 -0.1285113 -0.2259622 -0.08453335 0.04283351 0.3511147 0.06780465 -0.2808959 -0.2010202 0.07010784 0.1314382 0.802568 0.356672
0.2439581 0.03775828 -0.02191957 -0.08579201 -0.1586373 -0.0009705024 -0.02327324 0.01781099 0.1235823 -0.1861982 -0.1702938 -0.1955354 2.740074 -0.7652637 -1.860572 -1.58626 -0.8576582 -0.1323902 0.07587663 0.3908476 0.5525882 0.7171628 0.695443 0.2616914 0.05451878 -0.1557303 -0.3630095 -0.3746788 -0.2312004 0.04104221 0.2759565 -0.01032913 -0.1636426 -0.1213406 0.03682802 0.280305 0.1112579 -0.1447963 0.07572592 0.03570233 0.1068387 -0.0143114 -0.1473423 -0.02496446 -0.02199861 -0.1407182 0.1339251 0.2059191 0.1960303 0.03541896 -0.08120712
0.02719633 0.1115761 0.2417707 0.330322 0.2314702 -0.09177201 0.1599741 0.02860189 -0.01889029 -0.1123313 -0.07856507 0.03134985 1.007968 0.7447355 -1.212205 -1.491535 -0.4786484 -0.152826 0.1523784 0.6890044 0.4206661 0.1355549 -0.3292021 -0.236371 -0.0481039 -0.1094307 0.05809544 0.1327463 0.2033731 0.3652284 0.05022128 -0.3467358 0.1361582 -0.1996379 0.1762644 0.208256 -0.1188705 0.01611154 -0.001047994 0.1032864 -0.0006133998 -0.1178948 -0.1267075 -0.2200603 0.1512021 -0.1565199 0.1789622 0.5580076 0.475133 -0.3911947 -0.04752692
-0.6081449 0.07231849 -0.1540868 0.1800106 0.7411429 0.07824937 -0.06477211 -0.2118315 -0.3644333 -0.5959585 0.409009 0.1418671 0.5327627 0.2485853 -0.2772232 0.2563262 -0.2349571 -1.062788 -0.9372773 -0.2028766 -0.07941346 0.5838494 0.4476452 0.1616467 0.2157211 0.1311319 0.1691989 -0.4607098 -0.08163423 0.08109514 0.2450903 0.05170748 0.05799788 0.2438093 0.4790121 -0.3366433 -0.4337755 -0.2642141 -0.2111536 0.2692874 0.2113422 0.2729497 0.4979395 0.1204359 -0.04419616 0.3129105 -0.3592617 0.3367917 0.2154642 -0.3326905 0.1709458
0.1709458 -0.105996 0.1096631 0.1183771 -0.2325806 -0.4091978 0.1172316 0.2204541 0.4294655 0.429993 0.1279754 -0.1202469 -0.1363157 -0.3108194 -0.2018465 -0.1014345 0.04378745 0.3708306 -0.1121652 3.976856 -2.168304 -2.929988 -1.225593 -0.1891792 0.3026316 0.6921334 0.2423837 0.6599991 0.3848763 0.2290334 -0.05881563 -0.2503697 -0.6711496 -0.2702163 0.008603998 -0.006970034 -0.2017813 -0.01265225 0.2094651 -0.1260825 0.1027934 0.2408237 0.3937684 0.1436445 0.408607 0.2740397 -0.02853826 -0.2503796 -0.1159671 -0.1274167 0.210495
2.770475e-05 0.02465002 0.03911952 0.05983198 0.1467787 0.01961568 0.04722394 0.04489098 -0.01480924 0.1901205 0.1421829 -0.009635485 -0.3172039 0.08774512 -0.2616657 -0.06231276 3.196998 -1.218581 -1.8103 -0.5048248 0.2423205 0.4242063 0.3045982 0.3698502 0.2997429 0.1174663 -0.2001232 -0.03678268 0.07027578 -0.09342676 -0.2233467 0.007709986 0.2290201 0.1575491 -0.06586719 0.005825278 0.2583054 0.09227355 -0.03837576 0.1904574 0.2448778 0.008389307 0.03463314 0.2363506 -0.005072628 -0.0262098 -0.2435989 -0.04309373 0.08194558 0.02183234 0.1440518
0.1040001 -0.0009155243 -0.01625493 -0.2564365 -0.119564 -0.005216163 -0.08315056 0.02253241 -0.06559239 0.07895905 0.09470371 -0.09599822 -0.2280647 -4.447577 0.9993933 1.573919 0.8620705 0.4750454 -0.4497927 -0.5276592 -0.1297076 -0.1275877 -0.2819373 0.02247971 -0.007983973 0.03459675 -0.1228029 0.2085685 0.2058413 0.03363547 0.005817869 0.1209095 0.1825659 -0.009168682 0.04221698 0.2106237 0.105588 -0.1437487 -0.1275216 -0.0494873 0.6257251 -0.2411454 0.166903 -0.04621863 -0.1175219 0.2620787 0.4505886 -0.1894252 0.01931037 0.01191079 0.187134
-0.1401442 -0.1437965 0.03388439 -0.01840642 -0.1205872 0.06411643 -0.1143439 0.2791699 0.1752658 -0.07491925 -0.02711909 -0.08326504 -0.09005626 0.07594018 -0.008404072 0.09220245 0.09314404 -2.140255 1.50906 1.012689 0.7883831 0.08631853 -0.2532146 -0.139073 -0.4743131 -0.05115751 -0.211059 0.1598766 0.06796711 0.2161704 0.01808199 0.1745022 -0.15731 -0.02440003 -0.03131491 -0.1213574 -0.006957675 -0.1418119 0.02763556 0.05172377 0.05379682 0.1068484 -0.2009651 -0.1347135 -0.1218795 0.06763639 0.1970494 -0.02669089 0.2589338 0.2359784 0.1518411
-0.008080471 -0.06606615 0.277891 -0.4462179 -0.08204788 0.0297979 -0.7071494 -0.03597591 0.1608831 -0.03724165 -0.2433366 -0.2180487 0.5452186 -1.417643 1.736867 0.6650235 0.07242511 0.02759497 -0.2197354 -0.4137995 -0.07232964 -0.3389291 -0.1113081 0.1860193 0.3162154 -0.07901257 -0.1623858 -0.1322218 0.2701498 -0.2327557 -0.4940478 0.4696966 0.2715232 0.005180668 -0.08309275 -0.09063867 -0.5847585 -0.5848764 0.1896142 -0.05782923 0.618229 0.5123733 0.1502473 0.163229 -0.3436501 -0.08931292 -0.2216475 -0.3003831 0.2694289 0.3963616 0.001773808
-0.1540601 0.372782 0.2358157 -0.3437449 0.1084556 -0.05543903 0.1946597 0.4631123 -2.924532 0.9276773 1.755923 0.7368865 0.199615 0.1699721 -0.3691998 -0.1190788 -0.2728139 -0.3885972 -0.04941078 -0.1766647 0.1881758 0.6808502 -0.3888572 0.5482482 -0.4376744 -0.1627806 -0.3188159 0.1993539 0.3575369 -0.2342969 0.08052654 0.10695 0.2399254 0.03120837 0.2433569 -0.1994957 -0.06340413 -0.01459358 -0.09955367 0.0869928 -0.0621941 0.06693517 0.05244765 0.2513208 0.3194621 0.1791315 0.07961605 -0.2135005 -0.1475395 0.09151213 -0.4388984
-0.1475395 0.09151213 -0.4388984 0.2248966 0.05078782 -0.2670952 0.1141719 0.04504838 0.1242185 -0.06572321 0.03403471 -0.09923644 -0.01751532 -0.6783357 -2.920739 3.090005 1.84785 0.01831525 -0.05182503 -0.3827606 -0.3626138 -0.3115508 -0.495142 -0.09127343 0.07807326 0.2948482 0.1579991 -0.2679312 -0.4493429 0.05758828 0.2257385 0.1612755 -0.01092797 -0.09586639 -0.2649041 0.3113263 0.1602632 0.07205998 0.02866854 -0.05598078 -0.03537482 -0.2952372 0.08079556 0.05002028 0.08840688 -0.002271682 -0.04103718 -0.02587239 0.1558029 0.05440642 0.05870053
-0.04103718 -0.02587239 0.1558029 0.05440642 0.05870053 -0.1887131 -0.09678974 0.2483435 -1.710343 -4.876403 2.516387 4.304654 2.968332 0.5584429 -0.2966851 -0.6679457 -0.9558134 -0.6864857 -0.5227375 -0.5829048 -0.1602588 0.2522828 0.1838825 0.2629287 0.2126309 0.4228815 -0.1077488 -0.1556082 0.05980691 0.01629141 -0.05465454 -0.1436479 0.1458826 0.06901189 -0.08672526 0.1093576 -0.1115629 0.1548858 0.1239862 0.243394 0.3770233 -0.08711822 -0.216674 -0.1601332 -0.1226183 -0.05238567 0.06688903 -0.03395648 -0.1308341 0.007727388 0.2112403
0.02617043 0.1038342 -0.05356394 0.02008516 0.3014897 0.0124731 -0.2381937 0.08178174 -0.07133044 -0.03283987 -0.01749763 0.03458703 -0.08401415 0.03429605 0.2529858 0.08426841 -3.856306 1.362776 1.716037 0.8181177 0.2432068 -0.06937563 -0.3625233 -0.3585348 -0.2013241 -0.1876653 0.0194575 -0.02211618 0.05267196 0.05270478 0.04014746 0.1196344 0.06684604 -0.06316867 0.00124658 -0.02695364 -0.06290381 -0.0463962 0.3580525 -0.04013555 -0.09722139 0.06095755 -0.04621648 -0.3424909 -0.2291561 0.1673058 0.1279984 0.2831926 0.1476539 -0.4043695 0.3376907
0.004564204 -0.116765 -0.04067946 -0.03111925 0.6109808 -0.05682718 -0.04493603 -0.3323503 -0.1463457 0.2928567 -0.2576698 -0.3491305 -0.008772019 0.01186211 0.01728295 0.1932631 -3.891232 0.2192383 2.563382 1.109826 0.2427347 -0.3908971 -0.5180989 -0.468101 -0.107843 -0.1935565 0.2729906 0.228643 0.3458901 -0.1657728 -0.4056088 0.03178345 0.06118149 0.1769847 0.08759737 -0.1087125 0.1307969 0.0837055 0.1023283 -0.1262938 -0.08130766 0.03145624 0.09936747 0.1614457 0.128855 0.08848158 -0.05893812 0.1177397 -0.1069074 -0.2030728 -0.02689093
-0.1366295 -0.08646005 0.03398081 -0.05673518 0.01510612 -0.09496316 -0.5281665 0.2469977 0.1474946 0.2817745 0.08425239 -5.630735 1.856868 1.898231 1.727984 0.2329689 0.02620703 -0.2281965 -0.1075206 0.02425131 -0.4778269 0.1021508 -0.05190856 0.0644439 -0.0606234 0.1626255 0.06689338 -0.08185788 0.1516462 -0.1979921 -0.02928012 0.2612385 -0.1986177 -0.01913826 0.09650754 0.1289406 0.539389 -0.09204847 0.08136776 -0.1891099 0.09794933 0.04050004 -0.2173409 -0.03360597 0.2153138 -0.07012485 -0.1688001 0.001314534 0.3444238 0.04225386 0.007630955
0.1203888 0.08472466 0.145021 -0.02631445 0.1159001 -0.03399676 0.004280612 0.00476099 -0.01319239 -0.1203631 -0.01522579 -0.03499763 -0.04957076 -0.08597142 -0.02215174 -0.4296955 -0.1399651 -3.810663 1.510568 2.526037 1.372262 0.2899726 -0.1840675 -0.4954316 -0.4835349 -0.2291764 -0.2833191 -0.1875596 0.3620887 -0.4830792 0.2556593 -0.236683 -0.1264464 0.03348698 -0.006373448 0.01746956 -0.03955735 -0.1215988 -0.09115524 0.1084493 -0.00170505 0.09508102 0.393778 0.03650477 -0.1102878 0.1294196 0.1644352 0.1276638 -0.2458839 -0.02658849 -0.1161036
-0.1715052 -0.0284858 -0.1012047 -0.02357248 0.3491338 0.04429097 0.2311413 0.1813698 -0.2028306 0.01230517 -4.146704 1.671691 2.282767 1.720469 0.07634058 -0.4769367 -0.5045148 -0.0480992 -0.2570026 -0.2062778 -0.4480923 0.2028224 0.07635016 -0.5080392 0.02975565 -0.2510861 0.6594652 0.5106933 -0.1673368 0.001857911 -0.05870996 -0.1669812 -0.06114771 0.4603596 -0.1246099 0.1059101 0.1921198 -0.06628265 -0.1117862 -0.04746906 0.02846863 -0.1783008 -0.05280044 0.1128918 0.3480289 0.08132213 -0.007107932 -0.0384277 -0.08934394 -0.1442743 -0.01356748
-0.6684349 0.08831254 -0.1831383 0.185238 0.3981379 0.04559693 -0.03933148 -0.08721486 0.2336735 -0.06487504 -0.14803 -0.04778228 0.2587888 0.05504382 -5.759793 1.40769 2.686925 0.8151478 0.2828251 0.4071719 -0.296281 -0.3608085 -0.2212671 -0.1903154 -0.1739357 -0.1134213 -0.09757897 0.1659915 -0.04055366 -0.1133959 0.1036939 0.002520824 0.000167671 -0.04742542 -0.1157612 0.1195277 -0.1276599 -0.1336684 0.2644797 0.381023 0.01272038 -0.1548781 -0.2155176 -0.3379777 -0.1872139 0.1188776 0.003940106 0.1303343 -0.1871512 0.05815922 -0.4072188
