-1.536304 -1.525181 -1.500425 -1.487407 -1.483802 -1.481673 -1.496254 -1.525068 -1.525436 -1.512415 -1.500527 -1.487185 -1.488853 -1.504007 -1.526157 -1.538207 -1.549039 -1.563692 -1.580869 -1.589981 -1.58841 -1.573814 -1.558584 -1.551764 -1.566517 -1.577802 -1.559024 -1.538717 -1.526091 -1.53659 -1.540976 -1.535196 -1.527748 -1.526593 -1.52482 -1.524524 -1.531833 -1.538616 -1.543338 -1.554378 -1.557964 -1.545119 -1.533207 -1.517874 -1.517752 -1.530474 -1.528026 -1.52627
-1.534363 -1.556432 -1.551545 -1.52686 -1.528121 -1.531384 -1.545432 -1.569071 -1.569651 -1.562553 -1.551109 -1.54762 -1.552496 -1.555801 -1.553839 -1.553864 -1.559107 -1.56146 -1.565923 -1.568909 -1.567241 -1.570592 -1.570331 -1.566127 -1.566728 -1.568891 -1.569403 -1.569307 -1.565875 -1.555001 -1.552231 -1.556053 -1.557107 -1.56049 -1.565252 -1.569394 -1.561589 -1.565398 -1.569291 -1.565898 -1.560009 -1.568892 -1.571003 -1.56997 -1.575133 -1.575507 -1.577028 -1.574452
-1.577028 -1.574452 -1.574949 -1.578796 -1.574536 -1.569109 -1.570177 -1.568989 -1.566828 -1.566643 -1.568599 -1.572965 -1.573109 -1.578743 -1.577678 -1.565151 -1.561505 -1.56771 -1.570001 -1.57347 -1.569647 -1.568642 -1.569963 -1.574619 -1.57591 -1.576464 -1.574311 -1.574582 -1.582187 -1.58263 -1.583287 -1.582071 -1.580968 -1.578676 -1.580002 -1.580059 -1.580313 -1.578555 -1.582014 -1.582037 -1.580902 -1.578135 -1.57276 -1.568914 -1.564989 -1.563572 -1.564829 -1.566843
-1.597658 -1.598238 -1.603132 -1.602852 -1.603112 -1.604888 -1.604202 -1.605175 -1.604772 -1.605878 -1.610423 -1.610784 -1.611439 -1.614293 -1.618002 -1.615901 -1.618767 -1.61411 -1.612315 -1.614877 -1.612307 -1.612603 -1.614251 -1.612065 -1.610421 -1.611881 -1.623632 -1.636993 -1.640331 -1.644169 -1.641791 -1.63664 -1.634226 -1.639896 -1.63364 -1.633924 -1.633639 -1.6365 -1.642228 -1.648279 -1.643058 -1.63459 -1.630589 -1.631557 -1.632461 -1.633836 -1.632207 -1.626012
-1.612851 -1.606674 -1.60628 -1.602655 -1.594147 -1.589634 -1.591317 -1.586873 -1.588749 -1.594497 -1.597398 -1.587779 -1.582734 -1.583818 -1.585409 -1.589919 -1.590524 -1.58972 -1.590329 -1.591797 -1.588155 -1.587132 -1.583806 -1.580562 -1.581602 -1.579988 -1.580427 -1.586868 -1.590084 -1.58973 -1.590368 -1.590456 -1.593096 -1.592535 -1.596189 -1.597365 -1.604336 -1.604596 -1.602999 -1.600597 -1.595439 -1.601754 -1.607169 -1.611475 -1.616825 -1.621194 -1.625487 -1.62957
-1.638172 -1.635481 -1.634287 -1.634622 -1.63161 -1.630276 -1.626475 -1.622488 -1.624328 -1.623809 -1.62674 -1.624054 -1.619552 -1.615184 -1.612498 -1.611951 -1.61308 -1.615178 -1.616068 -1.615654 -1.616552 -1.617632 -1.61862 -1.620718 -1.625169 -1.62729 -1.625684 -1.625221 -1.626308 -1.624299 -1.621171 -1.622593 -1.622999 -1.62208 -1.618469 -1.610251 -1.601394 -1.600633 -1.600025 -1.597142 -1.597331 -1.596501 -1.60219 -1.610679 -1.622961 -1.632153 -1.633811 -1.633867
-1.537966 -1.533448 -1.525725 -1.526224 -1.531792 -1.539784 -1.5314 -1.530678 -1.533053 -1.533996 -1.524397 -1.522336 -1.516036 -1.519583 -1.537922 -1.53846 -1.53861 -1.52819 -1.534495 -1.53944 -1.53467 -1.542004 -1.540671 -1.531387 -1.530485 -1.522266 -1.52048 -1.526633 -1.516605 -1.501382 -1.493927 -1.489372 -1.492456 -1.478235 -1.471984 -1.479861 -1.468952 -1.47601 -1.492321 -1.493177 -1.522914 -1.523534 -1.52009 -1.518639 -1.505303 -1.508261 -1.514174 -1.519379
-1.678023 -1.670494 -1.667162 -1.66413 -1.6539 -1.653807 -1.661874 -1.674304 -1.673779 -1.66029 -1.664091 -1.680977 -1.683665 -1.670039 -1.674952 -1.678846 -1.674891 -1.677318 -1.677978 -1.676546 -1.69404 -1.700937 -1.69462 -1.684291 -1.691556 -1.686513 -1.697252 -1.696693 -1.677672 -1.674142 -1.680019 -1.685727 -1.689715 -1.682097 -1.656617 -1.644934 -1.652117 -1.661164 -1.678444 -1.688328 -1.699049 -1.691641 -1.664927 -1.667762 -1.664828 -1.656209 -1.67794 -1.699019
-0.3347692 -0.3340482 -0.332791 -0.3337861 -0.3337083 -0.3345293 -0.3343844 -0.3319169 -0.3315402 -0.3321722 -0.3328819 -0.3324662 -0.3316535 -0.329888 -0.3300234 -0.3302685 -0.3305629 -0.3298072 -0.3268786 -0.3250503 -0.2779678 -0.184555 -0.299938 -0.3262726 -0.322098 -0.3151022 -0.3223209 -0.3323945 -0.3326825 -0.3313957 -0.3280268 -0.3264496 -0.3254009 -0.3250321 -0.325152 -0.3238061 -0.3246136 -0.3215764 -0.3204305 -0.3199367 -0.3202567 -0.3171211 -0.3188092 -0.319904 -0.3233052 -0.3264428 -0.3292691 -0.3335339
-0.3272559 -0.3267609 -0.3260871 -0.3265834 -0.3268205 -0.3275966 -0.3252699 -0.3275833 -0.3245785 -0.3247893 -0.3226492 -0.3231771 -0.3237855 -0.3247232 -0.326678 -0.3278838 -0.3303367 -0.3326411 -0.3322755 -0.3327872 -0.3312425 -0.3322144 -0.330898 -0.3325406 -0.329724 -0.01142155 -0.05289346 -0.3101566 -0.323281 -0.304985 -0.2910118 -0.3175625 -0.3381891 -0.3446169 -0.3452476 -0.3399481 -0.335847 -0.3307773 -0.3297445 -0.3301341 -0.3286103 -0.3301544 -0.3298005 -0.3299369 -0.327966 -0.3280511 -0.3299615 -0.3277488
-0.9264972 -0.9280177 -0.9275104 -0.9261533 -0.9271176 -0.9321304 -0.9316823 -0.9331862 -0.9335589 -0.9336334 -0.9346938 -0.9369414 -0.9378088 -0.898079 -0.8134781 -0.8973175 -0.9247054 -0.9194099 -0.9168256 -0.9220043 -0.9304007 -0.9249553 -0.9216983 -0.9186857 -0.9171981 -0.9134163 -0.9105719 -0.9090959 -0.9088799 -0.9097028 -0.9077548 -0.90675 -0.9045115 -0.9044481 -0.9035802 -0.9043697 -0.9052328 -0.9050103 -0.9041941 -0.9050849 -0.9070083 -0.9074046 -0.906456 -0.9085031 -0.909472 -0.9081771 -0.9102868 -0.9110704
-0.9218378 -0.920669 -0.9219109 -0.9222358 -0.9219791 -0.9220393 -0.9223135 -0.9217985 -0.9191369 -0.9204829 -0.9207237 -0.8957186 -0.4270821 -0.4721192 -0.6800625 -0.801289 -0.8916733 -0.9063055 -0.8824671 -0.9030277 -0.9279646 -0.9299733 -0.9300434 -0.9306815 -0.9297972 -0.9277667 -0.9262099 -0.9237331 -0.9228428 -0.923176 -0.9135377 -0.9129881 -0.9127831 -0.9094276 -0.9072923 -0.9046665 -0.9067844 -0.9045256 -0.9024708 -0.9056875 -0.9033616 -0.9038776 -0.9036887 -0.9018087 -0.90187 -0.8987277 -0.9009537 -0.896542
-0.8981246 -0.8968945 -0.8998346 -0.8958488 -0.899778 -0.900232 -0.9026359 -0.9025571 -0.9043427 -0.9063527 -0.9096639 -0.91174 -0.9124671 -0.6366059 -0.8733 -0.900411 -0.9034921 -0.9105271 -0.9280574 -0.9296848 -0.9341267 -0.9373847 -0.9381263 -0.9366693 -0.9372769 -0.9362354 -0.9337298 -0.9327359 -0.933148 -0.9335407 -0.935505 -0.9343622 -0.9332095 -0.9343824 -0.9323764 -0.9333003 -0.931901 -0.9336146 -0.9323297 -0.9288987 -0.9218642 -0.9216902 -0.9210904 -0.9189584 -0.9190552 -0.9177758 -0.9165602 -0.919477
-0.9165602 -0.919477 -0.9166541 -0.9156984 -0.9161117 -0.9228575 -0.9221582 -0.9247701 -0.9196199 -0.9182261 -0.9208063 -0.9200647 -0.9117076 -0.5784607 -0.6267354 -0.8064535 -0.8876161 -0.9158164 -0.9197854 -0.9277464 -0.9389169 -0.9416143 -0.9389681 -0.9411148 -0.9426575 -0.9426072 -0.9429013 -0.9459667 -0.9442694 -0.9432072 -0.9465935 -0.9427111 -0.9465247 -0.9464351 -0.9442605 -0.946324 -0.9469522 -0.94904 -0.9483733 -0.950421 -0.9488034 -0.9508318 -0.9479125 -0.9496033 -0.9469537 -0.9455268 -0.9478115 -0.9467325
-0.9503383 -0.9483536 -0.9420898 -0.9413748 -0.9364806 -0.9376819 -0.9381751 -0.9399992 -0.9417819 -0.9425187 -0.9431996 -0.94334 -0.837434 -0.5934401 -0.8824337 -0.9060799 -0.9378016 -0.9398988 -0.9391099 -0.9417071 -0.9415277 -0.9441111 -0.9441122 -0.9419171 -0.9434972 -0.939874 -0.9386145 -0.936066 -0.9330747 -0.9339093 -0.9301448 -0.9291274 -0.9302663 -0.9274684 -0.9266712 -0.927673 -0.9243058 -0.9244171 -0.9245942 -0.9230128 -0.9261809 -0.9257572 -0.934575 -0.9423541 -0.9379234 -0.944075 -0.9448076 -0.9423978
-0.9553088 -0.9530203 -0.9502616 -0.9510388 -0.9498903 -0.9485326 -0.9495929 -0.9496513 -0.9479875 -0.9491335 -0.9490331 -0.950727 -0.9527525 -0.9508457 -0.7742353 -0.7467337 -0.8829472 -0.9438615 -0.945381 -0.9443242 -0.9471055 -0.9521334 -0.9565222 -0.9555374 -0.9563677 -0.9528262 -0.9511451 -0.9498467 -0.9504527 -0.9504868 -0.9483798 -0.9493966 -0.9497216 -0.9496438 -0.9499875 -0.9508936 -0.9509934 -0.9483687 -0.950048 -0.9509 -0.9499412 -0.9526547 -0.9503297 -0.9513546 -0.9511514 -0.9547626 -0.955384 -0.9540294
-0.9432158 -0.9428322 -0.9410058 -0.9420035 -0.941919 -0.9395827 -0.9397541 -0.9435618 -0.9418913 -0.5727702 -0.5669934 -0.8720674 -0.9126875 -0.9523039 -0.960243 -0.97013 -0.9730721 -0.9706952 -0.9696419 -0.9694663 -0.9641522 -0.9608327 -0.958191 -0.9569362 -0.9561324 -0.9549738 -0.9532058 -0.950692 -0.9507505 -0.9545588 -0.9646423 -0.9648638 -0.966293 -0.9667989 -0.9653927 -0.9626932 -0.964203 -0.9648845 -0.9661363 -0.966715 -0.9686816 -0.9691401 -0.9696521 -0.9699686 -0.9674667 -0.9666685 -0.9653802 -0.9642214
-0.9626932 -0.964203 -0.9648845 -0.9661363 -0.966715 -0.9686816 -0.9691401 -0.9696521 -0.9699686 -0.9674667 -0.9666685 -0.9653802 -0.9642214 -0.9613189 -0.9576858 -0.9563846 -0.9553768 -0.9000418 -0.8102481 -0.9251999 -0.9496183 -0.9530672 -0.9618186 -0.9587321 -0.95373 -0.9513201 -0.951741 -0.9525278 -0.9510805 -0.953028 -0.9524168 -0.9540725 -0.9529912 -0.9528289 -0.9532886 -0.9539727 -0.9536077 -0.9534565 -0.9523116 -0.9547266 -0.95491 -0.9568203 -0.9570243 -0.9550215 -0.9567008 -0.9578893 -0.9552904 -0.9555957
-1.488098 -1.482124 -1.485368 -1.492511 -1.491886 -1.492556 -1.495022 -1.493454 -1.49603 -1.498945 -1.493556 -1.496156 -1.491843 -1.486907 -1.553474 -1.75473 -1.992139 -2.059898 -2.034854 -1.954631 -1.871838 -1.811947 -1.788818 -1.781901 -1.773974 -1.765763 -1.767864 -1.76131 -1.763029 -1.768625 -1.769572 -1.769972 -1.773637 -1.773683 -1.792271 -1.783302 -1.803922 -1.8003 -1.76017 -1.739631 -1.746581 -1.755294 -1.781546 -1.788932 -1.799025 -1.787354 -1.782207 -1.777096
-1.735439 -1.747607 -1.746415 -1.735594 -1.729198 -1.723833 -1.723062 -1.721989 -1.732233 -1.739589 -1.733178 -1.725515 -1.727658 -1.74032 -1.759346 -1.752133 -1.745765 -1.744131 -1.719494 -1.737791 -1.926626 -1.966755 -1.945006 -1.961411 -1.97284 -1.896383 -1.817612 -1.756284 -1.720137 -1.717863 -1.710074 -1.710104 -1.718517 -1.724517 -1.729834 -1.734366 -1.731269 -1.726518 -1.724622 -1.725703 -1.73342 -1.728586 -1.723106 -1.727954 -1.730604 -1.734015 -1.740387 -1.741346
-1.722708 -1.745897 -1.747821 -1.717346 -1.738145 -1.748208 -1.742555 -1.724763 -1.702615 -1.707362 -1.699377 -1.705254 -1.70717 -1.642614 -1.683107 -1.714701 -1.714364 -1.709661 -1.71266 -1.720817 -1.711067 -1.704403 -1.713733 -1.704669 -1.697078 -1.720315 -1.737324 -1.720084 -1.723125 -1.72534 -1.729203 -1.714667 -1.704115 -1.710771 -1.708416 -1.711165 -1.715527 -1.715932 -1.719252 -1.717449 -1.721371 -1.722837 -1.719527 -1.7119 -1.706651 -1.69676 -1.699623 -1.704481
-1.689925 -1.698578 -1.707093 -1.704176 -1.700265 -1.69647 -1.700287 -1.700087 -1.695805 -1.689219 -1.693354 -1.712968 -1.711663 -1.698969 -1.681425 -1.603835 -1.50224 -1.638882 -1.684225 -1.68697 -1.700638 -1.71946 -1.707644 -1.694159 -1.674517 -1.66181 -1.668871 -1.691922 -1.707142 -1.704179 -1.70639 -1.681282 -1.679247 -1.669965 -1.694221 -1.699543 -1.70321 -1.713018 -1.687976 -1.682624 -1.690419 -1.684174 -1.69062 -1.702886 -1.694147 -1.690124 -1.685937 -1.6834
-1.647528 -1.622986 -1.611921 -1.634653 -1.627815 -1.616294 -1.617623 -1.614092 -1.602729 -1.623434 -1.646565 -1.652265 -1.649732 -1.644655 -1.667753 -1.606592 -1.531012 -1.625363 -1.65737 -1.658549 -1.652708 -1.645861 -1.646525 -1.630371 -1.619604 -1.649784 -1.643451 -1.626516 -1.644394 -1.652265 -1.621345 -1.635227 -1.647899 -1.657788 -1.658826 -1.669729 -1.656083 -1.672794 -1.659786 -1.66665 -1.661561 -1.666279 -1.669875 -1.667704 -1.645746 -1.663658 -1.646195 -1.645294
-1.711543 -1.712661 -1.712799 -1.71057 -1.707417 -1.7016 -1.725638 -1.72116 -1.700185 -1.697874 -1.699555 -1.703966 -1.703077 -1.709861 -1.710461 -1.709065 -1.615929 -1.603289 -1.717672 -1.731425 -1.712109 -1.725424 -1.725405 -1.727036 -1.72541 -1.719779 -1.708033 -1.707373 -1.711742 -1.719235 -1.720972 -1.718207 -1.719041 -1.719248 -1.727973 -1.738549 -1.73689 -1.741424 -1.740246 -1.738617 -1.74614 -1.75263 -1.750448 -1.74826 -1.754754 -1.744249 -1.743535 -1.740196
-1.833207 -1.835683 -1.842265 -1.832664 -1.853335 -1.854775 -1.847126 -1.850932 -1.861217 -1.853598 -1.841084 -1.834417 -1.835122 -1.833446 -1.836955 -1.837714 -1.837629 -1.988277 -2.27842 -2.428941 -2.393638 -2.301284 -2.222923 -2.165294 -2.151578 -2.154175 -2.154195 -2.149576 -2.151977 -2.156012 -2.151344 -2.141149 -2.140572 -2.135706 -2.123336 -2.124671 -2.136535 -2.149361 -2.14204 -2.141454 -2.136554 -2.131578 -2.136353 -2.135991 -2.134885 -2.132642 -2.131262 -2.125094
-1.585358 -1.597383 -1.607578 -1.608413 -1.606195 -1.604261 -1.603973 -1.600251 -1.600236 -1.597994 -1.592265 -1.589638 -1.592846 -1.590058 -1.588692 -1.588651 -1.511513 -1.354681 -1.506187 -1.574244 -1.577079 -1.586002 -1.590511 -1.590404 -1.588259 -1.592353 -1.598623 -1.601002 -1.600358 -1.600014 -1.600937 -1.602824 -1.613203 -1.610624 -1.603127 -1.605007 -1.603408 -1.598453 -1.59332 -1.595068 -1.601225 -1.600674 -1.60191 -1.591972 -1.586677 -1.590113 -1.594778 -1.596942
-1.608859 -1.610419 -1.605848 -1.607457 -1.610567 -1.608696 -1.603645 -1.606078 -1.605721 -1.605612 -1.606796 -1.604637 -1.595942 -1.596471 -1.600331 -1.601646 -1.601573 -1.604569 -1.483376 -1.533229 -1.618395 -1.616806 -1.600063 -1.622478 -1.624021 -1.62082 -1.615831 -1.616616 -1.610303 -1.600916 -1.600937 -1.609121 -1.614558 -1.614984 -1.610111 -1.607495 -1.609747 -1.613222 -1.611549 -1.61282 -1.611939 -1.612226 -1.614292 -1.610897 -1.605341 -1.598798 -1.582068 -1.582793
-1.508421 -1.501959 -1.496754 -1.491096 -1.488451 -1.485093 -1.475562 -1.469724 -1.473996 -1.470643 -1.483002 -1.508805 -1.510646 -1.503859 -1.504257 -1.504989 -1.508473 -1.505689 -1.50929 -1.509328 -1.50518 -1.497106 -1.487639 -1.482193 -1.477191 -1.482057 -1.479199 -1.479532 -1.479197 -1.478782 -1.4756 -1.464915 -1.467426 -1.490878 -1.488658 -1.481215 -1.495101 -1.504858 -1.500424 -1.490946 -1.488386 -1.481661 -1.478997 -1.477427 -1.478887 -1.484097 -1.47473 -1.476207
-1.611473 -1.613165 -1.609147 -1.607491 -1.626795 -1.638265 -1.651525 -1.648216 -1.654436 -1.65039 -1.638672 -1.62558 -1.608189 -1.466314 -1.546475 -1.600179 -1.61269 -1.600574 -1.606763 -1.609922 -1.600166 -1.601715 -1.605377 -1.613091 -1.620981 -1.621324 -1.619715 -1.604151 -1.607271 -1.612485 -1.616449 -1.631703 -1.643887 -1.632941 -1.630121 -1.634673 -1.655378 -1.66433 -1.639166 -1.625218 -1.627688 -1.635955 -1.640643 -1.642686 -1.637533 -1.627296 -1.617324 -1.62408
-1.475092 -1.48495 -1.47945 -1.478563 -1.477417 -1.473098 -1.477248 -1.476462 -1.474268 -1.466189 -1.455637 -1.449964 -1.449415 -1.438207 -1.425422 -1.447916 -1.470367 -1.472655 -1.471479 -1.46462 -1.524816 -1.506017 -1.465094 -1.460421 -1.463087 -1.460986 -1.446316 -1.456644 -1.459649 -1.460323 -1.462324 -1.460016 -1.463076 -1.468029 -1.463179 -1.456592 -1.461439 -1.467626 -1.469106 -1.479342 -1.477823 -1.4665 -1.463826 -1.465406 -1.475956 -1.475116 -1.473436 -1.470469
-1.472242 -1.46892 -1.469546 -1.464503 -1.465923 -1.462464 -1.453913 -1.446812 -1.458972 -1.470071 -1.473067 -1.458991 -1.418804 -1.443457 -1.457381 -1.429281 -1.454728 -1.465981 -1.465758 -1.46034 -1.453571 -1.456132 -1.446727 -1.430052 -1.439651 -1.44884 -1.447012 -1.446437 -1.453507 -1.472924 -1.481748 -1.488493 -1.474973 -1.465181 -1.458992 -1.462022 -1.476794 -1.489004 -1.496241 -1.481179 -1.47022 -1.474617 -1.475522 -1.476347 -1.48043 -1.491779 -1.492346 -1.484307
-1.489922 -1.50021 -1.502047 -1.492164 -1.482664 -1.478985 -1.490283 -1.494032 -1.494738 -1.503692 -1.498054 -1.48824 -1.496706 -1.656671 -1.685784 -1.636391 -1.585155 -1.575287 -1.5435 -1.490233 -1.480999 -1.479599 -1.479559 -1.474938 -1.460217 -1.468678 -1.480889 -1.479825 -1.461229 -1.472078 -1.500255 -1.499825 -1.495456 -1.471715 -1.464963 -1.470073 -1.470634 -1.481119 -1.483838 -1.493173 -1.484601 -1.492247 -1.492815 -1.484838 -1.491941 -1.484656 -1.475383 -1.460142
-1.468171 -1.480768 -1.485959 -1.477688 -1.475502 -1.475577 -1.477558 -1.472751 -1.488287 -1.483535 -1.489311 -1.49767 -1.478789 -1.484501 -1.500756 -1.492611 -1.497678 -1.485021 -1.486194 -1.507806 -1.507879 -1.484203 -1.475481 -1.489272 -1.484035 -1.471226 -1.494323 -1.487126 -1.473055 -1.467194 -1.46669 -1.492312 -1.493342 -1.473521 -1.455066 -1.460497 -1.459064 -1.466565 -1.48837 -1.48514 -1.482427 -1.478465 -1.468151 -1.481016 -1.485498 -1.493254 -1.498522 -1.500878
-1.497936 -1.500919 -1.482986 -1.469524 -1.473875 -1.485404 -1.487294 -1.48948 -1.488972 -1.483186 -1.491764 -1.460977 -1.465849 -1.462965 -1.459033 -1.456505 -1.455898 -1.481068 -1.489359 -1.601505 -1.641798 -1.469381 -1.466012 -1.502678 -1.502853 -1.491468 -1.492334 -1.481765 -1.458373 -1.453022 -1.444249 -1.456404 -1.468066 -1.471821 -1.481113 -1.476989 -1.468235 -1.464795 -1.468785 -1.470824 -1.464814 -1.469059 -1.479369 -1.487632 -1.485768 -1.48632 -1.485093 -1.492856
-1.496864 -1.493672 -1.493504 -1.496188 -1.495121 -1.496268 -1.494615 -1.489396 -1.493505 -1.490628 -1.485757 -1.488861 -1.486133 -1.493302 -1.498126 -1.490599 -1.513398 -1.535712 -1.486855 -1.500696 -1.514488 -1.505023 -1.500119 -1.488196 -1.480136 -1.484122 -1.496126 -1.4963 -1.492737 -1.509917 -1.507231 -1.508426 -1.503264 -1.496652 -1.494689 -1.486073 -1.489997 -1.491824 -1.501863 -1.490509 -1.494576 -1.504456 -1.501558 -1.500084 -1.502967 -1.495794 -1.487269 -1.495103
1.232295 1.230781 1.232806 1.232462 1.234872 1.238169 1.236979 1.241094 1.24681 1.254313 1.252349 1.172601 1.256319 1.22866 1.254505 1.256145 1.260921 1.267876 1.262732 1.260578 1.264515 1.251236 1.244552 1.237616 1.230213 1.223696 1.220213 1.218733 1.21512 1.209443 1.211219 1.21644 1.219294 1.220281 1.22086 1.218359 1.21892 1.224501 1.225715 1.224713 1.223089 1.220764 1.221486 1.222872 1.225214 1.228061 1.233048 1.238494
1.233048 1.238494 1.243725 1.244418 1.240188 1.240137 1.242242 1.24059 1.233637 1.232956 1.231393 1.222138 1.149825 0.8841752 0.9947023 1.191282 1.269371 1.229111 1.211671 1.210527 1.218419 1.236574 1.250953 1.25554 1.254672 1.251089 1.247981 1.246044 1.240567 1.23482 1.229378 1.228421 1.227939 1.230812 1.23215 1.233302 1.236728 1.238439 1.239184 1.238352 1.238193 1.236356 1.238003 1.241705 1.246283 1.245408 1.245833 1.237133
1.231498 1.233197 1.233587 1.236642 1.235204 1.237081 1.231598 1.228162 1.224403 1.216155 1.211588 1.207218 1.207222 1.208091 1.209023 1.151948 1.082969 1.143595 1.170899 1.169855 1.183776 1.186315 1.192021 1.202427 1.205051 1.201915 1.197223 1.198106 1.200874 1.204374 1.208121 1.213969 1.218387 1.218543 1.216169 1.213423 1.209271 1.212087 1.211482 1.215232 1.221395 1.221868 1.230322 1.227762 1.223144 1.225592 1.222929 1.224049
0.6922662 0.6880633 0.6859958 0.6850119 0.6859765 0.6870165 0.6823817 0.6822993 0.6843714 0.6855845 0.6882864 0.6940992 0.6900356 0.6848578 0.6856025 0.7054931 0.7128196 0.687896 0.6849145 0.6749684 0.6768704 0.6804614 0.6831665 0.6856691 0.6884218 0.6902304 0.6891003 0.6887877 0.6861252 0.6853267 0.6851208 0.6815026 0.6821797 0.679846 0.6787927 0.7135067 0.9031496 1.16134 1.387383 1.666475 1.951048 2.047525 2.059021 2.059911 2.059674 2.05967 2.058959 2.057091
2.014722 2.012598 2.013047 2.012828 2.014428 2.013718 2.012682 2.009683 2.012929 2.011422 2.009589 2.009856 2.006253 2.004246 2.004838 2.014967 2.018409 2.000533 1.996317 1.991437 1.995893 1.999375 1.999568 2.003032 2.012048 2.014646 2.016638 2.017555 2.016904 2.016833 2.020087 2.02047 2.0216 2.022239 2.023331 2.024134 2.026952 2.029799 2.030813 2.030842 2.024272 2.017035 2.013089 2.009913 2.010119 2.012736 2.012519 2.007824
1.44812 1.448139 1.453846 1.456176 1.456893 1.456199 1.455423 1.457158 1.344521 1.291191 1.384676 1.422729 1.441791 1.434702 1.448901 1.44496 1.437118 1.445159 1.444751 1.435508 1.439452 1.471195 1.446265 1.445661 1.438336 1.441534 1.438249 1.441764 1.440846 1.452294 1.449855 1.449091 1.441072 1.434733 1.44934 1.449096 1.450564 1.451454 1.451182 1.444492 1.456596 1.45152 1.453439 1.455771 1.450749 1.453101 1.460883 1.461083
1.457374 1.452231 1.450581 1.450887 1.446914 1.433944 1.438517 1.441367 1.446158 1.443608 1.447645 1.445934 1.469659 1.459175 1.146504 1.439162 1.430176 1.446787 1.451296 1.449518 1.442949 1.440002 1.454541 1.460748 1.455332 1.455124 1.453694 1.45678 1.460491 1.463868 1.47094 1.463239 1.455079 1.450174 1.452153 1.448928 1.448124 1.443724 1.446099 1.439571 1.442257 1.437503 1.442261 1.443526 1.442773 1.442567 1.450163 1.442307
1.450163 1.442307 1.446874 1.43882 1.436489 1.440036 1.442079 1.446454 1.432032 1.043368 0.9142532 1.255716 1.423399 1.39626 1.394259 1.393624 1.408007 1.417703 1.431123 1.440229 1.430603 1.433217 1.43426 1.430932 1.435474 1.434399 1.439161 1.428272 1.421937 1.422756 1.428122 1.414873 1.419198 1.404414 1.423113 1.425295 1.4311 1.428538 1.429736 1.428138 1.417745 1.42019 1.426068 1.427304 1.425252 1.428952 1.432921 1.431885
1.43926 1.445343 1.453959 1.439729 1.445664 1.440378 1.437794 1.437048 1.430894 1.427895 1.43169 1.436969 1.439229 1.444144 1.305223 1.380917 1.437932 1.438009 1.44545 1.442297 1.436028 1.432733 1.437591 1.433688 1.433225 1.43093 1.417269 1.413261 1.413942 1.41648 1.421052 1.434536 1.43502 1.446003 1.448955 1.438697 1.437467 1.440908 1.441443 1.440461 1.440912 1.444722 1.437879 1.441371 1.442858 1.440053 1.442741 1.440674
1.457588 1.459143 1.459397 1.454992 1.453178 1.442629 1.456456 1.463188 1.458472 1.468711 1.464689 1.468309 1.470088 1.471294 1.474627 1.480135 1.423115 1.278919 1.445667 1.456322 1.456648 1.446346 1.453228 1.469909 1.478101 1.480928 1.484214 1.474227 1.476604 1.465216 1.453555 1.449316 1.454194 1.453193 1.458592 1.468496 1.460333 1.458851 1.458593 1.461473 1.460483 1.459841 1.466599 1.47163 1.471725 1.475129 1.470053 1.473252
1.482906 1.49468 1.497843 1.488965 1.489065 1.486471 1.498966 1.488554 1.476106 1.477662 1.474165 1.454694 1.431741 1.458856 1.479949 1.486797 1.49317 1.485463 1.483753 1.491109 1.488384 1.489916 1.489694 1.489622 1.48065 1.485639 1.484284 1.470685 1.479615 1.47927 1.488574 1.492324 1.498253 1.510226 1.486718 1.479839 1.498646 1.495188 1.499323 1.48313 1.473999 1.480357 1.481697 1.487694 1.497862 1.490713 1.490329 1.489664
1.496325 1.497602 1.518654 1.509904 1.51437 1.515306 1.516914 1.516345 1.51551 1.511997 1.503839 1.503473 1.504409 1.505619 1.497212 1.496055 1.483417 1.313496 1.18773 1.385368 1.434752 1.480135 1.479191 1.49219 1.493063 1.504314 1.509868 1.505918 1.504131 1.488824 1.505907 1.490428 1.49373 1.484377 1.497143 1.502602 1.506418 1.49821 1.500117 1.496394 1.49116 1.487405 1.497062 1.505057 1.513694 1.505311 1.504603 1.507925
1.503892 1.512798 1.505349 1.506865 1.493446 1.487642 1.488982 1.496808 1.486088 1.484132 1.404271 1.459652 1.49749 1.510405 1.504789 1.492066 1.49641 1.502872 1.502128 1.51599 1.491926 1.477299 1.479396 1.482803 1.495535 1.509532 1.511543 1.536222 1.546959 1.531053 1.517393 1.51708 1.508893 1.514686 1.513112 1.500911 1.500805 1.503446 1.499425 1.499885 1.501166 1.491043 1.501175 1.499629 1.502243 1.499439 1.499524 1.497149
1.520043 1.520965 1.522239 1.512901 1.515698 1.522187 1.523511 1.521237 1.524981 1.520552 1.523711 1.519536 1.514538 1.575669 1.60298 1.523916 1.522939 1.517385 1.506433 1.488435 1.502108 1.499661 1.504246 1.512459 1.507796 1.501309 1.502838 1.519289 1.506705 1.50615 1.51341 1.52046 1.52746 1.527056 1.518124 1.524339 1.512702 1.496035 1.503312 1.512438 1.513831 1.512858 1.518022 1.525049 1.511482 1.508719 1.501069 1.50361
1.500836 1.509476 1.503451 1.500807 1.491415 1.491444 1.4981 1.499477 1.495791 1.49697 1.493864 1.495307 1.501443 1.500022 1.485371 1.465077 1.481884 1.484633 1.493413 1.486664 1.485889 1.480331 1.476642 1.491327 1.493874 1.490892 1.499387 1.501369 1.499961 1.493232 1.492048 1.49686 1.505655 1.512665 1.518227 1.51393 1.506117 1.501383 1.491479 1.49735 1.496828 1.490934 1.493124 1.489899 1.490021 1.486625 1.495508 1.495925
1.48015 1.49315 1.495107 1.490548 1.479694 1.488726 1.488878 1.484592 1.483306 1.491011 1.487792 1.482399 1.482671 1.39661 1.334462 1.375442 1.44436 1.470263 1.475577 1.46584 1.474449 1.470054 1.469708 1.476958 1.481057 1.491595 1.493065 1.495043 1.49607 1.502739 1.500984 1.483563 1.492708 1.495787 1.492057 1.479164 1.48694 1.477111 1.459593 1.486597 1.476698 1.479292 1.48878 1.482583 1.477412 1.480964 1.480104 1.494277
1.525848 1.525794 1.528225 1.525185 1.508666 1.521448 1.54416 1.55321 1.54944 1.54938 1.546525 1.549691 1.550421 1.546742 1.54299 1.538191 1.542937 1.541176 1.54273 1.563015 1.555078 1.541065 1.542089 1.541199 1.533921 1.534894 1.528177 1.531451 1.555607 1.547445 1.544052 1.540753 1.54223 1.544402 1.543312 1.544286 1.541147 1.542773 1.548713 1.542328 1.538231 1.539319 1.537327 1.54113 1.546329 1.541959 1.539688 1.547148
1.517932 1.531364 1.544785 1.550741 1.560324 1.560621 1.561763 1.544831 1.546453 1.540777 1.539455 1.539589 1.537659 1.551016 1.526909 1.449099 1.416496 1.506474 1.564007 1.560772 1.564266 1.560854 1.565005 1.56799 1.56595 1.556523 1.559782 1.553901 1.554079 1.557654 1.561303 1.56261 1.559135 1.550481 1.559341 1.556626 1.566794 1.559989 1.556292 1.56513 1.565899 1.563986 1.556595 1.560542 1.559022 1.561278 1.560735 1.56424
3.119473 3.118351 3.120187 3.118922 3.1195 3.120691 3.119102 3.121302 3.120296 3.122236 3.119703 3.121824 3.120943 3.124135 3.122541 3.13029 -3.052658 -3.118843 3.121646 3.130787 3.130248 3.127036 3.125121 3.127512 3.126255 3.128567 3.12995 3.132456 3.133527 3.133059 3.133996 3.133559 3.135495 3.135325 3.138121 3.139175 3.137545 3.137872 3.139214 3.138232 3.139186 3.14005 -3.141577 -3.140441 -3.141 3.140723 -3.140261 -3.138828
3.132562 3.133121 3.134239 3.133024 3.133214 3.131373 3.132202 3.131473 3.133455 3.132574 3.133269 3.13373 3.13197 3.133066 3.133815 3.13285 3.132704 -3.01793 -2.799215 -2.9819 -3.120505 3.116157 3.110615 3.106758 3.100466 3.097225 3.102264 3.101174 3.102359 3.101891 3.102364 3.105067 3.10653 3.104415 3.106859 3.104742 3.103912 3.105451 3.102236 3.100769 3.100776 3.100247 3.099396 3.102079 3.099205 3.101815 3.100573 3.100648
3.106708 3.105528 3.105649 3.106519 3.103938 3.102256 3.101873 3.101035 3.099584 3.101749 3.100417 3.100938 3.103562 3.103218 3.106794 3.10727 3.109062 -3.085412 -2.543488 -2.584574 -2.760453 -2.899599 -2.940116 -2.959932 -2.977768 -2.993773 -2.995723 -2.997729 -2.996779 -2.999529 -3.000244 -2.996685 -2.995789 -2.998678 -3.002758 -3.001806 -3.002842 -3.002312 -3.000683 -2.998375 -2.996921 -2.997026 -2.993104 -2.991927 -2.994081 -2.993092 -2.991156 -2.988825
-2.989796 -2.991232 -2.992158 -2.992283 -2.991217 -2.99248 -2.983844 -2.38149 -2.535576 -2.744488 -2.827302 -2.840908 -2.84437 -2.849978 -2.850753 -2.852109 -2.854558 -2.855036 -2.854145 -2.854999 -2.854745 -2.853513 -2.853799 -2.852701 -2.853486 -2.85416 -2.8524 -2.855716 -2.853818 -2.855425 -2.854253 -2.855774 -2.855254 -2.855074 -2.856307 -2.854928 -2.85677 -2.855214 -2.853911 -2.852263 -2.853189 -2.851593 -2.853937 -2.85346 -2.853231 -2.850409 -2.85157 -2.850996
-2.839929 -2.83994 -2.841515 -2.844191 -2.843968 -2.84478 -2.845195 -2.845319 -2.844359 -2.823345 -2.569207 -2.785834 -2.816493 -2.823525 -2.829822 -2.834199 -2.837557 -2.837249 -2.835553 -2.833298 -2.834188 -2.83366 -2.835763 -2.834676 -2.834196 -2.83199 -2.83315 -2.83333 -2.832136 -2.831254 -2.828602 -2.82699 -2.826509 -2.826121 -2.824467 -2.823924 -2.82579 -2.826764 -2.826793 -2.825392 -2.825469 -2.826339 -2.827016 -2.826125 -2.825788 -2.824647 -2.824204 -2.82542
-2.838239 -2.841914 -2.841846 -2.844847 -2.849229 -2.851467 -2.851044 -2.852204 -2.85301 -2.853852 -2.856822 -2.860257 -2.859061 -2.857894 -2.857503 -2.85878 -2.857703 -2.859702 -2.464165 -2.519188 -2.705588 -2.78027 -2.803501 -2.845263 -2.858309 -2.853791 -2.847703 -2.850407 -2.854608 -2.855798 -2.851998 -2.845493 -2.844754 -2.845979 -2.847178 -2.847819 -2.84888 -2.847935 -2.850387 -2.849397 -2.8544 -2.854715 -2.85721 -2.85702 -2.860037 -2.857536 -2.857927 -2.857896
-2.375934 -2.378051 -2.380223 -2.383685 -2.385903 -2.385567 -2.386685 -2.387503 -2.386012 -2.386892 -2.384708 -2.384821 -2.354244 -2.219672 -2.356024 -2.373736 -2.345531 -2.335706 -2.347805 -2.353504 -2.362169 -2.365553 -2.362498 -2.361708 -2.357983 -2.352371 -2.352501 -2.345623 -2.348712 -2.346884 -2.349355 -2.347165 -2.347493 -2.345827 -2.341474 -2.336008 -2.329051 -2.323339 -2.317159 -2.317597 -2.318165 -2.31902 -2.32419 -2.327708 -2.331701 -2.337689 -2.341153 -2.339851
-2.341153 -2.339851 -2.340379 -2.339724 -2.340139 -2.341556 -2.343706 -2.346542 -2.344793 -2.34523 -2.346613 -2.347046 -2.346986 -2.347056 -2.347521 -2.346308 -2.339118 -2.264115 -2.346027 -2.339017 -2.323782 -2.341063 -2.359239 -2.368667 -2.368841 -2.360482 -2.357614 -2.35852 -2.359321 -2.361815 -2.3692 -2.363519 -2.364819 -2.376741 -2.381895 -2.383994 -2.386473 -2.382336 -2.3862 -2.386697 -2.385737 -2.387765 -2.387327 -2.387484 -2.391074 -2.393571 -2.391351 -2.389985
-0.1908913 -0.1892629 -0.1886329 -0.1893712 -0.1894047 -0.1900409 -0.1871063 -0.1860227 -0.1862204 -0.1854173 -0.1850054 -0.1841898 -0.1844439 -0.1857226 -0.1823494 -0.1827367 -0.1818266 -0.1803724 -0.1790079 -0.1756296 -0.1712291 -0.1292074 -0.1953185 -0.182051 -0.1879983 -0.2803952 -0.2815472 -0.2475447 -0.2452815 -0.2498606 -0.2210573 -0.2260214 -0.1967291 -0.1891029 -0.2003459 -0.1930026 -0.1850796 -0.1845536 -0.1819615 -0.1737449 -0.1513945 -0.1357584 -0.1377782 -0.153206 -0.1564926 -0.1669979 -0.173097 -0.1754416
-0.1707785 -0.1727755 -0.1714242 -0.1727079 -0.1757748 -0.1779699 -0.176394 -0.176449 -0.1766657 -0.1764026 -0.1775492 -0.174203 -0.1736226 -0.1731979 -0.174246 -0.1766583 -0.177947 -0.1774606 -0.1783141 -0.1817664 -0.1806413 -0.1827895 -0.1808451 -0.181902 -0.1246164 0.002768256 -0.02634291 -0.08583306 -0.08275644 -0.09795368 -0.1421616 -0.1471444 -0.1533437 -0.169123 -0.1734142 -0.1632497 -0.1561113 -0.1658229 -0.1901761 -0.1845023 -0.1847918 -0.1907081 -0.1925591 -0.1853125 -0.1795867 -0.1863359 -0.187564 -0.1873022
-0.1921508 -0.2023263 -0.2086258 -0.1968132 -0.1956689 -0.1939274 -0.1883722 -0.1999049 -0.2087765 -0.213315 -0.2094731 -0.2076905 -0.2114033 -0.218522 -0.2114283 -0.2056411 -0.1964028 -0.1940324 -0.1940482 -0.1993198 -0.203622 -0.1988294 -0.1919684 -0.1959818 -0.2012329 -0.2039591 -0.2048707 -0.0638393 0.01723143 -0.06931814 -0.06436008 -0.04065667 -0.01884294 -0.03848711 -0.1237645 -0.1945891 -0.212661 -0.2007909 -0.2145404 -0.1891807 -0.1949757 -0.2047868 -0.2138746 -0.2247579 -0.2331891 -0.218008 -0.2213742 -0.2242018
-0.2131209 -0.2162791 -0.2125835 -0.20935 -0.2137132 -0.2222302 -0.2285949 -0.2217582 -0.2197556 -0.2182916 -0.2189356 -0.2185777 -0.2165426 -0.2166784 -0.2238977 -0.2239926 -0.2176792 -0.2207044 -0.2228734 -0.2198063 -0.2139321 -0.2114396 -0.09777344 -0.03206718 -0.06572817 -0.03687196 -0.0472183 -0.1007281 -0.1925544 -0.2369107 -0.2727264 -0.2681259 -0.2426744 -0.223227 -0.2176954 -0.2197402 -0.2220101 -0.2208593 -0.2212635 -0.2148482 -0.2157611 -0.2199524 -0.2250767 -0.2189682 -0.2165748 -0.2147379 -0.2152953 -0.2115012
-0.2159552 -0.2138414 -0.2076851 -0.2072616 -0.2127391 -0.2141343 -0.2132889 -0.2156653 -0.2159018 -0.2177544 -0.2194131 -0.2193458 -0.1918351 -0.08688046 -0.01236767 -0.09811255 -0.1876297 -0.2027588 -0.2050212 -0.198513 -0.276856 -0.2840241 -0.2853607 -0.2772776 -0.2590644 -0.2481722 -0.2480439 -0.2453479 -0.2333143 -0.226318 -0.230745 -0.2301635 -0.2366781 -0.2378882 -0.2343097 -0.2325064 -0.2311615 -0.2283621 -0.2246743 -0.2228857 -0.2247398 -0.2323945 -0.2301106 -0.2329985 -0.2342445 -0.2444832 -0.2406067 -0.240382
-0.2397543 -0.2437222 -0.243327 -0.2432083 -0.2432585 -0.2441687 -0.2407815 -0.2449454 -0.2467319 -0.241951 -0.2428909 -0.2424828 -0.2397764 -0.2398531 -0.2372737 -0.2364317 -0.2324033 -0.2293622 -0.2268365 -0.1503456 0.007951055 0.1889516 0.2218549 0.1842944 0.1622859 0.1429791 0.07633544 0.02585892 -0.06576991 -0.09837853 -0.09031191 -0.08613244 -0.07327314 -0.08848681 -0.08487198 -0.07094371 -0.08018184 -0.08197425 -0.07924107 -0.08565657 -0.09082225 -0.09420142 -0.09959631 -0.09577486 -0.08841147 -0.08443049 -0.08727761 -0.08458984
-0.07970405 -0.07967634 -0.07870576 -0.07693662 -0.08175665 -0.07829403 -0.07724088 -0.07902005 -0.07873155 -0.07424213 -0.07294884 -0.06999575 -0.06540882 -0.06591844 -0.06131718 -0.06089112 -0.06347217 -0.06946912 -0.07126451 -0.07035065 -0.09210899 -0.114908 -0.166707 -0.190144 -0.1969264 -0.1934905 -0.1757113 -0.1485001 -0.1077325 -0.09299053 -0.09173625 -0.0926777 -0.08898216 -0.08020055 -0.07959736 -0.08959058 -0.08076726 -0.07566605 -0.07938457 -0.07259461 -0.07282408 -0.06278024 -0.0653573 -0.07319527 -0.08075564 -0.07377066 -0.06740793 -0.06912044
-0.07764372 -0.07487474 -0.07227566 -0.07619752 -0.07723418 -0.07087504 -0.07026166 -0.0757628 -0.07619578 -0.07472845 -0.07393148 -0.07096259 -0.06733729 -0.06674431 -0.0647431 -0.0669091 -0.06594955 -0.07137025 -0.1387347 -0.1084294 -0.07061285 -0.144221 -0.1623956 -0.127177 -0.09747448 -0.09172387 -0.08513738 -0.07614115 -0.06716055 -0.06624646 -0.0713435 -0.06683092 -0.06768491 -0.0611776 -0.06264806 -0.06620013 -0.0653524 -0.06664901 -0.06510481 -0.07030386 -0.07325238 -0.07138886 -0.07067507 -0.06494024 -0.05707888 -0.05572193 -0.0542437 -0.05533154
-0.05647298 -0.05728976 -0.06327898 -0.06117642 -0.06379185 -0.06020779 -0.05718716 -0.06328025 -0.06349316 -0.06138887 -0.06152965 -0.06182111 -0.05615564 -0.05632015 -0.05630086 -0.05813276 -0.05927784 -0.0636047 -0.06448099 -0.06534579 -0.06544146 -0.06092636 -0.05080923 -0.03718514 -0.02408538 0.05045194 -0.006058789 -0.02674088 -0.03059517 -0.05001999 -0.06228377 -0.07541334 -0.08228119 -0.0898347 -0.08376671 -0.07517424 -0.07982522 -0.07852083 -0.07502327 -0.0717799 -0.07236414 -0.07685611 -0.07508606 -0.07876493 -0.08037138 -0.07472491 -0.07817653 -0.080275
-0.07579971 -0.07047971 -0.07233593 -0.07239654 -0.07576996 -0.07612696 -0.073021 -0.07195046 -0.06909966 -0.07043187 -0.06866794 -0.061765 0.07006122 0.8307145 1.404038 1.772003 1.847988 1.686803 1.630571 1.571466 1.558697 1.55434 1.575584 1.572057 1.579335 1.564657 1.554026 1.542787 1.53246 1.554936 1.570809 1.465337 1.317662 1.170299 1.017939 0.8257862 0.6290199 0.3843823 0.2080063 0.01221603 -0.1838654 -0.2393229 -0.1875134 -0.18558 -0.1838159 -0.1800536 -0.1775278 -0.1737989
-0.178969 -0.184411 -0.1851775 -0.1860519 -0.1871517 -0.1866051 -0.1883046 -0.1864295 -0.1855723 -0.1857729 -0.183417 -0.1810913 -0.1794056 -0.1827202 -0.1780512 -0.1777159 -0.1701833 -0.1752734 -0.1720092 -0.1779619 -0.1791021 -0.1739348 -0.175157 -0.1763775 -0.1762284 -0.1751568 -0.1762258 -0.1795884 -0.1798353 -0.1808061 -0.1722107 -0.1643703 -0.1603938 -0.1538824 -0.1520162 -0.1714512 -0.1839904 -0.1824896 -0.1816814 -0.1757919 -0.1723712 -0.1706478 -0.168753 -0.1707098 -0.1713846 -0.1690808 -0.1670955 -0.1676645
-0.1785104 -0.1757643 -0.1760977 -0.1728682 -0.1669292 -0.1646681 -0.1655023 -0.167447 -0.166421 -0.1639915 -0.162863 -0.1564983 -0.1544885 -0.1544041 -0.1584753 -0.1572044 -0.1532681 -0.103679 -0.1338933 -0.2175483 -0.2679282 -0.2725644 -0.2509047 -0.2679451 -0.2563885 -0.221403 -0.2069813 -0.2021708 -0.1907972 -0.1845769 -0.1731492 -0.1676492 -0.1667746 -0.1661275 -0.1651048 -0.1635179 -0.1630721 -0.1634267 -0.1630236 -0.1623474 -0.1605537 -0.160732 -0.1621933 -0.1602531 -0.1627156 -0.1629995 -0.1625318 -0.163722
-0.1612156 -0.1579044 -0.1595789 -0.1563524 -0.1567604 -0.156544 -0.1542314 -0.1568343 -0.1548976 -0.1527645 -0.1523128 -0.1514754 -0.1518975 -0.1509618 -0.1484057 -0.1496062 -0.1469878 -0.1481877 -0.1491242 -0.1494055 -0.1475387 -0.1718127 -0.1273989 -0.03856542 -0.02231151 -0.01477825 -0.004144955 -0.02637075 -0.03722719 -0.06492101 -0.1044221 -0.1339188 -0.127114 -0.1283741 -0.1347723 -0.1377753 -0.1408065 -0.1458472 -0.1504943 -0.1482341 -0.1475832 -0.148771 -0.1469346 -0.1471658 -0.1473407 -0.1497025 -0.1504062 -0.1474863
-0.1407252 -0.1422022 -0.14218 -0.1428065 -0.1402909 -0.1423076 -0.1442024 -0.1441214 -0.1402564 -0.1392069 -0.1364406 -0.1365282 -0.1368791 -0.1363713 -0.1368605 -0.139793 -0.1397487 -0.1404418 -0.1400827 -0.1363382 -0.1374875 -0.1382347 -0.1382714 -0.1345079 -0.09849036 0.06107169 0.0215083 -0.07853838 -0.1260103 -0.1320411 -0.1497618 -0.1589029 -0.1393823 -0.1208254 -0.1188627 -0.1257447 -0.1257462 -0.129528 -0.1365831 -0.138271 -0.1384696 -0.1363794 -0.1314346 -0.1288982 -0.1313947 -0.1360956 -0.1378979 -0.1394197
-0.1195471 -0.1214083 -0.1205123 -0.1182678 -0.1178404 -0.1164537 -0.1156676 -0.1138887 -0.1147983 -0.1163312 -0.1172324 -0.1161098 -0.1143408 -0.1156394 -0.115747 -0.1127279 -0.1107401 -0.1137744 -0.1120096 -0.07643963 -0.03547941 -0.06301481 -0.1008191 -0.1429381 -0.1172293 -0.09146294 -0.0978281 -0.1107627 -0.09254061 -0.08763745 -0.112725 -0.1250377 -0.1327298 -0.130788 -0.1326366 -0.1307852 -0.1201267 -0.1094697 -0.1144741 -0.1163861 -0.116958 -0.1168724 -0.1142368 -0.1136978 -0.1105963 -0.1113707 -0.109082 -0.1110728
-0.1121428 -0.1119717 -0.1171902 -0.1111539 -0.1116403 -0.1129953 -0.1089557 -0.1089278 -0.1059888 -0.101144 0.04625989 0.0256951 0.02462684 0.01681143 -0.03616552 -0.08474061 -0.1045455 -0.1142919 -0.09923577 -0.09908868 -0.09676073 -0.09792116 -0.09926305 -0.09968731 -0.1029966 -0.1051143 -0.1050565 -0.1067463 -0.1103487 -0.1089207 -0.1098118 -0.1132555 -0.1125265 -0.1100033 -0.1108882 -0.1078053 -0.1068053 -0.1082529 -0.1066967 -0.1025884 -0.1004725 -0.09889622 -0.09979145 -0.1037824 -0.102719 -0.1046986 -0.1029755 -0.1052959
-0.1078053 -0.1068053 -0.1082529 -0.1066967 -0.1025884 -0.1004725 -0.09889622 -0.09979145 -0.1037824 -0.102719 -0.1046986 -0.1029755 -0.1052959 -0.1045984 -0.1027417 -0.1009349 -0.1044122 -0.1043908 -0.1039221 -0.1029353 -0.1014415 -0.1041785 -0.1057799 -0.1542406 -0.1126673 -0.06319142 -0.06229846 -0.08077221 -0.08705877 -0.118073 -0.1329747 -0.1471454 -0.1499799 -0.1290116 -0.1144185 -0.1025412 -0.096429 -0.09646983 -0.09979887 -0.09959587 -0.100873 -0.09828062 -0.1007741 -0.09793134 -0.09614759 -0.09176027 -0.09262159 -0.08407188
-0.08095277 -0.08113206 -0.08792605 -0.09199103 -0.09085232 -0.09272165 -0.09685317 -0.09389716 -0.09104404 -0.09338143 -0.09284998 -0.09229185 -0.09715065 -0.09572815 -0.09236506 -0.08940923 -0.08781602 -0.0925602 -0.09111388 -0.09012022 -0.09094035 -0.09310791 -0.0957635 -0.09021119 -0.09397604 -0.1389748 -0.08906008 -0.101259 -0.1002557 -0.1038022 -0.09721041 -0.0994012 -0.1031354 -0.09738168 -0.08475845 -0.08475187 -0.0846377 -0.08454489 -0.08566789 -0.08459857 -0.08410683 -0.08511373 -0.0823443 -0.08156758 -0.08314206 -0.08630046 -0.09234636 -0.0899143
-0.1355726 -0.1317532 -0.1258298 -0.1275577 -0.1326633 -0.1308941 -0.131647 -0.1346997 -0.1391921 -0.1350491 -0.1323331 -0.1306904 -0.1318855 -0.131189 -0.1254781 -0.1316966 -0.1280532 -0.119777 -0.1126938 -0.1080338 -0.1140665 -0.1493145 -0.1981384 -0.1339709 -0.1401132 -0.1411439 -0.1532948 -0.1542466 -0.1528436 -0.155534 -0.1535794 -0.1454611 -0.153246 -0.1537175 -0.1474129 -0.1483286 -0.1457783 -0.1418834 -0.1464799 -0.1486982 -0.1463906 -0.1452397 -0.1426762 -0.1363886 -0.1426992 -0.1472051 -0.1452553 -0.1491197
-0.1354032 -0.1342208 -0.1322215 -0.1284935 -0.1228167 -0.1239 -0.1213857 -0.1097053 -0.1059725 -0.1153455 -0.1265306 -0.1606455 -0.1434622 -0.1357125 -0.1236216 -0.1336696 -0.2312348 -0.2584485 -0.3032261 -0.2679318 -0.1852781 -0.1635649 -0.1583019 -0.1530188 -0.1514287 -0.1492814 -0.1481262 -0.1474298 -0.1434652 -0.1442517 -0.1471212 -0.1424286 -0.1349349 -0.1413065 -0.1400376 -0.1364838 -0.1344972 -0.1354331 -0.1334565 -0.1365507 -0.1311242 -0.1402784 -0.1430333 -0.1321844 -0.1291953 -0.1212217 -0.1326439 -0.1298032
-0.130485 -0.1378063 -0.1344256 -0.1327102 -0.1348969 -0.1389639 -0.1435754 -0.1428462 -0.1373003 -0.1486078 -0.1623739 -0.1527172 -0.1507339 -0.1442688 -0.1364502 -0.1393769 -0.143624 -0.142572 -0.05949921 -0.1555652 -0.2717024 -0.2603471 -0.1646296 -0.1454625 -0.1500046 -0.1545082 -0.1581182 -0.1544941 -0.1537946 -0.1528864 -0.1467954 -0.1495532 -0.1518728 -0.1580883 -0.149268 -0.1402448 -0.145545 -0.145419 -0.1495436 -0.1510807 -0.1491467 -0.1433256 -0.1466744 -0.1512931 -0.1517616 -0.1400566 -0.1413683 -0.1450798
-0.1492282 -0.1415647 -0.1431293 -0.1418962 -0.1434501 -0.1486828 -0.1471611 -0.1508772 -0.1527005 -0.1436722 -0.1435859 -0.1403427 -0.1381727 -0.1390641 -0.1434895 -0.1441401 -0.1443307 -0.141786 -0.1382713 -0.136559 -0.1405116 -0.2075506 -0.4434638 -0.637707 -0.7128476 -0.6854016 -0.5579777 -0.4810576 -0.4497935 -0.4353095 -0.4248703 -0.4253522 -0.4238616 -0.4152523 -0.4148517 -0.4196405 -0.4229741 -0.421203 -0.4265346 -0.427542 -0.4337795 -0.4424669 -0.4400252 -0.4339428 -0.4370739 -0.4373443 -0.4402581 -0.4431566
-0.1155721 -0.1085912 -0.1103307 -0.1136469 -0.1160206 -0.1280177 -0.1241086 -0.116731 -0.1127403 -0.1116396 -0.1065863 -0.09782611 -0.09971436 -0.1012307 -0.05896406 -0.111464 -0.1296642 -0.114831 -0.09911527 -0.09799244 -0.1076761 -0.1091923 -0.1158794 -0.1099437 -0.1031734 -0.1072131 -0.1131577 -0.1207153 -0.1249296 -0.1250129 -0.1210761 -0.1184803 -0.116275 -0.1181082 -0.1199654 -0.1298295 -0.1289064 -0.1277422 -0.1260722 -0.1230746 -0.1203459 -0.1182626 -0.1143381 -0.1178742 -0.1175155 -0.1109454 -0.1088372 -0.1013233
-0.1277422 -0.1260722 -0.1230746 -0.1203459 -0.1182626 -0.1143381 -0.1178742 -0.1175155 -0.1109454 -0.1088372 -0.1013233 -0.1068925 -0.1171785 -0.1132488 -0.1113657 -0.1123383 -0.1147278 -0.1159308 -0.1170928 -0.1209904 -0.07906834 -0.1063135 -0.1580502 -0.1560959 -0.1300202 -0.138779 -0.1500676 -0.1508387 -0.1316895 -0.1126168 -0.1152132 -0.118914 -0.1255038 -0.1227507 -0.117792 -0.1159188 -0.113322 -0.1088102 -0.1029573 -0.09785794 -0.1071795 -0.1178086 -0.12521 -0.1277047 -0.1218054 -0.1189081 -0.122804 -0.1145768
-0.1264109 -0.1242654 -0.1245097 -0.1270907 -0.1228587 -0.1183688 -0.1233853 -0.1216305 -0.1258896 -0.1226461 -0.1223286 -0.1232447 -0.1245634 -0.1224259 -0.1305407 -0.3092175 -0.5413845 -0.731652 -0.8999352 -1.075268 -1.175387 -1.178598 -1.060859 -0.9803162 -0.9458285 -0.9208004 -0.9173442 -0.9146668 -0.9096822 -0.9106551 -0.9143157 -0.9140447 -0.9129586 -0.9066275 -0.8872682 -0.7579831 -0.6332069 -0.5270604 -0.4491581 -0.3746255 -0.2960238 -0.200943 -0.16839 -0.1963009 -0.1915832 -0.1870252 -0.1902611 -0.1941474
-0.1941474 -0.189555 -0.1924325 -0.191003 -0.185487 -0.1836575 -0.1861037 -0.1876556 -0.1876664 -0.1905414 -0.1922832 -0.2001307 -0.2010516 -0.2012702 -0.2007025 -0.1978928 -0.195801 -0.1955512 -0.1919159 -0.1942061 -0.1977138 -0.1914204 -0.1134259 -0.009708804 -0.01950292 -0.09958285 -0.1630217 -0.1854968 -0.195661 -0.2071003 -0.2060605 -0.2054313 -0.2075586 -0.2029445 -0.2075688 -0.2101506 -0.2071521 -0.2023958 -0.1993797 -0.195277 -0.1933052 -0.197362 -0.1884408 -0.1794149 -0.1833741 -0.1796647 -0.1830039 -0.1843553
-0.1590268 -0.1612843 -0.1576506 -0.1555214 -0.1683279 -0.1829623 -0.1799689 -0.1734845 -0.1718817 -0.1711641 -0.1678427 -0.1661425 -0.1667368 -0.1713627 -0.1779327 -0.1001235 0.04271876 -0.01575533 -0.1100032 -0.1400896 -0.145323 -0.1486446 -0.1500538 -0.160919 -0.1768726 -0.165157 -0.1656904 -0.1744847 -0.1628273 -0.1686073 -0.1665017 -0.1650327 -0.1663888 -0.1681297 -0.1688329 -0.1737663 -0.1761388 -0.173701 -0.1700013 -0.1678143 -0.1617971 -0.1564995 -0.1624912 -0.1594882 -0.1623799 -0.1646819 -0.1754463 -0.1788164
-0.1725879 -0.1723648 -0.1728264 -0.173017 -0.1752676 -0.1757129 -0.1773273 -0.1751281 -0.1742062 -0.1755119 -0.1738383 -0.1712236 -0.1738582 -0.1732679 -0.1733052 -0.1728142 -0.1745921 -0.1720024 -0.1711321 -0.1716698 -0.1695773 -0.1681741 -0.168313 -0.1711789 -0.1704531 -0.1692964 -0.1678674 -0.1672006 -0.09101262 0.4075988 0.5350339 0.4314609 0.3422466 0.2949156 0.2473512 0.2578275 0.27757 0.2534469 0.2367029 0.2285575 0.218746 0.2200531 0.2276584 0.2183967 0.2086762 0.2002928 0.2008501 0.1989984
-3.11745 -3.123036 -3.12601 -3.078893 -3.094969 -3.067878 -3.085964 -3.116653 -3.118357 -3.12036 -3.114736 -3.117612 -3.119691 -3.121111 -3.123446 -3.074262 -2.997616 -3.087891 -3.109756 -3.132046 -3.127967 -3.135918 3.138808 3.135869 3.139864 3.133047 3.130657 3.132051 3.13377 3.135666 3.140485 -3.139706 -3.136164 -3.135233 -3.124093 -3.114783 -3.102633 -3.093002 -3.085816 -3.086656 -3.088246 -3.083769 -3.076051 -3.077549 -3.082067 -3.091062 -3.087575 -3.087349
-3.102633 -3.093002 -3.085816 -3.086656 -3.088246 -3.083769 -3.076051 -3.077549 -3.082067 -3.091062 -3.087575 -3.087349 -3.094076 -3.092902 -3.092796 -3.126812 3.07799 2.966998 2.933456 3.034693 3.138718 -3.101007 -3.088931 -3.08524 -3.08392 -3.084436 -3.084543 -3.082277 -3.078397 -3.076555 -3.074695 -3.07399 -3.070662 -3.070491 -3.070445 -3.071407 -3.068332 -3.067317 -3.068861 -3.069766 -3.067197 -3.066612 -3.066255 -3.068615 -3.069835 -3.069804 -3.067158 -3.059282
-2.896566 -2.897138 -2.892205 -2.891169 -2.886336 -2.883508 -2.882173 -2.876259 -2.875708 -2.87706 -2.87296 -2.87067 -2.870668 -2.874186 -2.84654 -2.799473 -2.90479 -2.879635 -2.936376 -2.993307 -3.013294 -3.021888 -3.015762 -2.983922 -2.918319 -2.860693 -2.851183 -2.85647 -2.857266 -2.863641 -2.869747 -2.859255 -2.855308 -2.866203 -2.868724 -2.874523 -2.876594 -2.874603 -2.873087 -2.868378 -2.863212 -2.861593 -2.863039 -2.860699 -2.861301 -2.861776 -2.862468 -2.857529
-2.850505 -2.851669 -2.84985 -2.849625 -2.847609 -2.846332 -2.84851 -2.85188 -2.849803 -2.847746 -2.846417 -2.845564 -2.845461 -2.841901 -2.814058 -2.726129 -2.755199 -2.784545 -2.781678 -2.808468 -2.828285 -2.871249 -2.892457 -2.898166 -2.913031 -2.912501 -2.896998 -2.891224 -2.881079 -2.868543 -2.861722 -2.859973 -2.85814 -2.854873 -2.846828 -2.848017 -2.856119 -2.854722 -2.853562 -2.850023 -2.842956 -2.836848 -2.841234 -2.839508 -2.84005 -2.83968 -2.845312 -2.846403
-2.828862 -2.829952 -2.829848 -2.831523 -2.828889 -2.828424 -2.829591 -2.833399 -2.834232 -2.835268 -2.830499 -2.826609 -2.823878 -2.826128 -2.828082 -2.829483 -2.83511 -2.944343 3.020752 2.768631 2.543332 2.340385 2.191327 2.097954 2.108848 2.187715 2.273742 2.320961 2.35797 2.365234 2.369922 2.388029 2.385654 2.387542 2.393782 2.401541 2.405919 2.40468 2.401052 2.403852 2.413524 2.420217 2.473884 2.577703 2.716513 2.800328 2.944895 3.049482
-2.930685 -2.928171 -2.928086 -2.929827 -2.929594 -2.932975 -2.933069 -2.936035 -2.936297 -2.935079 -2.936594 -2.936498 -2.937369 -2.939302 -2.933918 -2.930246 -2.931148 -2.933451 -2.932857 -2.936046 -2.936417 -2.934505 -2.934628 -2.933678 -2.948459 -3.059554 -3.109165 3.122394 3.070301 3.130232 -3.06541 -3.013576 -2.975328 -2.949488 -2.936006 -2.939087 -2.956557 -2.956767 -2.937286 -2.926443 -2.926779 -2.930464 -2.926643 -2.925741 -2.938849 -2.936714 -2.926793 -2.928438
-2.926793 -2.928438 -2.931035 -2.935753 -2.937706 -2.939501 -2.937099 -2.936605 -2.933725 -2.936478 -2.933199 -2.93145 -2.935863 -2.939284 -2.937502 -2.930837 -2.925402 -2.927343 -2.954884 -2.964418 -3.012694 -2.995499 -2.950926 -2.951537 -2.950157 -2.939579 -2.943828 -2.940584 -2.933048 -2.935377 -2.93496 -2.933123 -2.93301 -2.929664 -2.932675 -2.931309 -2.928459 -2.926327 -2.929655 -2.937173 -2.93791 -2.934597 -2.938401 -2.948463 -2.945128 -2.931261 -2.926829 -2.920834
-2.917966 -2.916121 -2.914823 -2.91488 -2.913472 -2.912484 -2.910806 -2.908651 -2.90665 -2.907404 -2.906499 -2.904535 -2.909187 -2.911118 -2.952104 -3.0835 -3.115373 -3.080139 -3.017754 -3.040298 -3.067509 -3.040936 -2.963749 -2.939833 -2.932366 -2.926387 -2.927363 -2.923398 -2.917513 -2.910449 -2.906858 -2.908118 -2.913798 -2.921257 -2.919421 -2.917542 -2.91916 -2.916941 -2.912938 -2.912262 -2.916284 -2.917597 -2.917877 -2.920262 -2.922588 -2.927053 -2.921757 -2.919159
-2.903614 -2.906241 -2.90091 -2.901965 -2.89264 -2.892641 -2.900526 -2.900216 -2.904241 -2.90581 -2.915825 -2.912007 -2.903656 -2.909609 -2.913741 -2.910333 -2.903928 -2.898764 -2.906591 -2.929682 -2.98637 -3.114146 -3.073393 -3.012333 -2.947342 -2.927522 -2.934937 -2.93924 -2.932563 -2.922742 -2.908237 -2.907739 -2.910233 -2.913926 -2.914249 -2.915092 -2.910796 -2.918638 -2.927456 -2.929874 -2.930876 -2.932844 -2.926095 -2.920507 -2.911572 -2.909094 -2.908741 -2.899984
-2.89171 -2.891877 -2.871504 -2.872051 -2.871858 -2.887796 -2.88645 -2.888748 -2.882582 -2.888705 -2.892677 -2.903626 -2.910096 -2.91193 -2.906151 -2.912769 -2.910308 -2.948419 -2.981148 -2.90935 -2.893756 -2.908656 -2.913568 -2.91283 -2.913413 -2.902534 -2.893212 -2.893602 -2.894739 -2.892621 -2.894069 -2.899285 -2.897024 -2.891299 -2.882963 -2.89406 -2.904318 -2.9149 -2.904961 -2.901975 -2.901958 -2.90113 -2.900589 -2.906832 -2.913647 -2.904207 -2.918223 -2.926555
-2.888958 -2.873785 -2.866384 -2.884447 -2.902773 -2.911152 -2.914122 -2.916002 -2.918885 -2.916208 -2.914786 -2.916298 -2.916646 -2.911566 -2.913545 -2.920156 -2.919219 -2.91858 -2.92256 -2.923305 -2.919966 -2.924213 -2.926811 -2.924118 -2.918115 -2.917882 -2.916873 -2.91794 -2.915685 -2.91451 -2.91658 -2.917073 -2.92414 -2.92578 -2.933347 -2.934466 -2.931599 -2.932359 -2.945496 -2.945255 -2.934851 -2.941397 -2.937599 -2.929875 -2.930804 -2.94762 -2.953471 -2.944332
-2.935609 -2.939795 -2.952917 -2.963884 -2.958798 -2.954117 -2.947422 -2.95188 -2.957963 -2.959411 -2.959377 -2.95697 -2.947945 -2.951977 -2.958495 -2.952203 -2.947128 -2.947968 -2.946655 -2.951831 -3.004478 -3.078566 -3.121554 -3.109631 -3.044258 -2.973675 -2.970198 -2.959134 -2.955153 -2.962081 -2.963694 -2.961737 -2.956882 -2.955037 -2.955366 -2.952002 -2.94809 -2.946881 -2.948088 -2.959819 -2.969847 -2.965931 -2.954289 -2.947501 -2.950979 -2.95743 -2.959164 -2.953938
-3.081269 -3.082703 -3.085189 -3.08509 -3.082871 -3.083891 -3.083747 -3.081707 -3.082315 -3.080051 -3.082502 -3.084857 -3.085818 -3.084291 -3.078272 -3.036627 -3.027869 -3.053449 -3.085259 -3.097914 -3.102789 -3.13431 3.127549 -3.138558 -3.12896 -3.101578 -3.130126 -3.139171 -3.123736 -3.115925 -3.109046 -3.104344 -3.10128 -3.09739 -3.074815 -3.064404 -3.075371 -3.079983 -3.077862 -3.090542 -3.098565 -3.100449 -3.099981 -3.097172 -3.095901 -3.095562 -3.094405 -3.093556
-3.101058 -3.096509 -3.095872 -3.098392 -3.102615 -3.104522 -3.104131 -3.103248 -3.099921 -3.097863 -3.096115 -3.09602 -3.095791 -3.09455 -3.095948 -3.098905 -3.104979 3.136437 -3.107459 -3.076965 -3.099383 -3.095649 -3.123093 -3.135684 -3.125752 -3.115113 -3.111511 -3.09661 -3.102956 -3.122959 -3.140942 -3.137381 -3.126211 -3.117649 -3.110672 -3.103645 -3.105265 -3.10546 -3.100671 -3.09672 -3.090075 -3.099733 -3.104969 -3.113514 -3.109149 -3.104538 -3.108621 -3.109888
-3.134548 -3.134789 -3.137613 -3.141059 3.135348 3.132352 3.135669 -3.137632 -3.133357 -3.134993 -3.130655 -3.128432 -3.124034 -3.13919 3.08596 2.78956 2.445895 2.351493 2.504867 2.576458 2.612743 2.62206 2.631352 2.637589 2.633314 2.636275 2.634044 2.638306 2.643727 2.64432 2.647483 2.648659 2.643484 2.644247 2.647203 2.640901 2.641734 2.644893 2.63835 2.634828 2.637557 2.634262 2.646988 2.67062 2.761532 2.85779 2.947487 3.055494
-3.108179 -3.104424 -3.104194 -3.107797 -3.112657 -3.106349 -3.100215 -3.095091 -3.086781 -3.085253 -3.094499 -3.101783 -3.094118 -3.088568 -3.098684 -3.096497 -3.097447 -3.096459 -3.10656 3.069025 2.870651 2.790382 2.792572 2.861459 3.025272 3.051693 3.061582 3.067835 3.076927 3.084347 3.087113 3.087407 3.091956 3.092353 3.092273 3.090472 3.088648 3.087923 3.089303 3.094075 3.091073 3.090184 3.090939 3.087287 3.082626 3.079301 3.080335 3.079246
3.069096 3.067956 3.058877 3.054287 3.05871 3.059642 3.059426 3.062086 3.061442 3.059917 3.058311 3.047436 3.050595 3.060628 3.05692 3.054565 2.889411 2.752252 2.702496 2.825291 2.897427 2.972317 2.988669 2.98644 2.986404 2.98175 2.975756 2.981644 2.994227 2.998554 2.998755 2.996597 2.995529 2.997374 3.000148 2.998158 2.995764 2.996841 2.997331 2.99786 3.004221 3.007183 3.002359 2.996916 2.993996 2.994981 3.039382 3.122416
3.074125 3.054223 3.072144 3.088549 3.085425 3.080364 3.087967 3.086434 3.083658 3.071506 3.062578 3.04529 3.017997 3.054079 3.072621 3.043713 2.888562 2.76025 2.681696 2.62599 2.686236 2.77966 2.852673 2.877833 2.880232 2.894493 2.90367 2.900898 2.904387 2.908775 2.911562 2.914943 2.909696 2.91069 2.911181 2.902968 2.898209 2.898964 2.90448 2.905602 2.906318 2.910741 2.916243 2.918817 2.91656 2.917534 2.918942 2.915369
-1.545825 -1.54793 -1.542269 -1.532383 -1.536653 -1.539482 -1.537304 -1.536035 -1.53525 -1.54038 -1.545712 -1.543351 -1.541773 -1.543859 -1.545192 -1.544962 -1.548788 -1.551156 -1.553462 -1.557204 -1.652431 -1.785182 -1.779909 -1.688887 -1.578222 -1.55349 -1.546384 -1.551631 -1.545177 -1.553877 -1.55179 -1.547219 -1.54704 -1.548129 -1.554852 -1.561211 -1.566962 -1.567599 -1.564888 -1.56022 -1.552809 -1.552674 -1.556578 -1.554425 -1.556879 -1.558586 -1.561932 -1.568128
-1.567774 -1.567374 -1.570847 -1.569977 -1.566945 -1.572038 -1.571285 -1.57409 -1.575011 -1.577887 -1.579535 -1.576899 -1.578614 -1.581161 -1.579387 -1.578305 -1.576885 -1.573441 -1.571067 -1.567488 -1.567495 -1.56485 -1.610833 -1.579165 -1.565564 -1.598769 -1.594325 -1.586435 -1.57448 -1.57714 -1.579508 -1.578225 -1.579807 -1.581405 -1.579429 -1.581228 -1.579432 -1.580114 -1.584981 -1.589907 -1.594595 -1.595739 -1.593812 -1.588414 -1.585687 -1.584622 -1.583457 -1.581304
-1.606913 -1.599137 -1.593817 -1.598338 -1.596895 -1.596232 -1.624135 -1.623568 -1.610663 -1.621907 -1.614899 -1.610181 -1.618339 -1.621041 -1.613597 -1.61124 -1.611229 -1.611945 -1.610647 -1.616956 -1.629679 -1.706001 -1.799218 -1.818321 -1.72386 -1.642009 -1.614505 -1.617879 -1.624288 -1.617087 -1.62792 -1.627894 -1.62167 -1.616794 -1.615742 -1.622369 -1.626236 -1.627728 -1.62667 -1.626334 -1.62818 -1.628788 -1.629673 -1.630138 -1.629152 -1.629863 -1.624629 -1.621186
-1.633961 -1.632617 -1.631068 -1.62764 -1.627729 -1.628387 -1.627863 -1.625902 -1.625504 -1.623365 -1.622206 -1.621647 -1.623136 -1.620633 -1.619571 -1.619806 -1.61755 -1.616247 -1.616514 -1.61839 -1.62103 -1.621762 -1.622839 -1.620166 -1.618075 -1.622303 -1.622521 -1.614949 -1.70238 -1.887227 -2.028342 -2.127999 -2.262898 -2.305264 -2.277749 -2.163848 -2.113605 -2.087999 -2.056789 -2.027138 -2.018651 -2.024476 -2.022594 -2.015556 -2.013137 -2.010191 -2.006281 -2.006257
-1.485036 -1.490951 -1.494903 -1.495734 -1.495336 -1.486909 -1.479245 -1.476438 -1.478593 -1.473472 -1.465359 -1.46532 -1.465504 -1.471615 -1.474875 -1.480912 -1.479764 -1.481413 -1.482734 -1.481023 -1.484002 -1.4807 -1.477992 -1.47686 -1.534268 -1.868845 -2.262726 -2.668151 -3.027547 -3.057863 -2.912593 -2.825436 -2.792909 -2.787427 -2.786023 -2.766667 -2.765697 -2.776069 -2.776207 -2.764719 -2.759505 -2.758017 -2.758501 -2.7587 -2.760927 -2.762638 -2.763073 -2.764417
-1.441307 -1.447279 -1.45529 -1.459044 -1.454083 -1.444332 -1.43334 -1.432708 -1.440877 -1.4442 -1.449339 -1.447619 -1.43463 -1.420868 -1.418972 -1.426057 -1.428072 -1.432374 -1.429488 -1.420249 -1.423968 -1.408639 -1.422106 -1.462238 -1.459534 -1.458979 -1.455649 -1.450625 -1.450298 -1.452714 -1.449033 -1.446798 -1.444898 -1.441763 -1.439582 -1.440765 -1.441815 -1.441775 -1.437818 -1.439716 -1.442619 -1.446239 -1.441483 -1.440336 -1.443453 -1.439668 -1.440165 -1.448918
-1.440665 -1.433699 -1.429337 -1.435241 -1.437611 -1.436035 -1.432782 -1.436967 -1.436627 -1.43337 -1.432073 -1.433436 -1.439991 -1.441513 -1.434844 -1.436031 -1.441897 -1.443437 -1.436585 -1.42755 -1.42729 -1.430716 -1.424961 -1.426823 -1.420252 -1.418069 -1.42318 -1.39046 -1.398841 -1.421535 -1.431414 -1.44048 -1.432766 -1.453112 -1.443769 -1.427135 -1.421169 -1.422111 -1.423331 -1.42505 -1.427138 -1.431066 -1.432697 -1.431212 -1.434986 -1.443285 -1.447228 -1.441834
-1.433388 -1.438359 -1.445098 -1.446944 -1.451761 -1.450953 -1.457254 -1.458002 -1.457476 -1.458485 -1.45773 -1.453948 -1.451089 -1.449597 -1.44864 -1.446975 -1.444404 -1.444782 -1.446758 -1.44796 -1.44768 -1.443981 -1.438946 -1.439603 -1.448344 -1.452997 -1.443796 -1.476592 -1.536036 -1.448936 -1.423757 -1.448336 -1.442132 -1.434442 -1.437827 -1.435515 -1.431723 -1.431086 -1.435658 -1.436358 -1.436466 -1.435074 -1.430635 -1.432232 -1.432016 -1.429311 -1.429164 -1.43057
-1.439043 -1.441342 -1.44035 -1.4431 -1.444841 -1.445747 -1.442654 -1.442795 -1.445268 -1.44375 -1.444059 -1.435645 -1.430392 -1.432197 -1.433187 -1.435768 -1.439523 -1.440507 -1.436105 -1.437791 -1.447533 -1.44954 -1.431341 -1.445875 -1.481924 -1.403009 -1.43616 -1.474723 -1.446429 -1.44085 -1.42443 -1.421498 -1.428331 -1.422148 -1.419824 -1.426745 -1.42924 -1.43318 -1.431953 -1.435794 -1.435071 -1.437095 -1.433746 -1.433176 -1.432884 -1.43715 -1.441006 -1.441511
-1.452213 -1.454761 -1.452052 -1.45052 -1.447254 -1.448555 -1.449622 -1.448681 -1.449021 -1.450202 -1.447776 -1.446339 -1.448295 -1.453069 -1.458414 -1.463789 -1.464379 -1.46226 -1.464342 -1.46245 -1.456198 -1.45611 -1.455184 -1.502945 -1.629553 -1.728824 -1.720922 -1.63352 -1.539769 -1.47717 -1.46066 -1.456877 -1.453505 -1.450327 -1.444044 -1.439952 -1.446385 -1.460416 -1.472255 -1.471579 -1.46541 -1.459938 -1.455997 -1.451648 -1.451677 -1.453399 -1.453434 -1.445608
