-0.004753897 -0.01769687 0.01423435 0.03834508 0.05024088 0.06095564 0.03837611 -0.02915668 -0.06080579 -0.08159684 -0.07292798 -0.09746117 -0.0674232 -0.0318896 -0.00843406 -0.0478679 -0.07936806 -0.1066032 -0.1386782 -0.1504547 -0.1160351 -0.03936112 0.000677176 0.01375802 -0.01453185 -0.05097282 -0.03299127 0.01221204 0.02899895 0.02981196 0.02613726 0.03719229 0.002248792 -0.01858143 -0.03777627 -0.04381811 -0.04452561 -0.06407274 -0.1127924 -0.143517 -0.1437953 -0.08909575 -0.06792419 -0.0371162 -0.0228512 -0.0240019 -0.02793554 -0.04245235
-0.07092892 -0.1028875 -0.1363364 -0.1486802 -0.1393505 -0.1222239 -0.0947469 -0.07402919 -0.0427844 -0.05896435 -0.07847039 -0.06016552 -0.006633274 0.003568204 0.008459336 0.000692866 -0.0102235 -0.02210578 -0.0295933 -0.0425198 -0.05775312 -0.06847666 -0.06825673 -0.08396212 -0.08593697 -0.07819942 -0.07109752 -0.07099525 -0.05939219 -0.06590176 -0.06888736 -0.05634779 -0.03829967 -0.04590106 -0.05791964 -0.07598279 -0.06602962 -0.0601883 -0.06478884 -0.06097861 -0.06143628 -0.05648021 -0.05770795 -0.0492123 -0.04247954 -0.03855601 -0.04842232 -0.06295926
-0.0412144 -0.04237936 -0.04158786 -0.03684096 -0.04024506 -0.03796919 -0.0377771 -0.03407431 -0.03760122 -0.03626979 -0.03344712 -0.0286887 -0.01641172 -0.01526067 -0.01241914 -0.01416677 -0.01826584 -0.01557144 -0.01774096 -0.01405338 -0.01392033 -0.01810347 -0.02669239 -0.03128467 -0.02773242 -0.01582747 -0.01704199 -0.01447602 -0.02654945 -0.03078958 -0.02127114 -0.01492862 -0.02853172 -0.03274947 -0.03120187 -0.0229797 -0.02061956 -0.01899952 -0.01475684 -0.01841616 -0.0343422 -0.03899408 -0.05649588 -0.04963621 -0.03353187 -0.02326205 -0.01102783 -0.006676348
-0.006676348 -0.0131447 -0.007885833 -0.01646769 -0.01409537 -0.01151015 -0.008367975 -0.005818975 -0.01001823 -0.006840016 -0.0102835 -0.01387327 -0.01503244 -0.01250979 -0.005499801 0.001730107 0.007560901 0.005369763 0.01070655 0.01279213 0.0088273 0.0134443 0.04002055 0.03705659 0.03475641 0.02351394 0.008445292 -0.009480298 -0.01278521 -0.000254765 0.009072746 0.02388836 0.03731879 0.00830947 0.001051646 0.00228393 0.004988583 -0.02017581 -0.05228791 -0.07091785 -0.07278043 -0.03570382 -0.01192125 0.00350451 0.000313123 -0.00243571 -0.003001912 0.006079038
0.01050947 0.006400553 0.008691028 0.02155787 0.02569659 0.03109427 0.02865436 0.01667414 -0.01708861 -0.02655751 -0.02560338 0.004895004 0.02163855 0.01592588 0.01025663 0.0113808 0.008430714 -0.00667277 -0.01653107 -0.01535724 -0.01791548 -0.02110169 -0.009058024 0.000749502 -0.002015737 -0.000922349 -0.001356102 -0.006770718 -0.01316367 -0.008698439 -0.01095159 -0.0135846 -0.001330827 0.000931059 0.000346138 -0.01322349 -0.01632193 -0.02778066 -0.02589701 -0.01963898 -0.005583405 -0.02050309 -0.02002818 -0.01975754 -0.008456871 -0.01215443 0.001097629 0.01459946
0.03484518 0.03704159 0.04017927 0.03403946 0.01396769 0.01519588 0.01701763 -0.001106872 -0.01748236 -0.02502127 -0.01671087 -0.0131375 -0.005143727 0.01134262 0.02421542 0.02468253 0.01344638 0.006390789 0.003146736 0.01151612 0.0130301 0.01552842 0.006369355 0.004081164 -0.000522845 -0.004291595 -0.003259327 0.001384599 0.003953466 0.007432858 0.009103555 0.007049729 0.003570451 0.001313872 -0.006628826 0.000606466 0.008181647 0.000245818 -0.011401 -0.01484941 0.003969151 0.01650466 0.009942073 -0.005354623 -0.006336451 0.001741818 0.007964144 0.0175443
-0.04248998 -0.03332146 0.0315883 0.06170758 -0.004595893 -0.02487309 -0.02962195 -0.04038155 -0.03230248 -0.02274431 0.007871202 -0.01710425 0.006883436 0.02970134 0.02520172 0.01713576 0.03177858 0.05352508 0.03627851 0.02675783 0.001301749 -0.005955749 -0.01648702 0.004893482 0.06155894 0.05413578 0.04496698 0.01646584 -0.02002716 -0.02897761 0.006388248 0.005156847 -0.0142345 -0.03931011 -0.09833334 -0.1140789 -0.1286539 -0.13373 -0.1084068 -0.03121997 -0.01570399 -0.02100268 -0.04570585 -0.07178421 -0.09244922 -0.07888836 -0.07994722 -0.09592555
-0.006263912 0.001498311 0.008223172 0.001313302 -0.00081106 -0.008935233 -0.01379639 -0.001417097 -0.01135686 -0.008735909 -0.02711937 -0.03455662 -0.02107001 0.005175683 0.01840848 0.008715371 0.01410607 0.008960336 -0.01726666 -0.004663982 -0.02622119 -0.05675453 -0.06304851 0.002696916 0.01476707 0.04317229 0.02121616 -0.003450733 0.02496244 0.04774792 0.01724996 -0.02965679 -0.02598994 -0.02693404 0.005206732 0.03997167 0.002854615 -0.04238748 -0.07040851 -0.07993611 -0.07303177 0.007249796 0.04041784 0.04284828 0.002711342 -0.04886295 -0.06857813 -0.106146
0.002124995 -0.001612635 -0.006440222 -0.01742745 -0.02122661 -0.02453099 -0.0143774 -0.02359967 -0.02206099 -0.03208721 -0.02969544 -0.02445976 -0.02491661 -0.02257588 -0.02201251 -0.02162756 -0.0121752 -0.009708467 0.0004360005 -0.003129733 -0.006694261 -0.02683385 -0.01801419 -0.008469836 -0.008590059 -0.01441923 -0.02953348 -0.02971276 -0.03642035 -0.03888989 -0.04354139 -0.02195186 -0.02219377 -0.02218412 -0.02298995 -0.03018497 -0.02995226 -0.02069388 -0.02455021 -0.02710087 -0.02422011 -0.02985583 -0.02846373 -0.03412377 -0.0324714 -0.02653277 -0.002318831 -0.01981012
-0.01587571 -0.03209607 -0.03985725 -0.02145631 -0.01762534 -0.01933941 -0.01948764 -0.02549817 -0.03939113 -0.0366778 -0.02672147 -0.02161771 -0.01815797 -0.01407673 -0.01300256 -0.01296581 -0.01201777 -0.01862895 -0.01643448 -0.01159666 -0.007995712 -0.003043246 -0.006772338 -0.01196124 -0.01128134 -0.01152165 -0.01194181 -0.01897485 -0.02599703 -0.02862567 -0.01425126 -0.005455245 -0.001522519 -0.0004541028 -0.002978025 0.001118117 0.001762189 0.002150768 0.00132046 -0.003828277 -0.006809868 -0.009240991 -0.01720282 -0.02242942 -0.02160396 -0.0218018 -0.01492128 -0.01153658
-0.01008273 -0.007811022 0.001709646 0.01076317 0.01166223 0.01894848 0.00798416 0.001310901 0.001094897 0.001003269 -0.001022957 0.002084402 0.005484057 0.01639158 0.01969552 0.0172553 0.01511447 0.01641559 0.01837725 0.00360394 -0.001545035 0.003136986 0.006149083 0.003248119 -0.007134837 -0.01235091 -0.02361329 -0.02413079 -0.009053173 -0.003595821 0.01107036 0.01862499 0.009723629 0.006148393 -0.006391773 -0.01697223 -0.005327155 0.01666651 0.02307458 0.01884225 0.01590456 0.003302165 -0.008531447 -0.02226355 -0.01752767 -0.01359164 -0.006802652 -0.006403751
-0.02593572 -0.03212319 -0.02909926 -0.03056774 -0.0345924 -0.0283161 -0.03466109 -0.04017274 -0.04471854 -0.03895046 -0.03003359 -0.03526643 -0.03957917 -0.04063522 -0.02453152 -0.02582712 -0.01935923 -0.01497601 -0.01748757 -0.03556769 -0.03793897 -0.02820356 -0.02180329 -0.02061476 -0.0219428 -0.01819522 -0.01869736 -0.01789804 -0.01345356 -0.006245897 -0.01199038 -0.008242284 -0.009057246 -0.008560612 -0.01559359 -0.01573296 -0.01675611 -0.01428956 -0.01297962 -0.01877172 -0.01577554 -0.01145195 -0.009914915 -0.007898075 -0.0002182168 -0.001042468 -0.00832002 -0.009776597
0.01496811 0.02209158 0.01611853 -0.001835956 -0.008612152 -0.0167675 -0.02723288 -0.02589416 -0.02943249 -0.02828399 -0.02854586 -0.02588179 -0.01743149 -0.005290151 -0.008949225 -0.002209975 0.003865602 0.002299007 -0.005053268 -0.003173622 -0.005564836 -0.001685201 0.001789811 0.005244256 0.007545432 -0.0007623286 -0.0001205658 0.001442281 -0.0008604972 -0.003683944 0.003908382 0.007248712 0.002556823 0.003146653 0.003134254 -0.01111628 -0.02122612 -0.0248549 -0.0267069 -0.01162021 -0.01055548 -0.02079762 -0.01733974 -0.02431721 -0.007495817 -0.00904679 -0.01039636 -0.0109794
-0.0001362177 -0.009073865 -0.0050586 -0.006205964 -0.004767299 -0.006518189 -0.001811646 -0.004183008 -0.007425212 -0.01142342 -0.01037334 -0.01766001 -0.01738451 -0.01509418 -0.01599583 2.916687e-05 0.003741409 0.001079108 0.008625993 0.01795197 0.2229926 0.3936238 0.1856522 -0.05364358 -0.197511 -0.2635555 -0.2448319 -0.07984699 0.02636209 0.02997424 0.007006105 -0.00240176 -0.005993292 -0.01159542 0.00143216 -0.006183545 -0.002914766 -0.006679059 0.0005704215 0.0001220417 0.0008955835 -0.005481005 -0.009083767 -0.008784473 -0.002229803 0.0108477 0.01489345 0.02126317
0.01470018 0.003364231 0.002587016 -0.004760719 0.001150529 -0.001296825 -0.003236923 -0.001007874 0.005006943 0.01496531 0.01391512 0.01231351 0.0004422601 -0.002346298 -0.007071115 -0.009224074 -0.01257112 -0.0102532 -0.0001653739 -0.006203739 -0.01317578 -0.01707855 -0.02019354 -0.01545962 0.009803873 0.5404881 0.4844308 -0.04183823 -0.3056427 -0.4244617 -0.4186922 -0.3075607 -0.1343323 0.0004810778 0.0811395 0.09689929 0.08072029 0.04775028 0.02387797 0.007212676 0.0001984021 -0.006072675 -0.009901544 -2.280765e-05 0.01019121 0.01214447 0.01833817 0.007832528
0.03358196 0.02761936 0.02064203 0.01766309 0.01611394 0.008617532 0.01020176 0.01511742 0.01188013 0.01438102 0.03817948 0.3214072 0.4912962 0.3607277 -0.1604659 -0.2617098 -0.1004443 -0.03589608 0.01204436 0.0163419 0.009728169 -0.001836148 -0.02303501 -0.02167666 -0.02226597 -0.03110831 -0.03377623 -0.02415063 -0.02899292 -0.02430398 -0.01590491 -0.01417888 -0.01658451 -0.01466937 -0.01602711 -0.01380789 -0.01492214 -0.01349531 -0.01151349 -0.01984117 -0.02684024 -0.02896557 -0.01917802 -0.01639375 -0.0115998 -0.01736933 -0.01809858 -0.01936894
-0.006811077 -0.00824036 -0.001363785 -0.009534646 -0.001043928 -0.0005328249 -0.006418208 -0.002055516 -0.007682826 -0.00636923 -0.01068457 0.1196424 0.5965264 0.508885 0.2205302 -0.1076642 -0.3907975 -0.4672954 -0.4294566 -0.2664894 -0.04909057 0.01935066 0.06275323 0.08528508 0.09007841 0.07439893 0.03869215 0.008839712 -0.01983451 -0.04321627 -0.05365174 -0.04965487 -0.04451841 -0.03384775 -0.01185243 -0.0002972926 0.00429498 -0.007655764 -0.01022305 -0.00631628 -0.006606518 -0.008325545 -0.004973915 -0.01474853 -0.01607038 -0.0177947 -0.007413434 -0.01544263
-0.005226229 -0.0139412 -0.006213463 -0.003937365 0.0004242198 -0.003625801 0.003954364 -2.885336e-05 -0.0004708898 0.003074689 -0.01148873 0.0008665603 0.01259632 0.4051026 -0.06902531 -0.2303491 -0.2297517 -0.1675186 -0.01474837 0.05501738 0.03027125 0.02491563 0.005065235 -0.01094627 -0.001720421 0.006787583 0.009957598 0.008935617 0.01074847 0.01360684 0.01869686 0.02113103 0.01584504 0.0210967 0.0130941 0.009828355 0.01528046 0.0193309 0.01477628 0.0144192 0.02180015 0.02759344 0.0239108 0.01670828 0.01495474 0.01914806 0.02393078 0.03475827
0.02393078 0.03475827 0.03036445 0.03098128 0.01927691 0.01759604 0.007032145 0.01050768 0.01571334 0.01761269 0.02436993 0.02496073 0.08435241 0.5080616 0.4253955 0.1189622 -0.1693227 -0.2973537 -0.3242336 -0.2619343 -0.1208221 -0.04865862 0.02126076 0.04472158 0.05209592 0.03547329 0.01473732 -0.00106329 -0.0140675 -0.02948767 -0.0307312 -0.02575988 -0.02076573 -0.009126152 -0.01316341 -0.007508782 -0.004195389 -0.01125555 -0.0203982 -0.02570209 -0.02392275 -0.01764655 -0.01171628 -0.01120622 -0.001628388 0.005055905 0.003784302 0.006140136
0.01339652 0.01301927 0.01407257 0.00638433 0.007925402 0.006757804 0.01249155 0.01946354 0.01897183 0.01731499 0.009907439 0.00898264 0.009991582 0.01462274 0.4031556 0.4214058 0.1799746 -0.1557249 -0.2492588 -0.2526354 -0.2119465 -0.1405922 -0.07159049 0.006849828 0.04565993 0.04452074 0.0321513 0.02161284 0.004610084 0.003272336 -0.001175057 0.00673565 0.001181932 0.001166709 0.0004136032 0.0005378264 0.006905951 0.003318301 0.01540863 0.01521469 0.01503583 0.0156068 0.01923348 0.02812845 0.03053763 0.02474443 0.01629623 0.01728116
0.02189052 0.01687111 0.01627762 0.02340213 0.01923889 0.01251782 0.009619262 0.006425821 0.005260735 0.01030643 0.01141213 0.01917291 0.01907364 0.02853553 0.0132109 0.01538054 0.0992865 0.3960535 0.3514591 0.03998006 -0.1243651 -0.2039699 -0.2056955 -0.1420922 -0.07719892 -0.03450399 0.004318116 0.02601723 0.02250495 0.008464433 -0.002054794 -0.008818153 -0.01109528 -0.01330985 -0.01006061 -0.008090738 -0.004527147 0.0003855001 0.003458187 0.00590371 0.007201157 0.006877861 0.003523153 -0.006731938 -0.009818014 -0.01166559 -0.006522187 -0.009531672
-0.03287406 -0.0354673 -0.03534892 -0.03241016 -0.01087158 0.003660877 0.006748337 0.003939327 -0.004897462 -0.0007611649 -0.004971353 -0.01741244 -0.02417024 -0.02448213 -0.01525079 -0.01098579 -0.01566648 0.1992872 0.3620986 0.1357485 -0.25194 -0.2825703 -0.1219361 0.02827184 0.04283445 0.02964209 0.008286313 0.001367208 -0.00752747 -0.01455967 -0.0135784 -0.01257328 -0.01016412 -0.01315587 -0.01412939 -0.01744774 -0.01492293 -0.01607741 -0.01433081 -0.009069194 -0.008697351 -0.007060124 -0.008982996 -0.0134967 -0.01292268 -0.004635472 -0.01499795 -0.01055915
-0.03000193 -0.02581357 0.005476179 0.009519273 0.01074598 0.01185049 0.01054785 0.009259976 0.00709187 0.01677383 0.02281415 0.04134786 0.04415778 0.2886117 0.1267443 0.008211685 -0.0826629 -0.1037085 -0.08361869 -0.06358471 -0.03619351 -0.0175984 0.001424514 0.02472702 0.02546356 0.02248312 0.008048877 -0.01757309 -0.03644861 -0.03307704 -0.01692247 0.0007249502 0.02363205 0.01427051 0.02728129 0.0346485 0.03815787 -0.003809766 -0.03600859 -0.0509215 -0.05094627 -0.04560417 -0.04363712 -0.03681682 -0.002751227 0.0113945 0.004788266 -0.0005261643
0.00279173 -0.03452833 -0.04659992 -0.06957387 -0.07380645 -0.06264699 -0.07072542 -0.07556051 -0.08539276 -0.07509464 -0.05856191 -0.05179006 -0.0701841 -0.05139897 0.1648652 0.2470443 -0.03420915 -0.2040143 -0.254173 -0.2239907 -0.1050249 0.01527543 0.02411658 -0.0002525903 -0.008472008 0.00732145 0.03287247 0.001485065 -0.009633157 -0.04206634 -0.04376437 -0.0144623 0.03060522 0.04571728 0.006518811 0.007276198 -0.02383737 -0.0635116 -0.004552676 0.06676648 0.06721006 -0.008888589 -0.04756844 -0.06273748 -0.05479757 -0.1136688 -0.07662784 -0.02130648
0.03461635 0.0190672 0.04156635 0.0251406 0.03734897 0.05391282 0.06686484 0.04246225 0.04566872 0.09562542 0.139044 0.1757754 0.1568258 0.4091539 0.2436126 0.04107541 -0.1303917 -0.1580302 -0.1139639 -0.07349733 -0.002126385 0.03831892 0.03339972 0.0434843 0.01632196 0.01717532 -0.006405548 -0.06825554 -0.04562697 0.001193412 0.02203054 0.02568724 0.07969633 0.1182065 0.1093967 0.0909823 0.06569561 0.0585851 0.03904527 0.02943417 0.03865111 0.03178756 0.03093643 0.03761955 0.04550264 0.06416843 0.09363886 0.07812619
0.00901156 -0.02251993 -0.03315431 -0.03732871 -0.02082861 -0.008304936 -0.001954623 -0.004928035 0.009836993 0.02021887 0.003431277 0.006446335 -0.01342147 0.02985697 0.04048416 0.2868636 0.4715068 0.1607141 -0.152873 -0.2996519 -0.3066366 -0.1954499 -0.07462607 -0.01031161 0.0339242 0.01263215 -0.02290267 -0.0697332 -0.1360353 -0.1633345 -0.154605 0.02120744 0.06209228 0.09203626 0.06401508 0.006967766 -0.00672094 -0.0501662 -0.0006148477 0.005103546 -0.03771181 -0.05875011 -0.07845257 -0.08915927 -0.09267638 -0.1141748 -0.0835112 -0.0891598
0.10561 0.06751548 0.05195906 0.08513396 0.04889997 -0.001231509 -0.04768618 -0.06022126 0.0164447 0.06659437 0.01939533 -0.02752677 -0.0669577 -0.009227538 0.01598266 0.2159955 0.3562154 0.1293212 -0.06456579 -0.1476102 -0.1934572 -0.1743877 -0.1259646 -0.06114413 -0.02534892 0.03450409 0.09110589 0.07735859 0.04895985 -0.01369386 -0.0164514 0.00730192 0.03409872 0.02495955 0.01182965 0.01059053 0.01573584 0.01038861 0.02793669 0.08134482 0.0671446 0.04189625 0.0619128 0.04708115 0.04614818 0.08088596 0.05435077 0.08609589
-0.1203814 -0.08429454 -0.07627019 -0.1201899 -0.105474 -0.08765496 -0.08670738 -0.08951674 -0.04603504 -0.008373006 -0.01421086 -0.02146769 -0.03022377 -0.06149898 -0.07492957 -0.09534073 0.2943739 0.2682034 -0.125553 -0.2857167 -0.378766 -0.304966 -0.2073458 -0.1229882 -0.06125083 -0.03524767 -0.03229331 -0.05336778 -0.05508768 -0.06137008 -0.05729126 -0.06696983 -0.06889909 -0.06412865 -0.06669372 -0.06144245 -0.05377773 -0.0435776 -0.05086304 -0.04509335 -0.02470655 -0.01065717 -0.0204415 -0.001186462 0.01089589 0.01605815 0.01454435 -0.01309012
0.04035973 0.0616706 0.0733053 0.03465558 0.01805158 0.002953026 0.03438586 0.04947655 0.04141799 0.05195139 0.07087813 0.07258352 0.06128646 0.04311014 0.01156528 0.001288449 0.01151881 0.4604219 0.2946657 -0.01549698 -0.2081397 -0.1935797 -0.102361 -0.0309129 0.02668658 0.06971944 0.05943851 0.03360231 0.03887763 0.03984999 0.02739553 0.03184846 0.0246349 0.0256034 0.03289749 0.01422795 0.005446292 0.01921483 0.03263532 0.03925342 0.04836107 0.04837098 0.04204003 0.03985887 0.03589727 0.03112844 0.02807789 0.02652737
0.004065804 -0.004056323 -0.0210417 -0.02967758 -0.03301994 -0.03498297 -0.02368667 -0.02339035 -0.03167468 -0.02892403 -0.01870364 -0.01400718 -0.01103622 -0.01415723 -0.01373327 -0.01678641 0.228452 0.4461636 0.1924489 -0.1435896 -0.3315318 -0.2922484 -0.2232953 -0.1165323 -0.03103423 0.01036333 0.01343706 0.007291348 -0.01248716 -0.02226194 -0.02292805 -0.02928823 -0.01729685 -0.00396052 0.001097556 -0.01612043 -0.02678626 -0.005037774 0.02003467 0.004631455 -0.028139 -0.06952743 -0.06738579 -0.04306385 -0.01779909 0.0005921577 -0.005550062 -0.01906039
-0.005585422 -0.02683869 -0.01885278 -0.02301747 -0.02371767 0.004278741 0.004294739 -0.001581619 -0.00677066 -0.0116367 -0.01463731 -0.01369776 0.001138748 -0.0005080831 -0.01372297 -0.02037254 -0.01659991 -0.008295536 0.422566 0.3018004 -0.007185139 -0.2092859 -0.2644134 -0.1664463 -0.06877616 -0.007136947 0.01904408 0.03616459 0.04621096 0.03572498 0.02672411 0.01949893 0.0006658963 -0.01814244 -0.02743885 -0.04029251 -0.04747008 -0.0245752 -0.01186514 0.003045195 0.01210586 0.01443609 0.020417 0.03615258 0.03837648 0.02402062 0.02962458 0.02269941
-0.03023978 -0.01416129 0.02618074 0.05472958 0.06335242 0.06060595 0.04170825 0.05470879 0.05825854 0.05551697 0.05269798 0.07083927 0.07844491 0.05762505 0.01410556 -0.002786887 0.4985061 0.45583 0.1017343 -0.242349 -0.4196661 -0.239351 0.03267013 0.09869552 0.08840822 -0.0006192473 -0.07915973 -0.1163014 -0.1376366 -0.1038161 -0.08379254 -0.07921427 -0.1127069 -0.08964597 -0.06263033 -0.05218048 -0.02808413 -0.013463 -0.001726707 -0.02451501 -0.03179634 -0.04666685 -0.05135223 -0.06252819 -0.07177908 -0.1094884 -0.1434962 -0.1687436
0.01491679 0.01815218 0.001179207 -0.01730315 -0.02526421 -0.01889374 -0.007702947 0.01325608 0.03698562 0.04167833 0.03218321 -0.004671492 -0.01067866 -0.008612176 -0.001249422 0.005307065 0.01230895 0.01204599 0.0282969 0.04173574 0.003452439 -0.007908131 0.02097653 0.03587831 0.03686849 0.03853871 0.03195908 -0.003479021 -0.02960779 -0.03550369 -0.05206433 -0.05203369 -0.04746341 -0.04827083 -0.03049349 -0.06202673 -0.09870027 -0.1435243 -0.1192036 -0.08335016 -0.04125969 0.0008102746 0.02882421 0.04630656 0.03991096 0.01179248 -0.01814536 -0.0381691
0.02607091 0.02859574 0.03018107 0.000968313 -0.01127334 -0.03270499 0.005995164 0.007973349 -0.00667857 -0.0004391728 0.01250349 0.000283641 0.0552552 0.4443792 0.2243905 -0.01031713 -0.1877159 -0.2795963 -0.198497 -0.09852847 -0.05200483 -0.04048961 -0.02127406 -0.02747162 -0.03398194 -0.05516252 -0.06997151 -0.02039051 -0.006719507 -0.005688599 0.0006777558 -0.02527421 -0.03326832 -0.03831543 -0.0453609 0.01657137 -0.04124798 -0.1029207 -0.08497997 -0.03040357 0.01909808 0.02824431 0.01734981 -0.004101472 -0.02601623 -0.02849929 -0.0212592 0.002028462
-0.03863226 -0.09227096 -0.05711301 -0.02697407 -0.01579897 -0.02901959 -0.02735851 -0.02595825 -0.009605478 -0.00644927 0.01114915 0.01094658 0.01979592 -0.0253375 -0.0331625 -0.009984676 -0.02074987 -0.007282618 0.01041854 0.004647114 0.3921841 0.2649935 0.007161257 -0.1988638 -0.2024505 -0.1694676 -0.09900888 -0.03111101 -0.01071158 0.02968072 0.02941437 -0.02194387 -0.05179015 -0.04377302 -0.03449636 -0.03248465 -0.01178113 -0.01461189 -0.01257995 -0.007689802 -0.02639719 -0.0476108 -0.04825211 -0.02423993 -0.02260061 -0.0388959 -0.06898609 -0.0670045
0.001119621 -0.07221855 -0.08836058 -0.0504838 -0.008307923 0.008502048 0.01182223 0.004710346 0.01173087 0.03360825 0.03842768 0.06076355 0.0906233 0.05377815 0.01475496 -0.01126653 -0.01497998 -0.01002359 -0.01876865 -0.009105264 0.4487166 0.4960734 0.278444 -0.08099306 -0.3047544 -0.3106871 -0.2272937 -0.1493586 -0.05499178 0.002066071 0.03012884 0.02005249 0.01168327 0.002314271 -0.02027468 -0.06305854 -0.06637247 -0.06425976 -0.03702607 -0.01059602 0.00404962 -0.008962827 -0.002259677 -0.02443308 -0.02813239 -0.01701966 -0.04827149 -0.05314792
-0.008396551 0.001979356 0.009355502 -0.007625821 -0.01903664 -0.04068476 -0.01949901 -0.01298779 0.008130219 0.004364324 -0.01798236 -0.04770712 0.3171235 0.3430864 0.1597823 -0.04464722 -0.2151274 -0.2543906 -0.2564231 -0.2292219 -0.1652005 -0.1055002 -0.02271044 0.02885145 0.03426708 0.03183996 -0.001643633 -0.03225729 -0.07189292 -0.08049113 -0.02035746 -0.01269654 -0.02059452 -0.04786552 -0.05401348 -0.03684774 0.006100126 -0.02335815 -0.02288162 -0.02722981 -0.007855428 -0.02021392 -0.02012981 -0.04039323 -0.03871984 -0.03453971 -0.04160406 -0.03066349
-0.04902067 -0.08270124 -0.0943961 -0.07940628 -0.004168067 0.049855 0.0560211 0.03470388 0.004824781 -0.05363982 -0.07914197 -0.04548453 -0.03886117 0.04103059 0.03833763 0.01242904 0.271856 0.1515361 -0.04584488 -0.1203312 -0.168067 -0.1377588 -0.05599204 -0.02082583 -0.02683754 0.002330196 0.04831581 0.03462958 -0.008408186 0.005612666 -0.0239028 0.01633422 -0.001455272 0.01502134 0.07247292 0.03640826 -0.01100293 -0.05294641 -0.1428155 -0.1243301 -0.08436749 -0.06289358 -0.01350547 0.02967906 0.02811559 0.04753233 0.01670804 0.002107874
0.01314462 -0.001947546 0.004239562 0.01891099 -0.002712815 -0.07026385 -0.07168349 -0.0568036 -0.02415112 0.02594975 0.05850056 0.0523422 0.04845631 0.02119691 -0.02159876 -0.04363624 -0.03915323 -0.0113965 -0.001353579 0.4153718 0.4160843 0.05571662 -0.1633655 -0.2613826 -0.2349257 -0.1607368 -0.07771675 -0.03817701 0.04520638 0.09049392 0.08686965 0.04314417 -0.02345093 -0.07637097 -0.07712496 -0.08472773 -0.09549794 -0.108661 -0.1033245 -0.09803757 -0.1017904 -0.083117 -0.05146688 -0.02249373 -0.002044825 0.04315895 0.04839544 0.02570827
-0.1032833 -0.07712696 -0.02749381 0.006508923 -0.002718102 -0.03152737 -0.04011094 -0.023422 -0.05223189 -0.06705792 -0.05623838 0.3249677 0.4299911 0.04453289 -0.1688587 -0.2366199 -0.2014891 -0.1147428 -0.078169 -0.0468578 -0.02776395 -0.02763443 -0.009869425 -0.0137967 -0.01622389 -0.02346068 -0.03084113 -0.03057916 -0.01794365 -0.00127175 -0.003116886 -0.01367991 0.02694379 0.0284058 0.003904722 -0.05210638 -0.02178633 0.01213197 0.01951093 0.01070845 0.002525488 0.003045096 -0.001300545 -0.01168582 -0.01511799 -0.01679958 -0.0114746 -0.003481531
-0.01511799 -0.01679958 -0.0114746 -0.003481531 0.009726546 0.01596402 0.02153977 0.02620325 0.01300559 0.01927918 0.04467821 0.0516726 0.02366349 0.00846952 0.0009363024 -0.02140472 0.3034155 0.2806493 -0.002729053 -0.1704559 -0.177779 -0.1392066 -0.1037099 -0.06311072 -0.01779078 0.002652151 -0.0073066 -0.03761105 -0.03501788 -0.04773713 -0.06572296 -0.07322539 -0.05904611 -0.03246846 -0.0319568 -0.04697752 -0.02252971 -0.02317867 -0.01352922 -0.02253393 -0.004228537 0.001141385 -0.008193487 0.01776538 0.01751666 -0.01316846 -0.02922265 -0.03377621
-0.004849446 -0.008641819 -0.01478244 -0.01979122 -0.02649578 -0.03096367 -0.02965331 -0.0264752 -0.02709539 -0.01401537 -0.01485719 -0.0169029 -0.0190156 -0.01878027 -0.02149413 -0.03035455 -0.02273465 0.1627942 0.3112086 0.08618073 -0.1227792 -0.2212819 -0.2559509 -0.2226978 -0.09489207 -0.0627424 -0.02728166 -0.008899948 -0.009318116 -0.01164628 -0.0190596 -0.02009006 -0.02298277 -0.03784994 -0.02087372 -0.01173167 -0.01050231 -0.005128823 -0.00754779 -0.008028833 -0.009694711 -0.008212802 -0.003297185 -0.00310841 -0.008137458 -0.01642413 -0.02213203 -0.01707344
-0.009694711 -0.008212802 -0.003297185 -0.00310841 -0.008137458 -0.01642413 -0.02213203 -0.01707344 -0.01845728 -0.0234526 -0.01702546 -0.007908422 -0.007094683 -0.00429952 -0.01377909 -0.02011642 -0.002216013 0.1985493 0.06584067 -0.04310089 -0.1086973 -0.1317546 -0.1124336 -0.09479224 -0.07004806 -0.04844043 -0.04115855 -0.03603113 -0.03244838 -0.03275802 -0.02880838 -0.02459681 -0.02569491 -0.02978226 -0.03886918 -0.03766674 -0.03006598 -0.02622594 -0.02794663 -0.02400508 -0.02081154 -0.02420908 -0.02950061 -0.03284997 -0.03311643 -0.02687038 -0.02673626 -0.02962793
-0.01091605 -0.01971063 -0.02636182 -0.03739075 -0.03190741 -0.02423511 -0.02160745 -0.02196145 -0.01417281 -0.009341836 -0.008395077 -0.009479698 0.00445244 0.2588305 0.03012695 -0.1003904 -0.1426243 -0.1332737 -0.1113837 -0.08116719 -0.04649958 -0.02298246 -0.01563328 -0.01128371 -0.01205333 -0.0100486 -0.008813309 -0.00743833 -0.01560098 -0.01368774 -0.01680203 -0.01708778 -0.01914935 -0.01107361 -0.01259491 -0.01385684 -0.01328914 -0.01318076 -0.01299112 -0.01539362 -0.01407574 -0.01698891 -0.02045402 -0.02527571 -0.02211721 -0.01428723 -0.004792228 0.002069698
0.009194991 0.003538356 0.003489009 0.004124133 0.006118445 0.00332855 -0.0007172158 -0.003850502 -0.001699185 -0.0007935278 0.0002004248 -0.01141547 0.2883824 0.06137718 -0.1142075 -0.207162 -0.1857861 -0.1394095 -0.05372061 -0.02210421 -0.01427066 -0.008909505 -0.01470679 -0.01904642 -0.01589615 -0.009880099 -0.01378599 -0.01600477 -0.01077359 -0.01574031 -0.01267996 -0.008070116 -0.0005603309 0.002515046 -0.008271116 -0.008715029 -0.01041334 -0.006999355 -0.00712537 -0.01417403 -0.01548819 -0.02115217 -0.01637218 -0.009155257 -0.003111109 -0.002125453 -0.005619226 -0.003797773
-0.01635564 -0.02469334 -0.02245602 -0.02233044 -0.01990669 -0.02060345 -0.01509161 -0.0115569 -0.006264663 0.06916205 0.1458174 0.0232714 -0.07881902 -0.101825 -0.09953778 -0.08930985 -0.07172072 -0.05008965 -0.02928538 -0.02151576 -0.01749413 -0.01304181 -0.01273901 -0.01575609 -0.01545032 -0.02136065 -0.01988191 -0.02861233 -0.02478127 -0.02240749 -0.02706415 -0.02281141 -0.02440676 -0.0247258 -0.02353064 -0.02160585 -0.01815344 -0.02054648 -0.01938967 -0.02009232 -0.0199921 -0.01097752 -0.01154199 -0.01293714 -0.01484035 -0.02278406 -0.02048675 -0.01826337
-0.003739576 0.009365904 0.005463034 0.005006106 -0.001188558 0.0005899292 0.005363808 -0.008982145 -0.01615204 0.2051457 0.1177358 -0.01812406 -0.1075071 -0.1158165 -0.07922533 -0.06365974 -0.03079067 0.00316126 0.005079293 0.007359565 -0.005106073 -0.006923033 -0.0158473 -0.007162234 -0.010541 -0.01626418 -0.02295467 -0.009090401 -0.008242808 -0.00988748 -0.007260972 -0.007095006 -0.01910285 -0.0186426 -0.02970435 -0.02927586 -0.02395462 -0.01908105 -0.01628971 -0.007313281 -0.00265915 0.001047092 -0.001870446 -0.008335542 -0.02085671 -0.02408256 -0.01708515 -0.01192454
0.0001106227 0.002261037 -0.01155662 -0.02523009 -0.02935808 -0.02631845 -0.007213102 0.004270094 0.008598104 0.005140188 -0.006252412 -0.01720665 -0.01098195 0.3020837 0.3143557 0.08062595 -0.1291581 -0.2036285 -0.1978455 -0.1519489 -0.1130354 -0.0670573 -0.03452255 -0.009163979 -0.00948878 0.002881318 -0.007508792 -0.01958331 -0.02246724 -0.02006708 -0.01582351 -0.01370501 -0.01315562 -0.0208961 -0.0271089 -0.0294336 -0.02617414 -0.01670078 -0.0159927 -0.009618736 -0.02366572 -0.01259767 -0.01401943 -0.01015476 -0.01382318 -0.01713751 -0.01474612 -0.009058455
-0.02198756 -0.01219219 -0.01615064 -0.01423638 -0.01637908 -0.02178456 -0.02401756 -0.0247859 -0.02413665 -0.02886711 -0.02088953 -0.01218864 0.4076527 0.3081973 0.03149477 -0.168036 -0.2323859 -0.2136909 -0.1693425 -0.08802468 -0.02978537 -0.0004294741 0.01462018 0.02067362 0.01111014 -0.003945575 -0.01472487 -0.02062417 -0.01407378 -0.004932007 -0.00789666 -0.007085498 -0.00333128 0.005581236 0.006402386 0.005428184 0.01480319 0.007823559 -0.0004788274 -0.002904938 -0.004397711 -0.006381086 -0.01065488 -0.004361948 -0.0007147674 -0.001733064 0.0006537394 0.003931891
-0.004198458 -0.02132084 -0.02129152 -0.01974369 -0.0243744 -0.02603517 -0.01984299 -0.009043023 -0.003231274 0.008170083 0.01252576 0.01617401 0.02312561 0.386975 0.2724206 0.08419096 -0.07705574 -0.1801475 -0.1795264 -0.1390515 -0.08915608 -0.03933218 -0.000206122 0.0136603 0.01079841 -0.005246447 -0.01220778 -0.02600258 -0.03532504 -0.03446763 -0.04209001 -0.04403266 -0.04822247 -0.04237446 -0.03893498 -0.03258767 -0.0311865 -0.03763517 -0.03916441 -0.03230836 -0.03290301 -0.03164077 -0.03684792 -0.03252101 -0.03216363 -0.03873069 -0.04133623 -0.04752378
-0.01954688 -0.01096583 -0.01138193 -0.02354397 -0.02110268 -0.01813683 -0.01103656 -0.01257119 -0.01534941 -0.02284133 -0.02374433 -0.02971334 -0.03286551 0.3888212 0.3679332 0.08366277 -0.2619243 -0.2478827 -0.1858375 -0.1218382 -0.08288977 -0.04612264 -0.01803586 0.00290089 0.01280058 0.01193447 0.005517415 -0.01038054 -0.01587571 -0.03209607 -0.03985725 -0.02145631 -0.01762534 -0.01933941 -0.01948764 -0.02549817 -0.03939113 -0.0366778 -0.02672147 -0.02161771 -0.01815797 -0.01407673 -0.01300256 -0.01296581 -0.01201777 -0.01862895 -0.01643448 -0.01159666
0.01829427 0.01100348 0.002730379 9.930034e-06 0.005642274 -0.01852331 -0.02312279 -0.02341085 -0.01504075 -0.01089496 -0.007325954 -0.01788292 -0.3395177 -0.6826739 -0.6004589 -0.3104966 0.1219388 0.3784895 0.4244916 0.3561937 0.2100548 0.1031351 0.01385046 -0.05251971 -0.0674321 -0.06069815 -0.03468176 -0.004584129 -0.007837273 -0.01507622 0.002201096 0.00981487 0.01104311 0.01181182 0.01374415 0.003458985 -0.005840953 -0.005617425 0.003260012 0.01301934 0.005360126 0.005033059 -0.008117504 -0.002593138 0.02018353 0.03684041 0.02040089 0.02016918
0.005963226 -0.003963602 -0.001671635 -0.005037053 0.002731685 0.004964091 0.00472452 0.009372342 0.009525438 0.01014819 0.004801616 -0.0009566896 -0.0158975 -0.01633785 -0.03805802 -0.4121629 -0.5327275 -0.3126771 0.03495776 0.2382646 0.2551041 0.2111469 0.1336749 0.05948102 0.01920645 0.00311427 -0.002229997 -0.02341974 -0.01827151 -0.0218571 -0.03265376 -0.03425175 -0.02214783 -0.0007738695 0.0007489345 -0.001594122 -0.007505246 -0.02299454 -0.02879252 -0.02783586 -0.01809028 0.006842152 0.02209007 0.03112652 0.02759701 0.01468566 0.007185509 -0.007279226
0.05174761 0.04783018 0.04754526 0.05721556 0.06194661 0.06273591 0.06057327 0.0561341 0.04682781 0.03354225 0.02360826 0.01748824 0.02029532 0.008462862 -0.2594337 -0.145017 0.02827893 0.132953 0.03224868 0.01128148 -0.01069887 0.01074956 0.02920682 0.02264794 0.0122109 -0.005263232 -0.006486784 -0.0008119697 -0.0004325626 -0.001133226 -0.003511489 0.002535407 -0.004018174 -0.02232943 -0.03333534 -0.03725962 -0.02891026 -0.02726091 -0.01983051 -0.01046812 -0.01016815 -0.007495373 -0.004211418 -0.009799129 -0.01599284 -0.03345507 -0.04873474 -0.03814747
0.01375441 0.01141589 0.008597885 0.01295561 0.009204805 0.001554485 0.007116121 0.002035689 -0.002915302 -0.009370683 -0.02059788 -0.04078894 -0.0335682 -0.01724505 -0.01358293 -0.1490007 -0.2408508 -0.06098789 0.07249237 0.1372909 0.1225838 0.08330625 0.03244648 -0.006567428 -0.0237422 -0.03087518 -0.03123906 -0.02802815 -0.01441736 -0.00814734 -0.01387288 -0.01405302 -0.01535683 -0.01193329 -0.005943994 -0.001940224 0.01301194 -0.01590519 -0.02594374 -0.02217291 -0.02782972 -0.01117576 -0.0319713 -0.03746632 -0.02800348 -0.02835809 -0.02345752 0.002924595
0.001402863 0.01355938 0.02424479 0.02067592 0.01722949 0.02093813 0.01917466 0.01448494 0.02032807 0.02562587 0.013678 -0.0002494422 -0.001486695 -0.007030494 -0.01854488 -0.1521932 -0.1141979 0.01698676 0.07273529 0.08838554 0.09142864 0.06995735 0.05914253 0.04426056 0.01813265 0.005431266 -0.005318089 -0.03842229 -0.04111646 -0.03546917 -0.01527256 0.0007819209 0.02462809 0.02851084 0.02746906 0.02025698 0.002892778 -0.008263839 -0.0006689219 -0.006087155 -0.007280943 0.02344152 0.01481024 0.004993825 0.00947394 0.01380116 0.01281721 0.01316407
0.01572222 0.03141678 0.05395881 0.04146037 0.04853476 0.03853974 0.06002637 0.04702875 -0.1998197 -0.1691224 -0.01064928 0.03933775 0.07848246 0.08995158 0.08147592 0.06233892 0.03990086 0.008787204 -0.008612988 -0.04236223 -0.02898263 0.01007081 -0.01207684 0.009246826 0.03540587 -0.004885152 -0.03369926 -0.01314331 -0.001619575 -0.00958126 -0.0144182 -0.02407952 -0.01584818 -0.005235773 0.007505914 0.003890707 -0.008750247 -0.0279574 -0.03773348 -0.05549614 -0.03194555 -0.03964609 -0.0293116 -0.005400125 0.01597802 0.03152274 0.04166506 0.06136055
0.0415201 0.01696307 0.01215173 0.009892842 0.009007107 -0.01148927 0.006081623 0.01721325 0.01853665 -0.002386131 -0.001473681 -0.02319348 -0.008458132 -0.05220697 -0.5722887 -0.204448 0.01833528 0.1990211 0.2388089 0.188035 0.1163273 0.05844824 -0.02221485 -0.04559583 -0.03193616 5.969917e-05 0.03557788 0.02689752 -0.003218803 0.008147139 0.009750901 0.03151647 0.02837957 0.0003907203 -0.02195942 -0.02017075 0.002398501 0.01993834 0.01620102 0.01989317 0.00184327 -0.02898756 -0.04330339 -0.044671 -0.04992609 -0.03562302 -0.03687195 -0.04663614
-0.03687195 -0.04663614 -0.03670648 -0.02970408 -0.02338306 -0.03246119 -0.0506186 -0.03552833 -0.09097382 -0.5933055 -0.6176118 -0.3255908 0.07534501 0.2959144 0.3364412 0.30142 0.2089042 0.1076306 0.01918266 -0.03603879 -0.07313064 -0.0598878 -0.04867239 -0.03025078 0.01071146 0.02010636 0.03389099 0.03312242 0.02736994 0.01964395 0.01527227 0.00773239 0.01145819 0.00349905 0.03290569 0.008301864 0.008489707 0.01595913 0.03291599 0.05158947 0.08304172 0.08284282 0.09170021 0.06363612 0.04889838 0.0390954 0.0371501 0.007951741
-0.0568153 -0.07095521 -0.0617493 -0.05883102 -0.02309152 -0.03481791 -0.06621295 -0.05272524 -0.05000864 -0.05902277 -0.03320914 -0.03717372 -0.01696338 -0.02932239 -0.04409618 -0.01930066 -0.1419784 -0.2703787 -0.1396781 -0.007783623 0.05307314 0.06794483 0.04383782 -0.02075263 -0.05897595 -0.07828444 -0.08810724 -0.09398697 -0.1001798 -0.08736034 -0.07947044 -0.07213449 -0.05175059 -0.01710811 -0.02871324 -0.02801578 -0.03066459 -0.03472032 -0.02080759 0.005559695 0.003903577 -0.01800071 -0.0117638 -0.05218937 -0.08218832 -0.08059019 -0.05248143 -0.04068558
-0.002633505 -0.01331383 -0.01572072 -0.01819378 0.02356165 0.02593818 0.0195954 -0.006158302 -0.02777852 -0.03008158 -0.03417785 -0.04375859 -0.05773116 -0.04830372 -0.05285845 -0.04631575 -0.3171794 -0.491066 -0.1809482 0.1051851 0.217773 0.2169043 0.1403274 0.06889743 0.008098398 -0.02188729 -0.05085571 -0.02821459 0.003642419 0.03551368 0.05761931 0.03686447 0.01502739 0.006115014 0.008466993 0.0358315 0.039609 0.05683862 0.05208706 0.06545292 0.0512666 0.04377007 0.04220623 0.03150364 0.04680704 0.03687327 0.03178312 0.02623321
-0.0204856 -0.03811727 -0.0229734 -0.03823405 -0.03685251 -0.02924641 -0.03940339 -0.05701634 -0.05401365 -0.0442386 -0.0507552 -0.2290572 -0.3678682 -0.1777855 0.04417296 0.1233404 0.138136 0.1216915 0.08876469 0.06691366 0.02513355 -0.02518347 -0.01120484 -0.01106282 -0.03042497 -0.008780828 -0.007985562 -0.01316822 -0.01162981 -0.02749762 -0.04375437 -0.02492915 -0.02059348 -0.05420604 -0.09853467 -0.1050814 -0.04540974 -0.05261997 -0.04618143 -0.03226361 -0.02628405 -0.01589724 -0.00768256 -0.0317184 -0.02152542 -0.02415432 -0.03747626 -0.0511491
-0.04705025 -0.04262625 -0.04078129 -0.04527475 -0.04937219 -0.06246772 -0.07060967 -0.04151458 -0.0326806 -0.0188718 -0.01557201 -0.01575896 -0.3782546 -0.5424438 -0.2951527 -0.05737746 0.2034812 0.2657235 0.2484996 0.1912646 0.1215633 0.07196115 -0.01555029 -0.03912652 -0.06246472 -0.06272554 -0.07114524 -0.06041507 -0.02725144 -0.03492348 -0.02757203 -0.01707967 -0.01159448 0.0005630664 0.003696807 0.002247044 -0.01947274 -0.01611776 -0.0194482 -0.03514507 -0.04158093 -0.04442338 -0.03945147 -0.02657761 -0.01582735 -0.01329817 0.002255511 0.01494041
-0.04177655 -0.04948127 -0.06746368 -0.06823006 -0.05017331 -0.01938619 -0.01179566 0.006897015 -0.001952655 -0.02363934 -0.3779179 -0.3450699 -0.05866253 0.1613123 0.2462824 0.2364593 0.1707992 0.1300067 0.05221715 0.04276853 -0.0005058219 -0.01068552 -0.009135141 -0.01515133 -0.03313134 -0.02773991 0.02527356 0.05528396 0.06218481 0.04098307 0.02002881 0.02332424 0.01928995 0.06799918 0.07756835 0.0769195 0.0708134 0.07161884 0.05537285 0.04168311 0.03720047 0.007285644 -0.004757024 -0.003083016 0.03474142 0.05291443 0.05326523 0.04740217
0.0334083 0.03543092 0.03569652 0.01054229 0.01039376 0.009580275 0.0002228539 0.0001201589 0.001905016 0.0196553 0.01100465 0.006557675 -0.02074807 -0.2227798 -0.2707761 -0.09366061 0.1026728 0.1485022 0.1466453 0.0449648 0.04631366 -0.00157357 -0.02195876 -0.02881824 -0.04612049 -0.05353185 -0.05448433 -0.04114526 -0.03338793 -0.0273022 -0.03407959 -0.03380431 -0.01507435 0.001980543 -0.007340761 -0.001523778 0.009658774 -0.003776352 -0.026147 -0.03542695 0.003925106 0.009537598 0.006208933 -0.0006657969 0.003636754 0.02725329 0.07566071 0.06478614
0.04753386 0.04515257 0.02862985 0.03391983 0.01241395 0.008862152 0.006062975 0.01365034 0.03957809 0.03916069 0.03189646 0.02889744 0.02257598 0.02235625 0.02596827 0.03031914 0.04031567 0.06120784 -0.2284379 -0.1094235 0.0006141754 0.09711588 0.1165613 0.1131997 0.1012792 0.04255288 0.01044643 -0.008862911 -0.01788172 0.004430186 0.02128345 0.02790745 0.03345714 0.04762243 0.04435503 0.02988381 0.01012554 0.01181204 -0.01346197 -0.01089686 -0.008264219 -5.582232e-05 0.003068537 0.016301 -0.0005764213 -0.009513794 -0.01773664 -0.01879281
-0.02440273 -0.001828579 -0.02232596 -0.02729612 -0.04132365 -0.03559477 -0.01208137 -0.01777771 -0.03309352 -0.01730375 -0.01826309 0.008568939 0.001179887 -0.006943251 -0.2604792 -0.2538535 -0.1243721 0.01732277 0.09284086 0.1270439 0.1178677 0.09073116 0.04727664 0.02604968 0.008382279 -0.01221539 -0.01897374 -0.01764421 -0.03501147 -0.07108861 -0.05636162 -0.0354123 -0.02301993 -0.001932855 0.02972205 0.03855596 0.01218095 0.005241189 -0.01856254 0.002065467 0.01312792 -0.003334034 -0.003833812 -0.02998707 -0.03697426 -0.04976776 -0.01689483 0.007213315
-0.03633762 -0.03326662 -0.02769889 -0.005696035 -0.003205199 -0.04969915 -0.06917867 -0.06776325 -0.04555006 -0.04009478 -0.02383161 -0.009749014 -0.004177018 -0.01337099 -0.0108604 0.01428104 0.02464491 0.02854783 0.01500607 -0.3227831 -0.2313019 -0.07924735 0.03192394 0.0957028 0.1096788 0.07714216 0.04961655 0.03172372 -0.002272707 -0.04106643 -0.0467941 -0.05450191 -0.04518907 -0.01485679 -0.01509724 -0.02577389 -0.04571981 -0.05230812 -0.03673468 -0.05140343 -0.04308752 -0.01828906 0.01640272 0.03396903 0.04392913 0.04859771 0.04959934 0.02925638
-0.04386768 -0.04659811 -0.03253764 -0.02943438 -0.01509279 -0.004011955 0.01351808 -0.001441456 0.02133959 0.01471241 0.00127213 4.678361e-05 0.0253059 0.04057372 -0.1389034 -0.3957984 -0.0991154 0.06142126 0.2260144 0.1796363 0.1374227 0.1047745 0.07553039 0.05027718 0.0511242 0.04253545 0.0482093 0.04347057 0.03693709 0.03722045 0.03905722 0.03326463 0.02155905 0.03271165 0.04765119 0.034314 0.03215394 0.05074084 0.08165457 0.09234042 0.09063146 0.06609081 0.04215748 0.01729018 -0.01045668 0.003927418 0.02024503 0.01180508
3.23777e-05 -0.002725182 -0.001246183 0.005216538 -0.0009158073 0.002616389 0.001543469 0.001448367 -0.2521835 -0.2029197 -0.01455276 0.1085496 0.1342122 0.1152283 0.08181228 0.05478406 0.02181389 0.003890861 0.002352632 -0.0003031584 0.001887658 0.001351836 -0.0002327465 0.005384136 0.006147251 0.009708479 0.01728514 0.01773592 0.01887094 0.01829788 0.01291942 0.004338048 0.004701155 0.01436752 0.01171238 0.01407834 0.01376698 0.00772758 0.006853689 0.0113012 0.01298357 0.01394356 0.0161633 0.01218277 0.01353183 0.003476708 0.001507164 -0.003340803
0.003591585 0.003499516 0.003408519 0.009218607 0.01476002 0.01384396 0.01824161 0.01919203 0.02257829 0.01939626 0.02233748 0.01966884 0.01693893 0.01002676 0.01145694 -0.06950989 -0.4215208 -0.256255 0.1059071 0.2258998 0.2047058 0.1522142 0.06743284 0.009930789 -0.03436397 -0.036481 -0.02600227 -0.01929655 -0.01993935 -0.01250488 -0.008988347 -0.001585493 0.0009868679 0.00514093 0.01132153 0.01103701 0.02334449 0.02301805 0.01987373 0.02236143 0.009815005 0.01559846 0.005723819 0.00262325 0.00332022 0.006711249 -0.004272053 -0.01337468
-0.005020503 -0.004035805 0.000307994 0.002692619 0.004795236 0.003732556 0.002484436 0.006400805 0.006514851 0.009455684 0.00331718 0.00766195 0.005071745 0.006654415 0.004832334 0.005853128 0.001158198 -0.2428647 -0.6422756 -0.525039 -0.2228798 0.2235068 0.3446847 0.370114 0.3125007 0.1911988 0.07299478 0.01027525 -0.02516339 -0.03907336 -0.03624784 -0.03126919 -0.02193728 -0.01512394 0.0006354182 0.008462021 0.01153525 0.01440032 0.01941312 0.01970642 0.01378305 0.007173779 -0.0009250866 -1.011322e-05 -0.0007783223 0.007393586 0.00904693 0.01155375
0.01325853 0.007576388 0.0133295 0.0139661 0.01530204 0.004509609 -0.04597799 -0.6123836 -0.4032594 0.213067 0.2721114 0.17225 0.067697 -0.01009235 -0.05221169 -0.06202261 -0.05498519 -0.04379901 -0.02631667 -0.01269798 -0.004449228 0.004498325 0.007569504 0.009601101 0.01549435 0.01306953 0.009368345 0.01387441 0.0110495 0.01315391 0.00745219 -0.00371921 -0.006883474 -0.01016035 -0.007612115 -0.006918141 0.004429999 0.01119986 0.01875133 0.0226805 0.02079117 0.0178434 0.006752466 0.003685275 -0.003954845 0.002238071 0.001799273 0.006109039
0.01067845 0.01148291 0.01210139 0.01600239 0.0130287 0.01486736 0.008514445 0.006954963 0.01538347 -0.1026295 -0.4910473 -0.04822255 0.3018608 0.2863547 0.1199914 -0.02367879 -0.04481165 -0.02506108 -0.01137231 -0.001917479 0.005908272 0.00843586 0.01366909 0.02804918 0.03060659 0.02143095 0.01621123 0.01488696 0.01918086 0.02056118 0.01646 0.006824224 0.006038479 0.01751471 0.01679235 0.008780533 0.004719551 0.004465073 0.008096653 0.0122275 0.01155707 0.01130924 0.0127005 0.01284665 0.005390668 0.004069842 0.003805804 0.0009644807
0.003886694 0.008817988 0.02049263 0.02557886 0.02237066 0.0404452 0.02412725 0.007020434 -0.003630543 0.0009956314 0.01384052 0.01815881 0.0156491 0.01198734 0.007973918 -0.3003385 -0.3041392 -0.01506036 0.1150791 0.1782625 0.1862765 0.1491526 0.1086446 0.05154473 0.0142966 -0.0177491 -0.0255589 -0.01865606 -0.00731389 0.007126884 0.01018513 0.0129569 0.01841819 0.01692074 0.02211522 0.02500779 0.03066921 0.02629299 0.01257787 0.01064706 -0.003814768 -0.005931625 -0.006072996 -0.008739221 -0.006909175 0.001278707 -0.00211107 0.006057442
0.008864976 0.001434128 0.006189214 0.008106021 0.01755044 0.0177094 0.02153741 0.01846007 0.01032849 0.01550434 0.01164444 0.01195144 -0.2207393 -0.4973208 -0.2244646 0.09350266 0.2272742 0.2808793 0.254279 0.2082082 0.120025 0.03403724 -0.02204446 -0.03943373 -0.0338961 -0.01888063 0.0001296536 0.003739297 0.01183398 0.004671875 0.008766062 0.006454365 -0.006177646 -0.0008824441 0.003224676 0.01180614 0.02445496 0.03087661 0.02204568 -0.002465462 -0.01334207 -0.02328612 -0.01388157 -0.01663434 -0.02078684 -0.01687506 -0.00560328 0.01343033
-0.00560328 0.01343033 0.01344214 0.02904419 0.02570808 0.02183407 0.01797333 0.01086171 0.01385005 0.004418821 0.0002030201 0.003466811 0.006201299 0.001053309 0.002137119 -0.0002296125 -0.3114077 -0.5310222 -0.3189715 0.1805452 0.2667291 0.2612353 0.1985767 0.1221494 0.05063208 -0.006706725 -0.00711623 -0.03618981 -0.04328466 -0.06115986 -0.01824594 0.003984698 -0.007298207 -0.03158836 -0.05235669 -0.04445866 -0.02196876 -0.003886573 -0.01698749 -0.01369327 -0.0106103 -0.005655452 -0.01253803 -0.03299583 -0.02315013 -0.02423156 -0.02332749 -0.02021297
-0.0006683814 -0.005368162 -0.02134789 -0.03398365 -0.0425937 -0.04354035 -0.03755264 -0.02189934 -0.01409497 -0.01706234 -0.02014948 -0.01954072 -0.02077079 -0.02371315 -0.03362141 -0.03750027 -0.04087139 -0.03429071 -0.02498077 -0.01648011 -0.001458449 0.04081273 -0.009697306 -0.0389239 -0.05523635 -0.06317884 -0.04044681 0.007956432 0.02762629 -0.006833002 -0.02319336 -0.04490044 -0.07596418 -0.07462376 -0.04842529 -0.03665606 -0.03869003 -0.03764245 -0.02353159 -0.003605822 0.03310075 0.05654252 0.02452143 0.01824796 0.01790061 -0.007733604 -0.01834356 -0.03295081
-0.01753039 -0.0198312 -0.01038059 -0.01037617 -0.01784359 -0.02010084 -0.01983626 -0.02374501 -0.01581661 -0.005256305 -0.004206696 0.009115475 -0.008743996 -0.03548142 -0.02628022 -0.02810902 -0.01793479 0.03032201 0.02873938 0.01445696 -0.008631233 -0.03571996 -0.0190959 -0.001728481 -0.01099737 -0.01179675 0.04619218 0.009513116 -0.01619144 -0.06392436 -0.03239642 -0.01422548 0.05917376 0.06695276 0.03810148 0.00636331 -0.02815351 -0.05649934 -0.06112062 -0.03109128 -0.0049579 0.04505159 0.03516561 -0.004370996 -0.02348153 -0.03362336 -0.00749235 0.009453184
0.03306326 0.03389269 0.0339986 0.01098982 -0.007936757 0.00952871 0.01489992 0.02282495 0.02700642 0.01690467 0.01829656 0.01571928 0.02185418 0.02276973 0.02740031 0.01383165 -0.006570411 -0.01231659 0.00674043 0.01997797 0.009474856 -0.02127025 -0.0261365 -0.01998729 -0.005876302 0.0007593784 0.0128538 0.05574997 0.02625735 -0.02487335 -0.0292215 0.0244621 -0.009327862 -0.01020834 0.02825818 -0.005248879 -0.03072019 -0.03746234 -0.006632458 -0.02439544 0.008704615 0.0318941 0.02309733 0.02172486 0.006314774 -0.02256347 -0.01566293 0.00674754
-0.005171244 -0.00212719 0.009492508 0.01623587 0.0208333 0.008350129 -0.0211816 -0.0153397 -0.02016337 -0.03232868 -0.01983227 -0.003142493 0.001939222 0.001519746 0.005738679 0.01202424 0.03203717 0.01888548 0.008327259 -0.0006249236 -0.01573343 -0.03315623 0.05306035 0.003450845 -0.05616742 -0.01469659 -0.04403745 0.01964426 0.01682626 0.04076596 -0.002196458 -0.01523536 -0.0370608 -0.06058452 -0.06138967 -0.03794757 -0.02876473 -0.0250376 -0.008187453 -0.00443378 0.002714175 -0.01160621 -0.03673185 -0.03035811 -0.01565606 0.001790061 -0.009584624 -0.02983026
-0.0147572 -0.0315704 -0.03926152 -0.0340136 -0.03157444 -0.02053708 -0.01828903 -0.01517631 -0.01084791 -0.0112767 -0.01515728 -0.01403987 -0.02964745 0.03175273 0.03117618 0.03813972 -0.001316001 -0.08505911 -0.1118441 -0.150301 -0.1178093 0.007630351 0.07531972 0.1026273 0.07027672 -0.002276306 -0.07378735 -0.07911451 -0.07509781 -0.07098471 -0.04860992 -0.02616785 -0.02420999 -0.026686 -0.01683881 -0.009059555 -0.01065386 -0.01306752 -0.005405903 -0.0007962646 0.003214625 0.0005108279 -0.004926763 -0.02745683 -0.04548283 -0.06471016 -0.0480474 -0.02580123
-0.03696128 -0.03462886 -0.0388042 -0.04530493 -0.05329102 -0.06032953 -0.04770244 -0.03294126 -0.03091861 -0.01789288 0.003075359 0.003352247 -0.001818328 -0.003820647 -0.01197743 -0.01933439 -0.02355139 -0.02067826 -0.009793558 -0.01262929 -0.01646302 -0.0284067 -0.03103175 -0.03049717 -0.02855927 -0.01597577 -0.01922522 -0.02040989 -0.01228813 -0.04069849 -0.01542221 -0.1126103 -0.08119724 -0.01228161 -0.02533769 0.03756065 0.01469831 -0.02788861 -0.0676589 0.00338299 0.04669558 0.02814486 -0.02367585 -0.05273493 -0.07040983 -0.08276713 -0.08068681 -0.04754575
-0.02976868 -0.02109752 -0.007378284 0.009570492 0.01972492 -0.001436679 -0.0132105 -0.03428088 -0.03324509 -0.02304428 -0.03438791 -0.03136596 -0.01868506 -0.01996272 -0.01591636 -0.008390457 -0.003830907 -0.01021267 -0.01397488 -0.0142612 -0.01239296 -0.04935636 -0.07825106 -0.111915 -0.1457314 -0.09355847 -0.05279178 -0.05567905 -0.02550348 -0.02255546 -0.02261126 -0.03242183 -0.07147553 -0.0906187 -0.08740177 -0.07537248 -0.07366053 -0.04174107 -0.00986681 0.01934795 -0.001700467 -0.0144752 -0.01069676 0.001030342 -0.007539698 -0.01168004 -0.01714778 -0.02931555
-0.08483039 -0.05932309 -0.03453139 -0.01324103 -0.01686427 -0.018441 -0.02583926 -0.03880635 -0.04773445 -0.04419515 -0.0363606 -0.03586257 -0.04754092 -0.04926363 -0.04083456 -0.03554575 -0.03486707 -0.02558338 -0.09212603 -0.09232391 -0.09143063 -0.07904687 -0.01595303 0.02467716 0.03330778 0.04114985 0.02418914 -0.01893074 -0.05741484 -0.08815186 -0.07014424 -0.04280888 -0.0334897 -0.02126297 -0.03206977 -0.04290596 -0.04302943 -0.03879533 -0.04115958 -0.04846046 -0.0531963 -0.03128548 -0.02022236 -0.01511525 -0.00802815 -0.007279397 -0.007040137 -0.006155398
-0.03427253 -0.02921629 -0.04377278 -0.05882494 -0.06735519 -0.06342565 -0.03070222 -0.03114576 -0.03233255 -0.03946874 -0.03619248 -0.02745358 -0.03610346 -0.04176171 -0.0446838 -0.04370114 -0.03429632 -0.03981713 -0.04987171 -0.05229196 -0.050712 -0.04368859 -0.03323294 -0.04060618 -0.001203274 0.1195388 -0.01227495 -0.06912198 -0.1092444 -0.07019173 -0.08138042 -0.07295956 -0.02076512 0.02164309 -0.002029071 -0.01354473 -0.02686935 -0.05519372 -0.05261104 -0.03733468 -0.02721257 -0.03443633 -0.04690053 -0.05684976 -0.06306035 -0.06774856 -0.05577516 -0.02582364
-0.03959258 -0.0425626 -0.05210948 -0.05074592 -0.0486051 -0.0308739 -0.02588956 -0.02268679 -0.0185302 -0.02776602 -0.03613836 -0.03966387 -0.0343382 -0.02646056 -0.0292676 -0.02016041 -0.02096981 -0.0279049 -0.02839077 -0.01998544 -0.01797603 -0.009938201 -0.01786183 -0.01448392 -0.0140107 -0.01422124 -0.03349702 -0.04057972 -0.01054726 0.01067995 0.00787723 -0.003054672 -0.008572643 -0.008580741 -0.01468512 -0.01485142 -0.02062325 -0.02321057 -0.02230613 -0.01855239 -0.007615803 0.006249683 -0.00454857 -0.01082905 -0.009849243 -0.007407185 -0.003872731 -0.006265194
-0.04057972 -0.01054726 0.01067995 0.00787723 -0.003054672 -0.008572643 -0.008580741 -0.01468512 -0.01485142 -0.02062325 -0.02321057 -0.02230613 -0.01855239 -0.007615803 0.006249683 -0.00454857 -0.01082905 -0.009849243 -0.007407185 -0.003872731 -0.006265194 0.002817892 0.002953658 -0.008390288 -0.01161681 -0.01501055 -0.01418591 -0.01103005 -0.00712823 -0.003259692 -0.01909914 -0.1024456 -0.2367546 -0.2651326 -0.1237462 0.06192453 0.1517688 0.1415291 0.09066261 0.03137255 -0.005640551 -0.03317642 -0.0499492 -0.05785346 -0.06030986 -0.05619943 -0.03661446 -0.02808783
-0.03231856 -0.03473535 -0.03713609 -0.03812179 -0.02820641 -0.012582 -0.009475767 -0.01410821 -0.02726142 -0.03275874 -0.03845752 -0.04106215 -0.03339598 -0.03120223 -0.04091084 -0.03757717 -0.04833236 -0.03059717 -0.007125814 -0.005512181 -0.06665917 -0.07675229 -0.08553705 -0.003758513 0.02765851 0.006428356 -0.004358719 -0.003364041 -0.01070538 -0.02362753 -0.0412236 -0.04369055 -0.05609805 -0.06038694 -0.06157088 -0.05003178 -0.03344442 -0.02342371 -0.01547563 -0.0107753 -0.01038675 -0.01341319 -0.01276682 -0.01437009 -0.01842118 -0.01425679 -0.0104906 -0.009740439
-0.006248929 -0.01119361 -0.01356848 -0.01367617 -0.01189511 -0.01064522 -0.01507128 -0.01557755 -0.01541869 -0.01111486 -0.007763009 -0.001754455 0.0007132597 1.255855e-06 -0.005433321 -0.002492083 -0.003257734 -0.003381854 -0.005464751 -0.008053259 -0.007108932 0.01987738 0.130246 0.1206808 -0.008282853 -0.06219964 -0.1138427 -0.1273429 -0.08694937 -0.04243503 -0.01135647 0.06498262 0.06478138 0.04815327 0.01301036 -0.01248242 -0.01526915 -0.005928519 -0.01056968 -0.01430774 -0.01501908 -0.004138691 -0.00284081 0.00292728 0.001357812 -7.083186e-05 -0.005244977 -0.007726348
-0.02636015 -0.0356608 -0.03669777 -0.02424517 -0.009947722 -0.002558488 0.003857036 0.003874751 -0.005969577 -0.005787338 -0.001893131 0.0008977925 0.006269396 0.001384029 -0.0005863552 0.03339272 0.0172304 -0.02731647 -0.03848624 -0.01289768 -0.0613193 -0.04660041 -0.02826225 0.01386834 0.04651058 0.02174741 -0.002385202 -0.01483462 -0.02748348 -0.03195439 -0.03980609 -0.02914598 -0.02299446 -0.01311719 -0.01875187 -0.01958325 -0.02581572 -0.02490971 -0.01651772 -0.001543453 0.01046017 0.01888281 0.01856161 0.01013965 -0.008806203 -0.02009079 -0.01969779 -0.01453803
-0.008806203 -0.02009079 -0.01969779 -0.01453803 -0.01014451 -0.01056625 -0.007462205 -0.004518958 0.002364728 -0.000324426 -0.0140594 -0.02269457 -0.02606615 -0.02499461 -0.02571062 -0.03467607 -0.03357115 -0.02311018 -0.0200996 0.04486724 0.0498585 -0.04151403 -0.09988772 -0.08245876 -0.09364385 -0.1251275 -0.07832358 -0.03699094 -0.02548235 -0.05992868 -0.05694758 -0.01962355 0.0214185 0.001079213 -0.01040073 -0.0322537 -0.05033054 -0.05967461 -0.04843428 -0.03661091 -0.03132877 -0.05190202 -0.04785374 -0.04240814 -0.0276428 -0.01485171 -0.01776456 -0.03319398
-0.03212804 -0.04038052 -0.04090296 -0.03798395 -0.03128197 -0.02806211 -0.02953005 -0.03162312 -0.03147975 -0.02172213 0.1024674 -0.002690288 -0.05395755 -0.08900931 -0.0772358 -0.06439114 -0.02181099 -0.007985818 -0.01442207 -0.01268436 -0.005271709 -0.004535388 0.0001376355 0.00531685 0.004761108 -0.004410434 -0.01252689 -0.01615896 -0.01775943 -0.02910665 -0.02896038 -0.03189941 -0.02231405 -0.01162253 -0.006314348 -0.01807441 -0.01808464 -0.02870705 -0.0410936 -0.05052501 -0.05635687 -0.05555085 -0.04990926 -0.04245586 -0.04190914 -0.04856301 -0.05806558 -0.04797163
-0.01807441 -0.01808464 -0.02870705 -0.0410936 -0.05052501 -0.05635687 -0.05555085 -0.04990926 -0.04245586 -0.04190914 -0.04856301 -0.05806558 -0.04797163 -0.0437815 -0.04106271 -0.04167026 -0.03697966 -0.03748466 -0.04081194 -0.04154243 -0.04933428 -0.04753246 -0.05584395 -0.03272489 -0.03444405 -0.06697159 -0.1022114 -0.09456691 -0.08770093 -0.04607809 -0.06637346 -0.0128449 0.003161703 -0.02649154 -0.01797116 -0.02326867 -0.040303 -0.05242347 -0.04506462 -0.0438474 -0.04400353 -0.03995892 -0.04350868 -0.0523079 -0.05553522 -0.04908374 -0.04598117 -0.05263416
-0.03777486 -0.03488297 -0.02795107 -0.0214814 -0.02798765 -0.04701977 -0.06723478 -0.05550167 -0.03560595 -0.02020263 -0.02861905 -0.02709078 0.02807722 0.03917818 -0.1031276 -0.122916 -0.1054533 -0.0551114 -0.1266076 -0.05063966 -0.01321437 0.01458039 -0.03651143 -0.06371241 -0.07213265 -0.05299396 -0.05606701 -0.04048929 -0.004000547 0.007958961 -0.02139237 -0.02139723 -0.01625666 -0.009628044 -0.01398929 -0.02741439 -0.03218818 -0.04287982 -0.04398286 -0.04739454 -0.04957001 -0.05170777 -0.05064005 -0.03754375 -0.03795319 -0.03801232 -0.04050752 -0.04063321
-0.05054009 -0.05834334 -0.06385121 -0.06204585 -0.06197381 -0.06436453 -0.05571378 -0.0577395 -0.04813869 -0.04089022 -0.04240088 -0.04321026 -0.03964021 -0.03558021 -0.03410138 -0.03951444 -0.04863836 -0.05493213 -0.06477889 -0.07211433 -0.07526617 -0.02360812 -0.1037512 -0.1477185 -0.04686401 -0.008123958 -0.007778053 -0.03180577 -0.04650511 -0.04779825 -0.04242017 -0.04590818 -0.0485437 -0.05838708 -0.05598979 -0.06632269 -0.07224092 -0.07338718 -0.06395636 -0.07724825 -0.08715186 -0.09598918 -0.08858871 -0.08014272 -0.06399111 -0.06145437 -0.06174346 -0.05227853
-0.0678931 -0.07647347 -0.07525431 -0.08024097 -0.09181733 -0.08736037 -0.0585604 -0.06438122 -0.05947404 -0.03452555 -0.03968713 -0.05613132 -0.06630056 -0.07257213 -0.08296204 -0.1008104 -0.08581504 -0.05504326 -0.05527934 -0.06981584 -0.06297404 -0.03588795 -0.02540369 -0.03784624 -0.06173253 -0.07825993 -0.08739791 -0.08606929 -0.07259894 -0.06373458 -0.05910658 -0.05118394 -0.06750071 -0.07005644 -0.07159147 -0.05990071 -0.04339698 -0.03752746 -0.06465627 -0.07970741 -0.05633827 -0.05693405 -0.0558643 -0.02792332 -0.009666884 -0.02192198 -0.04202121 -0.06731319
-0.06522631 -0.06732825 -0.06278971 -0.05611679 -0.03096531 -0.02018422 -0.03300912 -0.05272571 -0.0402794 -0.007369883 -0.0269285 -0.05345927 -0.05781813 -0.04870539 -0.0447419 -0.05917319 -0.07174122 -0.08426758 -0.01084162 -0.1588656 -0.1512887 -0.1158813 -0.08931738 -0.006249163 0.01419112 0.007994373 0.005549534 -0.0243653 -0.06036596 -0.07222715 -0.07700644 -0.07242753 -0.06517114 -0.08071221 -0.08615572 -0.06849981 -0.05934077 -0.04875704 -0.0513025 -0.05399908 -0.04956089 -0.03745827 -0.02964735 -0.05166751 -0.05683117 -0.02146733 -0.01092634 -0.0494631
-0.03232526 -0.045831 -0.05769433 -0.06281491 -0.05608651 -0.02985638 -0.009967865 -0.001834644 -0.003022331 -0.01242561 -0.03750717 -0.05407159 -0.05674165 -0.05777508 0.03126862 0.01598135 -0.09066074 -0.09906116 -0.08774656 -0.06900097 -0.06152037 -0.04273776 -0.0299481 -0.02494856 -0.02081528 -0.01683348 -0.03536685 -0.04431791 -0.05769766 -0.05532646 -0.04367138 -0.02609021 -0.01644833 -0.01966287 -0.01458607 -0.03027539 -0.02451781 -0.02572963 -0.02050507 -0.03664628 -0.04008096 -0.04322919 -0.04478196 -0.04845216 -0.05022657 -0.05519228 -0.05946406 -0.042827
-0.02572963 -0.02050507 -0.03664628 -0.04008096 -0.04322919 -0.04478196 -0.04845216 -0.05022657 -0.05519228 -0.05946406 -0.042827 -0.0439353 -0.02891616 -0.01994287 -0.01301803 -0.01064541 -0.01668169 -0.03051941 -0.0442927 -0.04338305 -0.007532251 -0.008948963 -0.09967171 -0.1041016 -0.06821677 -0.04289943 -0.03743348 -0.02360874 -0.03824575 -0.004248951 0.005925227 -0.005182099 -0.04998546 -0.05999231 -0.04734221 -0.04134751 -0.03274925 -0.02298495 -0.01792742 -0.02431495 -0.04145474 -0.03839755 -0.0217931 -0.009047721 -0.0293464 -0.04435209 -0.05106428 -0.04625493
-0.03577998 -0.04676877 -0.04418702 -0.0448123 -0.04451825 -0.0473334 -0.04458486 -0.0402111 -0.02938063 -0.02595829 -0.02909879 -0.03335726 -0.01439694 -0.01527465 -0.03444951 0.02267361 0.03102585 -0.04957855 -0.08359941 -0.07188848 -0.0455472 -0.02054792 -0.01030833 -0.0207569 -0.03014868 -0.04048276 -0.04821906 -0.02845868 -0.0211125 -0.04529867 -0.05249745 -0.04025981 -0.04715681 -0.07648021 -0.09331749 -0.09667742 -0.082008 -0.07001674 -0.04666831 -0.03120924 -0.04108764 -0.04290693 -0.04224295 -0.04280434 -0.05817504 -0.06361421 -0.06206843 -0.05935647
-0.06094394 -0.05403749 -0.04746012 -0.03008641 -0.01176856 -0.006104471 -0.03164338 -0.04647998 -0.06345125 -0.0649538 -0.05874689 -0.05883318 -0.06015783 -0.07234681 -0.06649381 -0.1580961 -0.2297827 -0.1601415 -0.1764662 -0.3230638 -0.3041976 -0.1958328 -0.07356525 0.03240284 0.07305878 0.08280152 0.02671021 -0.03231648 -0.05754847 -0.08015043 -0.09595647 -0.09397545 -0.07706862 -0.05489618 -0.03653679 -0.02786181 -0.02297916 -0.009897654 -0.01821085 -0.03152147 -0.04483653 -0.05060017 -0.05091904 -0.04947916 -0.04994896 -0.04444251 -0.0523336 -0.04250978
-0.04250978 -0.03931057 -0.04048235 -0.0495578 -0.07212752 -0.0193905 -0.01217892 -0.01843511 -0.02261498 -0.02635976 -0.02340966 -0.021647 -0.02983817 -0.04145161 -0.05037981 -0.04967681 -0.04761557 -0.05151017 -0.04488007 -0.02943416 -0.01827149 -0.02202241 0.129832 0.262814 0.02752827 -0.2059428 -0.2400118 -0.2081463 -0.1478836 -0.07186303 -0.009298945 0.004364932 -0.01007724 -0.0316778 -0.05208481 -0.07054485 -0.0729163 -0.07247043 -0.07187705 -0.06958365 -0.06578973 -0.07325251 -0.07007873 -0.05921902 -0.05184123 -0.06224344 -0.08315644 -0.09642552
-0.05672378 -0.04932722 -0.03513189 -0.01052204 0.008221278 0.0002710077 -0.02648219 -0.0486317 -0.03768126 -0.02067968 -0.03820587 -0.05371706 -0.03839295 -0.0183793 -0.01841656 0.0699812 0.1487843 -0.03264469 -0.1461448 -0.1604007 -0.1833565 -0.1596203 -0.1108614 -0.02824335 0.02867124 0.07730553 0.07854107 0.03183547 -0.02776717 -0.04533691 -0.0518284 -0.02989594 -0.02467427 -0.01376937 -0.0128186 -0.02404525 -0.03521951 -0.04391355 -0.0437615 -0.03783178 -0.03592702 -0.04271806 -0.04584328 -0.05064537 -0.04897032 -0.04356529 -0.06179376 -0.05911907
-0.02100868 -0.02206048 -0.03022386 -0.1198741 -0.01709365 0.1010057 0.09240235 -0.06503102 -0.1071065 -0.06127772 -0.03256651 -0.02290538 -0.03923351 -0.01497405 -0.0219961 -0.1975963 -0.1788555 0.1511025 0.166769 0.02591627 -0.04768625 -0.05165257 -0.01444125 -0.01342256 0.0009553896 0.0009255841 0.01222958 0.006742607 0.00659066 0.007275546 0.003088701 0.0002787342 0.006888367 0.008952362 0.02944839 0.04937897 0.05563092 0.04360913 0.03751748 0.02518629 0.01106519 0.00037141 0.01015041 0.02469365 0.0311002 0.0367099 0.03842403 0.03941908
0.05563092 0.04360913 0.03751748 0.02518629 0.01106519 0.00037141 0.01015041 0.02469365 0.0311002 0.0367099 0.03842403 0.03941908 0.03053987 0.02108791 0.01315685 0.09573383 0.108898 0.0684827 0.06197508 0.02845913 -0.05201217 -0.04936918 -0.02647811 -0.003202185 0.01443079 0.02217739 0.02759394 0.02751114 0.02114707 0.01591459 0.009479694 0.003786399 -4.803575e-05 -0.0009919622 -0.0006336444 0.00743534 0.01109608 0.01274725 0.01297737 0.01101871 0.006763483 0.004445078 0.00730075 0.005151386 0.006935998 0.003192923 -0.004586121 -0.01180079
0.003192923 -0.004586121 -0.01180079 -0.01882855 -0.02417978 -0.01977076 -0.01584863 -0.01482057 -0.003224613 0.005836318 0.01703268 0.01444085 0.01174748 0.002121848 0.1161631 0.1413212 0.02377689 0.04710798 0.02959974 0.01252662 0.05096213 0.1169912 0.1114436 0.06300233 0.03588347 0.04703743 0.0767732 0.04526969 0.0363845 0.05478105 0.08053403 0.1126897 0.1082734 0.1020036 0.07633437 0.03165264 0.02806167 0.03144376 0.03909554 0.03231959 0.04455936 0.06991719 0.07864807 0.05761573 0.02997576 0.02925629 0.01905556 0.009518052
0.02343031 0.02357252 0.02412641 0.02306088 0.01881801 0.01758162 0.0168266 0.01529746 0.01109098 0.007033722 0.00596768 0.008773064 0.009210284 0.00883082 -0.0474692 -0.1137224 -0.08229189 0.0245625 0.06838521 0.1254754 0.1513119 0.07245833 0.05074064 0.04985525 -0.01337102 -0.07278804 -0.1008522 -0.09506714 -0.06788777 -0.004030315 0.03826624 0.05925563 0.054926 0.05100428 0.03587665 0.03166022 0.01898459 0.01825537 0.01761821 0.02093999 0.01419173 0.02337065 0.02482323 0.0221399 0.03821399 0.03319618 0.02273487 0.02728703
0.02361375 0.01616523 0.01787015 0.01847518 0.02973181 0.0374445 0.03496556 0.02875562 0.0278067 0.0138485 0.01687794 0.02297855 0.02909063 0.03662833 0.03016473 0.02975097 0.03945019 0.05350909 0.07543811 0.1054127 0.09480797 0.1021858 0.08996022 0.04885381 0.1268849 0.1290319 0.1244534 0.1123486 0.1026222 0.09662958 0.09313208 0.09319661 0.07637586 0.07918488 0.08323512 0.06406276 0.05331452 0.06373346 0.06601883 0.07467429 0.07451254 0.06906267 0.06441287 0.06750481 0.05146519 0.03731865 0.04655058 0.04598143
0.02941021 0.02099421 0.02541215 0.02324976 0.0247787 0.0237134 0.01452354 0.01060652 0.004029789 0.01389792 0.02351901 0.02111565 0.01997087 0.01739 0.01588407 0.01868175 0.008848422 0.008083495 0.005407474 0.01328137 0.02487267 0.04792388 0.04797997 0.04594527 0.0371489 0.08410455 0.06437049 -0.02022306 -0.0006380008 0.09860568 0.07091757 0.01396878 -0.01406047 0.007623833 0.0557014 0.07307774 0.07409666 0.06643928 0.04328317 0.02838333 0.03897244 0.03749529 0.04278853 0.03759211 0.03767278 0.05233359 0.0628961 0.05938253
0.0628961 0.05938253 0.04566555 0.0330736 0.03455015 0.04096402 0.0415639 0.03097958 0.0302828 0.03260684 0.02908229 0.03759535 0.04181752 0.04063204 0.03590852 0.04230418 0.05346743 0.05173978 0.06979909 0.04737452 0.07091991 0.1132112 0.03925825 -0.006614031 -0.01644843 0.006813705 0.01299867 0.03670611 0.04312567 0.0405871 0.04687929 0.04484625 0.05236534 0.05131108 0.04413068 0.04773555 0.04529188 0.04454652 0.03230417 0.02508102 0.02646065 0.03045626 0.03943781 0.02871527 0.05172209 0.07399002 0.05296866 0.05015811
0.020266 0.01605939 0.01221023 0.00904416 0.01024025 0.02143885 0.02659845 0.03364951 0.04049066 0.03870256 0.03283333 0.02966062 0.02429678 0.01265853 0.003750438 0.06452535 0.02019359 0.004588005 0.1014275 0.1461925 0.0710581 0.03049803 0.008797569 -0.03232594 -0.04897036 -0.02647388 0.01149731 0.02563357 0.03568225 0.05695226 0.06507573 0.07119331 0.07093858 0.0691634 0.05997126 0.05269398 0.04026012 0.03586023 0.0355971 0.0400559 0.04882967 0.05043684 0.05189657 0.04935111 0.0537086 0.05231569 0.05732628 0.0647753
0.02759708 0.009706182 0.01429248 0.02269909 0.05048853 0.05230992 0.04815349 0.03651253 0.03223696 0.03418873 0.03127622 0.01727613 0.006080667 -0.004196829 0.002860194 0.01934301 0.03901021 0.03469148 0.02484715 -0.01798306 0.02408642 0.1695356 0.08410744 0.04552169 -0.002627041 -0.05224989 -0.09100452 -0.08920847 -0.08338158 -0.05990399 -0.02997979 0.0008571167 0.01802818 0.01953483 0.01225397 0.01493369 0.01857549 0.01253913 -0.01097957 0.00634112 0.003359377 -0.002866618 0.01766009 0.02459991 0.04194324 0.04391083 0.05293527 0.07400269
0.06325221 0.05640618 0.06212465 0.0593812 0.05275995 0.02065529 0.01146164 0.01973301 0.03698739 0.07181977 0.0641211 0.04124939 0.02752963 0.0001558455 -0.006601032 0.001943234 0.02163706 0.1858241 0.2762485 0.09363926 -0.04681282 -0.1070178 -0.1169433 -0.05907371 -0.01021076 0.03744472 0.05345028 0.04597617 0.04390286 0.03724451 0.06030807 0.06191311 0.0584928 0.04373217 0.04787033 0.04715424 0.05317803 0.03387172 0.02824392 0.02877234 0.01980892 0.01665624 0.01085916 0.005850146 0.01003494 0.0382326 0.05914151 0.06292483
0.02234301 0.05399995 0.08768936 0.04763773 0.0258748 0.02441092 0.03119707 0.02163053 -0.007069022 -0.02586855 -0.04187415 -0.04927124 -0.04691107 -0.0311435 -0.0007597248 0.01666079 0.01743219 0.02007213 0.01170732 0.006928362 0.002422434 0.0106515 0.01077733 0.01194136 0.0167211 0.02706319 0.0281703 0.03188989 0.02300322 0.01748118 0.01604613 0.02012742 0.02506644 0.03011498 0.02681613 0.01752279 0.0283589 0.04619987 0.0570354 0.0556086 0.06257299 0.05508118 0.04934957 0.02386834 -0.02541904 -0.06414562 -0.05059005 0.01862325
-0.0321409 -0.03538739 -0.0325255 -0.0312904 -0.03116412 -0.02925855 -0.03005665 -0.0278376 -0.02097608 -0.01759876 -0.01729859 -0.0153276 -0.01400503 -0.0207785 -0.02716616 -0.0281979 -0.02715232 -0.07420266 -0.1285533 -0.1392956 -0.07884045 0.04198878 0.122156 0.0512156 0.01366821 -0.03861465 -0.002351393 0.06819881 0.07818161 0.04967733 0.0309789 0.01654837 0.03783667 0.05470658 0.03918315 0.009401209 -0.009875804 -0.003956506 -0.0005062308 0.01048902 0.0129867 0.002427178 0.006666827 0.01112934 0.005232813 0.004471916 -0.007376587 -0.004951182
-0.01123869 -0.01603772 -0.008006768 -0.008175346 -0.007816869 -0.00734587 -0.01474011 -0.01710934 -0.02223282 -0.02217902 -0.01413999 -0.01085835 -0.006413293 -0.004887834 -0.06462167 -0.08528449 0.03109486 -0.004437105 -0.01717156 0.03559354 0.06026746 0.0252919 0.0402007 0.01877706 0.002074071 0.0239604 0.01058713 0.04919907 0.05088219 0.02449079 0.01733431 0.01383433 0.02337879 0.02629787 0.04732606 0.06029731 0.05337593 0.02958552 -0.001736897 -0.01955725 -0.004349353 0.006928656 0.0178111 0.02547585 0.02710798 0.02354194 0.02357632 0.02357997
0.005900568 0.0189421 0.02923273 0.02355751 0.02976795 0.03402213 0.02994569 0.02206727 0.02022081 0.02637269 0.01996065 0.01621287 0.01597586 0.009007205 0.01226 0.01005027 -0.003083972 -0.0265534 -0.09024755 0.02327688 0.117863 0.1116101 0.03148909 -0.02746745 -0.01922375 0.02201299 0.01135871 -0.002754674 -0.01463554 -0.01185868 -0.00445346 0.03545114 0.0432552 0.02225862 0.01224375 0.03931409 0.04694096 0.05732174 0.02240874 0.005646738 0.01121546 0.03086344 0.03365764 0.02385417 0.02602337 0.01729493 0.003197265 0.004816614
0.06201329 0.0458141 0.04409509 0.04351576 0.05044406 0.04848778 0.04938728 0.05078429 0.03724087 0.03913633 0.03765791 0.04226648 0.04354962 0.05209804 0.09175533 0.2137154 0.06164082 0.07127094 0.04770966 0.0320828 0.001177286 0.0004931559 0.008748828 0.03425365 0.05076602 0.07167941 0.08397205 0.07539283 0.06576453 0.06636107 0.05309585 0.04798615 0.04650663 0.05499534 0.05892417 0.04742549 0.04745186 0.04245864 0.04437615 0.03222225 0.0288224 0.03411256 0.04774806 0.05470513 0.08308322 0.08513474 0.06975304 0.0708387
0.02169316 0.02267842 0.01366975 0.04112219 0.04585406 0.05926967 0.05817628 0.0409543 0.02970156 0.008492295 0.004575873 0.02032921 0.03038995 0.04630329 0.04426602 0.0391594 0.03493848 0.03697486 0.04561128 0.1183403 0.06239589 0.06187214 0.156201 0.1205004 0.04058472 0.0006028829 -0.01903371 -0.01843243 -0.02278931 -0.009117831 0.02673704 0.06450938 0.05594073 0.06368041 0.07938358 0.07505526 0.0320056 0.01498462 0.0001072873 0.001078899 0.001936743 -0.00137644 0.004945258 0.03332011 0.03709024 0.02858827 0.01679347 0.02242319
0.03664562 0.02867237 0.02533538 0.03168004 0.035108 0.04035292 0.03637135 0.02233048 0.005075334 -0.0009650343 -0.0009828131 -0.007729926 0.001568078 0.01321778 0.01467369 -0.0002703816 0.166658 0.1300336 0.1055788 0.06051802 -0.04787035 -0.09762637 -0.09348038 -0.06694613 -0.02681825 0.02107533 0.06595585 0.08711027 0.08026154 0.05668741 0.03742954 0.02420015 0.01933837 0.01088088 0.01498226 0.01352762 0.01924916 0.02525752 0.03010897 0.02647507 0.01924665 0.0141009 0.0249614 0.0199181 0.01436651 0.03294886 0.03609034 0.03405523
0.04553154 0.06020009 0.03762038 0.0762225 0.08951132 0.09314471 0.1016234 0.1162118 0.1132889 0.137246 0.1643821 0.1323942 0.1112968 0.09276083 0.03907257 -0.02715883 0.1108413 0.1345664 0.1340953 0.1168854 0.004724894 -0.138069 -0.146484 -0.1557208 -0.1297431 -0.06799534 0.007325009 0.03891991 0.06334206 0.0766179 0.08506414 0.07172711 0.08705638 0.1015396 0.08065319 0.04984863 0.02369833 0.001239618 -0.01318625 -0.009785403 -0.008015187 -0.0008266713 -0.00290956 0.004950757 0.02231168 0.02876632 0.04153565 0.03878352
-0.02938044 -0.03032635 -0.02455106 -0.0342163 -0.03283874 -0.02653901 -0.02010064 -0.02107191 -0.02289101 -0.04072476 -0.0410923 -0.03986118 -0.04992553 -0.05671532 -0.05550619 -0.06398167 -0.06263195 -0.07431482 -0.06281134 0.02634158 0.107131 0.006186955 -0.1342523 -0.1961599 -0.1746263 -0.09268735 -0.04334601 -0.04772262 -0.01940223 -0.005599701 -0.008501196 -0.05716347 -0.08675795 -0.09732568 -0.07296822 -0.06055037 -0.05867226 -0.03408849 -0.02394573 -0.009998732 0.0114777 0.02930303 0.01402286 0.004413866 -0.01345252 -0.03523057 -0.0429248 -0.04896688
-0.03501161 -0.01633469 -0.009971225 -0.01971702 -0.03126667 -0.05898191 -0.0845091 -0.08292018 -0.06637343 -0.03678353 -0.01174949 0.0002712089 -0.009986454 -0.02571737 -0.0384938 -0.05532722 -0.09028601 -0.1088311 -0.1204728 -0.09675787 0.01485804 0.0409319 0.004809386 -0.1446384 -0.2394851 -0.2048116 -0.1153787 -0.07932562 -0.04363343 -0.03310546 -0.03401092 -0.05796993 -0.05962807 -0.05935849 -0.06959923 -0.0715475 -0.06577061 -0.06218265 -0.05610431 -0.05830018 -0.05877746 -0.0440497 -0.04609017 -0.04790194 -0.06654923 -0.06483681 -0.06345545 -0.04432455
0.005534385 0.01311482 0.01444561 0.01323695 0.0167977 0.01190079 0.01179473 0.01055765 0.01057282 0.001896124 -0.0009835351 -0.003612238 -0.001800757 -0.003317865 0.002367116 0.006250001 0.005527782 0.006404004 0.006616629 0.004175435 -0.003959964 -0.00590783 -0.004748784 -0.009438251 -0.008894726 -0.001558071 0.002507136 0.04520099 0.2173943 0.1918231 0.06491927 -0.07664326 -0.1488992 -0.119958 -0.1886134 -0.1872097 -0.1599801 -0.06528407 -0.03776468 -0.009861792 0.02133159 0.06660911 0.05745184 0.03265937 0.02352135 -0.003643936 -0.01184131 -0.01218124
-0.01450012 -0.01981753 -0.02137268 -0.02616719 -0.03123591 -0.03522518 -0.02761619 -0.02675546 -0.02713767 -0.0287535 -0.0291711 -0.03010349 -0.03151133 -0.02908503 -0.02600568 -0.01819261 0.02506558 0.2922087 0.2409027 0.05671311 -0.1843317 -0.3062038 -0.2697102 -0.1933651 -0.1312323 -0.09178571 -0.03225158 -0.02016492 -0.03087201 -0.0583373 -0.06221217 -0.03633244 -0.04774228 -0.05028983 -0.04848443 -0.04472477 -0.04806292 -0.05162833 -0.05835162 -0.05882402 -0.05199726 -0.04930034 -0.04920746 -0.04023568 -0.03839541 -0.03720029 -0.04310484 -0.03849603
0.007976834 0.01169864 0.00265863 -0.01799735 -0.0160262 0.01305169 0.008755193 0.00140226 0.007663106 0.00943264 0.001032154 -0.009906509 -0.01860047 -0.02438121 -0.02003513 -0.01494755 -0.01917929 -0.02362534 -0.01740358 -0.005432631 -0.004006664 -0.01077626 -0.01802898 -0.003098774 0.1196654 0.09315313 0.117621 -0.07456238 -0.1524988 -0.1135433 -0.08122198 -0.05291764 -0.03062407 0.005968183 0.008697185 0.01677853 0.04772137 0.04336499 0.0518494 0.01702282 0.0005321333 0.004654601 0.02723924 0.04523888 0.05558797 0.05887881 0.05503613 0.03975817
-0.05299539 -0.01020786 -0.008735652 -0.007255584 -0.01806019 -0.0402299 -0.052475 -0.0563222 -0.04628052 -0.03350199 -0.02788452 -0.02781077 -0.02817085 -0.03988608 -0.05214209 -0.0412975 -0.01859148 -0.02949781 -0.03078323 -0.03437239 -0.03035488 -0.02619383 -0.02859433 -0.03119436 0.05542915 0.04666786 0.01921792 -0.03560755 -0.04073568 -0.08066461 -0.1188423 -0.12858 -0.1072204 -0.1207882 -0.1091953 -0.08163965 -0.05904115 -0.03125006 -0.02534994 -0.0180299 -0.02803118 -0.04258931 -0.03928786 -0.0470508 -0.0596282 -0.04602491 -0.03815521 -0.04083179
-0.004680235 -0.01482914 -0.01638682 -0.02412471 -0.03260207 -0.02147452 -0.01397554 -0.001324484 -0.0009246657 0.002205193 0.003376504 -0.007810922 -0.0128586 -0.01055674 -0.0111983 -0.01089442 -0.001663709 -0.0001982654 -0.005633709 -0.008547574 -0.009601956 -0.01255727 -0.01077796 -0.007576872 -0.01131166 -0.01562909 0.04623465 0.09046376 -0.03345782 -0.09470701 -0.1131963 -0.08658328 -0.1070474 -0.07459335 -0.04515732 -0.02107346 -0.003245675 0.003494647 -0.006729443 -0.02008719 -0.02892345 -0.04490117 -0.05460003 -0.05802418 -0.05393701 -0.04361621 -0.04478312 -0.02398079
-0.02351079 -0.01709416 -0.02003096 -0.03279214 -0.03020916 -0.02619475 -0.03853942 -0.04201452 -0.04983991 -0.04473166 -0.02254536 0.01190038 0.02599053 0.02003949 0.01043824 -0.007735562 -0.03389248 -0.04785214 -0.06445928 -0.06592764 -0.06396976 -0.02899334 0.1142093 0.2976783 0.09685999 -0.1796457 -0.2185289 -0.1811411 -0.1557824 -0.12711 -0.09035163 -0.05689574 -0.03310603 -0.04752718 -0.05995397 -0.04354817 -0.04792239 -0.06047062 -0.06874701 -0.06374522 -0.06796964 -0.07097533 -0.06344922 -0.05954786 -0.07383962 -0.07824624 -0.06888817 -0.06525428
-0.03268334 -0.02817771 -0.02508028 -0.02494795 -0.02259717 -0.01719043 -0.02099675 -0.03524555 -0.03460294 -0.0231954 -0.03066653 -0.02948074 -0.02414292 -0.01619444 -0.01058016 0.002899521 0.1872773 0.1026898 0.06491707 -0.05328203 -0.1293701 -0.135929 -0.1131257 -0.131855 -0.09865658 -0.06198815 -0.05346155 -0.02890253 -0.009194638 0.004036061 0.002778739 -0.005233272 -0.01215896 -0.02599554 -0.05254937 -0.06214835 -0.05053908 -0.03735358 -0.02909629 -0.0212193 -0.01757807 -0.02108334 -0.022144 -0.02608628 -0.03456385 -0.03947965 -0.0312766 -0.02164256
-0.009345458 -0.005404901 -0.01342792 -0.01334644 -0.014653 -0.01719791 -0.01920823 -0.02348794 -0.02575069 -0.0156339 -0.007714478 0.013566 0.1893011 0.1186023 0.1977352 -0.03546464 -0.2355553 -0.2229651 -0.1140449 -0.04142177 -0.0180003 -0.0131511 -0.02973741 -0.03860845 -0.05802755 -0.08146942 -0.08084261 -0.07066211 -0.05101894 -0.04028689 -0.03072063 -0.01789491 -0.02304466 -0.02956803 -0.03353221 -0.03349736 -0.02105965 -0.008485598 0.0008444388 0.003528888 0.003848324 0.004541964 0.005179035 0.002797786 0.003681615 0.003845836 -0.0102061 -0.01466575
-0.02097806 -0.02634087 -0.01780115 -0.004878157 -0.000199105 0.003834314 -0.0002076059 -0.01176427 -0.01774294 -0.02340055 -0.02260461 -0.02540123 -0.02232932 -0.01425597 -0.005112005 -0.001311007 0.0004711603 0.2086767 0.08459451 -0.002803615 -0.06879841 -0.1521859 -0.1934086 -0.1709453 -0.1421675 -0.09274805 -0.03864369 -0.004867138 0.01496811 0.02209158 0.01611853 -0.001835956 -0.008612152 -0.0167675 -0.02723288 -0.02589416 -0.02943249 -0.02828399 -0.02854586 -0.02588179 -0.01743149 -0.005290151 -0.008949225 -0.002209975 0.003865602 0.002299007 -0.005053268 -0.003173622
-0.02431721 -0.007495817 -0.00904679 -0.01039636 -0.0109794 -0.0258981 -0.01147242 -0.0144106 -0.009614487 -0.006519439 -0.002659391 -0.004465211 -0.007930893 -0.01333324 0.1330562 0.1114936 0.02109241 -0.05371913 -0.107314 -0.1286269 -0.1058481 -0.09345642 -0.07738896 -0.05814242 -0.05413511 -0.03181732 -0.03174701 -0.02752068 -0.02632339 -0.01447404 -0.01514485 -0.009761017 -0.01454167 -0.01028467 -0.005971028 -0.021769 -0.01881719 -0.007318683 -0.02658114 -0.01908516 -0.01814261 -0.01349872 4.80345e-05 0.01002255 0.002187135 -0.0002197372 -0.008744191 -0.004533131
-0.002589295 -0.004567726 -0.01220777 -0.00770713 0.001690237 -0.00554194 -0.01017681 -0.01168774 -0.01614032 -0.007440204 0.02580254 0.1529164 0.1210819 0.02822672 -0.06792833 -0.1617881 -0.1506713 -0.1145895 -0.08337598 -0.04254228 -0.02151707 -0.0175746 -0.005977578 -0.002352222 -0.0009575366 -0.01082217 -0.02805088 -0.03856569 -0.04978531 -0.06015982 -0.06241827 -0.0688717 -0.06286152 -0.04019617 -0.03766683 -0.0273585 -0.01678482 -0.02607149 -0.03169771 -0.03617381 -0.04057059 -0.03472926 -0.02323781 -0.02204781 -0.01148899 -0.001035627 -0.00849728 -0.03699915
-0.02950343 -0.02048949 -0.01682298 -0.02167952 -0.02130649 -0.0246101 -0.0264332 -0.0262562 -0.03112161 -0.03249737 -0.03273143 -0.03183774 -0.02169756 0.0811596 0.06933418 0.02495562 -0.0455695 -0.1494164 -0.07941119 -0.0408353 -0.0484462 -0.09880246 -0.09735997 -0.08594983 -0.06310558 -0.05051884 -0.0511516 -0.04651168 -0.03094266 -0.02563244 -0.02681577 -0.02760833 -0.02593572 -0.03212319 -0.02909926 -0.03056774 -0.0345924 -0.0283161 -0.03466109 -0.04017274 -0.04471854 -0.03895046 -0.03003359 -0.03526643 -0.03957917 -0.04063522 -0.02453152 -0.02582712
