2140.0 2150.0 2170.0 2170.0 2200.0 2200.0 2220.0 2240.0 2240.0 2260.0 2270.0 2290.0 2310.0 2310.0 2340.0 2380.0 2390.0 2420.0 2420.0 2440.0 2430.0 2450.0 2480.0 2480.0 2500.0 2500.0 2520.0 2540.0 2550.0 2570.0 2570.0 2600.0 2600.0 2620.0 2640.0 2630.0 2650.0 2670.0 2670.0 2690.0 2700.0 2720.0 2720.0 2740.0 2740.0 2760.0 2770.0 2770.0 2790.0 2790.0 2810.0 2830.0 2830.0 2850.0
2830.0 2830.0 2850.0 2850.0 2870.0 2860.0 2880.0 2890.0 2880.0 2900.0 2900.0 2930.0 2950.0 2940.0 2950.0 2950.0 2970.0 2990.0 3000.0 3010.0 3020.0 3030.0 3020.0 3020.0 3020.0 3030.0 3040.0 3040.0 3050.0 3050.0 3070.0 3080.0 3080.0 3090.0 3090.0 3110.0 3110.0 3130.0 3140.0 3150.0 3170.0 3180.0 3190.0 3210.0 3210.0 3220.0 3250.0 3250.0 3270.0 3270.0 3280.0 3290.0 3280.0 3290.0
3270.0 3280.0 3290.0 3280.0 3290.0 3290.0 3300.0 3300.0 3320.0 3340.0 3350.0 3360.0 3370.0 3380.0 3380.0 3390.0 3390.0 3390.0 3400.0 3400.0 3410.0 3410.0 3420.0 3420.0 3430.0 3440.0 3440.0 3460.0 3460.0 3470.0 3480.0 3490.0 3500.0 3500.0 3520.0 3520.0 3530.0 3530.0 3540.0 3550.0 3550.0 3550.0 3550.0 3550.0 3550.0 3540.0 3520.0 3510.0 3500.0 3480.0 3470.0 3460.0 3460.0 3460.0
3480.0 3470.0 3460.0 3460.0 3460.0 3450.0 3450.0 3450.0 3450.0 3450.0 3450.0 3450.0 3440.0 3440.0 3440.0 3440.0 3440.0 3440.0 3440.0 3440.0 3440.0 3440.0 3450.0 3450.0 3450.0 3450.0 3450.0 3460.0 3460.0 3460.0 3460.0 3460.0 3460.0 3460.0 3470.0 3470.0 3470.0 3470.0 3470.0 3480.0 3490.0 3490.0 3500.0 3500.0 3510.0 3510.0 3510.0 3500.0 3500.0 3490.0 3480.0 3480.0 3480.0 3470.0
3480.0 3480.0 3470.0 3480.0 3470.0 3470.0 3470.0 3470.0 3470.0 3470.0 3470.0 3470.0 3460.0 3460.0 3460.0 3460.0 3470.0 3470.0 3480.0 3480.0 3480.0 3490.0 3500.0 3500.0 3510.0 3510.0 3500.0 3500.0 3500.0 3500.0 3500.0 3500.0 3490.0 3480.0 3470.0 3460.0 3460.0 3460.0 3460.0 3460.0 3450.0 3450.0 3450.0 3450.0 3450.0 3440.0 3420.0 3420.0 3410.0 3410.0 3400.0 3400.0 3390.0 3390.0
200.0 200.0 200.0 200.0 200.0 200.0 200.0 210.0 210.0 220.0 220.0 220.0 220.0 220.0 220.0 220.0 220.0 220.0 220.0 220.0 210.0 220.0 230.0 260.0 280.0 300.0 300.0 260.0 200.0 140.0 90.0 60.0 50.0 50.0 50.0 70.0 80.0 90.0 90.0 100.0 100.0 100.0 100.0 100.0 100.0 110.0 110.0 120.0 130.0 140.0 150.0 150.0 170.0 170.0
240.0 240.0 240.0 250.0 250.0 250.0 250.0 250.0 250.0 260.0 260.0 260.0 260.0 260.0 260.0 260.0 260.0 260.0 250.0 250.0 250.0 250.0 240.0 240.0 240.0 240.0 230.0 240.0 260.0 280.0 290.0 280.0 270.0 270.0 270.0 270.0 270.0 270.0 260.0 260.0 250.0 260.0 260.0 250.0 250.0 240.0 240.0 230.0 220.0 220.0 210.0 210.0 200.0 200.0
240.0 230.0 230.0 220.0 220.0 220.0 210.0 220.0 210.0 210.0 210.0 210.0 210.0 210.0 200.0 200.0 200.0 190.0 190.0 190.0 190.0 190.0 190.0 190.0 190.0 180.0 180.0 180.0 190.0 190.0 190.0 190.0 190.0 180.0 180.0 180.0 180.0 180.0 190.0 190.0 190.0 200.0 200.0 200.0 200.0 200.0 200.0 190.0 190.0 190.0 190.0 190.0 200.0 200.0
180.0 170.0 170.0 180.0 180.0 180.0 180.0 180.0 190.0 190.0 200.0 210.0 210.0 220.0 230.0 240.0 250.0 260.0 260.0 260.0 270.0 270.0 280.0 280.0 280.0 280.0 280.0 280.0 270.0 260.0 260.0 270.0 270.0 280.0 280.0 280.0 280.0 280.0 280.0 270.0 270.0 260.0 250.0 250.0 240.0 230.0 230.0 220.0 210.0 200.0 200.0 190.0 190.0 190.0
220.0 220.0 220.0 220.0 220.0 220.0 220.0 220.0 230.0 240.0 240.0 250.0 240.0 240.0 240.0 230.0 230.0 220.0 220.0 220.0 220.0 210.0 210.0 210.0 210.0 210.0 210.0 210.0 210.0 210.0 210.0 220.0 230.0 240.0 240.0 240.0 240.0 240.0 230.0 230.0 220.0 220.0 210.0 200.0 200.0 200.0 200.0 190.0 190.0 180.0 170.0 170.0 170.0 170.0
640.0 640.0 640.0 640.0 630.0 630.0 630.0 630.0 630.0 630.0 630.0 630.0 620.0 610.0 610.0 600.0 590.0 580.0 590.0 600.0 610.0 610.0 610.0 620.0 620.0 620.0 620.0 630.0 640.0 630.0 630.0 620.0 610.0 590.0 580.0 580.0 570.0 560.0 560.0 550.0 540.0 530.0 530.0 530.0 520.0 520.0 520.0 520.0 520.0 520.0 530.0 540.0 540.0 540.0
540.0 540.0 540.0 550.0 550.0 550.0 550.0 550.0 540.0 550.0 550.0 560.0 560.0 560.0 560.0 550.0 550.0 550.0 550.0 550.0 550.0 550.0 560.0 590.0 620.0 660.0 690.0 710.0 710.0 690.0 670.0 670.0 690.0 690.0 690.0 680.0 670.0 660.0 650.0 640.0 620.0 600.0 590.0 580.0 560.0 550.0 540.0 540.0 540.0 540.0 540.0 540.0 530.0 530.0
550.0 560.0 560.0 560.0 560.0 560.0 560.0 570.0 570.0 580.0 580.0 590.0 600.0 600.0 610.0 600.0 600.0 590.0 580.0 580.0 580.0 580.0 580.0 590.0 610.0 630.0 650.0 670.0 680.0 690.0 700.0 730.0 770.0 820.0 850.0 860.0 850.0 830.0 810.0 780.0 760.0 730.0 720.0 700.0 690.0 680.0 670.0 660.0 650.0 650.0 650.0 640.0 630.0 620.0
630.0 630.0 640.0 640.0 640.0 640.0 640.0 640.0 640.0 640.0 640.0 640.0 630.0 630.0 620.0 620.0 620.0 610.0 610.0 610.0 610.0 620.0 630.0 640.0 650.0 650.0 650.0 650.0 660.0 660.0 650.0 640.0 630.0 620.0 610.0 600.0 580.0 570.0 570.0 570.0 560.0 560.0 560.0 570.0 570.0 570.0 570.0 560.0 560.0 550.0 550.0 550.0 550.0 550.0
780.0 790.0 810.0 820.0 830.0 840.0 850.0 850.0 860.0 860.0 860.0 860.0 870.0 870.0 870.0 870.0 870.0 870.0 870.0 870.0 870.0 870.0 870.0 870.0 870.0 880.0 910.0 940.0 950.0 960.0 950.0 920.0 900.0 890.0 890.0 900.0 900.0 900.0 890.0 880.0 860.0 850.0 840.0 830.0 820.0 810.0 800.0 790.0 790.0 780.0 780.0 780.0 780.0 770.0
830.0 830.0 830.0 830.0 830.0 830.0 830.0 830.0 830.0 830.0 830.0 830.0 830.0 820.0 750.0 690.0 630.0 550.0 520.0 500.0 490.0 490.0 500.0 510.0 520.0 530.0 540.0 550.0 570.0 590.0 620.0 630.0 640.0 640.0 650.0 650.0 660.0 660.0 680.0 690.0 700.0 710.0 730.0 750.0 760.0 760.0 770.0 770.0 770.0 770.0 780.0 780.0 780.0 780.0
780.0 780.0 790.0 790.0 800.0 800.0 800.0 800.0 800.0 800.0 800.0 800.0 800.0 800.0 810.0 810.0 820.0 830.0 830.0 830.0 840.0 840.0 840.0 840.0 830.0 830.0 830.0 830.0 830.0 830.0 840.0 850.0 850.0 860.0 860.0 850.0 850.0 840.0 830.0 820.0 810.0 800.0 780.0 770.0 760.0 750.0 740.0 740.0 730.0 730.0 720.0 720.0 730.0 730.0
830.0 830.0 840.0 850.0 850.0 860.0 860.0 850.0 850.0 840.0 830.0 820.0 810.0 800.0 780.0 770.0 760.0 750.0 740.0 740.0 730.0 730.0 720.0 720.0 730.0 730.0 730.0 750.0 790.0 860.0 980.0 1040.0 1090.0 1100.0 1100.0 1090.0 1080.0 1090.0 1100.0 1100.0 1110.0 1110.0 1120.0 1130.0 1140.0 1150.0 1150.0 1160.0 1160.0 1160.0 1160.0 1170.0 1170.0 1160.0
1150.0 1150.0 1150.0 1150.0 1140.0 1140.0 1130.0 1130.0 1130.0 1130.0 1130.0 1130.0 1130.0 1130.0 1130.0 1140.0 1140.0 1140.0 1130.0 1130.0 1130.0 1140.0 1140.0 1130.0 1100.0 1040.0 960.0 900.0 850.0 820.0 810.0 810.0 820.0 830.0 840.0 850.0 860.0 860.0 870.0 880.0 880.0 900.0 900.0 920.0 920.0 940.0 940.0 960.0 970.0 980.0 990.0 1000.0 1010.0 1020.0
1020.0 1020.0 1030.0 1030.0 1030.0 1040.0 1040.0 1040.0 1040.0 1040.0 1040.0 1040.0 1040.0 1040.0 1040.0 1050.0 1050.0 1050.0 1060.0 1060.0 1060.0 1070.0 1070.0 1070.0 1080.0 1090.0 1130.0 1160.0 1170.0 1160.0 1150.0 1140.0 1130.0 1130.0 1120.0 1130.0 1130.0 1130.0 1140.0 1140.0 1140.0 1140.0 1140.0 1150.0 1150.0 1140.0 1140.0 1140.0 1130.0 1130.0 1120.0 1120.0 1110.0 1100.0
1110.0 1120.0 1120.0 1130.0 1130.0 1130.0 1130.0 1130.0 1140.0 1140.0 1140.0 1140.0 1130.0 1130.0 1130.0 1130.0 1130.0 1130.0 1130.0 1130.0 1130.0 1130.0 1130.0 1130.0 1120.0 1120.0 1130.0 1150.0 1170.0 1180.0 1180.0 1180.0 1190.0 1200.0 1210.0 1200.0 1190.0 1180.0 1170.0 1170.0 1170.0 1160.0 1150.0 1140.0 1140.0 1130.0 1120.0 1120.0 1120.0 1120.0 1130.0 1130.0 1140.0 1140.0
1130.0 1120.0 1120.0 1120.0 1120.0 1110.0 1110.0 1100.0 1100.0 1100.0 1090.0 1090.0 1090.0 1090.0 1090.0 1100.0 1100.0 1110.0 1120.0 1120.0 1120.0 1130.0 1120.0 1110.0 1110.0 1110.0 1110.0 1110.0 1110.0 1110.0 1110.0 1120.0 1120.0 1120.0 1120.0 1120.0 1120.0 1110.0 1110.0 1110.0 1110.0 1110.0 1110.0 1100.0 1100.0 1090.0 1090.0 1080.0 1080.0 1080.0 1080.0 1080.0 1080.0 1080.0
1110.0 1110.0 1120.0 1130.0 1130.0 1140.0 1140.0 1150.0 1150.0 1150.0 1150.0 1150.0 1170.0 1190.0 1210.0 1220.0 1220.0 1220.0 1210.0 1200.0 1190.0 1180.0 1170.0 1160.0 1150.0 1150.0 1140.0 1140.0 1130.0 1130.0 1130.0 1140.0 1150.0 1150.0 1160.0 1160.0 1170.0 1170.0 1180.0 1180.0 1180.0 1180.0 1190.0 1190.0 1190.0 1190.0 1180.0 1180.0 1170.0 1170.0 1170.0 1170.0 1160.0 1160.0
1180.0 1180.0 1180.0 1180.0 1190.0 1190.0 1190.0 1190.0 1180.0 1180.0 1170.0 1170.0 1170.0 1170.0 1160.0 1160.0 1150.0 1150.0 1140.0 1140.0 1140.0 1140.0 1140.0 1150.0 1170.0 1210.0 1250.0 1270.0 1260.0 1240.0 1210.0 1200.0 1190.0 1190.0 1190.0 1180.0 1180.0 1170.0 1170.0 1160.0 1150.0 1140.0 1130.0 1130.0 1120.0 1110.0 1100.0 1100.0 1090.0 1090.0 1090.0 1080.0 1070.0 1070.0
1070.0 1070.0 1070.0 1070.0 1070.0 1060.0 1060.0 1060.0 1060.0 1060.0 1060.0 1070.0 1070.0 1080.0 1090.0 1100.0 1100.0 1110.0 1100.0 1100.0 1100.0 1090.0 1090.0 1080.0 1080.0 1080.0 1080.0 1100.0 1120.0 1140.0 1160.0 1160.0 1150.0 1140.0 1120.0 1110.0 1100.0 1090.0 1080.0 1080.0 1070.0 1060.0 1060.0 1050.0 1050.0 1040.0 1040.0 1040.0 1040.0 1040.0 1040.0 1040.0 1030.0 1030.0
1090.0 1100.0 1110.0 1110.0 1120.0 1130.0 1130.0 1140.0 1140.0 1140.0 1140.0 1130.0 1120.0 1120.0 1120.0 1130.0 1130.0 1120.0 1090.0 1040.0 940.0 820.0 680.0 600.0 630.0 680.0 710.0 700.0 690.0 690.0 690.0 690.0 700.0 720.0 740.0 770.0 790.0 810.0 830.0 860.0 880.0 900.0 920.0 940.0 960.0 970.0 990.0 1000.0 1010.0 1020.0 1020.0 1030.0 1030.0 1040.0
1080.0 1080.0 1080.0 1080.0 1080.0 1080.0 1080.0 1080.0 1080.0 1080.0 1080.0 1080.0 1080.0 1080.0 1080.0 1070.0 1070.0 1070.0 1060.0 1060.0 1060.0 1060.0 1050.0 1070.0 1130.0 1150.0 1150.0 1140.0 1130.0 1120.0 1120.0 1110.0 1100.0 1100.0 1110.0 1110.0 1110.0 1110.0 1100.0 1100.0 1090.0 1090.0 1090.0 1090.0 1090.0 1090.0 1090.0 1090.0 1090.0 1080.0 1080.0 1080.0 1080.0 1080.0
1060.0 1070.0 1070.0 1080.0 1090.0 1090.0 1100.0 1100.0 1100.0 1100.0 1090.0 1080.0 1070.0 1070.0 1060.0 1050.0 1040.0 1030.0 1020.0 1000.0 970.0 920.0 890.0 880.0 890.0 900.0 920.0 930.0 940.0 950.0 950.0 950.0 960.0 960.0 950.0 950.0 950.0 960.0 960.0 980.0 990.0 1000.0 1010.0 1010.0 1020.0 1030.0 1040.0 1050.0 1060.0 1070.0 1080.0 1080.0 1090.0 1090.0
1080.0 1090.0 1090.0 1090.0 1090.0 1080.0 1080.0 1090.0 1100.0 1100.0 1100.0 1100.0 1100.0 1100.0 1100.0 1100.0 1100.0 1090.0 1080.0 1080.0 1110.0 1140.0 1180.0 1200.0 1200.0 1190.0 1180.0 1180.0 1170.0 1160.0 1160.0 1140.0 1120.0 1100.0 1090.0 1080.0 1070.0 1060.0 1050.0 1040.0 1030.0 1030.0 1010.0 1010.0 1000.0 1000.0 990.0 980.0 980.0 960.0 960.0 950.0 950.0 950.0
1000.0 1000.0 1000.0 1000.0 1000.0 1010.0 1020.0 1020.0 1030.0 1030.0 1030.0 1030.0 1030.0 1030.0 1030.0 1040.0 1050.0 1060.0 1060.0 1070.0 1070.0 1090.0 1120.0 1150.0 1160.0 1160.0 1140.0 1130.0 1130.0 1140.0 1150.0 1160.0 1170.0 1170.0 1170.0 1170.0 1160.0 1160.0 1160.0 1160.0 1150.0 1150.0 1150.0 1150.0 1150.0 1140.0 1130.0 1120.0 1110.0 1110.0 1100.0 1100.0 1100.0 1100.0
1110.0 1110.0 1110.0 1100.0 1100.0 1090.0 1080.0 1070.0 1060.0 1050.0 1040.0 1030.0 1020.0 1000.0 990.0 980.0 970.0 960.0 960.0 960.0 960.0 960.0 990.0 1000.0 1010.0 1030.0 1030.0 1020.0 1010.0 990.0 980.0 970.0 960.0 950.0 950.0 950.0 950.0 950.0 950.0 960.0 960.0 960.0 960.0 970.0 980.0 980.0 990.0 990.0 1000.0 1000.0 1010.0 1010.0 1010.0 1020.0
1030.0 1030.0 1030.0 1020.0 1020.0 1020.0 1020.0 1020.0 1010.0 1020.0 1030.0 1040.0 1050.0 1070.0 1090.0 1110.0 1150.0 1160.0 1160.0 1160.0 1140.0 1120.0 1110.0 1100.0 1090.0 1090.0 1070.0 1070.0 1050.0 1040.0 1030.0 1030.0 1020.0 1020.0 1010.0 1010.0 1000.0 990.0 980.0 960.0 960.0 960.0 950.0 950.0 950.0 960.0 970.0 980.0 990.0 990.0 1000.0 1000.0 1010.0 1020.0
1020.0 1020.0 1010.0 1010.0 1010.0 1010.0 1000.0 1000.0 990.0 990.0 990.0 980.0 980.0 980.0 970.0 1020.0 1050.0 1070.0 1080.0 1080.0 1060.0 1020.0 980.0 950.0 940.0 940.0 940.0 950.0 950.0 950.0 950.0 950.0 950.0 950.0 950.0 950.0 960.0 960.0 960.0 960.0 960.0 970.0 970.0 970.0 970.0 980.0 970.0 980.0 990.0 1000.0 1000.0 1000.0 1000.0 1000.0
1060.0 1060.0 1060.0 1060.0 1060.0 1060.0 1050.0 1050.0 1040.0 1020.0 1020.0 1010.0 1010.0 1010.0 990.0 990.0 1000.0 1030.0 1070.0 1090.0 1080.0 1060.0 1030.0 1010.0 980.0 960.0 950.0 930.0 920.0 910.0 900.0 900.0 900.0 900.0 910.0 920.0 930.0 940.0 930.0 930.0 920.0 900.0 890.0 870.0 840.0 830.0 810.0 800.0 780.0 770.0 770.0 770.0 770.0 780.0
790.0 800.0 800.0 810.0 810.0 810.0 810.0 820.0 820.0 830.0 830.0 830.0 830.0 830.0 830.0 830.0 830.0 830.0 830.0 830.0 830.0 830.0 830.0 830.0 840.0 840.0 830.0 830.0 830.0 820.0 840.0 820.0 780.0 750.0 730.0 700.0 710.0 710.0 720.0 730.0 750.0 760.0 770.0 780.0 790.0 800.0 800.0 810.0 810.0 820.0 820.0 840.0 860.0 900.0
900.0 910.0 920.0 950.0 940.0 910.0 910.0 920.0 920.0 910.0 890.0 880.0 880.0 880.0 880.0 910.0 960.0 930.0 900.0 870.0 860.0 850.0 840.0 840.0 840.0 860.0 870.0 880.0 880.0 880.0 880.0 880.0 870.0 870.0 870.0 870.0 870.0 870.0 860.0 850.0 850.0 840.0 830.0 820.0 820.0 810.0 810.0 800.0 800.0 790.0 790.0 790.0 780.0 790.0
870.0 860.0 850.0 850.0 840.0 830.0 820.0 820.0 810.0 810.0 800.0 800.0 790.0 790.0 790.0 780.0 790.0 800.0 800.0 790.0 770.0 740.0 700.0 680.0 690.0 700.0 710.0 720.0 730.0 730.0 740.0 740.0 750.0 760.0 760.0 770.0 780.0 780.0 790.0 790.0 790.0 800.0 790.0 790.0 790.0 790.0 790.0 780.0 780.0 780.0 780.0 780.0 780.0 780.0
780.0 780.0 780.0 780.0 780.0 780.0 780.0 780.0 780.0 780.0 790.0 790.0 800.0 800.0 800.0 820.0 830.0 860.0 880.0 880.0 880.0 860.0 820.0 760.0 730.0 720.0 730.0 740.0 760.0 770.0 780.0 800.0 810.0 810.0 810.0 810.0 810.0 810.0 820.0 830.0 830.0 830.0 820.0 820.0 820.0 810.0 810.0 810.0 820.0 830.0 850.0 850.0 840.0 830.0
800.0 810.0 810.0 820.0 820.0 820.0 820.0 820.0 820.0 830.0 830.0 830.0 830.0 840.0 840.0 840.0 850.0 870.0 890.0 900.0 910.0 910.0 920.0 920.0 930.0 930.0 930.0 920.0 920.0 910.0 910.0 900.0 900.0 890.0 880.0 870.0 860.0 850.0 850.0 850.0 840.0 840.0 830.0 820.0 820.0 810.0 800.0 800.0 800.0 790.0 790.0 790.0 780.0 770.0
750.0 750.0 750.0 750.0 750.0 750.0 750.0 740.0 740.0 740.0 740.0 740.0 740.0 750.0 750.0 760.0 760.0 760.0 760.0 770.0 780.0 780.0 780.0 770.0 740.0 710.0 670.0 620.0 580.0 570.0 590.0 610.0 630.0 640.0 660.0 660.0 670.0 680.0 680.0 690.0 700.0 700.0 710.0 710.0 720.0 720.0 730.0 740.0 750.0 760.0 760.0 770.0 790.0 780.0
910.0 920.0 930.0 930.0 940.0 940.0 940.0 940.0 950.0 950.0 960.0 960.0 960.0 970.0 970.0 970.0 970.0 970.0 970.0 980.0 980.0 980.0 990.0 990.0 990.0 990.0 1000.0 1040.0 1080.0 1100.0 1120.0 1110.0 1100.0 1080.0 1070.0 1070.0 1070.0 1070.0 1060.0 1060.0 1060.0 1040.0 1030.0 1020.0 1020.0 1020.0 1010.0 1000.0 1000.0 990.0 970.0 960.0 960.0 950.0
1000.0 1000.0 990.0 970.0 960.0 960.0 950.0 950.0 960.0 960.0 970.0 970.0 980.0 990.0 990.0 1000.0 1010.0 1020.0 1020.0 1030.0 1060.0 1090.0 1120.0 1110.0 1080.0 1060.0 1050.0 1050.0 1050.0 1050.0 1040.0 1030.0 1020.0 1010.0 1000.0 990.0 980.0 980.0 980.0 980.0 980.0 980.0 980.0 990.0 1000.0 1000.0 990.0 990.0 980.0 970.0 960.0 950.0 950.0 950.0
960.0 960.0 960.0 960.0 960.0 960.0 960.0 960.0 960.0 960.0 960.0 960.0 960.0 960.0 960.0 960.0 970.0 970.0 970.0 960.0 950.0 940.0 930.0 930.0 930.0 920.0 920.0 920.0 920.0 910.0 910.0 910.0 900.0 900.0 910.0 920.0 920.0 930.0 930.0 930.0 930.0 930.0 930.0 930.0 950.0 990.0 1050.0 1120.0 1190.0 1290.0 1330.0 1350.0 1350.0 1350.0
1410.0 1410.0 1400.0 1400.0 1400.0 1390.0 1390.0 1390.0 1390.0 1390.0 1380.0 1380.0 1380.0 1370.0 1370.0 1390.0 1410.0 1440.0 1480.0 1490.0 1490.0 1480.0 1450.0 1430.0 1410.0 1410.0 1410.0 1410.0 1410.0 1410.0 1410.0 1400.0 1400.0 1390.0 1390.0 1390.0 1390.0 1390.0 1390.0 1390.0 1390.0 1400.0 1400.0 1400.0 1400.0 1400.0 1410.0 1420.0 1430.0 1440.0 1450.0 1450.0 1450.0 1450.0
1350.0 1340.0 1340.0 1330.0 1330.0 1320.0 1320.0 1310.0 1300.0 1300.0 1290.0 1290.0 1290.0 1290.0 1290.0 1290.0 1280.0 1280.0 1270.0 1260.0 1260.0 1300.0 1340.0 1360.0 1360.0 1340.0 1310.0 1290.0 1290.0 1300.0 1320.0 1330.0 1340.0 1340.0 1350.0 1350.0 1360.0 1370.0 1380.0 1390.0 1400.0 1420.0 1430.0 1430.0 1430.0 1430.0 1420.0 1410.0 1400.0 1380.0 1370.0 1350.0 1340.0 1320.0
1350.0 1360.0 1360.0 1360.0 1350.0 1340.0 1340.0 1340.0 1340.0 1330.0 1330.0 1330.0 1330.0 1340.0 1340.0 1350.0 1340.0 1350.0 1370.0 1360.0 1350.0 1340.0 1320.0 1320.0 1310.0 1300.0 1290.0 1280.0 1280.0 1270.0 1270.0 1270.0 1280.0 1280.0 1290.0 1300.0 1300.0 1310.0 1310.0 1310.0 1310.0 1310.0 1310.0 1310.0 1310.0 1310.0 1320.0 1320.0 1320.0 1330.0 1330.0 1330.0 1330.0 1330.0
2060.0 2060.0 2080.0 2100.0 2110.0 2130.0 2130.0 2150.0 2150.0 2170.0 2170.0 2190.0 2210.0 2210.0 2230.0 2230.0 2240.0 2240.0 2250.0 2270.0 2270.0 2290.0 2320.0 2350.0 2390.0 2400.0 2400.0 2380.0 2360.0 2350.0 2340.0 2340.0 2340.0 2340.0 2340.0 2340.0 2330.0 2330.0 2340.0 2330.0 2330.0 2330.0 2330.0 2330.0 2340.0 2340.0 2340.0 2340.0 2340.0 2350.0 2350.0 2340.0 2340.0 2320.0
2910.0 2910.0 2910.0 2910.0 2910.0 2910.0 2910.0 2910.0 2910.0 2910.0 2910.0 2920.0 2920.0 2920.0 2920.0 2920.0 2920.0 2930.0 2930.0 2950.0 2970.0 2990.0 3000.0 2990.0 2990.0 2970.0 2950.0 2950.0 2960.0 2950.0 2950.0 2940.0 2930.0 2930.0 2920.0 2920.0 2910.0 2910.0 2910.0 2910.0 2910.0 2900.0 2900.0 2890.0 2890.0 2890.0 2880.0 2880.0 2880.0 2880.0 2870.0 2870.0 2870.0 2860.0
2940.0 2940.0 2940.0 2940.0 2940.0 2930.0 2930.0 2930.0 2920.0 2920.0 2920.0 2920.0 2920.0 2920.0 2920.0 2950.0 2970.0 2990.0 3000.0 3010.0 3000.0 2980.0 2960.0 2950.0 2920.0 2910.0 2910.0 2900.0 2910.0 2920.0 2920.0 2920.0 2920.0 2920.0 2920.0 2920.0 2920.0 2910.0 2910.0 2910.0 2910.0 2910.0 2910.0 2910.0 2920.0 2920.0 2920.0 2920.0 2920.0 2910.0 2910.0 2900.0 2900.0 2900.0
2900.0 2890.0 2890.0 2880.0 2880.0 2870.0 2870.0 2860.0 2860.0 2860.0 2860.0 2870.0 2870.0 2870.0 2880.0 2880.0 2880.0 2880.0 2900.0 2960.0 3000.0 3000.0 2970.0 2940.0 2920.0 2900.0 2890.0 2880.0 2880.0 2870.0 2860.0 2850.0 2850.0 2860.0 2860.0 2870.0 2870.0 2870.0 2860.0 2860.0 2860.0 2870.0 2870.0 2880.0 2890.0 2890.0 2880.0 2880.0 2890.0 2890.0 2890.0 2900.0 2900.0 2900.0
2870.0 2860.0 2850.0 2840.0 2840.0 2840.0 2840.0 2840.0 2840.0 2850.0 2850.0 2860.0 2860.0 2870.0 2870.0 2870.0 2890.0 2890.0 2870.0 2830.0 2790.0 2770.0 2770.0 2780.0 2800.0 2820.0 2840.0 2860.0 2870.0 2880.0 2890.0 2900.0 2900.0 2900.0 2900.0 2910.0 2910.0 2920.0 2920.0 2920.0 2920.0 2920.0 2930.0 2930.0 2940.0 2950.0 2950.0 2950.0 2960.0 2970.0 2970.0 2970.0 2970.0 2960.0
2900.0 2900.0 2900.0 2910.0 2910.0 2910.0 2910.0 2910.0 2900.0 2900.0 2890.0 2900.0 2900.0 2910.0 2910.0 2910.0 2910.0 2910.0 2900.0 2900.0 2940.0 2990.0 3020.0 3030.0 3040.0 3020.0 3010.0 3000.0 2980.0 2980.0 2970.0 2970.0 2970.0 2960.0 2960.0 2950.0 2940.0 2930.0 2930.0 2930.0 2920.0 2920.0 2930.0 2930.0 2940.0 2940.0 2940.0 2950.0 2950.0 2950.0 2960.0 2970.0 2980.0 2990.0
3220.0 3230.0 3240.0 3240.0 3250.0 3260.0 3270.0 3280.0 3280.0 3280.0 3280.0 3300.0 3300.0 3320.0 3340.0 3350.0 3380.0 3430.0 3470.0 3490.0 3500.0 3480.0 3460.0 3440.0 3430.0 3420.0 3420.0 3420.0 3420.0 3410.0 3400.0 3390.0 3370.0 3360.0 3370.0 3360.0 3360.0 3350.0 3360.0 3370.0 3370.0 3370.0 3370.0 3380.0 3390.0 3390.0 3400.0 3410.0 3410.0 3430.0 3430.0 3430.0 3430.0 3440.0
3560.0 3570.0 3580.0 3580.0 3600.0 3590.0 3600.0 3610.0 3610.0 3610.0 3620.0 3620.0 3620.0 3620.0 3630.0 3640.0 3640.0 3650.0 3650.0 3670.0 3710.0 3750.0 3770.0 3780.0 3740.0 3670.0 3580.0 3520.0 3470.0 3450.0 3460.0 3480.0 3490.0 3500.0 3510.0 3520.0 3520.0 3520.0 3520.0 3520.0 3530.0 3530.0 3540.0 3540.0 3540.0 3550.0 3550.0 3550.0 3560.0 3560.0 3570.0 3570.0 3580.0 3580.0
4620.0 4640.0 4660.0 4660.0 4650.0 4640.0 4630.0 4620.0 4620.0 4620.0 4620.0 4630.0 4630.0 4640.0 4640.0 4650.0 4660.0 4700.0 4740.0 4790.0 4810.0 4820.0 4810.0 4800.0 4780.0 4770.0 4760.0 4750.0 4730.0 4710.0 4690.0 4680.0 4680.0 4680.0 4680.0 4690.0 4690.0 4700.0 4700.0 4690.0 4700.0 4700.0 4700.0 4710.0 4710.0 4720.0 4720.0 4720.0 4710.0 4700.0 4690.0 4690.0 4680.0 4680.0
2400.0 2400.0 2410.0 2410.0 2400.0 2400.0 2400.0 2400.0 2410.0 2400.0 2410.0 2410.0 2410.0 2420.0 2420.0 2420.0 2420.0 2430.0 2430.0 2430.0 2440.0 2460.0 2480.0 2500.0 2510.0 2500.0 2470.0 2450.0 2440.0 2420.0 2420.0 2410.0 2400.0 2400.0 2390.0 2390.0 2390.0 2390.0 2390.0 2390.0 2390.0 2390.0 2390.0 2390.0 2390.0 2390.0 2400.0 2410.0 2420.0 2420.0 2420.0 2420.0 2420.0 2420.0
2570.0 2570.0 2570.0 2570.0 2570.0 2560.0 2550.0 2550.0 2550.0 2560.0 2560.0 2560.0 2550.0 2550.0 2550.0 2540.0 2540.0 2540.0 2530.0 2530.0 2530.0 2520.0 2520.0 2530.0 2560.0 2560.0 2560.0 2550.0 2540.0 2530.0 2530.0 2530.0 2540.0 2540.0 2540.0 2550.0 2550.0 2550.0 2550.0 2550.0 2550.0 2550.0 2550.0 2550.0 2550.0 2550.0 2550.0 2550.0 2550.0 2550.0 2540.0 2540.0 2540.0 2540.0
2520.0 2520.0 2520.0 2510.0 2510.0 2510.0 2500.0 2500.0 2490.0 2490.0 2480.0 2480.0 2480.0 2480.0 2480.0 2490.0 2490.0 2490.0 2500.0 2500.0 2510.0 2510.0 2520.0 2520.0 2520.0 2530.0 2530.0 2530.0 2540.0 2550.0 2560.0 2570.0 2600.0 2620.0 2630.0 2630.0 2610.0 2580.0 2570.0 2580.0 2590.0 2590.0 2590.0 2590.0 2590.0 2590.0 2580.0 2580.0 2570.0 2570.0 2560.0 2560.0 2560.0 2560.0
2540.0 2540.0 2540.0 2540.0 2540.0 2540.0 2530.0 2530.0 2530.0 2530.0 2530.0 2530.0 2530.0 2530.0 2520.0 2520.0 2520.0 2530.0 2550.0 2560.0 2560.0 2550.0 2550.0 2540.0 2540.0 2530.0 2530.0 2530.0 2530.0 2540.0 2540.0 2540.0 2530.0 2540.0 2550.0 2560.0 2570.0 2570.0 2570.0 2570.0 2570.0 2570.0 2560.0 2560.0 2550.0 2550.0 2550.0 2550.0 2560.0 2560.0 2560.0 2560.0 2560.0 2560.0
2900.0 2900.0 2920.0 2920.0 2930.0 2940.0 2940.0 2950.0 2960.0 2960.0 2970.0 2980.0 2980.0 2990.0 3000.0 3000.0 3010.0 3030.0 3040.0 3040.0 3060.0 3080.0 3080.0 3090.0 3100.0 3100.0 3130.0 3150.0 3180.0 3220.0 3250.0 3260.0 3260.0 3230.0 3230.0 3230.0 3230.0 3230.0 3240.0 3230.0 3240.0 3230.0 3230.0 3230.0 3220.0 3220.0 3210.0 3210.0 3210.0 3210.0 3200.0 3210.0 3200.0 3210.0
4040.0 4050.0 4060.0 4070.0 4070.0 4080.0 4090.0 4100.0 4110.0 4120.0 4120.0 4120.0 4120.0 4120.0 4120.0 4120.0 4120.0 4130.0 4130.0 4130.0 4120.0 4120.0 4110.0 4100.0 4100.0 4120.0 4130.0 4140.0 4140.0 4130.0 4120.0 4120.0 4120.0 4120.0 4130.0 4140.0 4150.0 4150.0 4150.0 4150.0 4150.0 4160.0 4160.0 4160.0 4170.0 4170.0 4170.0 4180.0 4180.0 4180.0 4180.0 4180.0 4180.0 4180.0
4210.0 4230.0 4230.0 4250.0 4270.0 4270.0 4290.0 4300.0 4310.0 4300.0 4310.0 4320.0 4320.0 4320.0 4320.0 4330.0 4330.0 4340.0 4340.0 4340.0 4340.0 4340.0 4340.0 4330.0 4320.0 4320.0 4310.0 4310.0 4320.0 4330.0 4350.0 4360.0 4350.0 4350.0 4340.0 4340.0 4330.0 4330.0 4330.0 4330.0 4340.0 4340.0 4340.0 4350.0 4350.0 4350.0 4360.0 4360.0 4360.0 4370.0 4370.0 4370.0 4380.0 4380.0
4960.0 4950.0 4950.0 4950.0 4940.0 4940.0 4940.0 4950.0 4960.0 4970.0 4980.0 4970.0 4980.0 4980.0 4990.0 5000.0 5000.0 5010.0 5020.0 5020.0 5030.0 5030.0 5040.0 5070.0 5150.0 5200.0 5210.0 5190.0 5140.0 5100.0 5070.0 5060.0 5070.0 5080.0 5100.0 5110.0 5130.0 5140.0 5150.0 5150.0 5160.0 5160.0 5160.0 5160.0 5160.0 5160.0 5150.0 5150.0 5150.0 5150.0 5150.0 5150.0 5150.0 5150.0
5120.0 5100.0 5100.0 5090.0 5080.0 5070.0 5060.0 5060.0 5050.0 5050.0 5040.0 5040.0 5040.0 5050.0 5050.0 5050.0 5070.0 5090.0 5100.0 5100.0 5080.0 5070.0 5060.0 5060.0 5050.0 5050.0 5050.0 5050.0 5060.0 5060.0 5070.0 5070.0 5070.0 5080.0 5080.0 5080.0 5090.0 5090.0 5100.0 5100.0 5110.0 5110.0 5110.0 5120.0 5120.0 5130.0 5130.0 5130.0 5130.0 5120.0 5120.0 5120.0 5120.0 5120.0
9650.0 9640.0 9650.0 9640.0 9650.0 9660.0 9660.0 9670.0 9670.0 9690.0 9710.0 9730.0 9740.0 9760.0 9780.0 9800.0 9820.0 9830.0 9830.0 9830.0 9830.0 9840.0 9850.0 9860.0 9870.0 9870.0 9880.0 9870.0 9880.0 9890.0 9900.0 9900.0 9900.0 9900.0 9910.0 9910.0 9920.0 9920.0 9940.0 9950.0 9960.0 9970.0 9980.0 9980.0 10000.0 10000.0 10010.0 10020.0 10020.0 10020.0 10030.0 10030.0 10040.0 10040.0
10070.0 10090.0 10100.0 10090.0 10100.0 10100.0 10110.0 10110.0 10130.0 10140.0 10140.0 10160.0 10170.0 10180.0 10200.0 10200.0 10220.0 10220.0 10230.0 10250.0 10250.0 10260.0 10260.0 10230.0 10210.0 10180.0 10190.0 10190.0 10180.0 10180.0 10180.0 10180.0 10190.0 10190.0 10190.0 10190.0 10190.0 10200.0 10200.0 10210.0 10220.0 10230.0 10220.0 10220.0 10230.0 10250.0 10260.0 10270.0 10290.0 10290.0 10300.0 10300.0 10300.0 10300.0
10750.0 10760.0 10770.0 10780.0 10780.0 10780.0 10780.0 10780.0 10790.0 10800.0 10800.0 10810.0 10820.0 10820.0 10820.0 10820.0 10830.0 10830.0 10820.0 10840.0 10820.0 10770.0 10700.0 10670.0 10670.0 10680.0 10690.0 10700.0 10690.0 10690.0 10680.0 10680.0 10680.0 10690.0 10690.0 10690.0 10690.0 10690.0 10690.0 10690.0 10690.0 10690.0 10690.0 10700.0 10710.0 10720.0 10720.0 10730.0 10730.0 10730.0 10730.0 10730.0 10720.0 10720.0
10550.0 10550.0 10560.0 10560.0 10550.0 10540.0 10550.0 10560.0 10570.0 10580.0 10580.0 10580.0 10590.0 10590.0 10610.0 10620.0 10630.0 10670.0 10690.0 10700.0 10690.0 10690.0 10670.0 10670.0 10670.0 10680.0 10690.0 10700.0 10730.0 10740.0 10750.0 10770.0 10800.0 10810.0 10810.0 10830.0 10840.0 10860.0 10880.0 10900.0 10900.0 10910.0 10910.0 10910.0 10910.0 10930.0 10940.0 10940.0 10960.0 10970.0 10970.0 10980.0 10990.0 11010.0
11140.0 11150.0 11150.0 11160.0 11170.0 11160.0 11160.0 11160.0 11160.0 11160.0 11170.0 11170.0 11190.0 11210.0 11230.0 11240.0 11240.0 11240.0 11240.0 11240.0 11240.0 11240.0 11240.0 11240.0 11240.0 11240.0 11230.0 11230.0 11220.0 11210.0 11210.0 11210.0 11210.0 11210.0 11210.0 11220.0 11220.0 11220.0 11210.0 11210.0 11210.0 11210.0 11200.0 11200.0 11190.0 11190.0 11180.0 11170.0 11160.0 11150.0 11140.0 11130.0 11120.0 11100.0
11080.0 11050.0 11040.0 11030.0 11040.0 11040.0 11050.0 11050.0 11040.0 11020.0 11010.0 11010.0 11010.0 11010.0 11020.0 11010.0 11020.0 11010.0 10990.0 10970.0 10960.0 10960.0 10960.0 10960.0 10960.0 10950.0 10960.0 10960.0 10960.0 10960.0 10970.0 10990.0 11020.0 11040.0 11080.0 11120.0 11140.0 11160.0 11200.0 11240.0 11280.0 11300.0 11330.0 11350.0 11360.0 11370.0 11390.0 11400.0 11400.0 11400.0 11400.0 11400.0 11410.0 11400.0
12560.0 12620.0 12690.0 12730.0 12770.0 12790.0 12800.0 12780.0 12740.0 12650.0 12540.0 12430.0 12280.0 12160.0 12030.0 11880.0 11760.0 11730.0 11770.0 11790.0 11810.0 11810.0 11800.0 11800.0 11810.0 11810.0 11820.0 11840.0 11870.0 11910.0 11930.0 11960.0 11990.0 12020.0 12040.0 12080.0 12110.0 12140.0 12200.0 12220.0 12250.0 12290.0 12310.0 12340.0 12360.0 12380.0 12400.0 12410.0 12410.0 12410.0 12410.0 12410.0 12420.0 12420.0
6050.0 6050.0 6060.0 6060.0 6060.0 6070.0 6070.0 6070.0 6070.0 6070.0 6070.0 6070.0 6060.0 6060.0 6060.0 6050.0 6050.0 6060.0 6070.0 6070.0 6030.0 5990.0 5970.0 5970.0 5960.0 5950.0 5940.0 5930.0 5930.0 5940.0 5940.0 5950.0 5960.0 5960.0 5970.0 5970.0 5980.0 5990.0 5990.0 6000.0 6010.0 6020.0 6030.0 6040.0 6050.0 6060.0 6060.0 6060.0 6070.0 6070.0 6070.0 6080.0 6080.0 6090.0
6100.0 6100.0 6090.0 6090.0 6090.0 6090.0 6090.0 6090.0 6090.0 6090.0 6080.0 6080.0 6070.0 6070.0 6070.0 6070.0 6060.0 6060.0 6070.0 6050.0 6050.0 6070.0 6080.0 6070.0 6070.0 6060.0 6050.0 6050.0 6040.0 6040.0 6040.0 6050.0 6050.0 6050.0 6050.0 6050.0 6060.0 6060.0 6070.0 6070.0 6070.0 6070.0 6080.0 6100.0 6110.0 6120.0 6130.0 6130.0 6120.0 6120.0 6120.0 6110.0 6100.0 6090.0
6080.0 6080.0 6070.0 6070.0 6070.0 6070.0 6070.0 6070.0 6070.0 6060.0 6060.0 6060.0 6050.0 6050.0 6050.0 6040.0 6040.0 6040.0 6040.0 6050.0 6050.0 6040.0 6040.0 6060.0 6060.0 6060.0 6060.0 6050.0 6050.0 6040.0 6040.0 6030.0 6020.0 6020.0 6020.0 6020.0 6020.0 6020.0 6020.0 6010.0 6010.0 6010.0 6000.0 6000.0 6000.0 6010.0 6010.0 6020.0 6020.0 6020.0 6020.0 6030.0 6030.0 6040.0
7700.0 7730.0 7760.0 7770.0 7790.0 7810.0 7810.0 7810.0 7800.0 7790.0 7790.0 7790.0 7790.0 7810.0 7810.0 7820.0 7820.0 7820.0 7820.0 7820.0 7820.0 7830.0 7830.0 7820.0 7820.0 7830.0 7830.0 7830.0 7840.0 7850.0 7850.0 7860.0 7870.0 7870.0 7860.0 7860.0 7860.0 7860.0 7860.0 7850.0 7840.0 7830.0 7830.0 7820.0 7820.0 7810.0 7810.0 7810.0 7810.0 7820.0 7830.0 7830.0 7840.0 7860.0
6430.0 6420.0 6420.0 6420.0 6420.0 6420.0 6430.0 6440.0 6450.0 6450.0 6440.0 6440.0 6450.0 6440.0 6460.0 6470.0 6480.0 6500.0 6530.0 6530.0 6540.0 6540.0 6540.0 6550.0 6550.0 6560.0 6580.0 6580.0 6590.0 6600.0 6610.0 6610.0 6620.0 6630.0 6640.0 6650.0 6660.0 6660.0 6670.0 6690.0 6710.0 6710.0 6710.0 6700.0 6700.0 6710.0 6730.0 6740.0 6760.0 6760.0 6770.0 6780.0 6780.0 6790.0
7830.0 7830.0 7830.0 7830.0 7830.0 7830.0 7820.0 7820.0 7820.0 7810.0 7810.0 7800.0 7790.0 7780.0 7770.0 7770.0 7760.0 7770.0 7780.0 7780.0 7810.0 7820.0 7810.0 7820.0 7820.0 7810.0 7790.0 7780.0 7770.0 7770.0 7770.0 7780.0 7780.0 7790.0 7800.0 7800.0 7810.0 7800.0 7800.0 7800.0 7810.0 7820.0 7820.0 7820.0 7820.0 7810.0 7810.0 7810.0 7810.0 7800.0 7780.0 7770.0 7770.0 7770.0
7780.0 7790.0 7800.0 7800.0 7800.0 7800.0 7800.0 7800.0 7800.0 7800.0 7810.0 7820.0 7840.0 7850.0 7840.0 7840.0 7840.0 7830.0 7830.0 7810.0 7810.0 7800.0 7790.0 7790.0 7790.0 7790.0 7800.0 7810.0 7810.0 7810.0 7810.0 7800.0 7810.0 7810.0 7800.0 7790.0 7780.0 7780.0 7780.0 7790.0 7790.0 7800.0 7810.0 7810.0 7810.0 7800.0 7790.0 7770.0 7760.0 7770.0 7780.0 7800.0 7830.0 7840.0
7850.0 7850.0 7840.0 7840.0 7830.0 7810.0 7790.0 7790.0 7790.0 7800.0 7800.0 7800.0 7790.0 7790.0 7760.0 7720.0 7660.0 7620.0 7590.0 7540.0 7530.0 7540.0 7560.0 7580.0 7600.0 7600.0 7610.0 7610.0 7620.0 7620.0 7620.0 7620.0 7630.0 7640.0 7650.0 7670.0 7680.0 7680.0 7690.0 7690.0 7700.0 7710.0 7720.0 7730.0 7740.0 7740.0 7740.0 7730.0 7720.0 7710.0 7710.0 7700.0 7700.0 7710.0
7710.0 7700.0 7690.0 7690.0 7690.0 7690.0 7690.0 7700.0 7700.0 7700.0 7700.0 7700.0 7700.0 7700.0 7690.0 7680.0 7670.0 7680.0 7680.0 7670.0 7660.0 7670.0 7680.0 7680.0 7670.0 7670.0 7670.0 7680.0 7690.0 7700.0 7710.0 7710.0 7720.0 7720.0 7730.0 7740.0 7750.0 7760.0 7770.0 7780.0 7770.0 7760.0 7760.0 7750.0 7750.0 7750.0 7740.0 7730.0 7730.0 7740.0 7750.0 7760.0 7760.0 7760.0
7760.0 7760.0 7750.0 7750.0 7740.0 7730.0 7720.0 7720.0 7710.0 7710.0 7710.0 7710.0 7710.0 7700.0 7690.0 7690.0 7690.0 7690.0 7690.0 7700.0 7720.0 7680.0 7580.0 7510.0 7440.0 7400.0 7380.0 7380.0 7390.0 7410.0 7440.0 7480.0 7520.0 7540.0 7570.0 7590.0 7610.0 7620.0 7630.0 7630.0 7640.0 7650.0 7670.0 7690.0 7720.0 7750.0 7780.0 7810.0 7830.0 7860.0 7880.0 7880.0 7880.0 7880.0
7720.0 7730.0 7730.0 7730.0 7720.0 7720.0 7720.0 7720.0 7730.0 7730.0 7730.0 7720.0 7720.0 7710.0 7710.0 7710.0 7720.0 7740.0 7730.0 7720.0 7730.0 7720.0 7720.0 7710.0 7710.0 7720.0 7720.0 7730.0 7750.0 7760.0 7770.0 7780.0 7790.0 7800.0 7810.0 7820.0 7820.0 7820.0 7820.0 7810.0 7810.0 7810.0 7810.0 7810.0 7800.0 7800.0 7790.0 7780.0 7780.0 7780.0 7770.0 7770.0 7770.0 7760.0
-2820.0 -2830.0 -2850.0 -2850.0 -2850.0 -2840.0 -2840.0 -2850.0 -2850.0 -2860.0 -2870.0 -2870.0 -2880.0 -2870.0 -2860.0 -2860.0 -2840.0 -2840.0 -2840.0 -2860.0 -2880.0 -2880.0 -2890.0 -2900.0 -2910.0 -2930.0 -2930.0 -2930.0 -2930.0 -2940.0 -2950.0 -2960.0 -2960.0 -2960.0 -2960.0 -2970.0 -2970.0 -2970.0 -2970.0 -2970.0 -2970.0 -2970.0 -2980.0 -2990.0 -3000.0 -3010.0 -3000.0 -3000.0 -2990.0 -2990.0 -2990.0 -2990.0 -2990.0 -2990.0
-3030.0 -3030.0 -3030.0 -3030.0 -3040.0 -3050.0 -3050.0 -3060.0 -3070.0 -3080.0 -3090.0 -3110.0 -3110.0 -3100.0 -3100.0 -3090.0 -3090.0 -3070.0 -3060.0 -3060.0 -3060.0 -3060.0 -3070.0 -3070.0 -3060.0 -3060.0 -3050.0 -3050.0 -3060.0 -3070.0 -3070.0 -3070.0 -3080.0 -3070.0 -3070.0 -3070.0 -3070.0 -3080.0 -3080.0 -3080.0 -3070.0 -3070.0 -3070.0 -3060.0 -3050.0 -3040.0 -3030.0 -3020.0 -3020.0 -3000.0 -2980.0 -2980.0 -2970.0 -2970.0
-2950.0 -2950.0 -2960.0 -2970.0 -2990.0 -2990.0 -2990.0 -2980.0 -2960.0 -2950.0 -2960.0 -2960.0 -2960.0 -2950.0 -2930.0 -2920.0 -2910.0 -2920.0 -2930.0 -2950.0 -2960.0 -2970.0 -2970.0 -2970.0 -2970.0 -2980.0 -2980.0 -3000.0 -3020.0 -3040.0 -3060.0 -3080.0 -3090.0 -3100.0 -3120.0 -3120.0 -3120.0 -3130.0 -3130.0 -3130.0 -3120.0 -3120.0 -3100.0 -3090.0 -3090.0 -3100.0 -3080.0 -3060.0 -3020.0 -2970.0 -2950.0 -2930.0 -2900.0 -2840.0
-1320.0 -1310.0 -1310.0 -1310.0 -1310.0 -1310.0 -1320.0 -1320.0 -1310.0 -1310.0 -1320.0 -1330.0 -1340.0 -1330.0 -1330.0 -1320.0 -1320.0 -1330.0 -1340.0 -1350.0 -1360.0 -1370.0 -1370.0 -1370.0 -1380.0 -1390.0 -1410.0 -1420.0 -1420.0 -1430.0 -1430.0 -1440.0 -1450.0 -1450.0 -1450.0 -1450.0 -1450.0 -1450.0 -1450.0 -1450.0 -1440.0 -1430.0 -1430.0 -1440.0 -1450.0 -1450.0 -1460.0 -1470.0 -1480.0 -1480.0 -1490.0 -1490.0 -1490.0 -1480.0
-1490.0 -1490.0 -1490.0 -1480.0 -1470.0 -1460.0 -1440.0 -1430.0 -1420.0 -1400.0 -1390.0 -1380.0 -1380.0 -1370.0 -1360.0 -1400.0 -1420.0 -1400.0 -1380.0 -1370.0 -1370.0 -1370.0 -1370.0 -1370.0 -1370.0 -1380.0 -1390.0 -1390.0 -1390.0 -1390.0 -1390.0 -1390.0 -1390.0 -1390.0 -1390.0 -1390.0 -1390.0 -1390.0 -1390.0 -1390.0 -1380.0 -1380.0 -1380.0 -1380.0 -1390.0 -1390.0 -1390.0 -1380.0 -1380.0 -1380.0 -1390.0 -1390.0 -1400.0 -1400.0
-1380.0 -1380.0 -1380.0 -1390.0 -1390.0 -1400.0 -1400.0 -1410.0 -1420.0 -1420.0 -1470.0 -1580.0 -1700.0 -1790.0 -1840.0 -1860.0 -1860.0 -1840.0 -1810.0 -1780.0 -1760.0 -1750.0 -1740.0 -1730.0 -1720.0 -1700.0 -1690.0 -1680.0 -1670.0 -1660.0 -1650.0 -1640.0 -1630.0 -1610.0 -1600.0 -1580.0 -1570.0 -1570.0 -1570.0 -1560.0 -1560.0 -1550.0 -1550.0 -1550.0 -1550.0 -1550.0 -1550.0 -1540.0 -1530.0 -1530.0 -1530.0 -1530.0 -1520.0 -1520.0
-1250.0 -1250.0 -1240.0 -1240.0 -1230.0 -1220.0 -1210.0 -1200.0 -1190.0 -1180.0 -1180.0 -1180.0 -1180.0 -1190.0 -1190.0 -1200.0 -1190.0 -1190.0 -1210.0 -1220.0 -1220.0 -1230.0 -1230.0 -1230.0 -1240.0 -1240.0 -1240.0 -1250.0 -1240.0 -1240.0 -1240.0 -1230.0 -1230.0 -1230.0 -1230.0 -1230.0 -1230.0 -1230.0 -1230.0 -1230.0 -1230.0 -1220.0 -1210.0 -1210.0 -1200.0 -1200.0 -1210.0 -1220.0 -1220.0 -1220.0 -1210.0 -1200.0 -1190.0 -1180.0
-1240.0 -1250.0 -1250.0 -1250.0 -1250.0 -1250.0 -1250.0 -1250.0 -1250.0 -1250.0 -1250.0 -1250.0 -1250.0 -1250.0 -1250.0 -1240.0 -1220.0 -1220.0 -1250.0 -1250.0 -1240.0 -1240.0 -1240.0 -1240.0 -1230.0 -1220.0 -1210.0 -1210.0 -1200.0 -1190.0 -1180.0 -1180.0 -1180.0 -1170.0 -1170.0 -1180.0 -1180.0 -1190.0 -1200.0 -1200.0 -1210.0 -1210.0 -1220.0 -1220.0 -1230.0 -1240.0 -1250.0 -1270.0 -1280.0 -1280.0 -1290.0 -1300.0 -1310.0 -1310.0
-1270.0 -1260.0 -1250.0 -1240.0 -1230.0 -1230.0 -1230.0 -1230.0 -1230.0 -1230.0 -1220.0 -1220.0 -1210.0 -1190.0 -1190.0 -1180.0 -1160.0 -1120.0 -1120.0 -1140.0 -1160.0 -1170.0 -1170.0 -1170.0 -1170.0 -1170.0 -1180.0 -1180.0 -1180.0 -1180.0 -1180.0 -1190.0 -1180.0 -1180.0 -1180.0 -1190.0 -1200.0 -1200.0 -1190.0 -1180.0 -1170.0 -1170.0 -1170.0 -1170.0 -1170.0 -1180.0 -1200.0 -1210.0 -1220.0 -1220.0 -1220.0 -1220.0 -1220.0 -1220.0
-1340.0 -1320.0 -1320.0 -1330.0 -1330.0 -1330.0 -1340.0 -1330.0 -1320.0 -1310.0 -1300.0 -1290.0 -1280.0 -1270.0 -1270.0 -1280.0 -1270.0 -1240.0 -1240.0 -1270.0 -1280.0 -1260.0 -1250.0 -1230.0 -1230.0 -1220.0 -1210.0 -1200.0 -1180.0 -1170.0 -1160.0 -1150.0 -1140.0 -1130.0 -1130.0 -1120.0 -1130.0 -1130.0 -1130.0 -1140.0 -1140.0 -1140.0 -1150.0 -1150.0 -1150.0 -1160.0 -1160.0 -1160.0 -1160.0 -1170.0 -1170.0 -1180.0 -1180.0 -1190.0
-1270.0 -1280.0 -1280.0 -1280.0 -1280.0 -1280.0 -1280.0 -1280.0 -1280.0 -1280.0 -1280.0 -1280.0 -1260.0 -1260.0 -1250.0 -1230.0 -1220.0 -1220.0 -1230.0 -1250.0 -1260.0 -1260.0 -1260.0 -1260.0 -1250.0 -1250.0 -1250.0 -1250.0 -1240.0 -1240.0 -1240.0 -1240.0 -1240.0 -1230.0 -1240.0 -1260.0 -1270.0 -1280.0 -1290.0 -1290.0 -1290.0 -1300.0 -1300.0 -1310.0 -1310.0 -1310.0 -1310.0 -1310.0 -1310.0 -1310.0 -1310.0 -1310.0 -1310.0 -1310.0
-1130.0 -1120.0 -1110.0 -1120.0 -1130.0 -1140.0 -1150.0 -1150.0 -1150.0 -1150.0 -1150.0 -1150.0 -1150.0 -1150.0 -1150.0 -1150.0 -1130.0 -1130.0 -1140.0 -1140.0 -1140.0 -1140.0 -1130.0 -1120.0 -1110.0 -1110.0 -1110.0 -1110.0 -1120.0 -1120.0 -1120.0 -1130.0 -1130.0 -1120.0 -1120.0 -1110.0 -1110.0 -1110.0 -1110.0 -1110.0 -1110.0 -1110.0 -1100.0 -1090.0 -1080.0 -1080.0 -1080.0 -1090.0 -1080.0 -1080.0 -1070.0 -1070.0 -1070.0 -1070.0
