0.08669743 0.05748849 0.05715765 0.07325797 0.07389896 0.07397656 0.07648442 0.06911053 0.06015107 0.01279509 -0.008644425 -0.01830658 0.003598277 0.03906939 0.07858822 0.0800809 0.06979947 0.02980343 -0.009056197 -0.03725288 0.003916211 0.02667838 0.01703142 0.03521748 0.05542238 0.0493458 0.04640323 0.09376168 0.1332121 0.1376256 0.1110312 0.03174098 -0.01689541 -0.007513908 -0.01301384 0.002574436 0.02386758 0.03053203 0.0427036 0.01871766 0.001391944 0.01604509 0.01568885 0.02769993 0.03111463 0.04592512 0.05260152 0.0523041
0.07161166 0.03083959 -0.03621966 -0.04815204 -0.02024277 0.01992799 0.06546437 0.08426038 0.025705 -0.01601309 0.000688588 0.03367364 0.05773542 0.04652297 0.008110521 0.02512747 0.02053507 0.001139816 -0.02221049 -0.03751877 -0.03453585 -0.03016958 -0.0434459 -0.03644526 -0.04653012 -0.04937013 -0.04004695 -0.043542 -0.0474066 -0.03133651 -0.01489347 -0.03735912 -0.04391372 -0.03348411 -0.02413229 -0.05451026 -0.05898569 -0.07766967 -0.08694558 -0.0750835 -0.05728764 -0.05088093 -0.0436899 -0.04966535 -0.05280441 -0.05793196 -0.06341422 -0.05428199
-0.05793196 -0.06341422 -0.05428199 -0.06188495 -0.06805387 -0.06490327 -0.05983934 -0.05679573 -0.06089306 -0.06127335 -0.05596736 -0.04587048 -0.02759497 -0.02361691 -0.04126192 -0.0533108 -0.04653594 -0.03707772 -0.03759987 -0.04784258 -0.04240482 -0.04066616 -0.03787106 -0.03723534 -0.03807791 -0.0397733 -0.04160112 -0.03694468 -0.01399533 0.000289897 -0.002115449 -0.007804022 -0.01543223 -0.02370734 -0.03736824 -0.0375785 -0.0303446 -0.02980346 -0.02253158 -0.01302203 -0.005874833 -0.009480126 -0.01219973 -0.006453247 0.000363265 0.02304123 0.0407535 0.04129963
0.02988712 0.02147968 0.0186755 0.01043611 0.008090029 0.009530349 0.008369867 0.009162549 -0.002286615 -0.002847598 0.004779228 0.01665377 0.023679 0.03636742 0.03609446 0.03181283 0.02044184 0.008536737 0.006165731 0.01044873 0.01727093 0.01442725 0.01546195 0.01103951 0.01990868 0.03976966 0.03428263 0.02898052 0.01593228 0.01109605 0.01564043 0.02435649 0.03445618 0.03631685 0.02895904 0.008922739 -0.01130568 -0.006745383 0.007126915 0.003840711 0.000687761 -0.002472917 -0.004088056 0.00188611 0.020933 0.0380553 0.05278796 0.05702971
0.03064054 0.01825924 0.00999161 0.005053083 -0.00115719 -0.006039819 -0.00794656 -0.01756699 -0.021242 -0.0282728 -0.007958227 -0.002001594 0.001860961 0.006752382 0.007040011 -0.003337762 -0.01234024 -0.01963468 -0.02292369 -0.0175557 -0.01584499 -0.01337972 -0.01214107 -0.01157069 -0.008752721 0.003122424 0.009593008 0.00377399 -0.01336045 -0.01639495 -0.002728914 -0.01683797 -0.000138411 -0.005577896 0.01075026 0.02478218 0.0462424 0.06534985 0.06739756 0.06156525 0.05055004 0.02780294 0.02487263 0.01793574 0.02147375 0.0221893 0.02369321 0.01432604
0.002243422 0.0121795 0.02707005 0.02751025 0.02846606 0.03185107 0.04027382 0.05714283 0.0673732 0.06089109 0.0490947 0.04724748 0.04422056 0.0427076 0.03056437 0.02552242 0.02611591 0.03142436 0.03443329 0.03488223 0.1295536 0.3525665 0.3638999 0.1693917 -0.006113766 -0.3941806 -0.42725 -0.356828 -0.2857437 -0.1192398 -0.02139137 0.08019702 0.08988871 0.05770619 0.01036534 -0.03061328 -0.06313799 -0.05708221 -0.04238823 -0.05206596 -0.02196855 0.04181642 0.06054799 0.06490357 0.04491194 0.002858426 -0.03011528 -0.03876587
0.01219796 0.008817539 0.007923031 0.01425116 0.02092133 0.01326748 0.005414908 -0.005436167 -0.01538987 -0.01688105 -0.01445037 -0.01443204 -0.0052734 -0.002299747 -0.002151516 0.001443184 -0.001692137 -0.008171362 -0.0145123 -0.01640556 -0.01696328 -0.01304785 -0.007276321 -0.0003099555 0.06385032 0.3300837 0.198643 -0.06327157 -0.1891019 -0.1945502 -0.2002685 -0.07638298 -0.0625835 -0.08660039 -0.09178372 -0.1350894 -0.1730227 -0.1481876 -0.09195911 -0.07753636 -0.05850667 -0.02119736 -0.01587487 -0.02775778 -0.02899068 -0.0259593 -0.02481459 -0.02561632
-0.0095289 -0.01406239 -0.01598534 -0.01833373 -0.01904952 -0.02262145 -0.02193008 -0.03164349 -0.02800195 -0.01984161 -0.02327012 -0.0046299 -0.01576187 -0.01834731 -0.004992839 -0.002152292 -0.007523711 -0.002413542 -0.01387143 -0.03879736 -0.05350066 -0.05484541 -0.04203145 -0.04557468 -0.03279523 -0.01794747 -0.009331448 0.03533927 0.0197241 -0.00368407 -0.05219884 0.007584072 -0.03241334 -0.04501515 -0.07504262 -0.09794614 -0.1072867 -0.0858284 -0.05720161 -0.03130317 -0.02953044 -0.004745093 -0.01508744 -0.02775108 -0.02044336 -0.01552185 -0.002451511 -0.009628036
-0.008916639 -0.02364013 -0.03604974 -0.04620075 -0.04486332 -0.01595338 -0.02519545 -0.05450189 -0.03515078 -0.04018645 -0.02731803 -0.004257919 -0.009581849 -0.008012261 -0.007200173 -0.00182004 0.007187454 0.003452505 -0.02417876 -0.03643151 -0.04097823 -0.02799821 -0.009480653 0.00619 0.0141126 0.01235589 0.0169229 0.1213209 0.02936916 -0.02056263 0.002534348 -0.03265342 0.004949106 -0.04822946 -0.02189747 -0.07380883 -0.1449332 -0.1503674 -0.1053286 -0.1201464 -0.07954411 -0.07426415 -0.04021386 -0.05571042 -0.06292608 -0.02080762 -0.01040878 0.004535534
-0.005052794 0.005944937 0.002527433 -0.006630647 -0.01740916 -0.03536672 -0.04824289 -0.02896757 -0.02057738 -0.004744374 0.008145883 0.004906089 -0.00931189 -0.020375 -0.02634122 -0.01376039 0.004565993 0.0009533224 0.008422107 0.008701965 0.003232037 -0.000723711 0.0876082 0.06707758 0.0481808 -0.02833952 -0.06149152 -0.1404872 -0.1798248 -0.1507902 -0.09079339 -0.08730526 -0.1181062 -0.07213813 -0.04147949 -0.02617069 -0.03897765 -0.05147956 -0.06074609 -0.0486875 -0.03214845 -0.0177868 -0.004037263 0.00715034 0.002484221 -0.03406423 -0.03622701 -0.04467029
0.03377227 0.04385555 0.04817082 0.04764207 0.04668265 0.04182913 0.04526472 0.0434167 0.03728603 0.02656765 0.008541831 0.0001273899 0.0154082 0.06957642 0.1208518 0.06518919 0.07108404 -0.04176516 -0.1190684 -0.08922619 -0.0783865 -0.1620803 -0.2088912 -0.2052906 -0.1449566 -0.06857453 -0.00581085 0.0188103 0.03401279 0.02237404 0.0236456 0.01577778 0.03038192 0.0364512 0.01895177 -0.01175522 -0.02841519 -0.02510443 -0.003547339 0.001360302 3.772088e-05 0.01208782 0.01507262 0.01942511 0.0339994 0.04133727 0.04064451 0.02093481
0.02341208 0.03892479 0.04068734 0.02143624 -0.01718604 -0.02537162 -0.03058244 -0.0211379 -0.004732245 0.03172964 0.04824909 0.04869538 0.04612259 0.02323538 0.007539154 0.002121741 0.006531183 0.007607791 0.008542697 0.02115829 0.1569216 0.2331624 0.3324444 0.2910324 0.03699343 -0.2615832 -0.4912392 -0.4598505 -0.3700068 -0.1593834 -0.04829571 0.007939255 0.002205617 -0.002102189 -0.0003559364 0.002411759 -0.004532304 -0.01631251 -0.03397371 -0.04489927 -0.04902241 -0.04393433 -0.0320045 -0.02467426 -0.00482587 -0.01973839 -0.05877778 -0.04836763
0.01514903 0.0009208392 -0.01752681 -0.02586197 -0.02688454 -0.02393346 -0.006794091 0.02737873 0.03442672 0.02938787 0.01412956 0.00550078 0.002503449 -0.01592184 -0.02414377 -0.04712702 -0.02609173 -0.008177048 0.009940631 0.2692077 0.06987165 0.053397 -0.05625441 -0.1726229 -0.2745454 -0.2127598 -0.1596332 -0.1351617 -0.08373178 -0.05991592 -0.04100228 -0.04597539 -0.06243112 -0.07523929 -0.04537011 -0.009950017 7.501229e-05 -0.02548992 -0.02985577 -0.03570683 -0.06499404 -0.0690214 -0.07496201 -0.05001001 -0.0433791 -0.01245602 -0.00804935 -0.0005356623
0.0118079 -0.01290231 -0.01649834 -0.03652311 -0.04639519 -0.04282735 -0.03481139 -0.035315 -0.04478431 -0.05740454 -0.05013281 -0.03927914 -0.03104975 -0.02458508 -0.02044197 -0.01469643 0.00713988 0.1782769 0.0653915 0.006539018 -0.07647981 -0.1651144 -0.2189482 -0.2142208 -0.1555171 -0.1006514 -0.04914222 -0.03461386 -0.00479094 -0.001620461 -0.006657663 -0.01696439 -0.02277108 -0.01497962 0.0006152084 0.01042017 -0.004987071 -0.01655721 -0.01041484 -0.02357727 -0.02648573 -0.02972871 -0.02265224 -0.006848072 0.01032109 0.03494972 0.01910231 0.01310627
0.0424552 0.02663791 0.00327579 -0.006719721 0.008204193 0.01231625 0.03190319 0.03610771 0.02615172 0.008455249 0.008703966 0.01123761 0.02101523 0.0343661 0.02888212 0.03441249 0.04833421 0.04660914 0.03227875 0.01427915 0.002880049 -0.002607584 0.01553292 0.07752227 0.5154088 0.2772221 0.02453721 -0.1909973 -0.2161259 -0.32431 -0.3046184 -0.2147135 -0.03290028 0.04185625 0.03308562 0.03956317 0.02480359 0.003403025 -0.01081019 -0.01139847 -0.0108644 -0.002934084 -0.008009267 -0.02472819 -0.02765046 -0.03101941 -0.02208411 -0.01554876
-0.001962004 0.0103747 0.01811906 0.02781328 0.03169495 0.02877013 0.02391182 0.01033099 0.003315747 0.003153957 0.005468659 0.005202424 0.2506638 0.6906125 0.4673715 0.004398386 -0.1777274 -0.2297228 -0.2699816 -0.1863132 -0.05790479 0.004664524 0.0725624 0.1257636 0.1129941 0.05201013 0.01149751 -0.04535092 -0.06242206 -0.06395078 -0.05295467 -0.05706359 -0.07589123 -0.09777883 -0.1021147 -0.07192325 -0.03164147 0.02100108 0.02804055 0.04229265 0.02502589 0.01032961 -0.004583586 -0.01459176 -0.01714547 -0.01858558 -0.008176447 -0.0001803772
0.03017028 0.01833125 -0.01146398 -0.02674236 -0.03298674 -0.03276374 -0.04675347 -0.05465604 -0.05981553 -0.05355059 -0.0342188 -0.001063352 0.003958602 0.008160937 0.006219185 0.005502328 -0.02298908 -0.1127327 -0.2087691 -0.2249711 -0.2070117 -0.1676066 -0.1227092 -0.1038486 -0.1028687 -0.1052876 -0.1054331 -0.08684187 -0.01361925 0.1213627 0.152276 0.1310265 0.07626631 0.0343834 -0.0005852546 -0.03249404 -0.05538343 -0.05645482 -0.04831237 -0.04116533 -0.03254201 -0.01605064 -0.00588968 -0.008846601 -0.002837326 -0.009377917 -0.01528721 -0.0153854
-0.01361925 0.1213627 0.152276 0.1310265 0.07626631 0.0343834 -0.0005852546 -0.03249404 -0.05538343 -0.05645482 -0.04831237 -0.04116533 -0.03254201 -0.01605064 -0.00588968 -0.008846601 -0.002837326 -0.009377917 -0.01528721 -0.0153854 -0.02253346 -0.014969 -0.00725649 -0.01128834 -0.01117819 -0.004914244 0.0004005293 0.005715535 0.003674669 -0.009916412 0.02472032 0.2238486 0.3083629 0.3311691 0.2318553 -0.01635675 -0.1797303 -0.1972932 -0.1439411 -0.07973614 -0.02860344 0.01525223 0.04796636 0.0697052 0.07865019 0.07743166 0.0654046 0.05212594
0.02876846 0.02846647 0.0300831 0.03478868 0.04285777 0.05408097 0.05909519 0.06315704 0.05511766 0.03942033 0.03347737 0.03746801 0.0527526 0.05409428 0.04716868 0.0464434 0.03428505 0.2055347 0.2229128 0.10955 -0.02234234 -0.09538287 -0.1416044 -0.1690785 -0.1643568 -0.1210581 -0.02699064 0.01353907 0.05740883 0.06907898 0.05445616 0.03498118 0.01622747 0.004784532 -0.003466615 0.001386986 0.007568299 0.01155688 0.01003576 0.01366576 0.01888107 0.0207513 0.0214759 0.01841068 0.01119506 0.007688704 0.007105659 0.004713366
0.02029054 0.02497069 0.02719596 0.02673811 0.01988623 0.01570702 0.01623457 0.01873808 0.01790584 0.01497297 0.01870848 0.02087988 0.02332359 0.01944043 0.01483346 0.01474857 0.01276722 0.01745747 0.01442897 0.01846484 0.02849362 0.2382009 0.3218581 0.09000276 -0.1255882 -0.2023833 -0.1652382 -0.1235877 -0.0446502 -0.005455688 -0.01063572 -0.0457412 -0.06457946 -0.06015632 -0.06600752 -0.05658047 -0.04208576 -0.02450296 -0.005878088 0.001005851 0.006483883 0.006625798 0.007871909 0.008733237 0.005744074 0.003130474 0.007368838 0.01365181
0.01531905 0.01502356 0.00995254 0.008899187 0.004642572 -0.001319926 -0.005910428 -0.00681615 -0.007942459 -0.008797934 -0.01199869 -0.01384942 -0.01059462 -0.00699083 -0.006476167 -0.001781233 -0.0009291106 -0.002617814 -0.003375534 -0.005278528 -0.01186056 -0.01094737 -0.003016056 0.004061466 0.03470569 0.1148165 0.008212241 -0.1443472 -0.03891796 0.03166947 -0.06365156 -0.1111489 -0.1162871 -0.1202648 -0.114045 -0.1120429 -0.06453242 -0.0484873 -0.02154894 -0.004394008 0.004866812 0.01203222 0.006665562 -0.0001632917 -0.004123625 0.004309135 0.002810987 -0.00118502
0.01172832 0.02208915 0.02109939 0.01200412 0.004148059 -0.009135442 -0.01270546 -0.000970298 0.009017526 0.02226702 0.02246548 0.0235456 0.02695351 0.03215249 0.05886992 0.06005033 0.06145595 0.02340695 -0.007500038 -0.01066313 -0.01270578 -0.006385181 -0.0252433 -0.07779299 -0.08905192 -0.05791355 -0.02289302 0.0202405 0.02935103 0.01763422 0.01106662 0.008498804 0.004857649 0.0004283475 -0.00130513 0.003400719 0.001228121 0.009089991 0.008922482 0.01121522 0.01315183 0.01149087 0.003253363 -0.007591817 -0.01327705 -0.006540001 -0.002469964 -0.005731439
0.003253363 -0.007591817 -0.01327705 -0.006540001 -0.002469964 -0.005731439 -0.006855909 -0.005946265 -0.008554962 -0.01035999 -0.005513741 -0.007217443 -0.005343905 0.0007686321 0.007544618 -0.0002807583 -0.003852629 0.01044635 0.02919288 0.2358275 0.1303574 -0.03701632 -0.1403479 -0.1776339 -0.1670382 -0.1118236 -0.08100954 -0.05010195 -0.0664708 -0.06393261 -0.02892258 -0.03879781 -0.0710227 -0.1012495 -0.07563118 -0.05069289 -0.02995166 -0.01087178 0.006257368 -9.913028e-05 -0.01236311 -0.009398 -0.01009195 -0.009630429 -0.007876157 -0.004464224 -0.007140846 -0.004826769
-0.02160734 -0.02651541 -0.02281526 -0.01767595 -0.01216516 -0.01033476 -0.01021235 -0.01451152 -0.01133778 -0.006246804 0.0049489 0.003994601 0.0001300725 -0.002593249 -0.003339138 0.005108356 0.002141645 -0.0007667601 -0.0009128604 1.659699e-07 0.004717492 0.01813711 0.1417447 0.2826996 0.03952083 -0.07465064 -0.1340014 -0.2023005 -0.1679168 -0.1495475 -0.1521471 -0.1526362 -0.1378967 -0.1330682 -0.07635985 -0.02261414 -0.000809241 0.0122773 0.01514657 0.004992727 -0.001280544 -0.01105106 -0.01107427 -0.008086283 -0.01526548 -0.03406487 -0.03415572 -0.0475739
-0.02993017 -0.03553191 -0.03717078 -0.04266089 -0.03244708 -0.02650368 -0.02462688 -0.01987229 -0.0143154 -0.002633321 0.00987178 0.01297714 -0.006561977 -0.0181651 -0.01994595 -0.008306436 0.01614359 0.01634597 0.01929355 0.03252546 0.02622674 0.01469007 0.007658152 0.006637634 0.02614019 0.2623451 0.1808521 -0.05898443 -0.2099244 -0.2667639 -0.2419801 -0.1684601 -0.09295437 -0.05170616 0.008257507 0.01640069 0.007247633 -0.007600446 -0.01317235 -0.02991547 -0.03894629 -0.03770222 -0.02306195 -0.002561385 0.002835129 0.007702135 0.001712459 -0.008431242
-0.003321959 -0.02000439 -0.03176992 -0.03373487 -0.01581118 0.008984102 0.00993193 0.003363059 0.02013753 0.02333883 0.01137547 0.008876705 0.1235363 0.2671674 0.06937579 -0.004063821 -0.1137569 -0.2506698 -0.3629676 -0.1833391 -0.07559616 -0.06442564 -0.1354215 -0.06266891 0.01351826 0.04825755 0.06064535 0.03916279 0.02141272 -0.03035228 -0.03803644 -0.05692377 -0.05703213 -0.07305919 -0.06870236 -0.05865651 -0.04007039 -0.01718669 0.004797988 0.008920331 -0.0004405609 -0.002959627 0.0009740749 -0.004354756 -0.0222361 -0.03487349 -0.04543744 -0.05208168
-0.01160338 -0.00260265 0.0214211 0.03632631 0.04488998 0.03443258 0.02045137 0.006829243 -0.007769226 -0.0212355 -0.02717671 -0.0176616 0.003019582 0.000153341 -0.02579573 -0.02228261 -0.01940434 0.00131538 0.03378841 0.04192377 0.05357713 0.4033309 0.05041441 -0.2296915 -0.2787262 -0.1888793 -0.08192886 -0.02470531 -0.01216452 -0.03050319 -0.04527279 -0.04165643 -0.05929147 -0.07982057 -0.09327333 -0.08598019 -0.06449401 -0.03657372 -0.03044503 -0.0262412 -0.013819 -0.01677087 -0.03472305 -0.03709663 -0.04557922 -0.04278449 -0.05522073 -0.04111448
0.004445527 0.01042682 0.02864474 0.02049409 0.006686808 0.03414154 0.02719035 0.0320343 0.0227902 -0.002495612 0.01807813 -0.0162654 -0.06087401 -0.03833906 0.0004566137 0.05331562 0.08640023 0.02620458 -0.1670433 -0.184904 -0.1458147 -0.07059519 -0.006311008 0.02840064 0.02905612 0.02385096 -0.005506657 -0.01848357 -0.01815041 -0.04203333 -0.06275434 -0.06687466 -0.05668947 -0.01505983 0.002568912 0.01433417 0.02622159 0.02480518 0.002658785 -0.01016267 -0.02303318 -0.03386796 -0.03520252 -0.03942611 -0.03088028 -0.01035667 0.01301739 0.02129673
-0.003872693 -0.01774204 -0.01606501 -0.001028354 -0.009778654 -0.01798012 -0.0298446 -0.04132118 -0.02923809 -0.01754299 -0.03479034 -0.02849832 -0.0142527 -0.009380782 -0.003232109 0.001773559 0.01625508 0.155404 0.1166276 -0.001856871 -0.2289486 -0.2834618 -0.1858658 -0.09664566 -0.06976251 -0.05177659 -0.04751725 -0.04002403 -0.03722101 -0.03654552 -0.04076291 -0.03965528 -0.03358429 -0.06468695 -0.06038512 -0.04930015 -0.04903815 -0.05402904 -0.05514273 -0.05988718 -0.05704394 -0.03910866 -0.0558321 -0.04266535 -0.03503639 -0.04322051 -0.03179286 -0.05275358
-0.03061458 -0.03418557 -0.03455969 -0.02601151 -0.01648852 0.007117274 0.01267916 -0.01150225 -0.03014453 -0.04330549 -0.03738227 -0.0293147 -0.01892141 0.00126702 0.0004399552 0.002063233 -0.01556525 -0.02712405 -0.02923555 -0.0241873 -0.02413797 0.1398464 0.2936005 0.07283928 -0.1071089 -0.1910298 -0.1917886 -0.173858 -0.1005943 -0.05685781 -0.0357318 -0.0142581 0.004578476 0.0104898 0.01367413 0.01674227 -0.003996216 -0.02148819 -0.03781181 -0.03032993 -0.01099501 -0.006763499 -0.02999656 -0.03911724 -0.03070993 -0.02259927 -0.009078414 -0.008082747
-0.02733535 -0.01702499 0.001863125 0.00804746 0.01769483 0.02454565 0.02136063 0.007462076 0.004066564 0.02942019 0.04416672 0.04544177 0.03328492 0.01498037 -0.005731024 0.005732333 0.02277304 0.0289821 0.03515489 0.06550088 0.2225399 0.03785836 -0.0847555 -0.0765987 -0.07897092 -0.05956326 -0.08727236 -0.06197471 -0.05106144 -0.001648888 0.04910822 0.06114995 0.05445964 0.04031978 0.03020948 0.01195847 -0.02458087 -0.04254058 -0.02247741 0.008389329 0.007232076 0.00716484 -0.03256573 -0.0565671 -0.03655323 -0.01255185 -0.01460218 -0.01302941
-0.007615601 -0.003665292 0.01070842 0.01144786 0.0119632 0.0007652827 -0.01408867 -0.01246696 0.0106584 0.02279615 0.03388746 0.03680464 0.03161707 0.03224817 0.07004916 0.2137093 0.1032007 -0.02174922 -0.1249318 -0.1635957 -0.123187 -0.06313948 -0.02886352 -0.04049171 -0.01982808 -0.01724985 -0.007073512 -0.02562571 -0.01894946 0.00957232 0.05030561 0.05709437 0.02537523 0.008035515 0.007260413 -0.002562369 -0.004758841 0.001636695 0.01713381 0.0172336 0.015117 0.02914717 0.04409012 0.03920299 0.02918467 -0.0007919052 -0.03397156 -0.03533594
0.0004315963 0.01534746 0.0260604 0.03277721 0.02962522 0.01244483 0.0136822 0.01280802 0.01407849 0.01631919 0.02239973 0.03039276 0.02725979 0.02244649 0.05860814 0.3417737 0.01778834 -0.2400418 -0.3322912 -0.2787835 -0.1868157 -0.1187628 -0.07421072 -0.02415902 -0.02245359 0.0004836116 0.01542017 0.0255913 0.03823309 0.0204936 -0.0005002641 -0.009884002 -0.01552232 -0.01192584 0.001625776 -0.003405659 0.006460047 0.01205208 0.01027265 0.006438511 0.00759909 0.005178181 0.00973627 0.003854788 -0.02037416 -0.006278186 -0.02768951 -0.03223329
-0.006278186 -0.02768951 -0.03223329 -0.04031321 -0.05255606 -0.04708995 -0.03939733 -0.05459783 -0.05750742 -0.05375949 -0.02504008 -0.01447384 -0.01557388 -0.01375263 -0.01953008 -0.0266546 -0.0309089 -0.0328429 -0.02423516 -0.02475525 -0.02613113 -0.012506 0.1773484 0.06983701 -0.01361821 -0.1361402 -0.1823763 -0.1773686 -0.1638807 -0.110598 -0.05005359 -0.009541596 0.002559587 -0.005689465 -0.02061644 -0.03551695 -0.03676907 -0.03872636 -0.04270442 -0.04207217 -0.04528869 -0.03711046 -0.02517791 -0.02211257 -0.02562759 -0.03652531 -0.03848733 -0.02889248
0.004540852 -0.001609597 -0.01239047 -0.02224844 -0.02958983 -0.02939799 -0.0312095 -0.01644157 -0.008333127 -0.003795082 -0.02057686 -0.03221422 -0.03930185 -0.03107841 0.1226342 0.2970206 0.1019357 -0.167879 -0.2480223 -0.3084944 -0.2739975 -0.1947787 -0.1215087 -0.06513662 -0.05007455 -0.05202047 -0.06318154 -0.09275752 -0.08095386 -0.06689709 -0.03610511 -0.01150172 0.006670726 0.01693096 0.01567665 -0.0008651327 -0.01234465 -0.03319523 -0.03918732 -0.03386035 -0.04037717 -0.04194337 -0.02418066 -0.001976797 0.01625794 0.0327879 0.02514649 0.01526949
0.02322658 0.03300412 0.01043565 -0.253356 0.09941109 0.2071245 0.1252806 -0.006935519 -0.001689435 0.01990936 0.0391622 0.07044632 0.07196534 0.07414111 0.03222976 -0.007236443 -0.01922848 0.1848397 0.1489645 0.009745165 -0.003639774 0.0186991 0.0409635 0.01584766 0.003807518 0.002435929 0.02686584 0.05276944 0.06540835 0.07505881 0.07117777 0.04998666 0.02741024 0.0137825 0.007390066 -0.003159469 -0.01465162 -0.02181653 -0.01992005 -0.02906779 -0.01632612 0.01067487 0.02771906 0.02491345 0.01317046 -0.002328468 -0.006801331 -0.01026424
-0.01465162 -0.02181653 -0.01992005 -0.02906779 -0.01632612 0.01067487 0.02771906 0.02491345 0.01317046 -0.002328468 -0.006801331 -0.01026424 -0.002220918 0.00389332 -0.04961422 -0.2363982 -0.1518399 0.1482213 0.2643334 0.2573755 0.1659438 0.06675035 0.002465193 -0.02563078 -0.03155249 -0.02723425 -0.007269868 0.007272376 0.02155808 0.03235965 0.03219228 0.03780309 0.0430266 0.03941214 0.02875988 0.02882065 0.02600416 0.01968606 0.01527355 0.01520374 0.01722544 0.01564097 0.01511952 0.01773163 0.02338021 0.0297362 0.03587205 0.04304559
0.006348721 -0.002700008 -0.004850257 0.007723527 0.02712075 0.01023392 0.001270845 -0.01765359 -0.02807499 -0.03230903 -0.03548405 -0.2530558 -0.2904713 -0.1180717 0.07014722 0.249175 0.2370775 0.287386 0.3132237 0.2321398 0.1714956 0.09350678 0.02491402 0.007093661 -0.02276163 -0.07551979 -0.08344855 -0.03309413 0.01693062 0.0475531 0.07180131 0.09260828 0.08428482 0.06134896 0.0356205 -0.0009064937 -0.03938819 -0.04270788 -0.03796237 -0.02005914 -0.007265447 0.008958851 0.01608419 0.007098457 0.004765842 0.009150288 0.00602966 0.003734572
0.006391983 0.01013784 0.01735404 0.01726172 0.01420621 0.01345372 0.01429205 0.01703356 0.0192863 0.01637751 0.01191545 0.002370893 -0.001054645 -0.005552103 -0.1010495 -0.1803967 -0.179692 -0.05316747 -0.009183341 0.1023419 0.1797536 0.2546361 0.2772903 0.2583079 0.2173429 0.182115 0.1531306 0.1205956 0.08637498 0.04367832 0.02680154 0.006177707 -0.002744281 9.222152e-07 0.009224626 0.01919161 0.02516375 0.02753669 0.03185217 0.03844075 0.03706817 0.03446649 0.03277663 0.04064631 0.03739355 0.008820743 -0.002100237 -0.001589563
0.03573469 0.03898036 0.03440886 0.04301482 0.05604996 0.05526452 0.04645323 0.03889761 0.04140874 0.05228215 0.05423393 0.0453699 0.04029342 0.03311652 0.03402897 0.03567755 -0.002818489 -0.0115298 -0.03306772 -0.0278386 0.03229213 0.09095624 0.06785746 0.02019595 0.03600243 0.04197624 0.02610944 -0.01003032 -0.04564424 -0.05791476 -0.05160283 -0.03633586 -0.03572797 -0.02495012 -0.02238272 -0.01938186 -0.01465082 -0.02273756 -0.04587414 -0.04668338 -0.04828454 -0.04172094 -0.04620431 -0.05085766 -0.03032428 -0.03301292 -0.05070783 -0.05917435
0.02841598 0.01854413 0.01042817 0.002036813 0.002158044 0.002191663 0.00479286 0.006524477 0.02285477 0.0322401 0.03613631 0.03055217 0.02839853 0.0323102 0.03486252 0.0301984 0.02102402 0.02031536 0.01878165 0.03034947 0.03048111 0.01682423 0.01727371 0.01457622 -0.04400674 -0.2663479 -0.1781665 0.003929107 0.1891735 0.3408768 0.3021248 0.2285257 0.143897 0.04940588 -0.01665727 -0.008505958 0.003753762 0.03585242 0.04756929 0.0577898 0.0545474 0.06340163 0.05617491 0.04594544 0.04982936 0.06529075 0.06271681 0.05321837
0.06529075 0.06271681 0.05321837 0.03769353 0.01901906 0.01321034 0.03309602 0.04418424 0.0501183 0.04450236 0.04592521 0.04288924 0.0446209 0.03640293 0.03246973 0.02735231 0.03066182 0.03179651 0.01347462 -0.2690194 -0.1056958 0.1223318 0.2827883 0.2070709 0.1192513 0.05991566 0.004835655 0.0124809 0.0203766 0.01647649 0.02195689 0.02908935 0.03173008 0.0302675 0.0187211 0.00476179 0.03653118 0.03489739 0.02894837 0.03201903 0.05245117 0.05552526 0.06233621 0.01997605 0.01579106 0.04958763 0.05306477 0.05463496
0.06480276 0.04924265 0.05084145 0.04444292 0.01360952 0.002022279 0.005358428 0.01450256 0.02571617 0.0331278 0.03908483 0.02649822 0.01957212 0.00942011 0.01100802 0.01388911 -0.002039049 -0.007009529 0.01961932 0.0578827 0.03779642 -0.00840403 0.002791638 0.02634645 0.03403518 0.03277526 0.01422194 0.006467032 0.01268162 0.02607772 0.03868987 0.04178592 0.02324531 0.01983723 0.01076619 0.03456145 0.0347111 0.02539676 0.01655694 0.01717372 0.01734372 0.0222893 0.04517857 0.04834874 0.02886631 0.007048557 0.0005186761 0.006096027
0.02270055 0.01069987 0.01766037 0.01611579 0.02143938 -0.008575203 -0.004200073 -0.01101458 0.001006876 0.008316362 0.03465194 0.07438456 0.03744866 0.01094375 0.01193008 0.04577584 0.04926737 0.03546795 0.0002865971 -0.1541442 -0.2458702 -0.1402825 0.1555045 0.2812656 0.3279164 0.2702448 0.1695575 0.08518425 0.01798369 0.01110912 0.0265319 0.04258927 0.05256754 0.05070236 0.05756193 0.07022107 0.07044873 0.07320541 0.04473409 0.04492694 0.0474825 0.0463763 0.05551832 0.05450571 0.04855949 0.05094066 0.05963344 0.06679364
0.07633795 0.09929597 0.1138468 0.1068822 0.06954081 0.0496396 0.03228041 0.07932584 0.07065427 0.0522713 0.03187715 0.02298993 0.03993917 0.06850308 0.08264098 0.07369116 0.01225301 -0.2745364 -0.2139059 0.04299815 0.1742193 0.2093405 0.179701 0.1432258 0.1031933 0.08010329 0.0529252 0.0361448 0.02708336 0.03500938 0.05399938 0.0831378 0.09013861 0.08012117 0.07808243 0.06740551 0.06346279 0.09971857 0.1031525 0.08842395 0.07139583 0.05759818 0.01301073 -0.01488324 -0.01266927 0.01998032 0.001941273 0.002156816
0.06339102 0.08858494 0.07018933 0.01523777 0.008351111 0.03491057 0.07514893 0.09521331 0.09609328 0.09051047 0.08550313 0.07348152 0.06623455 0.05852219 0.05365947 0.06926788 0.07076131 0.0638615 0.05875282 0.06149116 0.06319261 0.05162814 0.04378871 0.04725375 0.05739261 0.05484984 0.04782499 0.04666999 0.05437888 0.0525453 0.04633845 0.03109457 0.04418183 0.03936358 0.04118677 0.04329298 0.05166546 0.06159505 0.08758152 0.1155219 0.09610917 0.07646938 0.06555043 0.06051917 0.06979455 0.1072453 0.06007528 0.04784099
0.02167211 -0.01883212 -0.02087989 -0.03194832 -0.005692707 0.03934647 0.05271143 0.05381894 0.03779728 0.0216752 0.002220543 -0.0002768619 -0.003342497 -0.004939485 0.008969176 0.02691835 0.03660713 0.03834369 0.04111993 0.02081528 -0.1272629 -0.07763844 -0.1381271 0.07284247 0.2366167 0.2311259 0.1901871 0.1373607 0.08413369 0.01555538 0.007726004 0.011109 0.003768751 0.0004108864 -0.004217186 -0.001502911 0.01554286 0.01522149 0.006614176 -0.003439612 0.003951273 0.03291745 0.06138927 0.06096698 0.03268194 -0.001327781 -0.01668818 -0.02135532
0.02331819 0.0283364 0.03008262 0.02834701 0.02309796 0.02287176 0.02610112 0.03044724 0.02842275 0.02801061 0.02102772 0.0192476 0.01209843 -0.01317277 -0.1302519 -0.09362613 -0.1978619 -0.1717684 0.0187261 0.1895211 0.2852915 0.2755204 0.2294061 0.2358395 0.2291703 0.1791172 0.09250944 0.09484723 0.09397423 0.08980937 0.06608104 0.05208474 0.05857117 0.05900428 0.05238331 0.05393288 0.04790837 0.06222674 0.06179194 0.06496093 0.0712409 0.08594245 0.09265023 0.08897955 0.07728757 0.07049879 0.06011195 0.05109106
0.01201622 0.005756525 0.01123914 0.01568989 0.006165287 0.008713542 0.01821521 0.03204953 0.03819438 0.03239948 0.03305633 0.02924371 0.0215389 0.0175138 0.01346274 0.01437091 -0.03645566 -0.2492963 -0.1150252 0.1330698 0.2120906 0.2045246 0.1593889 0.1480128 0.1245419 0.1394482 0.132348 0.1344027 0.1228892 0.09792424 0.0691375 0.06876645 0.0659031 0.01843019 0.02782137 0.07123085 0.08053354 0.07486915 0.05569652 0.03519013 0.04066557 0.05191062 0.05509808 0.05739699 0.06288143 0.05629641 0.06325518 0.05796391
0.08706254 0.08502095 0.0863942 0.08168243 0.08955201 0.09082875 0.09263941 0.06846629 0.05689141 0.05172664 0.06623002 0.07469556 0.03950979 -0.0883147 -0.02584361 0.09185609 0.1829779 0.1340861 0.1010128 0.04261388 0.02070266 0.01795806 0.01457373 0.00186531 0.002295805 0.02238694 0.03501999 0.02961759 0.02150703 0.01965388 0.0122605 0.005820442 0.001820804 0.00086225 -0.01572688 -0.01982578 -0.01388239 -0.0197954 -0.0166742 -0.01595988 -0.01553525 0.002809027 0.02534865 0.01103851 0.01772996 0.002975045 -0.007325806 0.02615088
0.02070636 0.02625299 0.01633987 0.01731153 0.02181759 0.04058291 0.04426402 0.04153355 0.03085051 0.00192974 -0.01038933 0.008015652 0.01282175 0.008388037 0.01771166 0.02672349 0.03741705 0.02552384 -0.0179711 -0.2912792 -0.1420929 0.05920319 0.1933625 0.1901847 0.1248381 0.1050033 0.06872577 0.03557755 -0.001857563 -0.02902505 -0.04246647 -0.03129051 -0.01116248 0.00911492 0.01224505 -0.003099836 -0.01761721 -0.02001456 -0.01849091 -0.02937023 -0.03308174 -0.01441066 0.01450859 0.04353646 0.04806998 0.0497762 0.05217311 0.04534876
0.002595237 -0.007971712 -0.01717958 0.001677744 0.03145061 0.04542196 0.04434871 0.0365122 0.01678012 0.008735503 0.01288305 0.01010387 0.03182854 0.02477279 0.0131181 -0.009551235 -0.2878357 -0.2300039 0.05255293 0.171921 0.2011266 0.140777 0.09847197 0.05539907 0.02066906 -0.01156321 -0.03704156 -0.01579588 0.007718285 0.008766769 0.007549159 0.01501833 0.02786655 0.03381491 0.03004733 0.01783437 0.0006969377 -0.012711 -0.02716325 -0.03786554 -0.03659311 -0.0234671 0.01179625 0.02207489 0.009166261 0.003893126 0.01870386 0.02284683
-0.05148951 0.002330984 0.04008171 0.08818897 0.06974421 0.06308554 0.05778491 0.05537248 0.0341961 0.02773095 0.03407961 -0.0129157 0.02334457 0.06486914 0.0672974 0.07900877 0.04024984 -0.1578497 -0.1265233 -0.05689121 0.1924181 0.2198509 0.1942671 0.16737 0.09548821 0.05666349 0.04963198 0.03359778 0.01552313 0.005178145 0.01261537 0.0234816 0.02767434 0.003876477 0.01549448 0.04227009 0.04300577 0.03354681 0.04953417 0.04004518 0.03331918 0.04528037 0.05915489 0.04507237 0.0006816583 -0.03823816 -0.03828095 -0.03894412
