495220000.0 495419000.0 495622000.0 495824000.0 496026000.0 496228000.0 496413000.0 496614000.0 496815000.0 497017000.0 497218000.0 497419000.0 497620000.0 497825000.0 498008000.0 498209000.0 498410000.0 498611000.0 498814000.0 499017000.0 499221000.0 499424000.0 499606000.0 499811000.0 500013000.0 500216000.0 500418000.0 500620000.0 500823000.0 501026000.0
501206000.0 501428000.0 501631000.0 501833000.0 502033000.0 502234000.0 502436000.0 502638000.0 502820000.0 503022000.0 503224000.0 503424000.0 503624000.0 503824000.0 504027000.0 504227000.0 504428000.0 504631000.0 504831000.0 505030000.0 505232000.0 505433000.0 505634000.0 505835000.0 506035000.0 506236000.0 506437000.0 506638000.0 506840000.0 507043000.0
507227000.0 507430000.0 507632000.0 507834000.0 508037000.0 508240000.0 508441000.0 508625000.0 508827000.0 509030000.0 509233000.0 509434000.0 509635000.0 509839000.0 510044000.0 510226000.0 510447000.0 510630000.0 510834000.0 511036000.0 511239000.0 511442000.0 511643000.0 511828000.0 512029000.0 512230000.0 512431000.0 512631000.0 512833000.0 513034000.0
513235000.0 513440000.0 513641000.0 513824000.0 514026000.0 514227000.0 514428000.0 514629000.0 514831000.0 515031000.0 515232000.0 515432000.0 515634000.0 515833000.0 516034000.0 516236000.0 516436000.0 516639000.0 516838000.0 517041000.0 517243000.0 517444000.0 517645000.0 517826000.0 518027000.0 518227000.0 518429000.0 518630000.0 518831000.0 519034000.0
519235000.0 519439000.0 519641000.0 519842000.0 520044000.0 520227000.0 520431000.0 520634000.0 520834000.0 521035000.0 521235000.0 521437000.0 521639000.0 521840000.0 522042000.0 522244000.0 522444000.0 522647000.0 522829000.0 523034000.0 523237000.0 523442000.0 523643000.0 523827000.0 524028000.0 524229000.0 524429000.0 524631000.0 524837000.0 525037000.0
214221000.0 214426000.0 214630000.0 214816000.0 215023000.0 215228000.0 215430000.0 215633000.0 215821000.0 216029000.0 216219000.0 216424000.0 216627000.0 216832000.0 217021000.0 217225000.0 217427000.0 217630000.0 217834000.0 218016000.0 218220000.0 218422000.0 218628000.0 218830000.0 219038000.0 219222000.0 219428000.0 219630000.0 219831000.0 220016000.0
224023000.0 224226000.0 224432000.0 224635000.0 224818000.0 225028000.0 225231000.0 225433000.0 225636000.0 225821000.0 226028000.0 226234000.0 226417000.0 226619000.0 226822000.0 227024000.0 227229000.0 227432000.0 227635000.0 227824000.0 228030000.0 228233000.0 228419000.0 228623000.0 228829000.0 229034000.0 229219000.0 229426000.0 229632000.0 229835000.0
237225000.0 237437000.0 237626000.0 237832000.0 238037000.0 238227000.0 238431000.0 238637000.0 238825000.0 239029000.0 239234000.0 239419000.0 239626000.0 239830000.0 240033000.0 240215000.0 240418000.0 240621000.0 240824000.0 241026000.0 241229000.0 241434000.0 241638000.0 241820000.0 242023000.0 242227000.0 242430000.0 242635000.0 242821000.0 243024000.0
245228000.0 245432000.0 245634000.0 245817000.0 246023000.0 246228000.0 246430000.0 246632000.0 246816000.0 247018000.0 247221000.0 247425000.0 247631000.0 247819000.0 248022000.0 248226000.0 248616000.0 249026000.0 249236000.0 249422000.0 249629000.0 249832000.0 250020000.0 250226000.0 250429000.0 250637000.0 250824000.0 251032000.0 251217000.0 251425000.0
254228000.0 254434000.0 254621000.0 254827000.0 255032000.0 255215000.0 255417000.0 255620000.0 255823000.0 256031000.0 256234000.0 256417000.0 256620000.0 256824000.0 257029000.0 257232000.0 257416000.0 257621000.0 257827000.0 258029000.0 258217000.0 258421000.0 258624000.0 259012000.0 259223000.0 259428000.0 259632000.0 259814000.0 260017000.0 260219000.0
264022000.0 264229000.0 264433000.0 264635000.0 264818000.0 265025000.0 265231000.0 265432000.0 265635000.0 265827000.0 266032000.0 266222000.0 266427000.0 266632000.0 266820000.0 267023000.0 267231000.0 267438000.0 267621000.0 267824000.0 268027000.0 268229000.0 268422000.0 268624000.0 268827000.0 269030000.0 269232000.0 269415000.0 269621000.0 269830000.0
271236000.0 271423000.0 271818000.0 272022000.0 272226000.0 272618000.0 272823000.0 273031000.0 273216000.0 273420000.0 273622000.0 273824000.0 274026000.0 274229000.0 274433000.0 274615000.0 274817000.0 275021000.0 275226000.0 275431000.0 275632000.0 275835000.0 276039000.0 276221000.0 276427000.0 276634000.0 276817000.0 277021000.0 277223000.0 277428000.0
279227000.0 279430000.0 279633000.0 279815000.0 280019000.0 280222000.0 280424000.0 280627000.0 280830000.0 281032000.0 281235000.0 281417000.0 281623000.0 281829000.0 282032000.0 282221000.0 282426000.0 282632000.0 282834000.0 283017000.0 283220000.0 283428000.0 283632000.0 283836000.0 284019000.0 284220000.0 284430000.0 284616000.0 284821000.0 285024000.0
300035000.0 300219000.0 300422000.0 300628000.0 300831000.0 301031000.0 301232000.0 301435000.0 301620000.0 301825000.0 302027000.0 302230000.0 302433000.0 302635000.0 302816000.0 303020000.0 303222000.0 303423000.0 303626000.0 303828000.0 304030000.0 304215000.0 304420000.0 304624000.0 304828000.0 305035000.0 305237000.0 305420000.0 305623000.0 305829000.0
309235000.0 309419000.0 309619000.0 309821000.0 310026000.0 310230000.0 310433000.0 310623000.0 310828000.0 311032000.0 311237000.0 311423000.0 311625000.0 311828000.0 312031000.0 312234000.0 312435000.0 312620000.0 312831000.0 313035000.0 313217000.0 313420000.0 313622000.0 313825000.0 314028000.0 314230000.0 314417000.0 314622000.0 314828000.0 315032000.0
324215000.0 324418000.0 324621000.0 324824000.0 325029000.0 325232000.0 325435000.0 325622000.0 325825000.0 326030000.0 326216000.0 326420000.0 326622000.0 326829000.0 327034000.0 327215000.0 327422000.0 327626000.0 327831000.0 328035000.0 328216000.0 328420000.0 328622000.0 328824000.0 329027000.0 329230000.0 329433000.0 329617000.0 329820000.0 330022000.0
331234000.0 331417000.0 331620000.0 331822000.0 332026000.0 332228000.0 332431000.0 332637000.0 332821000.0 333025000.0 333230000.0 333434000.0 333618000.0 333821000.0 334025000.0 334229000.0 334432000.0 334620000.0 334824000.0 335035000.0 335223000.0 335425000.0 335630000.0 335832000.0 336035000.0 336237000.0 336420000.0 336623000.0 336826000.0 337028000.0
335223000.0 335425000.0 335630000.0 335832000.0 336035000.0 336237000.0 336420000.0 336623000.0 336826000.0 337028000.0 337232000.0 337436000.0 337620000.0 337825000.0 338029000.0 338232000.0 338419000.0 338627000.0 338831000.0 339017000.0 339224000.0 339433000.0 339619000.0 339821000.0 340026000.0 340232000.0 340433000.0 340617000.0 340828000.0 341033000.0
343221000.0 343423000.0 343634000.0 343818000.0 344022000.0 344231000.0 344437000.0 344621000.0 344831000.0 345036000.0 345221000.0 345426000.0 345613000.0 345816000.0 346020000.0 346225000.0 346434000.0 346637000.0 346819000.0 347029000.0 347214000.0 347419000.0 347630000.0 347817000.0 348232000.0 348417000.0 348620000.0 348826000.0 349029000.0 349233000.0
350214000.0 350437000.0 350619000.0 350821000.0 351025000.0 351231000.0 351419000.0 351626000.0 351833000.0 352021000.0 352225000.0 352433000.0 352618000.0 352822000.0 353028000.0 353237000.0 353422000.0 353624000.0 353830000.0 354038000.0 354222000.0 354425000.0 354628000.0 354831000.0 355017000.0 355225000.0 355429000.0 355622000.0 355824000.0 356033000.0
358018000.0 358221000.0 358421000.0 358623000.0 358826000.0 359029000.0 359231000.0 359433000.0 359616000.0 359819000.0 360026000.0 360228000.0 360429000.0 360634000.0 360823000.0 361028000.0 361219000.0 361425000.0 361629000.0 361832000.0 362034000.0 362216000.0 362421000.0 362623000.0 362826000.0 363034000.0 363221000.0 363429000.0 363633000.0 363821000.0
366222000.0 366426000.0 366628000.0 366832000.0 367018000.0 367224000.0 367426000.0 367629000.0 367818000.0 368021000.0 368226000.0 368431000.0 368622000.0 368825000.0 369029000.0 369230000.0 369434000.0 369618000.0 369827000.0 370032000.0 370438000.0 370622000.0 370831000.0 371016000.0 371223000.0 371429000.0 371633000.0 371836000.0 372019000.0 372222000.0
381224000.0 381427000.0 381629000.0 381831000.0 382018000.0 382222000.0 382427000.0 382630000.0 382832000.0 383020000.0 383227000.0 383431000.0 383634000.0 383816000.0 384019000.0 384221000.0 384424000.0 384627000.0 384830000.0 385032000.0 385217000.0 385424000.0 385632000.0 385817000.0 386020000.0 386230000.0 386417000.0 386623000.0 387031000.0 387235000.0
386230000.0 386417000.0 386623000.0 387031000.0 387235000.0 387418000.0 387624000.0 387829000.0 388035000.0 388217000.0 388441000.0 388645000.0 388831000.0 389038000.0 389242000.0 389430000.0 389638000.0 389839000.0 390043000.0 390229000.0 390434000.0 390640000.0 390844000.0 391027000.0 391233000.0 391436000.0 391639000.0 391826000.0 392030000.0 392235000.0
394230000.0 394433000.0 394636000.0 394839000.0 395042000.0 395245000.0 395430000.0 395633000.0 395843000.0 396025000.0 396228000.0 396430000.0 396640000.0 396823000.0 397029000.0 397435000.0 397638000.0 397840000.0 398044000.0 398228000.0 398430000.0 398635000.0 398837000.0 399037000.0 399244000.0 399432000.0 399636000.0 399839000.0 400041000.0 400244000.0
405243000.0 405430000.0 405639000.0 405842000.0 406032000.0 406235000.0 406442000.0 406643000.0 406847000.0 407035000.0 407238000.0 407442000.0 407646000.0 407832000.0 408038000.0 408245000.0 408447000.0 408631000.0 408836000.0 409039000.0 409242000.0 409444000.0 409632000.0 409846000.0 410029000.0 410232000.0 410435000.0 410645000.0 410831000.0 411247000.0
415029000.0 415232000.0 415440000.0 415648000.0 415835000.0 416040000.0 416244000.0 416445000.0 416628000.0 416831000.0 417041000.0 417249000.0 417433000.0 417624000.0 417830000.0 418033000.0 418236000.0 418441000.0 418648000.0 418834000.0 419036000.0 419239000.0 419443000.0 419648000.0 419834000.0 420037000.0 420240000.0 420445000.0 420650000.0 420837000.0
425035000.0 425239000.0 425441000.0 425644000.0 425846000.0 426035000.0 426243000.0 426431000.0 426638000.0 426841000.0 427028000.0 427234000.0 427438000.0 427642000.0 427845000.0 428026000.0 428230000.0 428438000.0 428643000.0 428846000.0 429031000.0 429236000.0 429439000.0 429642000.0 429848000.0 430033000.0 430236000.0 430440000.0 430643000.0 430845000.0
432033000.0 432243000.0 432447000.0 432650000.0 432833000.0 433035000.0 433242000.0 433431000.0 433634000.0 433840000.0 434043000.0 434243000.0 434449000.0 434637000.0 434841000.0 435044000.0 435246000.0 435430000.0 435634000.0 435838000.0 436041000.0 436248000.0 436432000.0 436638000.0 436839000.0 437029000.0 437237000.0 437441000.0 437646000.0 437848000.0
441246000.0 441449000.0 441635000.0 441837000.0 442043000.0 442245000.0 442448000.0 442632000.0 442839000.0 443042000.0 443246000.0 443434000.0 443638000.0 443842000.0 444046000.0 444249000.0 444434000.0 444637000.0 444843000.0 445046000.0 445251000.0 445435000.0 445640000.0 445846000.0 446039000.0 446247000.0 446431000.0 446635000.0 446842000.0 447047000.0
456035000.0 456239000.0 456421000.0 456625000.0 456832000.0 457020000.0 457223000.0 457428000.0 457632000.0 457837000.0 458022000.0 458224000.0 458427000.0 458629000.0 458834000.0 459034000.0 459218000.0 459422000.0 459625000.0 459827000.0 460029000.0 460230000.0 460435000.0 460619000.0 460827000.0 461030000.0 461235000.0 461419000.0 461624000.0 461830000.0
464222000.0 464426000.0 464633000.0 464834000.0 465036000.0 465238000.0 465425000.0 465631000.0 465835000.0 466017000.0 466219000.0 466424000.0 466634000.0 466818000.0 467024000.0 467232000.0 467421000.0 467628000.0 467832000.0 468020000.0 468228000.0 468419000.0 468623000.0 468833000.0 469019000.0 469223000.0 469435000.0 469621000.0 469827000.0 470033000.0
476031000.0 476216000.0 476421000.0 476628000.0 476831000.0 477039000.0 477226000.0 477416000.0 477619000.0 477822000.0 478030000.0 478216000.0 478421000.0 478630000.0 478814000.0 479017000.0 479219000.0 479422000.0 479623000.0 479828000.0 480031000.0 480237000.0 480423000.0 480629000.0 480815000.0 481018000.0 481222000.0 481427000.0 481630000.0 481833000.0
491233000.0 491418000.0 491622000.0 491828000.0 492032000.0 492236000.0 492439000.0 492625000.0 492816000.0 493021000.0 493228000.0 493418000.0 493623000.0 493829000.0 494033000.0 494218000.0 494422000.0 494627000.0 494830000.0 495035000.0 495222000.0 495428000.0 495611000.0 495817000.0 496024000.0 496227000.0 496428000.0 496633000.0 496817000.0 497018000.0
498034000.0 498217000.0 498426000.0 498630000.0 498833000.0 499016000.0 499225000.0 499430000.0 499632000.0 499836000.0 500018000.0 500222000.0 500429000.0 500632000.0 500815000.0 501018000.0 501219000.0 501423000.0 501624000.0 501829000.0 502034000.0 502239000.0 502422000.0 502630000.0 502834000.0 503020000.0 503223000.0 503426000.0 503630000.0 503833000.0
166235000.0 166437000.0 166641000.0 167043000.0 167244000.0 167444000.0 167646000.0 168031000.0 168233000.0 168435000.0 168639000.0 168841000.0 169244000.0 169445000.0 169645000.0 169846000.0 170230000.0 170431000.0 170631000.0 170830000.0 171031000.0 171436000.0 171636000.0 171837000.0 172037000.0 172239000.0 172640000.0 172840000.0 173040000.0 173243000.0
174236000.0 174440000.0 174641000.0 174843000.0 175046000.0 175250000.0 175431000.0 175634000.0 175838000.0 176041000.0 176243000.0 176429000.0 176629000.0 176833000.0 177034000.0 177238000.0 177442000.0 177644000.0 177846000.0 178050000.0 178233000.0 178435000.0 178637000.0 178840000.0 179043000.0 179243000.0 179446000.0 179645000.0 179834000.0 180037000.0
180239000.0 180441000.0 180644000.0 180847000.0 181031000.0 181234000.0 181436000.0 181638000.0 181842000.0 182044000.0 182247000.0 182448000.0 182630000.0 182834000.0 183036000.0 183237000.0 183439000.0 183645000.0 183848000.0 184049000.0 184233000.0 184437000.0 184639000.0 184842000.0 185046000.0 185248000.0 185430000.0 185633000.0 185836000.0 186037000.0
200230000.0 200453000.0 200638000.0 200841000.0 201043000.0 201246000.0 201428000.0 201630000.0 201830000.0 202050000.0 202231000.0 202433000.0 202636000.0 202838000.0 203040000.0 203242000.0 203445000.0 203648000.0 203831000.0 204033000.0 204235000.0 204440000.0 204643000.0 204846000.0 205030000.0 205232000.0 205435000.0 205637000.0 205840000.0 206042000.0
209245000.0 209429000.0 209632000.0 209834000.0 210038000.0 210240000.0 210442000.0 210645000.0 210847000.0 211049000.0 211231000.0 211431000.0 211632000.0 211833000.0 212035000.0 212238000.0 212441000.0 212643000.0 212844000.0 213048000.0 213250000.0 213433000.0 213636000.0 213839000.0 214041000.0 214245000.0 214449000.0 214630000.0 214832000.0 215035000.0
225245000.0 225448000.0 225648000.0 225850000.0 226051000.0 226251000.0 226452000.0 226635000.0 226838000.0 227041000.0 227243000.0 227446000.0 227649000.0 227834000.0 228035000.0 228236000.0 228439000.0 228644000.0 228847000.0 229048000.0 229232000.0 229435000.0 229638000.0 229840000.0 230042000.0 230245000.0 230447000.0 230650000.0 230852000.0 231034000.0
231236000.0 231439000.0 231641000.0 231842000.0 232043000.0 232445000.0 232647000.0 232851000.0 233035000.0 233237000.0 233439000.0 233642000.0 233844000.0 234047000.0 234250000.0 234452000.0 234655000.0 234838000.0 235040000.0 235243000.0 235445000.0 235646000.0 235848000.0 236051000.0 236233000.0 236438000.0 236639000.0 236840000.0 237042000.0 237242000.0
238232000.0 238433000.0 238634000.0 238835000.0 239036000.0 239238000.0 239441000.0 239643000.0 239845000.0 240049000.0 240233000.0 240435000.0 240638000.0 240840000.0 241041000.0 241244000.0 241447000.0 241650000.0 241850000.0 242037000.0 242238000.0 242440000.0 242642000.0 242843000.0 243043000.0 243244000.0 243446000.0 243650000.0 243832000.0 244035000.0
247236000.0 247441000.0 247643000.0 247845000.0 248048000.0 248251000.0 248434000.0 248638000.0 248840000.0 249043000.0 249245000.0 249448000.0 249652000.0 249855000.0 250039000.0 250240000.0 250441000.0 250644000.0 250845000.0 251045000.0 251246000.0 251447000.0 251650000.0 251853000.0 252037000.0 252240000.0 252443000.0 252645000.0 252848000.0 253052000.0
259237000.0 259439000.0 259641000.0 259843000.0 260045000.0 260232000.0 260454000.0 260638000.0 260840000.0 261042000.0 261245000.0 261447000.0 261630000.0 261831000.0 262035000.0 262239000.0 262441000.0 262643000.0 262847000.0 263049000.0 263251000.0 263434000.0 263637000.0 263839000.0 264042000.0 264242000.0 264445000.0 264632000.0 264835000.0 265037000.0
273243000.0 273445000.0 273647000.0 273850000.0 274033000.0 274235000.0 274437000.0 274639000.0 274844000.0 275048000.0 275250000.0 275451000.0 275655000.0 275839000.0 276042000.0 276245000.0 276448000.0 276651000.0 276852000.0 277033000.0 277235000.0 277440000.0 277641000.0 277844000.0 278045000.0 278247000.0 278447000.0 278648000.0 278850000.0 279033000.0
339244000.0 339447000.0 339631000.0 339833000.0 340055000.0 340238000.0 340442000.0 340644000.0 340849000.0 341052000.0 341252000.0 341435000.0 341637000.0 341840000.0 342041000.0 342246000.0 342449000.0 342651000.0 342852000.0 343037000.0 343238000.0 343442000.0 343642000.0 343843000.0 344043000.0 344244000.0 344448000.0 344649000.0 344831000.0 345035000.0
377236000.0 377440000.0 377642000.0 377844000.0 378050000.0 378233000.0 378435000.0 378638000.0 378840000.0 379042000.0 379244000.0 379443000.0 379643000.0 379844000.0 380048000.0 380232000.0 380453000.0 380655000.0 380836000.0 381041000.0 381243000.0 381448000.0 381650000.0 381854000.0 382036000.0 382239000.0 382442000.0 382644000.0 382848000.0 383049000.0
389246000.0 389431000.0 389634000.0 389835000.0 390038000.0 390242000.0 390446000.0 390648000.0 390833000.0 391034000.0 391235000.0 391438000.0 391638000.0 391840000.0 392042000.0 392242000.0 392444000.0 392647000.0 392850000.0 393033000.0 393256000.0 393438000.0 393642000.0 393845000.0 394047000.0 394250000.0 394433000.0 394636000.0 394838000.0 395041000.0
398240000.0 398443000.0 398645000.0 398845000.0 399047000.0 399247000.0 399428000.0 399649000.0 399851000.0 400033000.0 400236000.0 400439000.0 400641000.0 400843000.0 401045000.0 401249000.0 401432000.0 401635000.0 401837000.0 402040000.0 402243000.0 402445000.0 402648000.0 402850000.0 403054000.0 403235000.0 403437000.0 403638000.0 403844000.0 404045000.0
419242000.0 419445000.0 419647000.0 419850000.0 420033000.0 420236000.0 420439000.0 420641000.0 420844000.0 421047000.0 421250000.0 421453000.0 421637000.0 421839000.0 422042000.0 422244000.0 422447000.0 422650000.0 422832000.0 423052000.0 423234000.0 423438000.0 423642000.0 423842000.0 424043000.0 424243000.0 424443000.0 424644000.0 424849000.0 425051000.0
435240000.0 435442000.0 435646000.0 435848000.0 436052000.0 436254000.0 436438000.0 436641000.0 436843000.0 437045000.0 437248000.0 437450000.0 437652000.0 437834000.0 438038000.0 438241000.0 438444000.0 438647000.0 438851000.0 439053000.0 439255000.0 439439000.0 439642000.0 439845000.0 440048000.0 440251000.0 440453000.0 440655000.0 440837000.0 441040000.0
446245000.0 446449000.0 446652000.0 446835000.0 447056000.0 447240000.0 447442000.0 447645000.0 447848000.0 448052000.0 448234000.0 448435000.0 448638000.0 448840000.0 449045000.0 449248000.0 449451000.0 449633000.0 449833000.0 450034000.0 450235000.0 450436000.0 450639000.0 450840000.0 451042000.0 451246000.0 451448000.0 451649000.0 451836000.0 452038000.0
454251000.0 454453000.0 454636000.0 454838000.0 455040000.0 455240000.0 455444000.0 455649000.0 455852000.0 456055000.0 456241000.0 456443000.0 456647000.0 456848000.0 457051000.0 457234000.0 457436000.0 457639000.0 457842000.0 458044000.0 458247000.0 458450000.0 458634000.0 458837000.0 459040000.0 459444000.0 459647000.0 459850000.0 460032000.0 460234000.0
511236000.0 511441000.0 511645000.0 511847000.0 512051000.0 512235000.0 512437000.0 512640000.0 512842000.0 513045000.0 513247000.0 513450000.0 513652000.0 513835000.0 514037000.0 514239000.0 514442000.0 514643000.0 514847000.0 515048000.0 515250000.0 515453000.0 515637000.0 515838000.0 516038000.0 516239000.0 516442000.0 516643000.0 516846000.0 517047000.0
218524000.0 218728000.0 218933000.0 219133000.0 219335000.0 219537000.0 219741000.0 219945000.0 220129000.0 220330000.0 220533000.0 220737000.0 220939000.0 221141000.0 221322000.0 221526000.0 221730000.0 221931000.0 222134000.0 222337000.0 222540000.0 222742000.0 222928000.0 223131000.0 223335000.0 223535000.0 223741000.0 223927000.0 224129000.0 224331000.0
247527000.0 247730000.0 247931000.0 248132000.0 248336000.0 248537000.0 248744000.0 248926000.0 249131000.0 249337000.0 249544000.0 249745000.0 249928000.0 250132000.0 250339000.0 250544000.0 250751000.0 250934000.0 251136000.0 251340000.0 251527000.0 251730000.0 251935000.0 252137000.0 252343000.0 252526000.0 252728000.0 252931000.0 253134000.0 253337000.0
258538000.0 258741000.0 258945000.0 259127000.0 259330000.0 259531000.0 259733000.0 259935000.0 260135000.0 260336000.0 260536000.0 260737000.0 260925000.0 261127000.0 261329000.0 261533000.0 261738000.0 261940000.0 262143000.0 262346000.0 262546000.0 262727000.0 262929000.0 263129000.0 263332000.0 263536000.0 263739000.0 263944000.0 264146000.0 264329000.0
273543000.0 273728000.0 273937000.0 274140000.0 274342000.0 274544000.0 274746000.0 274927000.0 275129000.0 275329000.0 275531000.0 275734000.0 275940000.0 276146000.0 276328000.0 276529000.0 276731000.0 276935000.0 277139000.0 277342000.0 277544000.0 277729000.0 277930000.0 278133000.0 278336000.0 278538000.0 278742000.0 278943000.0 279145000.0 279346000.0
292538000.0 292743000.0 292926000.0 293129000.0 293340000.0 293544000.0 293746000.0 293930000.0 294133000.0 294340000.0 294546000.0 294730000.0 294933000.0 295136000.0 295345000.0 295531000.0 295742000.0 295931000.0 296136000.0 296342000.0 296545000.0 296728000.0 296928000.0 297133000.0 297337000.0 297538000.0 297740000.0 297942000.0 298144000.0 298328000.0
326546000.0 326728000.0 326930000.0 327134000.0 327338000.0 327540000.0 327742000.0 327945000.0 328129000.0 328332000.0 328536000.0 328738000.0 328942000.0 329144000.0 329347000.0 329529000.0 329732000.0 329932000.0 330133000.0 330337000.0 330539000.0 330743000.0 330946000.0 331148000.0 331334000.0 331537000.0 331739000.0 331939000.0 332142000.0 332343000.0
336341000.0 336548000.0 336735000.0 336940000.0 337146000.0 337333000.0 337537000.0 337742000.0 337930000.0 338132000.0 338338000.0 338529000.0 338733000.0 338935000.0 339138000.0 339340000.0 339543000.0 339745000.0 339948000.0 340132000.0 340335000.0 340539000.0 340745000.0 340932000.0 341135000.0 341338000.0 341541000.0 341742000.0 341944000.0 342147000.0
358539000.0 358740000.0 358944000.0 359125000.0 359331000.0 359533000.0 359733000.0 359935000.0 360137000.0 360340000.0 360542000.0 360744000.0 360947000.0 361128000.0 361329000.0 361536000.0 361740000.0 361943000.0 362145000.0 362329000.0 362531000.0 362733000.0 362936000.0 363139000.0 363344000.0 363532000.0 363734000.0 363939000.0 364144000.0 364326000.0
368543000.0 368746000.0 368930000.0 369132000.0 369336000.0 369538000.0 369741000.0 369944000.0 370131000.0 370334000.0 370539000.0 370745000.0 370948000.0 371131000.0 371332000.0 371535000.0 371738000.0 371940000.0 372141000.0 372342000.0 372544000.0 372746000.0 372927000.0 373129000.0 373331000.0 373533000.0 373734000.0 373935000.0 374136000.0 374338000.0
207056000.0 207258000.0 207461000.0 207649000.0 208060000.0 208263000.0 208470000.0 208657000.0 208865000.0 209052000.0 209256000.0 209460000.0 209662000.0 209864000.0 210052000.0 210255000.0 210463000.0 210647000.0 210849000.0 211051000.0 211253000.0 211457000.0 211660000.0 211863000.0 212054000.0 212258000.0 212461000.0 212666000.0 212850000.0 213053000.0
215050000.0 215254000.0 215459000.0 215661000.0 215863000.0 216049000.0 216251000.0 216454000.0 216657000.0 216861000.0 217068000.0 217251000.0 217460000.0 217648000.0 217855000.0 218060000.0 218266000.0 218453000.0 218656000.0 218859000.0 219062000.0 219264000.0 219466000.0 219650000.0 219858000.0 220045000.0 220248000.0 220451000.0 220654000.0 220866000.0
230063000.0 230267000.0 230449000.0 230652000.0 230855000.0 231065000.0 231269000.0 231453000.0 231657000.0 231859000.0 232062000.0 232265000.0 232467000.0 232650000.0 232852000.0 233055000.0 233265000.0 233468000.0 233651000.0 233855000.0 234060000.0 234251000.0 234455000.0 234658000.0 234860000.0 235063000.0 235266000.0 235452000.0 235655000.0 235859000.0
259069000.0 259256000.0 259464000.0 259648000.0 259852000.0 260054000.0 260258000.0 260467000.0 260651000.0 260859000.0 261060000.0 261248000.0 261450000.0 261653000.0 261861000.0 262066000.0 262254000.0 262459000.0 262663000.0 262864000.0 263067000.0 263250000.0 263453000.0 263658000.0 263867000.0 264052000.0 264254000.0 264459000.0 264667000.0 264853000.0
288053000.0 288265000.0 288452000.0 288658000.0 288864000.0 289069000.0 289250000.0 289460000.0 289663000.0 289867000.0 290069000.0 290253000.0 290459000.0 290662000.0 290864000.0 291068000.0 291259000.0 291461000.0 291650000.0 291855000.0 292058000.0 292266000.0 292456000.0 292660000.0 292866000.0 293052000.0 293259000.0 293464000.0 293668000.0 293854000.0
306054000.0 306256000.0 306458000.0 306664000.0 306868000.0 307053000.0 307259000.0 307462000.0 307665000.0 307852000.0 308055000.0 308264000.0 308450000.0 308653000.0 308862000.0 309065000.0 309271000.0 309455000.0 309657000.0 309863000.0 310049000.0 310255000.0 310457000.0 310660000.0 310863000.0 311066000.0 311269000.0 311453000.0 311658000.0 311859000.0
362864000.0 363066000.0 363269000.0 363453000.0 363659000.0 363861000.0 364066000.0 364268000.0 364455000.0 364658000.0 364864000.0 365050000.0 365251000.0 365454000.0 365665000.0 365852000.0 366055000.0 366258000.0 366467000.0 366649000.0 366853000.0 367064000.0 367248000.0 367452000.0 367655000.0 367859000.0 368067000.0 368256000.0 368466000.0 368670000.0
205544000.0 205751000.0 205955000.0 206158000.0 206343000.0 206548000.0 206753000.0 206960000.0 207143000.0 207346000.0 207551000.0 207754000.0 207961000.0 208147000.0 208356000.0 208544000.0 208746000.0 208949000.0 209153000.0 209356000.0 209559000.0 209762000.0 209945000.0 210153000.0 210355000.0 210560000.0 210764000.0 210948000.0 211159000.0 211364000.0
214550000.0 214756000.0 214961000.0 215144000.0 215352000.0 215559000.0 215763000.0 215946000.0 216148000.0 216351000.0 216556000.0 216759000.0 216961000.0 217145000.0 217350000.0 217556000.0 217759000.0 217947000.0 218156000.0 218357000.0 218560000.0 218743000.0 218947000.0 219153000.0 219357000.0 219561000.0 219748000.0 219954000.0 220157000.0 220360000.0
222548000.0 222759000.0 222942000.0 223147000.0 223556000.0 223757000.0 223961000.0 224162000.0 224344000.0 224547000.0 224749000.0 224961000.0 225167000.0 225350000.0 225553000.0 225754000.0 225956000.0 226158000.0 226346000.0 226553000.0 226760000.0 226947000.0 227154000.0 227361000.0 227543000.0 227746000.0 227950000.0 228153000.0 228357000.0 228561000.0
269553000.0 269759000.0 269963000.0 270165000.0 270348000.0 270550000.0 270753000.0 270956000.0 271159000.0 271363000.0 271551000.0 271763000.0 271949000.0 272151000.0 272355000.0 272563000.0 272767000.0 272956000.0 273164000.0 273346000.0 273550000.0 273754000.0 273958000.0 274160000.0 274364000.0 274548000.0 274751000.0 274954000.0 275156000.0 275359000.0
252555000.0 252759000.0 252963000.0 253150000.0 253358000.0 253545000.0 253749000.0 253953000.0 254157000.0 254359000.0 254561000.0 254765000.0 254950000.0 255155000.0 255358000.0 255562000.0 255764000.0 255950000.0 256156000.0 256359000.0 256562000.0 256765000.0 256968000.0 257151000.0 257353000.0 257557000.0 257746000.0 257951000.0 258154000.0 258356000.0
280569000.0 280753000.0 280961000.0 281166000.0 281368000.0 281551000.0 281758000.0 281967000.0 282158000.0 282363000.0 282551000.0 282754000.0 282959000.0 283161000.0 283351000.0 283559000.0 283761000.0 283951000.0 284155000.0 284359000.0 284567000.0 284753000.0 284959000.0 285165000.0 285353000.0 285558000.0 285760000.0 285966000.0 286150000.0 286356000.0
309566000.0 309754000.0 309960000.0 310163000.0 310349000.0 310552000.0 310759000.0 310946000.0 311148000.0 311352000.0 311554000.0 311756000.0 311959000.0 312162000.0 312350000.0 312557000.0 312762000.0 312948000.0 313150000.0 313354000.0 313560000.0 313745000.0 313947000.0 314156000.0 314360000.0 314547000.0 314750000.0 314958000.0 315165000.0 315350000.0
316564000.0 316748000.0 316955000.0 317159000.0 317362000.0 317547000.0 317752000.0 317959000.0 318161000.0 318351000.0 318553000.0 318758000.0 318962000.0 319165000.0 319348000.0 319556000.0 319761000.0 319966000.0 320155000.0 320359000.0 320561000.0 320769000.0 320952000.0 321159000.0 321362000.0 321553000.0 321758000.0 321960000.0 322163000.0 322367000.0
323552000.0 323757000.0 323959000.0 324162000.0 324345000.0 324551000.0 324754000.0 324956000.0 325161000.0 325362000.0 325566000.0 325754000.0 325957000.0 326165000.0 326350000.0 326555000.0 326763000.0 326968000.0 327152000.0 327356000.0 327560000.0 327747000.0 327950000.0 328156000.0 328361000.0 328552000.0 328756000.0 328960000.0 329163000.0 329354000.0
330560000.0 330765000.0 330950000.0 331158000.0 331362000.0 331565000.0 331753000.0 331959000.0 332164000.0 332351000.0 332556000.0 332746000.0 332950000.0 333152000.0 333355000.0 333559000.0 333765000.0 333954000.0 334159000.0 334364000.0 334553000.0 334758000.0 334963000.0 335148000.0 335351000.0 335554000.0 335757000.0 335962000.0 336149000.0 336353000.0
345555000.0 345757000.0 345962000.0 346150000.0 346356000.0 346560000.0 346748000.0 346952000.0 347159000.0 347346000.0 347550000.0 347755000.0 347961000.0 348166000.0 348351000.0 348557000.0 348744000.0 348948000.0 349152000.0 349355000.0 349557000.0 349761000.0 349963000.0 350168000.0 350350000.0 350554000.0 350756000.0 350960000.0 351164000.0 351348000.0
162045000.0 162246000.0 162447000.0 162651000.0 162850000.0 163051000.0 163251000.0 163453000.0 163653000.0 163854000.0 164054000.0 164254000.0 164458000.0 164659000.0 164859000.0 165060000.0 165261000.0 165446000.0 165667000.0 165849000.0 166054000.0 166255000.0 166457000.0 166659000.0 166859000.0 167061000.0 167264000.0 167445000.0 167648000.0 167848000.0
169052000.0 169252000.0 169453000.0 169653000.0 169854000.0 170055000.0 170258000.0 170460000.0 170643000.0 170845000.0 171049000.0 171252000.0 171454000.0 171656000.0 171857000.0 172057000.0 172260000.0 172442000.0 172644000.0 172845000.0 173050000.0 173252000.0 173455000.0 173656000.0 173857000.0 174058000.0 174259000.0 174660000.0 174861000.0 175061000.0
186061000.0 186261000.0 186462000.0 186663000.0 186864000.0 187045000.0 187266000.0 187448000.0 187649000.0 187853000.0 188055000.0 188255000.0 188456000.0 188656000.0 188857000.0 189059000.0 189259000.0 189459000.0 189659000.0 189859000.0 190059000.0 190260000.0 190463000.0 190662000.0 190843000.0 191063000.0 191264000.0 191444000.0 191664000.0 191864000.0
235060000.0 235263000.0 235466000.0 235648000.0 235849000.0 236052000.0 236251000.0 236452000.0 236653000.0 236854000.0 237057000.0 237258000.0 237460000.0 237663000.0 237865000.0 238050000.0 238253000.0 238454000.0 238655000.0 238856000.0 239057000.0 239257000.0 239458000.0 239659000.0 239860000.0 240061000.0 240261000.0 240465000.0 240669000.0 240851000.0
241055000.0 241256000.0 241459000.0 241661000.0 241864000.0 242066000.0 242269000.0 242452000.0 242654000.0 242857000.0 243062000.0 243263000.0 243464000.0 243667000.0 243867000.0 244067000.0 244268000.0 244451000.0 244654000.0 244854000.0 245056000.0 245262000.0 245464000.0 245666000.0 245869000.0 246051000.0 246256000.0 246460000.0 246663000.0 246865000.0
247067000.0 247270000.0 247452000.0 247655000.0 247857000.0 248058000.0 248262000.0 248465000.0 248650000.0 248851000.0 249054000.0 249256000.0 249456000.0 249658000.0 249859000.0 250060000.0 250261000.0 250463000.0 250663000.0 250865000.0 251067000.0 251249000.0 251450000.0 251653000.0 251852000.0 252058000.0 252259000.0 252462000.0 252664000.0 252868000.0
276052000.0 276255000.0 276456000.0 276659000.0 276861000.0 277064000.0 277247000.0 277452000.0 277656000.0 277859000.0 278061000.0 278263000.0 278466000.0 278669000.0 278851000.0 279052000.0 279253000.0 279456000.0 279657000.0 279858000.0 280061000.0 280261000.0 280464000.0 280666000.0 280848000.0 281049000.0 281252000.0 281453000.0 281657000.0 281859000.0
284069000.0 284270000.0 284451000.0 284657000.0 284860000.0 285063000.0 285266000.0 285468000.0 285650000.0 285852000.0 286053000.0 286255000.0 286457000.0 286661000.0 286864000.0 287064000.0 287264000.0 287466000.0 287647000.0 287867000.0 288069000.0 288252000.0 288453000.0 288656000.0 288858000.0 289061000.0 289264000.0 289463000.0 289664000.0 289865000.0
293065000.0 293269000.0 293452000.0 293653000.0 293856000.0 294059000.0 294263000.0 294465000.0 294667000.0 294869000.0 295052000.0 295254000.0 295458000.0 295660000.0 295861000.0 296063000.0 296265000.0 296469000.0 296652000.0 296852000.0 297052000.0 297252000.0 297452000.0 297652000.0 297854000.0 298055000.0 298257000.0 298459000.0 298661000.0 298863000.0
311058000.0 311262000.0 311464000.0 311666000.0 311848000.0 312050000.0 312253000.0 312453000.0 312654000.0 312856000.0 313058000.0 313258000.0 313461000.0 313663000.0 313864000.0 314068000.0 314250000.0 314454000.0 314657000.0 314860000.0 315062000.0 315265000.0 315467000.0 315651000.0 315854000.0 316057000.0 316259000.0 316461000.0 316664000.0 316851000.0
319064000.0 319266000.0 319466000.0 319667000.0 319849000.0 320051000.0 320255000.0 320456000.0 320659000.0 320860000.0 321061000.0 321263000.0 321463000.0 321665000.0 321867000.0 322070000.0 322253000.0 322456000.0 322658000.0 322861000.0 323063000.0 323265000.0 323469000.0 323652000.0 323854000.0 324056000.0 324257000.0 324458000.0 324660000.0 324860000.0
371062000.0 371265000.0 371467000.0 371668000.0 371851000.0 372073000.0 372256000.0 372459000.0 372662000.0 372865000.0 373067000.0 373250000.0 373453000.0 373655000.0 373856000.0 374058000.0 374262000.0 374463000.0 374663000.0 374864000.0 375064000.0 375264000.0 375468000.0 375668000.0 375869000.0 376050000.0 376252000.0 376454000.0 376658000.0 376859000.0
