3.96214 3.75185 3.481859 3.28028 3.071788 2.785637 2.391458 2.049299 1.741966 1.46151 1.183301 0.8973712 0.7857043 0.7529374 0.9234012 1.178896 1.426868 1.54362 1.532577 1.416003 1.214401 1.085304 1.128582 1.385087 1.959884 2.248828 2.573256 2.87558 3.084339 3.188955 3.258466 3.252727 3.172525 2.946788 2.513743 2.00324 1.270576 0.3970122 -0.1033052 -0.3191898 -0.3415914 -0.2270653 -0.08931164 0.1361394 0.3582661 0.5314462 0.6400381 0.7520804 0.8994021 1.111283 1.276895 1.37122 1.471983 1.463135 1.351135 1.139378 0.8652303 0.557429 0.3702317 0.1523054
0.557429 0.3702317 0.1523054 -0.03920218 -0.1142202 0.01788028 0.3796793 0.860862 1.151506 1.297654 1.243592 1.041412 0.8121652 0.6491749 0.6403262 0.6235182 0.4733629 0.1632176 -0.2719011 -0.715301 -1.235314 -1.640593 -2.037858 -2.422616 -2.739898 -3.068362 -3.175223 -3.231804 -3.274151 -3.326826 -3.355753 -3.349374 -3.327436 -3.295889 -3.272782 -3.249703 -3.239257 -3.235179 -3.245441 -3.355051 -3.501449 -3.74682 -3.890864 -4.114684 -4.250736 -4.502501 -4.709065 -4.758166 -4.760367 -4.595387 -4.441722 -4.285233 -4.137005 -4.037657 -4.045402 -4.094671 -4.112876 -4.126896 -4.108987 -4.082254
-4.112876 -4.126896 -4.108987 -4.082254 -4.014092 -3.965983 -3.852365 -3.727879 -3.569664 -3.460153 -3.255271 -3.063963 -2.929413 -2.762164 -2.59369 -2.518948 -2.451781 -2.411328 -2.357831 -2.293115 -2.293142 -2.248386 -2.222245 -2.105449 -2.035844 -1.904368 -1.803429 -1.702712 -1.579778 -1.469909 -1.333364 -1.172994 -1.061579 -0.8487664 -0.7160124 -0.6239902 -0.5755777 -0.5696394 -0.5489795 -0.5312525 -0.4702184 -0.3338839 -0.1515228 0.1364011 0.3781568 0.6505252 0.9248304 1.14723 1.325266 1.475161 1.628539 1.792444 1.990902 2.143924 2.258118 2.269114 2.149656 2.017142 1.839787 1.696263
2.017142 1.839787 1.696263 1.512854 1.429721 1.341314 1.308791 1.30286 1.308817 1.33086 1.366024 1.409122 1.491716 1.594714 1.708912 1.837579 1.944636 1.975535 1.953009 1.863631 1.73957 1.663005 1.605588 1.599391 1.620909 1.657947 1.690869 1.708742 1.734716 1.781869 1.795772 1.747156 1.646318 1.534222 1.395761 1.31646 1.264976 1.263502 1.24716 1.187786 1.046823 0.8412092 0.6758887 0.5538962 0.6001431 0.7259402 0.7987288 0.8759949 0.9738519 1.049996 1.199789 1.322098 1.439416 1.547811 1.539046 1.435963 1.140301 0.845449 0.4749203 0.1595329
0.4749203 0.1595329 -0.1546609 -0.3448545 -0.6085366 -0.7911071 -0.899397 -0.9415551 -0.9527436 -0.9432719 -0.8987611 -0.7848531 -0.7462377 -0.738633 -0.7961308 -0.8420583 -0.9230297 -1.020496 -1.074588 -1.085752 -1.034829 -0.9449651 -0.7850148 -0.6334096 -0.4727198 -0.3272525 -0.1919539 -0.06329701 0.06179634 0.1508114 0.2373591 0.3279269 0.393633 0.4402124 0.580039 0.7771627 0.9878282 1.287317 1.525324 1.789742 2.026323 2.283448 2.434861 2.593355 2.652174 2.58375 2.462744 2.151666 1.395042 1.088265 0.7993557 0.6687219 0.5317611 0.4121714 0.355667 0.2879156 0.2670116 0.2545187 0.245705 0.2184504
1.731903 1.924922 2.21109 2.400311 2.57375 2.666353 2.756439 2.898457 2.935871 2.999676 2.995855 2.989138 2.821212 2.691517 2.4409 2.308326 2.159396 2.013314 2.017071 2.047223 2.175886 2.206952 2.370018 2.373326 2.398025 1.980314 0.96781 -1.964676 -4.795054 -8.748388 -11.73819 -12.54427 -11.88956 -9.694957 -7.352991 -4.790778 -2.545345 -0.8129515 0.1577701 0.4242595 0.2071475 -0.5845152 -1.17053 -1.663137 -1.850928 -1.814959 -1.380863 -1.055576 -0.4484774 -0.07793391 0.2186286 0.2417889 -0.0234542 -0.3202147 -0.7692511 -1.360396 -1.742809 -1.94442 -1.86638 -1.615535
0.6028601 0.6744524 0.661064 0.6316333 0.5423525 0.4602853 0.3720663 0.2490681 0.1727297 0.02613027 -0.07068482 -0.2269533 -0.2627701 -0.2753691 -0.1536753 -0.08827547 -0.02680666 0.02604648 0.1267012 0.2012475 0.2011179 0.2376375 0.2482126 0.2577791 0.2334606 0.3187792 0.4055358 0.5262699 0.6060417 0.6764546 0.6688138 0.3076046 -0.5948501 -2.976788 -5.243803 -7.80563 -8.945146 -9.501423 -9.231966 -8.821868 -8.018393 -7.598213 -7.422663 -7.199684 -6.914703 -6.626181 -5.973134 -5.072603 -4.270655 -3.371957 -2.676672 -2.105917 -1.662141 -1.472777 -1.401602 -1.39141 -1.429815 -1.479422 -1.199077 -1.042669
-1.07665 -1.186189 -1.222257 -1.273712 -1.246189 -1.22923 -1.227534 -1.181179 -1.141432 -1.076797 -1.050258 -0.9496831 -0.8549323 -0.8082186 -0.888281 -0.9581111 -0.973737 -1.046323 -1.38962 -1.487264 -1.65493 -1.828952 -1.997833 -2.046863 -1.922286 -1.720886 -1.434996 -1.092328 -0.8964333 -0.6193216 -0.5135977 -0.501161 -0.6665584 -1.093072 -1.536729 -2.138196 -2.513581 -2.849749 -3.192367 -3.577029 -3.855042 -4.015061 -3.966589 -3.546423 -3.117575 -2.587753 -2.110197 -1.770163 -1.589673 -1.435964 -1.330881 -1.216983 -1.214362 -1.282664 -1.264874 -1.235905 -1.221119 -1.174024 -1.180457 -1.152646
-1.462267 -1.551291 -1.620335 -1.81317 -1.795179 -1.782685 -1.762917 -1.575567 -1.530153 -1.368559 -1.223066 -0.9796014 -0.7806938 -0.6710844 -0.5593296 -0.543018 -0.528311 -0.5072073 -0.5147784 -0.5956864 -0.695054 -0.7760246 -0.8181526 -0.6860344 -0.2308771 0.109977 0.3291484 0.5121852 0.7119889 0.7862937 0.7206994 0.6763397 0.5546059 0.4745728 0.3082632 -0.1394751 -0.9755259 -1.704771 -2.31971 -2.706725 -3.168293 -3.658919 -4.258635 -4.795912 -5.215041 -5.674003 -5.78531 -5.56797 -5.112182 -4.397573 -3.741171 -2.960951 -2.475005 -2.013988 -1.727929 -1.512866 -1.300731 -1.068404 -0.9435256 -0.9302236
-0.4292528 -0.456398 -0.5145709 -0.6604875 -0.7862592 -0.8742622 -0.9975737 -1.021217 -0.8900243 -0.6935698 -0.5138333 -0.3153228 -0.2179694 -0.08211161 -0.03753293 0.005093001 -0.03943362 -0.02554155 0.009039657 -0.02848951 -0.02016527 -0.07324877 -0.1289116 -0.2808957 -0.3937826 -0.6474965 -1.116706 -1.837313 -3.188297 -4.204727 -5.676558 -6.749142 -7.184732 -7.102432 -6.736655 -5.977675 -5.352853 -4.502353 -3.610971 -3.042063 -2.552907 -1.874532 -1.716156 -1.65611 -1.553992 -1.440839 -1.176307 -0.9749974 -0.7625396 -0.6003565 -0.4987021 -0.4717518 -0.5643013 -0.6777205 -0.7557737 -0.6560553 -0.4846205 -0.2414758 0.0265299 0.3333683
2.675049 2.619857 2.474874 2.403301 2.287168 2.232189 2.089105 1.941438 1.845191 1.616888 1.556784 1.327712 1.247406 1.023925 0.9836612 0.875111 0.4135921 -0.2762287 -1.100745 -2.480381 -3.905243 -5.093599 -5.983937 -6.416932 -6.510307 -6.35308 -5.899748 -5.314724 -4.256207 -3.178598 -1.696923 0.04671012 1.073113 1.786268 2.186742 2.286492 2.184172 2.00801 1.886099 1.759897 1.605937 1.425168 1.214338 0.9607096 0.7461556 0.7484424 0.8984721 1.094964 1.341073 1.481301 1.650635 1.900252 2.015577 2.062091 2.137341 2.11358 2.046451 1.864266 1.742142 1.554333
1.416304 1.413749 1.401094 1.278211 0.8509225 0.6396871 0.5402068 0.5474397 0.7909137 1.334699 1.744853 2.051578 2.263996 2.199989 2.07631 1.755275 1.481571 1.317211 1.138313 1.069611 1.034723 1.01087 1.016173 1.049791 1.146496 1.159455 1.251444 0.8069434 -1.014299 -3.863085 -7.030508 -11.36892 -14.00128 -15.52137 -15.18665 -13.37195 -9.596472 -6.167315 -3.74991 -2.115058 -1.117863 -0.8399681 -0.8573713 -1.104446 -1.549169 -1.899464 -2.182823 -2.416341 -2.538259 -2.626848 -2.69792 -2.596887 -2.487107 -2.336514 -2.230562 -2.159327 -2.130295 -2.102132 -1.787918 -1.5822
-0.1548916 -0.1169303 -0.07352183 -0.1441439 -0.1600731 -0.2000832 -0.1302194 -0.02236765 0.09313419 0.2202833 0.4269834 0.6931614 0.7586428 0.9524969 1.1669 1.328703 1.589725 1.710906 1.940187 2.052823 2.145519 2.081361 2.009555 1.8504 1.598379 1.448977 1.385444 1.287643 1.211866 1.108105 0.8976731 0.8090186 0.7314799 0.8157582 0.8961578 1.050541 0.982528 -0.3239775 -2.413769 -5.54424 -9.115248 -11.08574 -11.86593 -11.61336 -10.76469 -9.22411 -7.742893 -5.800559 -4.167329 -2.942794 -2.32647 -1.887522 -1.609037 -1.458185 -1.480929 -1.469066 -1.593477 -1.69771 -1.898031 -2.039571
-1.340933 -1.440325 -1.537613 -1.759499 -1.940848 -2.156579 -2.216233 -2.272803 -2.211775 -2.181594 -2.112361 -2.101075 -1.953939 -1.842411 -1.570823 -1.367153 -1.179027 -0.9965752 -0.8094522 -0.7588814 -0.686999 -0.7778224 -1.074669 -1.857867 -3.232539 -4.567358 -5.749881 -6.343585 -6.548668 -6.112 -5.400467 -4.283816 -3.155773 -1.803619 -1.13049 -0.5143107 -0.1858906 -0.06513926 0.03301659 0.009649954 -0.04008713 -0.1389541 -0.1326954 -0.07006476 -0.04406796 -0.04239607 -0.10189 -0.0837196 -0.03912264 0.03068729 0.1835117 0.3947885 0.6116844 0.8441493 1.022445 1.238931 1.47078 1.666285 1.790395 1.744833
2.291257 2.136551 1.883521 1.648759 1.576844 1.585371 1.6711 1.82203 1.940239 2.096079 2.127861 2.130431 2.002228 1.974859 1.989787 2.101307 2.156498 2.206652 2.271559 2.295409 2.323999 2.273545 2.243963 2.090861 1.999312 1.890047 1.887005 1.948306 2.06411 2.201903 2.007201 0.6514318 -1.435517 -5.084853 -7.909115 -9.25959 -9.685736 -9.09366 -7.411794 -5.243979 -3.066942 -0.9155442 0.7340167 0.6228117 0.234405 -0.2698219 -0.6116438 -0.8798547 -1.053586 -1.171121 -1.286497 -1.455041 -1.620167 -1.793155 -1.90563 -1.948783 -1.905921 -1.835625 -1.783757 -1.713505
1.31394 1.574917 1.783427 1.877213 1.85165 1.847481 1.711842 1.687326 1.58278 1.54082 1.474227 1.529609 1.567642 1.695371 1.746396 0.6199793 -2.140338 -4.190418 -5.599946 -6.90083 -8.021948 -7.836771 -6.842709 -4.529857 -0.9046441 0.5373809 1.29171 1.775185 1.708182 0.9029858 -0.3113326 -1.279423 -2.360961 -3.008614 -3.420667 -3.489698 -3.388829 -3.290846 -3.321905 -3.365561 -3.172745 -2.52653 -1.730686 -0.8170094 -0.01869813 0.6612991 1.076505 1.239475 1.327269 1.373622 1.346785 1.222799 1.06074 1.003465 1.026598 1.104945 1.230027 1.298103 1.340144 1.307605
0.3717074 -0.1737182 -0.6271054 -1.050483 -1.302511 -1.485178 -1.62352 -1.567996 -1.551509 -1.416556 -1.170901 -0.8020433 -0.4510107 -0.1499515 -0.05881982 0.02724755 0.02263074 -0.4253962 -2.82614 -6.123464 -10.54701 -12.62461 -13.05574 -12.81012 -12.13767 -11.06388 -10.47181 -9.864696 -9.695432 -9.573771 -9.369304 -9.063316 -7.459585 -1.401051 3.290001 6.613261 6.781412 5.544131 4.091147 2.589681 1.112108 0.1217207 -0.7376937 -1.173049 -1.463832 -1.523108 -1.442077 -1.248026 -1.014671 -0.8684098 -0.7825375 -0.7270153 -0.7712123 -0.8649864 -0.952855 -1.040082 -1.065365 -1.029279 -0.9334404 -0.7408742
-7.459585 -1.401051 3.290001 6.613261 6.781412 5.544131 4.091147 2.589681 1.112108 0.1217207 -0.7376937 -1.173049 -1.463832 -1.523108 -1.442077 -1.248026 -1.014671 -0.8684098 -0.7825375 -0.7270153 -0.7712123 -0.8649864 -0.952855 -1.040082 -1.065365 -1.029279 -0.9334404 -0.7408742 -0.5243561 -0.315397 -0.1929109 -0.05380923 0.0665298 0.2499801 0.5154611 0.4392155 0.3137607 0.2262648 0.4107604 10.5297 15.44559 18.07562 19.7942 16.75091 8.851749 2.286015 -3.005826 -5.819472 -6.026917 -5.167732 -3.623425 -1.872102 -0.2143109 1.377534 2.257472 2.75839 3.159202 3.266384 3.199502 3.037224
2.931491 3.029965 3.170818 3.25176 3.369579 3.428701 3.451053 3.424553 3.319593 3.151958 2.929495 2.846244 2.746762 2.794244 2.817636 2.825786 2.773138 2.662282 2.537611 2.394618 2.166592 1.584396 0.7844781 -0.4824553 -2.220199 -3.246161 -4.351654 -4.678542 -4.611912 -4.06951 -3.231706 -2.147857 -1.049504 0.0852198 0.6937515 1.084162 1.169628 1.064108 0.8521759 0.4338016 0.2619026 0.05465975 0.02826361 0.03737724 0.07142355 0.2001234 0.3028582 0.3629917 0.4708144 0.5758628 0.6286335 0.5903321 0.5225387 0.4381613 0.3746749 0.3176808 0.4129633 0.4019822 0.5416662 0.671802
1.241059 1.330675 1.42575 1.374688 1.385255 1.221359 1.063369 0.947697 0.9877123 1.001027 1.038856 1.022933 1.066128 1.129845 1.130244 1.231681 1.199335 1.248411 1.26031 1.344873 1.434032 1.474981 1.547085 1.562424 1.681244 1.702987 1.756354 1.227493 -0.001841519 -1.675163 -4.395904 -6.541106 -6.875314 -6.393409 -5.211286 -4.273304 -3.281963 -2.65418 -2.434894 -2.486373 -2.497194 -2.438905 -2.242483 -2.021577 -1.701077 -1.301369 -0.9508663 -0.6232234 -0.2236647 0.08227304 0.4990363 0.8181791 1.059922 1.141717 1.152996 1.13213 1.090739 1.016424 0.9756438 0.955383
0.4521567 0.4301193 0.3449645 0.2658671 0.1592239 0.1237773 0.0964266 0.1608523 0.1741161 0.1456428 0.02764357 -0.09989116 -0.1682301 -0.2473377 -0.2185798 -0.1865704 -0.1443504 -0.1189542 -0.1110464 -0.1260956 -0.1629017 -0.179782 -0.1981656 -0.2334093 -0.3034462 -0.3129748 -0.3343345 -0.3183369 -0.3403787 -0.3675201 -0.6847873 -1.576567 -3.065141 -4.508681 -4.909515 -4.813228 -4.701496 -4.925653 -5.211651 -5.311463 -5.177357 -4.855862 -4.538379 -3.945838 -3.342257 -2.705581 -1.934373 -1.333892 -0.694547 -0.1391685 0.1055266 0.227223 0.2056533 0.03438259 -0.1307539 -0.3181836 -0.300722 -0.299659 -0.3149084 -0.3990121
1.229422 1.311906 1.407268 1.496342 1.547949 1.516637 1.487571 1.44 1.444561 1.497827 1.645718 1.752809 1.88057 2.011202 1.98221 1.899586 1.749058 1.618553 1.408568 1.039801 0.4625925 0.01997913 -0.3372744 -0.7094836 -0.9863767 -1.230158 -1.36298 -1.449014 -1.447822 -1.490292 -1.379445 -0.911535 -0.3816345 0.2440479 0.6173312 0.9367096 1.007424 0.9396392 0.775276 0.604234 0.3654858 0.2423792 0.1341181 0.08302175 0.09868365 0.06342057 0.06838272 0.04897426 -0.003880175 -0.04411723 -0.1573295 -0.2927091 -0.5025456 -0.6241251 -0.6925091 -0.67408 -0.6515101 -0.5463123 -0.4616815 -0.3785162
2.161237 2.14228 2.146398 2.145946 2.17977 2.114088 2.045495 1.879171 1.683602 1.604625 1.335129 1.259468 1.105582 0.9702629 -0.2327213 -1.884486 -3.582963 -5.712602 -7.102094 -7.374341 -6.996986 -5.837031 -4.451188 -1.974 -0.6484517 -0.02892424 0.3174222 0.360305 0.2266851 -0.04177643 -0.2158062 -0.5111241 -0.7147462 -0.8519487 -0.8732499 -0.8909974 -0.824738 -0.7674001 -0.5591511 -0.4817191 -0.3518466 -0.346242 -0.3240949 -0.3974963 -0.5582176 -0.7317826 -0.8491384 -0.8569519 -0.7666606 -0.6065427 -0.4724446 -0.2836309 -0.1126747 0.1352666 0.3047957 0.4726855 0.6549321 0.7467604 0.8440039 0.8566945
-0.7317826 -0.8491384 -0.8569519 -0.7666606 -0.6065427 -0.4724446 -0.2836309 -0.1126747 0.1352666 0.3047957 0.4726855 0.6549321 0.7467604 0.8440039 0.8566945 0.8798065 0.8818877 0.9081337 0.8929164 0.9118933 0.9140372 0.8158136 0.7738324 0.6617885 0.6984338 0.6982114 0.7837468 0.7012611 0.1836054 -1.80758 -4.246479 -6.39459 -7.957675 -8.967787 -9.405124 -9.331593 -8.680695 -7.839059 -6.995872 -5.921772 -5.168774 -4.236084 -3.153471 -2.148117 -1.476473 -0.9589701 -0.5031812 -0.3120716 -0.2843531 -0.4473912 -0.764549 -1.207726 -1.404178 -1.508293 -1.637409 -1.748843 -1.943325 -2.012276 -2.126789 -2.27426
-0.9662457 -1.001152 -0.9780121 -0.8811085 -0.7042221 -0.5003235 -0.2549331 -0.1459782 -0.007129594 0.1047667 0.2426046 0.3523827 0.4710969 0.4730485 0.3675386 0.2895241 0.243226 0.322358 0.518336 0.7477764 0.9265202 1.012007 1.001471 0.9826486 0.8293724 0.5145895 0.3451107 0.1540941 0.1106356 0.04641489 -0.03055177 -0.4970397 -1.571245 -3.527788 -5.641046 -7.352363 -7.922907 -7.483791 -6.144521 -4.935457 -3.008327 -1.840784 -0.724416 -0.4437507 -0.3875774 -0.5260257 -0.7489151 -1.003968 -1.063235 -1.037964 -0.9136733 -0.7566654 -0.5092411 -0.3782803 -0.2841819 -0.375324 -0.5800157 -0.7858655 -1.060318 -1.183121
-0.3578804 -0.3880671 -0.3982074 -0.3309783 -0.2198007 0.03689587 0.3585365 0.5550643 0.6968248 0.7615982 0.7584828 0.693494 0.5626644 0.4239612 0.2352086 -0.2426108 -1.817864 -3.856933 -6.063301 -7.835984 -9.218023 -9.872191 -9.148844 -7.975608 -5.944375 -3.982359 -2.395954 -1.640713 -1.303103 -1.172877 -1.002459 -0.9020284 -0.9568957 -1.299474 -1.925213 -2.659487 -3.200851 -3.812135 -3.986286 -3.973858 -3.887813 -3.750625 -3.506091 -3.195951 -2.781116 -2.428371 -2.000756 -1.723801 -1.508214 -1.431513 -1.572842 -1.59349 -1.671618 -1.78137 -1.963574 -2.214223 -2.328896 -2.31877 -2.089236 -1.794272
0.5709295 0.7995664 0.9758173 1.330139 1.447344 1.395262 1.303862 1.079626 0.8332888 0.5439767 0.2967946 0.07072268 -0.1649601 -0.187906 -0.1705264 -0.05716338 0.04601046 0.1074096 0.1020349 0.1732967 0.2823621 0.4590447 0.5794576 0.5941031 0.4679837 0.07357489 -0.9114661 -3.595423 -6.758374 -8.85599 -9.901537 -9.29119 -8.348939 -6.708527 -5.411377 -4.398918 -4.034809 -3.955526 -4.064952 -4.228383 -4.297756 -4.38726 -4.385005 -4.242125 -3.934693 -3.629063 -3.159871 -2.830748 -2.489066 -2.350664 -2.358078 -2.395576 -2.522977 -2.574246 -2.684999 -2.704415 -2.636091 -2.531154 -2.307405 -1.984503
1.162716 1.343705 1.44683 1.577587 1.615952 1.665477 1.628856 1.560504 1.40012 1.112795 0.7875452 0.4822177 0.088372 -0.169071 -0.6070477 -0.7898585 -0.8977733 -0.8377207 -0.6768017 -0.6568577 -0.9079394 -2.638992 -3.148951 -3.133805 -2.681535 -1.692571 -0.8886114 -0.1414844 0.2767178 0.4285103 0.2645924 -0.05410498 -0.2968789 -0.7285522 -1.137912 -1.396757 -1.671813 -1.965236 -2.187166 -2.168926 -2.013899 -1.309346 -0.9344043 -0.7232106 -0.5042276 -0.572206 -0.7493001 -1.088845 -1.554102 -1.763008 -1.860142 -1.863866 -1.763376 -1.64355 -1.325262 -1.146496 -0.954897 -0.995571 -1.012181 -1.197396
-1.197396 -1.292449 -1.422702 -1.393246 -1.446724 -1.512488 -1.589211 -1.702251 -1.69913 -1.722818 -1.690987 -1.552866 -1.282416 -1.031123 -0.9311445 -0.869983 -0.7751576 -0.6956345 -0.6430826 -0.6648445 -0.6607716 -0.7523714 -0.8495849 -1.235723 -2.081007 -4.227745 -6.257495 -7.789167 -8.467267 -8.642348 -7.503249 -6.167087 -4.648454 -3.630591 -3.046811 -2.666764 -2.495224 -2.453021 -2.474344 -2.517265 -2.627999 -2.670416 -2.918986 -3.02164 -3.058352 -3.01783 -2.961358 -2.932491 -2.963572 -2.902595 -2.827912 -2.616018 -2.380104 -2.118292 -2.009077 -1.857893 -1.776494 -1.772624 -1.743253 -1.722779
-1.229321 -1.23375 -1.140737 -1.050048 -0.8753789 -0.7148553 -0.5307738 -0.5787502 -0.692721 -0.7799874 -0.7277731 -0.6347281 -0.5307652 -0.4632917 -0.4807692 -0.3684192 -0.3624993 -0.3829835 -0.4689886 -0.6818416 -0.9210618 -1.068641 -1.187649 -1.268194 -1.218422 -1.246495 -1.416548 -1.849742 -3.398443 -4.902509 -5.423188 -5.39659 -4.691772 -3.891902 -2.94482 -2.077564 -1.415971 -0.9230042 -0.6451187 -0.4650477 -0.4658422 -0.5347454 -0.8345438 -1.071023 -1.274423 -1.384003 -1.377536 -1.305048 -1.161062 -1.049612 -0.9496087 -0.9296334 -0.8648971 -0.7190733 -0.5633659 -0.2986254 -0.2079379 -0.132347 -0.09793393 0.05417001
-0.3067944 -0.1082607 0.2368587 0.589004 0.8518367 1.172595 1.433046 1.578185 1.636716 1.660209 1.703797 1.754394 1.890104 2.008808 2.029902 1.923514 1.7361 1.662994 1.598922 1.64768 1.685827 1.743248 1.730676 1.697992 1.515715 0.811679 -0.6993937 -1.96191 -2.684152 -2.782686 -2.258536 -1.963886 -1.431999 -1.038622 -0.6553961 -0.05263332 0.4680258 0.9831212 1.27322 1.242538 0.8638508 0.4510519 0.05681957 -0.4738275 -0.8266276 -1.171566 -1.343992 -1.384506 -1.363962 -1.322959 -1.378574 -1.522731 -1.705022 -1.744621 -1.661465 -1.500285 -1.218454 -1.071747 -0.7995369 -0.6091834
0.3269508 0.4117037 0.4711741 0.5012977 0.5277016 0.4920696 0.4512376 0.3787711 0.3891833 0.4921442 0.6667794 0.7933301 0.8977591 0.9282544 0.9789168 0.9205688 0.7553994 0.5827181 0.3164616 -0.4172585 -1.868669 -3.479178 -4.480341 -4.790429 -4.419652 -3.735884 -2.759244 -1.848939 -1.336918 -0.8353021 -0.4365668 0.0174436 0.2858275 0.4978759 0.8066474 1.12447 1.367552 1.559735 1.491347 1.223799 0.8725811 0.5044513 0.3787329 0.2730728 0.3661136 0.5024435 0.6262413 0.6962878 0.6848382 0.6693168 0.6368725 0.5560079 0.4086497 0.1546889 -0.1216951 -0.4585558 -0.7995881 -0.9753755 -0.9931431 -0.9402369
2.664636 2.735134 2.781286 2.735687 2.687107 2.668211 2.583706 2.470228 2.37672 2.317904 2.273689 2.21593 2.203798 2.156825 2.045166 1.798731 1.590377 1.254591 -1.129486 -3.783364 -6.112314 -8.40773 -9.300765 -8.635799 -7.721869 -5.806756 -4.650704 -3.014618 -2.055503 -1.243543 -0.5817633 -0.2369575 0.04439521 0.2626374 0.4090916 0.5237616 0.5440051 0.4879237 0.4254769 0.3372298 0.2721859 0.2351148 0.2213306 0.1339932 -0.08700465 -0.4881154 -0.7095065 -1.014094 -1.385897 -1.812172 -2.145272 -2.443398 -2.667504 -2.784298 -2.951618 -3.083971 -3.235901 -3.32688 -3.41417 -3.47174
-0.9539872 -1.046161 -1.144256 -1.287186 -1.498928 -1.558786 -1.547791 -1.477901 -1.39571 -1.258225 -1.184299 -1.132104 -1.100134 -1.058062 -1.007286 -0.9360856 -0.8516531 -0.7247778 -0.6224301 -1.324596 -4.309075 -7.784403 -10.16934 -11.16082 -11.26322 -10.49875 -9.023347 -7.666577 -6.110516 -5.038856 -3.980317 -3.558745 -3.325728 -3.129561 -2.884589 -2.622407 -2.244617 -1.76182 -1.158219 -0.5102195 -0.1576536 0.03828344 0.1144989 0.03939864 -0.06272551 -0.2665869 -0.4604897 -0.5837039 -0.6398716 -0.6254911 -0.5816438 -0.3688171 -0.1693003 0.2058932 0.5279358 0.8196577 0.9677597 1.048594 1.019603 0.9900091
1.045869 1.091911 1.253553 1.493916 1.715549 1.805266 1.891052 1.886926 1.987094 2.059227 2.199011 2.280401 2.382802 2.463412 2.618093 2.667653 2.745111 2.749524 2.743456 2.753165 2.723678 2.834004 2.908199 2.98114 2.990287 3.043882 3.09384 3.135792 3.182414 3.189916 3.165992 3.07304 3.01779 2.868892 2.636659 1.461421 -0.3267736 -3.047472 -5.567931 -7.616868 -8.465866 -8.053599 -5.958754 -4.207363 -2.100645 -0.7985167 -0.3720118 -0.3732466 -0.412441 -0.3762009 -0.3166738 -0.3934895 -0.4668705 -0.5365095 -1.01491 -1.3418 -1.340757 -1.154702 -0.9187287 -0.445426
1.671235 1.544304 1.176409 1.541282 4.910266 6.47155 4.797234 2.818691 2.38465 2.82588 3.457844 3.851756 3.549988 3.060194 2.265805 1.327346 1.190222 3.588963 5.234994 4.163461 2.08666 1.277233 1.485892 1.552092 1.249333 1.163784 1.317137 1.564657 1.623051 1.597085 1.483948 1.241923 0.8068461 0.4406782 -0.1507618 -0.5598909 -0.966809 -1.285917 -1.531003 -1.622356 -1.686696 -1.554883 -1.426172 -1.240294 -0.9742857 -0.6590738 -0.4889197 -0.1461532 0.009818564 0.05446056 -0.02151374 -0.0273076 -0.003515148 -0.01126134 0.1237169 0.2165942 0.3436593 0.4531071 0.7028573 1.601358
-1.686696 -1.554883 -1.426172 -1.240294 -0.9742857 -0.6590738 -0.4889197 -0.1461532 0.009818564 0.05446056 -0.02151374 -0.0273076 -0.003515148 -0.01126134 0.1237169 0.2165942 0.3436593 0.4531071 0.7028573 1.601358 2.846224 4.605769 6.365501 6.951665 6.825521 5.447493 3.873538 2.337296 0.8519012 0.2550931 -0.1415976 -0.1527693 0.1264413 0.4488184 0.8339774 1.181097 1.510673 1.711578 1.769534 1.82681 1.772326 1.715127 1.581263 1.54507 1.497066 1.499746 1.522833 1.544584 1.627704 1.691979 1.763118 1.830549 1.913452 1.968531 2.092721 2.151489 2.251479 2.302994 2.370597 2.338847
2.302994 2.370597 2.338847 2.31745 2.219409 2.170931 2.150764 2.241523 2.414186 2.568273 2.677713 2.678731 2.691904 2.620609 2.569289 2.475266 2.426648 2.466017 2.947908 3.604648 4.148196 3.03225 1.54901 -0.06923048 -1.248015 -2.201259 -2.87193 -3.68949 -4.309492 -4.594344 -4.592316 -4.467443 -4.303937 -4.066167 -3.737281 -3.443314 -3.237507 -3.407528 -3.667167 -4.042294 -4.137789 -4.155336 -3.989231 -3.746437 -3.321809 -2.642131 -2.000565 -1.25383 -0.4090751 0.4490532 1.364858 2.047242 2.620225 3.070182 3.52299 4.147059 4.629415 5.042305 5.241345 5.368278
0.7849073 0.7883094 0.7677342 0.7435172 0.6972141 0.6769632 0.6133863 0.5527965 0.4655489 0.3811638 0.293926 0.145067 0.05756692 -0.01642396 -0.0558235 -0.06165288 -0.001013126 0.436173 1.483901 3.118598 4.686774 7.048601 9.207936 10.37675 11.65493 12.09508 12.01223 11.31191 10.16169 8.448608 6.579078 5.371576 3.719651 2.403912 1.504541 0.8123238 0.3144921 0.115066 0.09293244 0.1971128 0.4141154 0.5420156 0.7518097 0.8769944 1.010012 1.105168 1.149151 1.104053 1.104895 1.058875 1.095283 1.126239 1.052711 0.9787362 0.8936052 0.9563498 1.067649 1.243608 1.445379 1.65639
2.376232 2.491156 2.587797 2.675113 2.684021 2.649966 2.638052 2.550092 2.434859 2.335818 2.324317 2.319241 2.343792 2.318089 2.311013 2.257886 2.215374 2.179057 2.246442 2.343005 2.490716 2.718758 2.804112 2.62257 2.206412 1.416781 0.4569975 -0.4953543 -1.073564 -1.455505 -1.609325 -1.809422 -2.040628 -2.231019 -2.464776 -2.517458 -2.541314 -2.331906 -2.206597 -2.035968 -2.131691 -2.164962 -2.31787 -2.37694 -2.608793 -2.901603 -3.254843 -3.526347 -3.70912 -3.726098 -3.765407 -3.766443 -3.716551 -3.459373 -3.080264 -2.548305 -2.064556 -1.44266 -0.6958589 0.6506724
0.6251117 0.6277202 0.5496706 0.5650892 0.588047 0.7451965 0.9376723 1.150101 1.314725 1.461138 1.593567 1.661597 1.734679 1.727241 1.761005 1.726355 1.707555 1.649572 1.562159 1.508553 1.416281 1.389359 1.38254 1.449405 1.551503 1.549396 1.574181 1.550467 1.484676 1.469747 1.759365 2.546904 4.732626 6.452024 8.404977 9.250814 9.104074 8.059737 6.666527 5.114297 3.488712 2.487518 2.168731 2.186895 2.390103 2.77539 3.042485 3.31346 3.422077 3.48334 3.443921 3.356779 3.227295 3.069376 2.912684 2.727075 2.538649 2.34817 2.265383 2.126292
2.727075 2.538649 2.34817 2.265383 2.126292 2.078469 2.079312 2.205249 2.286082 2.285108 2.236036 2.134007 2.014911 1.900594 1.721852 1.497998 1.370903 1.215225 1.028627 0.833643 0.7690571 0.6756377 0.68937 1.121366 2.465852 4.367382 6.851685 7.442312 6.741955 5.372836 4.243507 2.70315 1.731707 1.136118 0.9818106 0.9390702 1.090788 1.186651 1.33732 1.419631 1.545324 1.594006 1.691948 1.756882 1.990383 2.098155 2.17653 2.21231 2.245532 2.395019 2.401758 2.384336 2.262082 2.185493 2.297339 2.554385 2.802793 2.928625 2.970826 2.820548
2.552127 2.359331 2.191461 1.883646 1.650739 1.422287 1.254993 1.220546 1.202095 1.299765 1.301884 1.233639 1.127906 0.9770092 0.7941692 0.5913228 0.4092499 0.295565 0.2731839 0.2419397 0.4287823 0.7003662 0.9229224 1.06017 0.9971303 0.8172076 0.6489204 0.7224534 0.8134437 0.9810246 1.023983 1.086032 1.075824 1.162902 1.233833 1.335 1.421969 1.41586 1.309759 1.112288 1.048271 1.017702 1.059135 1.102812 1.063482 1.066258 1.022439 1.06909 1.045176 1.089044 1.071401 1.042008 0.8865768 0.7431685 0.5564573 0.5356136 0.5447558 0.7221087 0.9746448 1.154205
0.8768697 0.9120815 0.8649494 0.8174887 0.6866026 0.6039614 0.4487224 0.3414696 0.2055639 0.2185376 0.2387738 0.3596051 0.4731907 0.6483439 0.8013638 1.081904 1.354108 1.834423 2.705584 4.053374 5.835789 8.173803 9.965405 10.93052 10.95861 10.00315 8.866753 6.912755 5.207163 3.343083 2.20533 1.216078 0.9316385 0.8703764 1.139526 1.468663 1.731245 1.893189 2.076807 2.17474 2.31179 2.371676 2.431968 2.386556 2.340431 2.256959 2.198062 2.153335 2.110547 2.097782 2.114547 2.181172 2.183857 2.219091 2.161028 2.123015 2.0135 1.972519 1.913964 1.925873
0.986514 0.8257993 0.6355659 0.6061528 0.5005776 0.5120367 0.5695559 0.6205505 0.815761 1.107191 1.444238 1.906909 2.223287 2.405241 2.432367 2.273489 2.049825 2.014288 2.055289 2.135265 2.113195 1.975862 1.821428 1.833603 2.386944 3.960716 6.65819 9.56703 11.15176 11.63974 11.03043 9.409518 7.857297 5.776301 4.586284 3.525406 3.226763 3.165567 3.281909 3.387304 3.555183 3.58183 3.692599 3.657917 3.671088 3.562406 3.456031 3.323386 3.285461 3.284945 3.387336 3.451431 3.497483 3.564288 3.630463 3.696701 3.781649 3.918163 3.931589 4.102561
4.444225 4.571224 4.577232 4.431855 4.127343 3.83169 3.595325 3.403365 3.337856 3.344934 3.197794 3.142457 2.948234 2.912577 2.858469 2.979822 3.00699 2.962969 2.859075 2.716415 2.695884 3.521128 5.035255 6.278766 7.809922 8.093801 7.791354 7.042528 6.175151 5.18594 4.536832 4.103932 3.7794 3.74403 3.814446 4.058659 4.308693 4.769647 4.975029 4.862628 4.777315 4.64445 4.554755 4.338487 4.182913 3.954872 3.583626 3.023504 2.337139 1.848371 1.211008 0.6983823 0.4053781 0.3549818 0.4701258 0.81459 1.087537 1.323311 1.524188 1.740981
0.1713933 -0.005447867 0.2904766 0.6873736 1.007888 1.305692 1.307248 1.211112 0.9744406 0.7108294 0.4375006 0.2723876 0.1839178 0.2555408 0.3815879 0.6307505 0.9418126 1.241359 1.397959 1.5952 1.624397 1.730215 1.740346 1.906289 2.294716 3.115036 4.085996 5.497079 6.550972 6.909007 6.425581 5.565201 4.294908 2.887124 1.781165 0.9958654 0.5146949 0.147322 0.02814916 -0.05246234 -0.08761394 -0.05468429 0.1003387 0.2324192 0.3980869 0.4131916 0.568086 0.6377259 0.9249882 1.006368 1.080218 0.9232284 0.7571523 0.4852756 0.3594464 0.1883666 0.3210514 0.5502498 0.9625673 1.281391
0.9031509 0.9666733 0.9917348 0.9635084 0.9676816 0.9640433 0.9542956 1.079154 1.237862 1.347367 1.380379 1.419811 1.442812 1.568589 1.686114 1.969329 2.144723 2.355265 2.461993 2.572713 2.460568 2.634445 3.013122 4.347388 5.910243 7.46644 9.408688 10.3669 10.9947 10.60119 9.829769 9.226749 8.295859 7.526422 6.868249 5.3445 4.905131 4.245836 3.576095 3.109129 2.610299 2.422944 2.302338 2.413291 2.586806 2.717028 2.848953 2.832971 2.77529 2.506578 2.1695 1.988795 1.860333 1.853826 1.832096 1.888425 1.871785 1.840366 1.614655 1.404815
0.9782612 1.048174 1.07845 0.9971464 1.003867 0.9425523 0.9653392 0.9625665 1.01701 0.9870387 1.066262 1.072534 1.058909 0.9625244 1.010006 1.051315 1.176031 1.713921 2.698403 3.836399 6.5392 8.413133 10.9434 12.82222 13.64417 13.61719 12.90593 10.89028 9.910427 8.321693 7.107867 6.176896 5.24696 4.581076 4.293732 4.107984 3.939018 3.719234 3.619131 3.643322 3.733924 3.883656 3.997315 4.128508 4.200241 4.249918 4.220159 4.15627 4.063196 3.989437 3.828162 3.626376 3.349419 3.116641 2.862579 2.724199 2.579758 2.546842 2.458021 2.576017
0.5125283 0.3009846 0.2242387 0.1743459 0.2402608 0.3185013 0.4617838 0.6733829 1.013134 1.126037 1.239853 1.223315 1.225064 1.110317 1.024153 0.9068158 0.8543246 0.8979075 1.00204 1.178729 1.483333 2.264199 3.799779 6.166356 7.664193 9.190887 9.59715 9.505975 8.995413 8.525833 7.871223 7.152029 6.679483 5.589602 5.043727 4.27224 3.890176 3.412605 3.251339 3.060525 3.047443 3.138714 3.366236 3.477182 3.622324 3.556096 3.496727 3.462251 3.438297 3.481967 3.493457 3.492459 3.392045 3.331313 3.163487 3.05896 2.866541 2.763067 2.605316 2.504972
5.180372 5.233891 5.235043 5.187679 5.103692 4.976964 4.804968 4.700507 4.479558 4.3207 4.046615 3.818779 3.593114 3.459206 3.388029 3.213218 3.133235 3.146289 3.541977 3.8891 3.976801 4.015722 3.935056 3.475024 2.583112 1.861638 1.090516 0.5465646 0.1009525 -0.2297002 -0.2867132 -0.2476114 -0.08844268 -0.03229881 -0.095667 -0.1843552 -0.3086155 -0.3920322 -0.5227323 -0.5862111 -0.7132816 -0.7627314 -0.8653086 -0.9806524 -0.989986 -0.9779519 -0.9323448 -0.8505748 -0.7202871 -0.475188 -0.2825369 0.01640373 0.1784521 0.2526552 0.3756931 0.5402554 0.9524715 1.412778 1.903562 2.483174
1.030734 0.9833016 0.9241817 0.8746987 0.8335335 0.7417817 0.682414 0.5388929 0.3649331 0.1648926 0.03025546 0.07608924 0.1543257 0.2451776 0.2995726 0.369248 0.3778967 0.3688081 0.2976469 0.156264 0.03994574 -0.1071252 0.09425999 1.118084 2.580755 3.995275 5.143847 5.144743 4.623298 3.416464 2.549767 0.9212486 0.0266945 -0.5577992 -1.100245 -1.315421 -1.294226 -1.077752 -0.7514554 -0.4665953 -0.3418137 -0.2311822 -0.1953966 -0.1237349 -0.01679237 0.09449613 0.2734755 0.4945868 0.8402905 1.180286 1.631595 1.873075 2.047614 2.022004 1.974658 1.788111 1.606829 1.375178 1.144684 0.8718425
0.447916 0.478827 0.5459366 0.6831355 0.9301467 1.209713 1.297194 1.277443 1.060108 0.8351513 0.5549861 0.4076307 0.2077807 0.171358 0.03084533 -0.06161898 -0.3429886 -0.5602212 -0.6572495 -0.01836792 1.140198 3.21254 4.353441 5.472884 5.292753 4.647936 3.258079 2.35182 1.108354 0.3362422 -0.06655895 -0.2317837 -0.0689421 0.1959364 0.4069947 0.6271313 0.7672918 0.8456088 0.8720585 0.7650739 0.6244892 0.3378536 0.1057873 -0.1141496 -0.2860802 -0.3730997 -0.3783013 -0.2629776 0.01424217 0.3981679 0.6496257 0.7979957 0.7699158 0.7425352 0.644312 0.5943714 0.4756935 0.4675389 0.4258786 0.4667473
1.830625 1.81247 1.785669 1.878286 2.017961 2.031158 1.978816 1.792572 1.286119 1.039105 0.8737413 0.8969946 1.013681 1.378134 1.601999 1.888471 2.03663 2.23133 2.392467 2.53108 3.120191 4.681964 6.60742 9.580625 11.54661 12.04305 11.4488 10.04008 8.352616 6.116203 4.230476 2.856985 2.085708 1.965066 2.343033 2.830803 3.624704 4.072913 4.344145 4.578356 4.669521 4.680749 4.489102 4.276778 4.276634 4.356069 4.637744 4.773887 4.897022 4.836867 4.731955 4.454569 4.158097 3.78283 3.476874 3.318477 3.041304 2.851568 2.602426 2.492197
1.92323 1.948572 2.182017 2.611454 3.053892 3.33847 3.514324 3.555722 3.568455 3.567865 3.522069 3.398389 3.31986 3.28598 3.31537 3.381552 3.447193 3.554051 3.530531 3.411908 3.228066 3.160056 3.479339 4.224081 5.220665 5.894074 6.031684 5.560293 4.706501 3.712593 2.683342 2.063118 1.502394 1.160832 0.8304298 0.6990076 0.7109953 0.780876 0.9074904 1.036422 1.152533 1.302196 1.482137 1.682992 1.725986 1.61078 1.495722 1.227872 0.9610329 0.6799757 0.327405 0.01085331 -0.4589385 -0.8537267 -1.293371 -1.463303 -1.461854 -1.14558 -0.7954804 -0.4351715
1.921682 1.83431 1.761969 1.737884 1.710024 1.755559 1.785607 1.839782 1.802995 1.75735 1.678467 1.657002 1.563145 1.467026 1.285587 1.038979 0.7565601 0.4936421 0.3100984 0.2433427 0.1689572 0.1258111 0.07041162 -0.03012369 -0.1233312 -0.2679305 -0.4166463 -0.6366152 -0.6622697 -0.4644793 0.08901342 0.6869543 1.134483 1.548731 1.74453 1.798526 1.860315 1.9965 2.060424 2.115598 2.070544 1.930677 1.717106 1.489752 1.373892 1.43833 1.664317 1.931292 2.191206 2.437822 2.567508 2.664662 2.686365 2.640203 2.632587 2.581203 2.556971 2.465009 2.346143 2.182638
3.782525 3.804611 3.834355 3.752292 3.75992 3.621765 3.458009 3.144632 2.77043 2.617592 2.340142 2.339019 2.34522 2.544179 2.71667 3.005079 3.207465 3.52134 3.684788 3.912106 4.073658 4.19498 4.306903 4.308261 4.344044 4.181044 4.006055 3.878658 3.966413 3.991502 3.996566 3.970731 4.171783 4.42649 4.539486 4.557568 4.555173 4.50275 4.564735 4.666611 4.746 4.865237 4.827007 4.637238 4.546475 4.329895 4.233432 4.074175 4.025363 3.946875 4.024118 4.015728 4.026907 3.965066 3.945593 3.821379 3.784582 3.760219 3.75091 3.751082
1.534154 1.439355 1.410551 1.384322 1.358944 1.266536 1.249758 1.290707 1.241805 1.298876 1.348037 1.51197 1.564565 1.666079 1.61694 1.633838 1.594897 1.674389 1.684161 1.834171 1.864019 1.95857 2.013239 2.110246 2.191952 2.389533 2.470352 2.592951 2.630373 2.596046 2.529697 2.473173 2.418487 2.263337 2.099704 2.163025 2.461181 3.202527 4.018254 4.769973 5.074426 5.014461 4.434752 3.662498 2.860166 2.164472 1.684295 1.575905 1.718473 2.038469 2.466517 2.744189 3.009423 3.153882 3.193652 3.165332 3.07268 2.910903 2.576499 2.223052
1.777723 1.790325 1.87479 2.007007 2.148942 2.167835 2.187385 2.132773 2.191444 2.146392 2.156885 2.123191 2.177765 2.228 2.319542 2.372608 2.449255 2.453789 2.484348 2.482449 2.386589 2.20476 2.050202 2.052887 1.927343 1.614405 1.316476 1.175245 1.419691 1.946643 2.408998 2.834073 3.132806 3.212266 2.998288 2.88316 2.922562 3.277885 3.648938 3.859952 3.819206 3.758139 3.588235 3.476157 3.304102 3.255619 3.244045 3.36418 3.499255 3.675929 3.834739 4.011614 4.036996 3.956955 3.830503 3.65155 3.60092 3.574081 3.502054 3.388604
4.057291 3.94957 3.876888 3.781621 3.763962 3.809449 3.895552 3.963477 3.973738 3.938902 3.839978 3.743477 3.593814 3.480557 3.33131 3.201999 3.070029 2.938995 2.71466 2.54383 2.462038 2.432436 2.383779 2.373213 2.260457 2.044526 1.874881 1.642997 1.531091 1.350711 1.037627 1.357246 2.581514 3.98444 4.935563 4.95512 4.438965 3.755654 2.845135 1.900199 1.13742 0.664866 0.4599049 0.5426753 0.8176785 1.019473 1.162838 1.235835 1.394575 1.423582 1.539356 1.598277 1.737615 1.637631 1.471841 1.197628 0.9271724 0.5667475 0.3598491 0.1444729
4.049935 4.001077 3.991221 3.930882 3.896893 3.719131 3.567375 3.348545 3.251489 3.174065 3.201766 3.16431 3.134737 3.049127 2.930139 2.901817 2.862693 2.888143 2.889499 2.992017 3.014736 3.100539 3.148605 3.144833 3.054297 2.877912 2.750093 2.551022 2.388375 2.160275 2.021485 1.834158 1.699252 1.578272 1.5864 1.619125 1.699227 1.834932 1.949187 2.013649 2.012663 2.092542 2.223685 2.379481 2.509851 2.620502 2.599574 2.435064 2.286566 2.063486 1.939161 1.768422 1.69977 1.641897 1.750593 1.850431 1.983738 2.076341 2.171293 2.212865
2.671355 2.777567 2.899394 3.072424 3.375794 3.555776 3.697667 3.607543 3.528468 3.43028 3.274023 3.227573 3.173041 3.154417 3.114945 3.103553 3.100251 3.184542 3.229059 3.2764 3.290526 3.268561 3.198613 3.064359 2.961769 2.856782 2.804758 2.834425 2.904003 2.972377 3.032364 2.981633 2.856623 2.506557 1.793601 1.429399 1.089206 0.8937796 0.7590014 0.7899504 0.8795864 1.066175 1.51593 1.850428 2.210102 2.400946 2.518787 2.510651 2.414145 2.374081 2.348234 2.408327 2.49409 2.584972 2.703519 2.817407 2.916414 2.969738 2.996766 2.993067
1.690989 1.733582 1.743972 1.745952 1.783836 1.851784 1.987795 2.173286 2.371362 2.567124 2.735238 2.796871 2.858963 2.896638 2.855412 2.815679 2.763144 2.793225 2.7931 2.777399 2.642781 2.583595 2.525092 2.570569 2.660501 2.80049 3.185065 3.22524 3.24544 3.149196 3.202065 3.651147 4.252926 4.597431 4.76963 4.775053 4.649578 4.444734 4.314992 4.117253 3.887681 3.558277 3.256234 2.840656 2.625577 2.519624 2.535022 2.690088 2.819507 2.922931 3.091654 3.185106 3.282096 3.328589 3.419434 3.486346 3.448251 3.435623 3.470897 3.518843
1.951102 1.947179 1.904312 1.849604 1.704109 1.562048 1.352733 1.195752 0.984221 0.9086491 0.8449004 0.8042379 0.8364058 0.8459729 0.9484689 1.069019 1.17155 1.303568 1.347279 1.336274 1.288888 1.102528 0.9923579 0.9558368 0.9725944 0.7767982 0.6254478 0.5622872 0.3566475 0.1728233 0.2166669 0.4704872 0.7560243 1.080442 1.383098 1.585083 1.667467 1.606039 1.487595 1.281535 1.211237 1.138067 1.148944 1.17817 1.241475 1.355193 1.502535 1.644534 1.764446 1.878847 1.973576 2.065856 2.14105 2.14126 2.040062 1.997057 1.902362 1.957583 2.061922 2.174155
2.366455 2.548296 2.702251 2.674842 2.565404 2.255742 1.928336 1.646154 1.406726 1.238984 1.159186 1.284816 1.540016 1.89816 2.131057 2.45022 2.772796 2.76173 2.497702 2.037725 1.671898 1.761216 2.067434 2.452985 2.849602 3.261693 3.54283 3.674966 3.707993 3.720554 3.772251 3.812165 3.985391 4.160449 4.257156 4.268333 4.221226 4.073889 3.740399 3.369857 2.886367 2.429238 2.170351 2.024118 2.370054 2.612319 2.926102 3.177706 3.173749 3.035644 2.771655 2.518155 2.231595 2.103412 2.042921 2.062607 2.1915 2.254932 2.304513 2.279486
5.183021 5.77964 6.140159 6.455739 6.753767 7.03633 7.276828 7.459203 7.419083 7.238418 7.028486 6.907497 6.752964 6.57331 6.34067 6.062154 5.929153 6.051676 6.540032 6.354703 5.843502 5.609739 5.636111 5.90793 6.223954 6.482281 6.774861 7.123345 7.520877 7.814914 8.340848 8.750614 9.145762 9.473907 9.680848 9.84549 9.888877 9.816979 9.75698 9.702872 9.732439 9.718955 9.73603 9.785217 9.854673 10.02864 10.45459 10.72415 10.68928 10.46103 9.901089 9.500046 9.086243 8.609776 8.075184 7.740584 7.527033 7.247477 7.051673 6.783465
4.31318 4.393613 4.672501 5.163883 5.372991 5.530843 5.708662 5.819746 5.979024 6.036458 6.074178 5.988398 5.942353 5.80747 5.687102 5.479006 5.344206 5.214048 5.063634 4.987841 5.021841 5.064884 5.01652 4.048778 2.027344 0.09869341 -1.913294 -2.218791 -1.409783 0.192396 1.744583 3.666703 4.973122 6.095386 6.915438 7.294473 7.575074 7.719588 7.801612 7.754654 7.646247 7.350042 7.012844 6.642101 6.061022 5.604151 5.346011 5.302495 5.559686 6.059543 6.503686 6.915327 7.182422 7.216366 7.160719 7.047369 7.048213 7.073799 7.185022 7.279854
4.250918 3.901799 3.756241 3.975172 4.335705 4.69474 4.705608 4.569112 4.271224 4.111594 4.075379 4.22841 4.392573 4.777642 5.186061 5.569912 5.774818 5.425426 4.26144 2.721513 1.458333 0.9511116 1.161909 1.526158 2.104253 2.694888 3.26316 3.808671 4.26275 4.804733 5.318395 5.741848 5.711123 5.435981 5.144393 4.846863 4.785301 5.104065 5.66491 6.349268 7.080634 7.587845 7.973708 8.206458 8.154896 8.065457 8.001284 7.93955 7.799348 7.489541 7.212994 6.850802 6.569543 6.329089 6.133655 5.929629 5.865409 5.845457 5.69862 5.570112
2.302934 1.997351 1.618323 1.106609 0.7701289 0.3084616 0.1368716 0.0826252 0.1510661 0.2616084 0.3215482 0.3536002 0.4176005 0.3752811 -0.1859308 -1.279678 -2.405186 -3.060613 -3.203947 -3.020837 -2.56442 -1.911266 -0.9791862 -0.07591086 0.4973198 0.7496185 0.9489458 1.180154 1.334781 1.539484 1.749343 1.989396 2.124531 2.24191 2.278131 2.355594 2.444879 2.675391 2.854865 3.259041 3.657475 4.065707 4.405692 4.62576 5.047202 5.474675 5.914723 6.186307 6.285898 6.469129 6.717497 7.101083 7.438754 7.967378 8.675751 9.146975 9.718867 10.29417 10.66807 10.95601
6.657112 6.547013 6.582869 6.509134 6.335755 5.999565 5.709589 5.425972 5.220449 5.09609 5.039494 4.808339 4.520095 4.369898 4.366197 4.517706 4.750165 5.140401 5.593613 5.807815 5.237751 3.781348 2.648882 2.313643 2.67888 3.744137 4.700793 5.924646 6.809568 8.122784 8.702222 8.977416 9.046479 8.885726 8.563199 8.33618 8.22695 8.249629 8.21202 8.019079 7.69594 7.408084 7.147284 7.088699 7.233045 7.516015 7.680174 7.798014 7.837907 7.815713 7.791185 7.721246 7.510817 7.217384 7.027551 7.045112 7.109563 7.093154 6.949461 6.738513
5.80113 5.491324 5.09441 4.818878 4.384295 4.297556 4.559181 4.98129 4.943481 4.646424 4.469688 4.352909 4.35169 4.373831 4.409427 4.128142 3.820589 3.519016 3.376726 3.716126 3.804599 3.864685 4.065698 3.951557 3.293355 2.555239 2.054323 1.850284 2.231737 2.567743 3.038494 3.391995 3.573642 3.583371 3.464045 3.32866 3.161786 3.033612 3.052921 3.150756 3.114477 2.979552 2.938967 2.848875 2.902429 3.00593 3.185594 3.814924 4.077435 4.364115 4.556763 4.640018 4.780812 4.942212 5.142149 5.403891 5.629649 5.712028 5.641771 5.394026
4.829807 5.10591 5.182749 5.311045 5.328579 5.440546 5.410191 5.408673 5.373993 5.448786 5.521124 5.659448 5.748288 5.894604 6.036592 6.272004 6.571569 6.837143 7.13341 7.455863 7.615701 7.678586 7.302682 5.569466 4.115796 2.062801 1.113358 0.9923112 1.285093 1.898499 2.515357 3.416513 3.95549 4.256255 4.577259 4.81293 4.935993 4.915844 4.82127 4.758182 4.593654 4.323878 4.115976 4.029022 3.966076 4.104383 4.146553 4.299706 4.34771 4.324574 4.159616 3.937858 3.654778 3.354941 3.075644 2.787823 2.628152 2.438632 2.383429 2.254282
2.3599 2.390344 2.460196 2.614112 2.684515 2.845041 2.968794 3.01372 2.949716 2.88601 2.717954 2.483584 2.131043 1.890216 1.727595 1.612215 1.568347 1.572866 1.627248 1.65973 1.405555 -1.020087 -2.069968 -2.3558 -2.135682 -1.136262 -0.03211324 0.8554965 1.490713 2.102925 2.502777 2.693553 2.835819 2.89021 2.944612 2.988937 3.068267 3.164886 3.264475 3.407624 3.561059 3.661955 3.778622 3.88962 3.990481 4.091673 4.250878 4.284958 4.149741 3.940688 3.810799 3.776529 3.833358 3.888454 3.974525 4.09176 4.21798 4.271244 4.278818 4.185324
2.619017 2.485898 2.309007 2.165544 2.152446 2.203292 2.427791 2.579486 2.652044 2.759005 2.773808 2.742478 2.638948 2.634782 2.585355 2.575363 2.603057 2.674859 2.723201 2.718885 2.701584 2.489494 1.335743 -0.9730237 -3.049689 -4.531095 -4.434973 -3.382263 -2.053665 -0.4264358 0.8740202 1.83699 2.835851 3.819378 4.16743 4.382744 4.551235 4.594872 4.659561 4.706382 4.743454 4.80014 4.864521 5.027342 5.12955 5.172712 5.190978 5.156357 5.180983 5.104307 5.136802 5.196552 5.301495 5.485152 5.644446 5.869069 5.993627 6.167553 6.237138 6.467608
4.328492 4.417924 4.440609 4.540908 4.615662 4.683783 4.659548 4.649575 4.574924 4.472892 4.133104 3.512283 2.85335 2.047093 1.470948 1.169028 0.9442963 0.9156492 1.027687 1.299966 1.495591 2.015804 2.573002 2.882226 3.253051 3.566157 3.907142 4.230592 4.54391 4.767999 4.909369 5.106738 5.385995 5.646169 5.832018 6.072909 6.225072 6.396111 6.517649 6.586439 6.540736 6.340489 6.145714 5.789723 5.585065 5.18124 4.648003 4.441986 4.045342 3.856522 3.704881 3.758285 3.763758 3.890686 3.894158 3.991165 4.013463 4.169786 4.337287 4.519269
4.493267 4.715081 4.803765 4.984637 5.037682 5.118665 5.193663 5.173707 5.095915 5.014318 4.787232 4.547533 4.230515 4.050872 3.820024 3.610918 3.080044 1.889742 0.4513043 -0.9311614 -1.729845 -1.564201 -0.4647189 2.298028 3.12904 3.881699 4.246703 4.455745 4.442559 4.2914 4.248612 4.19412 4.229886 4.339391 4.490684 4.529211 4.594092 4.500115 4.439028 4.194664 4.080808 3.923452 3.918403 3.884169 3.854443 4.001412 4.321152 4.816092 5.274811 5.426854 5.415264 5.257068 5.243454 5.165861 5.236597 5.192589 5.186759 5.094665 5.072886 5.028203
3.876086 3.880176 3.814734 3.834867 3.796449 3.791693 3.677794 3.513163 3.357189 3.217747 3.152674 3.047167 2.892 2.715515 2.779721 2.992862 3.229753 3.261302 3.251449 3.045466 2.836688 2.563348 2.401925 2.455379 2.889474 4.206665 6.464913 8.461979 9.519878 9.2752 8.553744 7.30636 5.931803 5.298281 4.686961 4.36517 4.113224 4.131526 4.287782 4.424657 4.615832 4.704833 4.801119 4.874974 4.923108 5.040134 5.239064 5.539675 5.88697 6.123823 6.179637 6.238585 6.271445 6.259908 6.356679 6.343835 6.386715 6.220571 6.076125 5.845793
3.549212 3.813848 4.118065 4.483665 4.801659 5.05555 5.17521 5.266365 5.151452 4.793837 4.387122 3.985742 3.732006 3.66899 3.931984 4.265189 5.518107 7.366354 8.951606 9.631821 9.999412 9.695874 8.708347 7.801708 6.785329 5.983141 5.209304 4.841509 4.458484 4.23948 4.153769 4.24184 4.344676 4.562529 4.850086 5.476799 5.732221 5.711727 5.382489 4.480931 3.432769 1.728178 1.427491 1.143154 1.148798 1.476604 2.086019 2.520605 3.012053 3.307726 3.53317 3.716913 3.888517 4.006885 4.046903 3.981959 3.940754 3.897208 3.856991 3.737785
3.620051 3.788438 3.965104 4.209314 4.373532 4.566764 4.544182 4.342395 4.169102 3.994654 3.945723 4.015839 4.295373 4.744239 5.160145 5.874554 6.827659 7.861628 8.781725 9.428239 9.325094 8.440498 7.139806 5.817484 4.095881 3.178256 2.67856 2.513178 2.595199 2.889604 3.131541 3.452513 3.859147 4.139577 4.416481 4.532777 4.282145 4.012052 3.80885 3.800435 3.926425 4.153769 4.280596 4.437533 4.545098 4.657003 4.774151 4.899891 5.093256 5.188118 5.327175 5.391303 5.495026 5.500454 5.473042 5.404473 5.270465 5.190482 5.080926 5.024109
5.071528 5.217585 5.385373 5.519711 5.77322 5.937015 6.111998 6.252926 6.281313 6.28643 6.234609 6.097219 5.900083 5.625461 5.428938 5.399253 5.371079 5.427831 5.412765 5.516642 5.768179 6.126963 7.205206 8.580223 9.555182 10.11447 10.29473 9.701383 8.876602 8.034197 6.640442 5.747227 4.671525 4.212586 3.951953 4.010056 4.224668 4.564885 4.981111 5.406254 5.716442 5.931668 5.932901 5.903035 5.589317 5.295624 5.256998 5.291426 5.471406 5.580443 5.630758 5.565494 5.426371 5.193372 4.841256 4.480167 3.887832 3.462121 3.056712 2.861377
3.211612 3.268884 3.178768 3.060623 2.97699 2.911311 2.666487 2.443686 2.021643 1.770065 1.468676 1.514429 1.686408 2.075997 2.321816 2.433581 2.416912 2.302878 2.165473 2.04176 1.934022 1.842566 1.608386 1.520156 2.253924 4.365784 6.360608 8.348905 9.341221 9.368517 8.167091 6.853863 5.694781 4.507788 3.76134 3.404085 3.309955 3.435669 3.687364 3.934508 4.266943 4.732778 5.246452 5.760222 6.255628 6.731244 7.129922 7.533618 7.936507 8.192413 8.5902 9.073146 9.333058 9.518441 9.655986 9.77933 9.801723 9.765498 9.702703 9.637363
1.814293 1.855772 1.860973 1.967577 2.106317 2.304119 2.466721 2.638254 2.816227 2.926297 3.052546 3.199606 3.354956 3.410781 3.550326 3.621763 3.747735 3.872754 4.128245 4.298213 4.913105 7.682346 9.577862 12.35557 13.7466 14.87552 14.24483 13.38239 11.55995 10.35236 9.580381 8.667947 8.253087 8.019565 8.033964 8.128097 8.331096 8.47801 8.562292 8.625621 8.542472 8.481142 8.366021 8.370091 8.346721 8.333363 8.303456 8.320848 8.31037 8.367569 8.340961 8.262761 8.070587 7.884424 7.682854 7.430525 7.051028 6.691504 6.441361 6.120046
-1.26157 -1.148601 -1.0182 -0.92592 -0.8705602 -0.754164 -0.5915496 -0.375387 -0.1838287 0.01101731 0.2686242 0.5734397 0.845719 0.9821767 1.107631 1.344656 1.664895 2.094367 3.013835 4.335905 5.071299 5.32175 5.36311 5.222306 4.964445 4.523692 4.154762 3.542103 3.082019 2.663091 2.244798 1.976275 1.712041 1.588634 1.594886 1.744373 1.971408 2.135305 2.292072 2.264256 1.914361 1.549644 1.266569 1.059541 0.8688281 0.7131754 0.4697008 0.2485264 0.02855769 -0.08318983 -0.1442367 -0.1354215 -0.05818694 0.01848586 0.02400913 0.08640589 0.2264314 0.3531518 0.4498547 0.6380925
2.789683 2.573896 2.218283 1.719557 1.29209 0.6640394 0.2872252 -0.2281456 -0.697372 -1.04007 -1.155599 -1.259093 -1.366269 -1.565673 -1.766001 -1.943023 -1.9885 -1.990681 -1.943329 -1.917224 -1.736944 -0.9748459 0.06186417 1.282107 2.181286 2.39608 2.147241 1.498936 0.70471 -0.007094895 -0.6587852 -1.277884 -1.558951 -1.613061 -1.449845 -1.213759 -0.8682713 -0.5645456 -0.1304147 0.3598456 0.4384054 0.4892616 0.5211603 0.6620865 0.8663431 1.176258 1.411173 1.551203 1.710698 1.770768 1.724896 1.589592 1.437924 1.242427 1.106897 0.9980767 1.009185 1.003996 1.036551 1.017262
1.327077 1.44019 1.51026 1.531945 1.651012 1.943141 2.311846 2.638164 2.956253 3.046908 2.87976 2.611826 2.245253 1.928782 1.705763 1.457295 1.152695 0.9071913 1.266044 1.741619 2.046923 2.081799 1.73687 1.261898 0.493324 -0.1805829 -0.7632793 -1.121432 -1.471198 -1.680194 -1.877432 -1.905484 -1.876774 -1.696784 -1.517497 -1.283402 -1.095353 -0.7794738 -0.4920858 -0.1740789 0.04712257 0.4429649 0.7121127 0.9868988 1.013007 0.9664618 0.6048291 0.1981569 -0.3536956 -0.8275192 -1.474905 -1.863086 -2.210848 -2.644853 -3.060064 -3.454244 -3.438333 -3.077288 -2.105255 -0.9620631
1.237397 1.101069 0.918261 0.6472011 0.2550967 -0.05621912 -0.2459569 -0.3970691 -0.6126798 -0.7741511 -1.075239 -1.779338 -3.008721 -3.864119 -4.712975 -5.089319 -5.171259 -4.876284 -4.399559 -3.85776 -3.391725 -2.960083 -2.703179 -2.532705 -2.393863 -2.230178 -2.086252 -1.864033 -1.653414 -1.529633 -1.354586 -1.28688 -1.26219 -1.436259 -1.7374 -2.169735 -2.428641 -2.614083 -2.708324 -2.664419 -2.664836 -2.618534 -2.662095 -2.694376 -2.787002 -2.764712 -2.786123 -2.878974 -2.986581 -3.104968 -3.195457 -3.296237 -3.370143 -3.325053 -3.072856 -2.81724 -2.432387 -2.116597 -1.74014 -1.593023
-2.432387 -2.116597 -1.74014 -1.593023 -1.466505 -1.508959 -1.531749 -1.644481 -1.704711 -1.76242 -1.607768 -1.201136 -0.7999969 -0.1263747 0.4188759 1.017944 1.448229 1.673588 1.094646 -0.03247937 -1.774766 -3.380666 -4.409051 -5.110465 -5.171512 -4.776048 -3.927739 -3.253126 -2.347346 -1.35922 -0.4908468 0.3927833 1.029631 1.584218 1.890916 2.198286 2.399018 2.584492 2.594931 2.577963 2.505893 2.520797 2.463629 2.488322 2.432775 2.34784 2.114272 2.011064 1.890252 1.918299 1.882603 1.925991 1.954063 2.031608 2.12749 2.218006 2.380391 2.512119 2.673726 2.800858
2.380391 2.512119 2.673726 2.800858 2.951017 3.093074 3.399644 3.536589 3.780708 3.899447 4.093762 4.157583 3.221525 1.803478 -0.4266468 -2.638883 -5.076691 -6.231221 -6.742794 -6.032145 -4.884119 -3.685509 -2.356486 -1.284309 -0.4817241 0.08326549 0.3325385 0.2933708 0.04205514 -0.2831163 -0.690212 -0.9074401 -1.011085 -0.8424236 -0.5681771 -0.3325348 -0.1774708 -0.03005035 -0.01760821 -0.04025691 -0.2212401 -0.4703392 -0.5427051 -0.6260493 -0.6441969 -0.7437328 -0.7534453 -0.8271999 -0.7685882 -0.5408409 -0.1320567 0.2081531 0.7494234 0.9977674 1.341511 1.620338 1.740894 1.779719 1.788568 1.737766
0.09579943 -0.05695711 -0.1145449 -0.09505001 0.02473992 0.196098 0.4669255 0.7066117 0.9481738 1.28798 1.677331 1.965309 2.165494 2.327431 2.35289 2.393462 2.297004 2.180753 1.981208 1.776754 1.468494 1.080598 0.3785282 -0.1589052 -0.6489906 -0.7899373 -0.8104184 -0.5378069 -0.1532693 0.3110767 0.5724943 0.7756899 0.8794175 0.9800365 1.039596 0.9638847 0.8599991 0.6303986 0.5283509 0.39757 0.3340144 0.2150834 0.09167841 0.02005975 -0.09040169 -0.05725538 0.02032786 0.2214333 0.3377894 0.4550894 0.4931219 0.5782371 0.5055504 0.408583 0.1698725 -0.0009927178 -0.1413397 -0.2004314 -0.133865 -0.1308771
1.557225 1.163117 0.8354489 0.7165206 0.6620488 0.6639111 0.6129535 0.6304111 0.617678 0.5822613 0.3464117 0.1366022 -0.2556961 -0.5196486 -0.8172293 -0.9688593 -1.077073 -1.080466 -1.160309 -1.429333 -2.462605 -3.709945 -5.046169 -6.162352 -7.134392 -7.514273 -7.575608 -7.092172 -6.347277 -5.647049 -4.992005 -4.222884 -3.665362 -3.226465 -2.842416 -2.471585 -2.092201 -1.822097 -1.665453 -1.583923 -1.498397 -1.378575 -1.179345 -1.138214 -1.105203 -1.160683 -1.189527 -1.239356 -1.221104 -1.254795 -1.260876 -1.350701 -1.392386 -1.367101 -1.218032 -1.073094 -0.7385012 -0.4524139 -0.1740484 -0.01487939
2.031328 1.629401 1.289173 0.8764041 0.4596989 0.2580708 0.2221358 0.3424721 0.5387744 0.9715896 1.475959 2.027994 2.473257 2.930946 3.079047 2.921905 1.928163 0.2971607 -1.424931 -2.910836 -3.498195 -3.490246 -3.246301 -2.811956 -1.852929 -1.076763 -0.5482669 0.07346837 0.3965507 0.5430411 0.5943895 0.4414399 0.3875502 0.2468669 0.1075115 0.03407104 -0.108451 -0.1183082 -0.1058802 -0.04029684 -0.01522542 0.03679264 0.1262507 0.3064002 0.5850159 0.8101053 0.9456546 1.060094 1.097289 1.147743 1.173236 1.243773 1.295122 1.365703 1.410087 1.359939 1.276123 1.144848 1.036768 0.8571116
-0.8207809 -0.6490189 -0.4915878 -0.4010673 -0.249736 -0.08324395 0.1731442 0.4488392 0.7373145 0.9483091 1.048326 1.01511 0.9659033 0.7880827 0.5763202 0.4773225 0.4893627 0.5449427 0.6417725 0.7834985 0.8346018 0.5770611 -0.3716513 -1.475022 -2.660577 -3.799619 -4.491337 -4.821883 -4.786118 -4.424581 -3.868382 -3.332535 -2.750015 -2.201831 -1.746543 -1.308963 -0.8564112 -0.5255674 -0.1971426 0.08673779 0.3093803 0.5025658 0.5945074 0.716141 0.8437569 0.9513299 0.9488382 1.012746 1.051272 1.186139 1.230484 1.274276 1.28795 1.409503 1.648034 2.051907 2.341531 2.70176 2.934648 3.168186
2.390767 2.624601 2.798904 2.806812 2.77722 2.669753 2.546506 2.574422 2.641979 2.770735 2.850799 3.036519 3.172927 3.357234 3.399725 2.944471 1.628534 0.6210886 -0.8387901 -1.628219 -1.821741 -1.651782 -1.148083 -0.4696391 -0.1929155 -0.1302412 -0.07422983 0.09728277 0.3955426 0.6776956 1.011601 1.082775 1.078653 1.193272 1.282667 1.379309 1.378081 1.253281 1.047586 1.014538 1.050585 1.213584 1.331413 1.534353 1.584069 1.433288 1.170032 0.7647837 0.4622414 0.2144422 -0.07422726 -0.2417002 -0.4211745 -0.4566036 -0.5151182 -0.5761904 -0.6252977 -0.6775047 -0.6424398 -0.5192794
0.3623111 0.8540974 1.306867 1.32159 1.179308 1.064077 1.009688 0.7987212 0.5141084 0.2477708 0.1100955 0.1025366 0.04325317 -0.01176258 -0.1812673 -0.2617541 -0.3536739 -0.3684734 -0.3747607 -0.2688669 0.1858369 1.215926 3.376909 5.694589 6.652627 6.874237 6.480296 5.607111 4.388168 3.280168 2.468369 1.841935 1.491794 1.311049 1.160143 0.9614386 0.8926449 0.7523015 0.7294984 0.6944765 0.6014603 0.3967322 0.2476446 0.08961092 0.00228491 -0.1357088 -0.3755103 -0.5829527 -0.7106771 -0.8721293 -0.9470213 -0.9565697 -0.959304 -0.9986614 -1.023513 -0.9935089 -0.8245702 -0.7775185 -0.8075758 -0.8353103
