495222695.0 495349925.0 495470626.0 495591875.0 495692615.0 495793584.0 495917162.0 496038623.0 496161609.0 496263763.0 496405125.0 496526652.0 496687465.0 496787934.0 496927919.0 497073496.0 497193735.0 497295624.0 497397688.0 497497934.0 497618336.0 497738820.0 497921396.0 498025630.0 498128826.0 498250615.0 498384570.0 498493578.0 498615744.0 498737056.0 498858536.0 498979138.0 499100352.0 499248094.0 499371919.0 499515608.0 499635804.0 499737576.0 499837900.0 499941053.0 500042088.0 500144157.0 500266493.0 500365627.0 500487090.0 500630855.0 500752117.0 500852728.0 500990116.0
501376941.0 501483057.0 501633833.0 501748110.0 501854357.0 501973376.0 502122101.0 502214654.0 502358298.0 502459252.0 502581540.0 502682669.0 502803120.0 502907503.0 503032110.0 503153709.0 503273656.0 503416392.0 503516907.0 503636758.0 503756938.0 503899600.0 504044856.0 504166756.0 504287883.0 504410667.0 504552382.0 504674811.0 504795418.0 504915718.0 505055614.0 505156035.0 505256836.0 505378085.0 505498853.0 505618911.0 505719749.0 505840663.0 505981495.0 506101559.0 506222325.0 506323729.0 506464888.0 506586774.0 506686745.0 506787907.0 506909362.0 507009772.0 507112048.0
513298926.0 513484158.0 513603847.0 513704439.0 513847852.0 513969363.0 514090153.0 514212529.0 514353115.0 514455768.0 514556740.0 514657802.0 514801153.0 514920911.0 515041341.0 515163941.0 515285063.0 515407652.0 515508735.0 515608201.0 515728436.0 515848841.0 515969387.0 516073163.0 516232689.0 516333709.0 516453825.0 516579780.0 516719106.0 516841877.0 516965773.0 517067599.0 517208705.0 517329263.0 517432723.0 517531810.0 517633108.0 517773433.0 517874814.0 517995598.0 518095042.0 518236077.0 518336360.0 518459100.0 518580672.0 518700725.0 518824588.0 518962822.0 519065613.0
519308434.0 519408553.0 519530063.0 519651130.0 519752693.0 519896357.0 520016887.0 520117436.0 520236829.0 520381641.0 520502883.0 520625130.0 520764790.0 520867564.0 520967490.0 521090476.0 521192877.0 521315833.0 521437654.0 521558852.0 521680713.0 521800460.0 521924290.0 522024911.0 522126055.0 522284461.0 522388204.0 522509154.0 522629686.0 522729340.0 522850785.0 522975708.0 523097656.0 523201494.0 523323888.0 523444875.0 523565780.0 523665777.0 523807787.0 523910365.0 524030977.0 524151486.0 524252324.0 524392134.0 524492358.0 524616765.0 524738635.0 524879931.0 524980711.0
525200505.0 525300514.0 525421664.0 525522797.0 525643645.0 525763395.0 525846770.0 525967326.0 526068457.0 526192641.0 526314579.0 526453596.0 526557667.0 526657725.0 526758699.0 526879087.0 527000530.0 527123914.0 527244661.0 527366661.0 527507864.0 527628540.0 527749560.0 527870563.0 527991552.0 528172470.0 528293702.0 528398770.0 528520600.0 528621406.0 528742473.0 528885683.0 528986143.0 529110460.0 529230757.0 529351067.0 529512911.0 529636514.0 529757120.0 529878361.0 530019530.0 530141092.0 530241347.0 530404679.0 530486154.0 530626941.0 530728937.0 530912124.0 531012513.0
531215397.0 531338554.0 531439597.0 531580161.0 531703170.0 531844372.0 531944423.0 532070340.0 532209900.0 532290619.0 532415667.0 532515724.0 532636570.0 532736775.0 532860052.0 532980513.0 533121875.0 533242179.0 533362822.0 533465731.0 533588863.0 533730631.0 533830028.0 533940732.0 534030946.0 534151033.0 534271828.0 534372345.0 534492503.0 534592925.0 534734553.0 534855041.0 534977543.0 535079111.0 535200788.0 535342130.0 535462751.0 535584716.0 535705695.0 535826818.0 535967706.0 536110466.0 536233314.0 536353125.0 536476862.0 536586634.0 536697888.0 536799043.0 536920550.0
186008242.0 186113407.0 186215493.0 186380049.0 186483718.0 186606106.0 186749073.0 186892617.0 186996544.0 187127263.0 187264090.0 187352983.0 187494504.0 187596139.0 187761848.0 187908058.0 188056007.0 188177732.0 188303622.0 188435452.0 188526185.0 188688836.0 188900536.0 189084153.0 189205858.0 189317643.0 189502593.0 189627732.0 189754833.0 189860350.0 189989984.0 190094804.0 190216748.0 190363065.0 190496398.0 190618185.0 190762245.0 190906842.0 191072573.0 191198392.0 191301725.0 191427744.0 191609281.0 191755747.0 191875677.0 191997114.0 192160067.0 192280737.0 192403442.0
292089129.0 292191236.0 292321637.0 292464730.0 292569305.0 292670775.0 292799875.0 292911539.0 293075242.0 293218439.0 293382364.0 293515751.0 293639064.0 293782842.0 293948542.0 294057348.0 294182820.0 294326548.0 294447567.0 294552815.0 294699088.0 294847255.0 294968640.0 295115688.0 295283123.0 295429002.0 295552898.0 295676296.0 295802747.0 295944637.0 296088508.0 296219891.0 296357071.0 296458231.0 296601127.0 296728044.0 296868777.0 296990674.0 297112406.0 297233865.0 297375793.0 297516724.0 297639519.0 297763700.0 297903502.0 298060568.0 298155757.0 298319573.0 298421619.0
422427420.0 422547790.0 422676366.0 422995353.0 423118697.0 423269156.0 423393797.0 423518237.0 423639554.0 423863529.0 423988879.0 424134847.0 424341313.0 424486105.0 424608421.0 424753982.0 424898930.0 425040453.0 425182508.0 425325502.0 425430296.0 425554512.0 425843918.0 425966564.0 426088552.0 426209698.0 426331602.0 426454151.0 426578648.0 426706294.0 426807404.0 426934641.0 427055682.0 427163194.0 427288441.0 427451978.0 427593725.0 427737922.0 427863373.0 427988052.0 428132116.0 428256676.0 428603866.0 428741004.0 428893482.0 429056697.0 429217636.0 429338410.0 429461630.0
543431904.0 543533971.0 543657365.0 543761702.0 543885109.0 544046223.0 544229482.0 544350326.0 544492967.0 544636458.0 544758626.0 544881307.0 544984936.0 545173786.0 545299751.0 545445196.0 545587449.0 545709661.0 545810388.0 545934641.0 546099334.0 546220643.0 546343525.0 546424635.0 546551640.0 546713159.0 546847533.0 546973702.0 547135493.0 547258541.0 547398935.0 547523332.0 547672431.0 547797366.0 547938621.0 548086681.0 548209746.0 548335130.0 548459555.0 548601698.0 548768336.0 548936355.0 549081515.0 549203861.0 549324921.0 549446892.0 549567601.0 549697049.0 549842556.0
568384896.0 568506706.0 568627064.0 568773501.0 568895440.0 569020974.0 569144875.0 569267475.0 569429656.0 569551495.0 569672948.0 569796275.0 569969924.0 570074483.0 570179487.0 570321688.0 570503760.0 570647621.0 570751182.0 570897592.0 570983408.0 571124880.0 571247377.0 571372802.0 571477685.0 571619332.0 571740493.0 571883575.0 572031001.0 572136545.0 572261358.0 572408522.0 572533705.0 572698663.0 572850132.0 573017389.0 573143327.0 573275617.0 573392212.0 573539679.0 573702536.0 573846666.0 574130698.0 574273247.0 574556946.0 574698337.0 574800490.0 574901433.0 575044875.0
626685370.0 626809379.0 626910516.0 627032375.0 627174413.0 627296210.0 627417659.0 627583610.0 627704205.0 627806347.0 627931470.0 628075430.0 628367908.0 628576741.0 628820700.0 629108707.0 629252720.0 629415617.0 629544560.0 629667620.0 629769706.0 629932555.0 630116651.0 630261274.0 630390232.0 630534893.0 630681516.0 630802173.0 630930994.0 631059749.0 631183455.0 631304961.0 631406625.0 631526907.0 631653922.0 631764579.0 631886898.0 632170599.0 632292874.0 632397292.0 632663294.0 632765585.0 632890185.0 633032353.0 633178952.0 633281599.0 633424519.0 633565101.0 633677403.0
592355950.0 592484143.0 592607484.0 592770997.0 592895606.0 593039702.0 593163068.0 593286624.0 593431456.0 593535616.0 593641134.0 593745313.0 593869208.0 593979522.0 594081696.0 594184200.0 594284583.0 594386469.0 594548008.0 594689729.0 594792338.0 594913922.0 595017652.0 595141917.0 595298403.0 595451203.0 595572655.0 595694838.0 595815522.0 595937450.0 596059353.0 596180210.0 596465489.0 596651604.0 596772974.0 596873982.0 596995615.0 597118534.0 597261353.0 597364287.0 597509159.0 597630558.0 597756350.0 597898563.0 598005509.0 598303402.0 598439854.0 598741457.0 598864668.0
571207582.0 571307947.0 571450273.0 571571684.0 571711220.0 571831647.0 571941410.0 572071211.0 572191735.0 572311626.0 572415900.0 572581572.0 572740985.0 572862114.0 572983981.0 573123702.0 573223808.0 573345612.0 573470136.0 573591961.0 573711967.0 573812437.0 573952755.0 574072380.0 574172465.0 574272197.0 574395866.0 574537542.0 574777367.0 575057083.0 575277495.0 575543705.0 575643198.0 575903515.0 576143163.0 576263121.0 576488324.0 576748356.0 577228144.0 577369166.0 577615103.0 577715131.0 577835224.0 577975662.0 578083203.0 578175614.0 578296360.0 578418841.0 578540630.0
579223560.0 579343141.0 579446948.0 579567632.0 579667736.0 579787619.0 579888212.0 580008646.0 580108696.0 580248205.0 580348515.0 580514735.0 580633708.0 580734166.0 580833716.0 580954155.0 581094399.0 581214477.0 581334344.0 581436392.0 581557407.0 581657107.0 581797998.0 581918211.0 582018450.0 582138037.0 582258403.0 582421168.0 582545565.0 582645474.0 582766093.0 582866248.0 582987001.0 583106947.0 583247392.0 583366974.0 583513725.0 583653649.0 583813102.0 583933602.0 584093379.0 584193503.0 584293901.0 584415540.0 584544617.0 584798091.0 584899857.0 585029252.0 585123836.0
623148761.0 623239701.0 623348723.0 623466943.0 623567459.0 623687097.0 623807411.0 623947466.0 624066966.0 624187703.0 624327108.0 624449975.0 624593749.0 624835872.0 625056386.0 625296926.0 625438563.0 625579203.0 625699203.0 625940506.0 626060664.0 626201464.0 626647888.0 626867692.0 626988481.0 627088457.0 627188451.0 627288718.0 627391474.0 627536642.0 627655991.0 627776717.0 627896027.0 628015993.0 628156131.0 628256396.0 628378386.0 628503123.0 628622612.0 628762834.0 628883352.0 629015137.0 629122764.0 629242848.0 629362825.0 629467921.0 629609663.0 629709717.0 629809653.0
631193724.0 631294140.0 631396825.0 631520414.0 631620102.0 631740306.0 631860874.0 631980737.0 632080878.0 632181972.0 632281605.0 632383982.0 632512531.0 632631958.0 632752115.0 632852563.0 632974741.0 633116244.0 633215917.0 633335964.0 633478877.0 633601128.0 633701442.0 633803906.0 633923516.0 634023567.0 634143675.0 634263931.0 634363694.0 634490668.0 634613480.0 634833766.0 635033773.0 635133679.0 635253760.0 635416517.0 635777643.0 635877137.0 636137463.0 636377267.0 636661738.0 636763519.0 636864368.0 637085193.0 637305908.0 637569688.0 637709895.0 637910856.0 638050783.0
638311137.0 638559436.0 638800731.0 638901402.0 639161565.0 639281607.0 639566890.0 639846874.0 640127463.0 640346942.0 640470942.0 640732722.0 641032816.0 641352423.0 641582254.0 641722119.0 641981825.0 642101767.0 642362128.0 642489780.0 642613780.0 642874988.0 643095349.0 643195791.0 643295781.0 643397291.0 643539218.0 643680164.0 643781717.0 643902865.0 644022802.0 644143150.0 644263674.0 644405436.0 644549727.0 645052351.0 645252218.0 645479656.0 645622801.0 645722559.0 645943523.0 646043648.0 646609865.0 646829465.0 646929427.0 647130146.0 647370648.0 647519994.0 647619207.0
646609865.0 646829465.0 646929427.0 647130146.0 647370648.0 647519994.0 647619207.0 647739229.0 647859480.0 647979146.0 648119614.0 648239334.0 648359353.0 648485431.0 648584770.0 648684961.0 648804896.0 648965337.0 649084805.0 649184807.0 649304781.0 649406137.0 649538862.0 649651125.0 649791211.0 649911510.0 650031191.0 650151513.0 650271186.0 650413932.0 650576566.0 650696497.0 650796685.0 650897163.0 651017440.0 651157149.0 651297085.0 651504972.0 651644711.0 651784145.0 651924479.0 652044673.0 652184163.0 652284632.0 652426814.0 652571410.0 652711552.0 652813121.0 652952736.0
670213440.0 670312941.0 670436264.0 670577551.0 670697598.0 670797710.0 670918197.0 671078100.0 671198541.0 671337987.0 671463428.0 671625888.0 671785814.0 671905834.0 672025916.0 672166466.0 672305949.0 672429166.0 672573979.0 672694192.0 672813927.0 672923665.0 673013967.0 673134088.0 673254223.0 673396826.0 673563116.0 673703411.0 673803287.0 673943385.0 674063409.0 674203767.0 674304156.0 674449736.0 674571106.0 674690750.0 674890978.0 675110733.0 675370693.0 675505007.0 675616929.0 675877369.0 676017459.0 676137472.0 676358380.0 676502151.0 676742617.0 676963625.0 677143501.0
678167672.0 678288080.0 678409920.0 678570916.0 678691084.0 678831215.0 678951425.0 679051087.0 679190982.0 679290955.0 679414623.0 679575563.0 679675714.0 679775873.0 679915578.0 680015748.0 680135565.0 680235409.0 680335578.0 680438988.0 680580557.0 680680492.0 680800811.0 680940610.0 681060600.0 681180579.0 681280757.0 681402244.0 681545868.0 681665694.0 681805984.0 681925704.0 682045721.0 682145702.0 682245928.0 682365990.0 682512495.0 682652419.0 682772461.0 682872554.0 683012445.0 683112099.0 683232111.0 683372099.0 683497614.0 683597390.0 683697392.0 683817596.0 683957222.0
693171680.0 693272064.0 693393883.0 693497116.0 693617505.0 693716974.0 693877333.0 693977348.0 694116945.0 694237376.0 694356863.0 694483790.0 694664966.0 694904955.0 695125299.0 695667488.0 695767461.0 696067504.0 696267448.0 696389570.0 696672125.0 696952461.0 697072128.0 697232153.0 697352195.0 697474685.0 697595463.0 697695524.0 697795618.0 697955654.0 698075174.0 698195212.0 698295507.0 698398676.0 698500664.0 698620617.0 698780707.0 698880549.0 698980977.0 699080496.0 699180525.0 699280687.0 699380782.0 699505922.0 699627100.0 699747413.0 699867481.0 700007342.0 700126971.0
207091284.0 207259048.0 207380416.0 207528232.0 207651688.0 207795372.0 207919460.0 208040098.0 208177116.0 208308015.0 208448854.0 208575876.0 208720989.0 208847547.0 208992813.0 209095117.0 209261474.0 209382966.0 209484718.0 209585758.0 209707799.0 209851702.0 209955366.0 210099853.0 210224667.0 210325842.0 210452097.0 210578254.0 210742735.0 210883779.0 211025702.0 211128000.0 211268983.0 211391629.0 211573988.0 211715071.0 211837867.0 212022503.0 212146758.0 212252636.0 212374479.0 212502807.0 212662059.0 212754084.0 212856315.0 213003085.0 213144689.0 213332332.0 213447239.0
215023683.0 215173625.0 215315006.0 215419096.0 215541044.0 215641855.0 215763425.0 215885103.0 216007223.0 216109998.0 216223101.0 216334614.0 216435390.0 216578446.0 216699693.0 216820693.0 216942314.0 217072028.0 217213748.0 217339587.0 217463063.0 217587280.0 217733655.0 217858475.0 217980988.0 218122721.0 218246545.0 218393769.0 218514709.0 218636647.0 218772835.0 218859422.0 219021234.0 219143565.0 219267915.0 219428726.0 219564542.0 219675852.0 219798322.0 219925149.0 220067836.0 220192452.0 220304992.0 220426610.0 220558050.0 220701699.0 220805493.0 220948341.0 221111099.0
259053107.0 259182099.0 259354486.0 259460303.0 259590682.0 259735628.0 259864303.0 259986572.0 260107403.0 260228572.0 260378037.0 260499810.0 260646307.0 260749576.0 260851180.0 260992636.0 261136401.0 261258690.0 261402584.0 261523314.0 261644975.0 261792610.0 261917792.0 262040585.0 262147213.0 262290846.0 262412873.0 262556745.0 262700655.0 262800539.0 262967435.0 263089614.0 263232833.0 263376559.0 263518756.0 263621321.0 263724985.0 263850163.0 264012439.0 264157795.0 264261855.0 264400562.0 264505489.0 264627744.0 264794116.0 264900737.0 265002773.0 265171710.0 265317106.0
270130127.0 270245280.0 270367825.0 270512964.0 270596451.0 270740481.0 270863272.0 270988742.0 271131535.0 271253254.0 271374680.0 271496143.0 271645783.0 271789379.0 271931709.0 272033756.0 272156745.0 272278834.0 272419406.0 272563005.0 272663044.0 272793650.0 272904673.0 273007673.0 273131423.0 273262490.0 273406983.0 273537788.0 273662736.0 273789601.0 273911768.0 274155034.0 274317280.0 274418811.0 274540546.0 274642610.0 274764729.0 274907391.0 275076068.0 275281447.0 275427601.0 275550083.0 275674811.0 275799875.0 275908559.0 276055758.0 276157639.0 276258998.0 276360726.0
306026082.0 306296720.0 306397376.0 306530420.0 306633099.0 306768609.0 306932398.0 307076221.0 307283293.0 307466845.0 307608991.0 307735619.0 307879014.0 308020646.0 308172509.0 308295586.0 308433504.0 308522409.0 308685302.0 308811707.0 308917597.0 309059462.0 309191337.0 309302632.0 309404697.0 309586323.0 309713408.0 309815842.0 309937800.0 310038822.0 310186520.0 310328472.0 310510862.0 310713762.0 310835363.0 310976409.0 311158858.0 311281627.0 311435673.0 311565322.0 311708417.0 311833761.0 312022969.0 312206052.0 312310731.0 312478516.0 312642401.0 312789959.0 312937475.0
177619707.0 177808188.0 177936737.0 178054550.0 178177044.0 178302482.0 178434279.0 178529571.0 178654180.0 178755574.0 178917300.0 179079639.0 179201809.0 179344808.0 179486786.0 179592367.0 179695087.0 179863078.0 180006656.0 180109664.0 180235537.0 180356794.0 180500590.0 180665737.0 180830116.0 180955268.0 181058777.0 181201982.0 181326824.0 181469308.0 181617533.0 181740845.0 181884014.0 182008334.0 182131275.0 182295467.0 182442403.0 182591333.0 182692505.0 182816680.0 182938348.0 183041585.0 183167317.0 183292659.0 183395180.0 183517988.0 183642990.0 183810693.0 183953599.0
205618784.0 205744725.0 205905420.0 206037797.0 206162968.0 206306300.0 206450805.0 206555403.0 206681058.0 206825839.0 206949793.0 207092070.0 207173754.0 207275635.0 207420786.0 207522227.0 207665443.0 207808635.0 207974081.0 208081801.0 208204293.0 208466011.0 208590055.0 208731698.0 208853798.0 209022690.0 209144194.0 209266195.0 209388012.0 209513180.0 209657853.0 209824595.0 209926807.0 210052312.0 210175002.0 210296288.0 210439815.0 210564662.0 210687615.0 210813527.0 210935054.0 211080385.0 211204616.0 211327641.0 211453291.0 211602276.0 211723640.0 211877098.0 212079091.0
214667004.0 214769761.0 214894977.0 215039015.0 215200254.0 215320788.0 215428502.0 215554467.0 215695595.0 215849365.0 215972417.0 216133109.0 216298217.0 216401959.0 216523249.0 216623949.0 216745566.0 216888754.0 217029633.0 217172699.0 217299698.0 217426361.0 217547611.0 217651498.0 217835158.0 217960476.0 218084061.0 218207423.0 218308604.0 218571367.0 218692811.0 218793842.0 218915435.0 219018543.0 219163574.0 219285434.0 219407288.0 219529319.0 219656045.0 219759102.0 219943452.0 220106818.0 220229353.0 220395482.0 220538820.0 220681680.0 220807063.0 220929989.0 221073544.0
222637663.0 222781425.0 222926800.0 223068447.0 223189800.0 223311670.0 223473941.0 223579417.0 223681816.0 223803595.0 223905676.0 224030719.0 224175575.0 224296005.0 224417260.0 224560197.0 224681035.0 224802770.0 224953092.0 225095809.0 225245501.0 225390588.0 225515316.0 225657012.0 225777611.0 225938005.0 226060429.0 226161223.0 226307691.0 226452353.0 226556261.0 226702037.0 226825275.0 226968981.0 227115327.0 227218622.0 227341033.0 227523697.0 227685970.0 227807957.0 227950925.0 228093343.0 228196200.0 228322322.0 228464074.0 228570584.0 228717359.0 228840691.0 228961967.0
232665382.0 232770811.0 232936435.0 233061804.0 233186584.0 233332837.0 233495394.0 233637604.0 233758056.0 233941130.0 234082363.0 234204329.0 234325351.0 234428013.0 234596291.0 234721235.0 234851682.0 234995838.0 235116694.0 235238455.0 235501801.0 235643627.0 235766623.0 235888641.0 236054563.0 236157769.0 236323377.0 236444549.0 236586519.0 236729373.0 236875939.0 236999754.0 237146044.0 237289823.0 237433300.0 237555515.0 237657809.0 237779191.0 237922731.0 238054546.0 238180621.0 238316703.0 238438718.0 238561462.0 238686294.0 238811533.0 238936632.0 239078851.0 239186357.0
269571351.0 269725985.0 269862365.0 269985406.0 270127502.0 270241252.0 270371659.0 270492942.0 270594003.0 270715589.0 270878478.0 271019890.0 271141871.0 271263727.0 271407450.0 271515645.0 271639520.0 271765288.0 271910199.0 272032287.0 272176839.0 272301490.0 272406552.0 272513466.0 272619096.0 272803699.0 272969677.0 273095803.0 273217663.0 273359035.0 273481607.0 273583782.0 273704970.0 273828159.0 274011350.0 274151829.0 274294778.0 274456455.0 274580860.0 274702581.0 274851425.0 274973676.0 275135635.0 275260288.0 275361856.0 275483793.0 275605399.0 275767584.0 275927693.0
252684043.0 252886101.0 253010833.0 253133452.0 253260534.0 253445198.0 253630057.0 253753687.0 253875684.0 254020606.0 254162355.0 254263635.0 254404874.0 254545539.0 254670422.0 254777675.0 254900514.0 255045061.0 255167106.0 255308945.0 255430442.0 255532378.0 255654067.0 255794961.0 255940740.0 256065739.0 256187824.0 256415834.0 256577489.0 256739822.0 256861689.0 256982336.0 257129434.0 257277660.0 257400311.0 257590533.0 257769545.0 257894852.0 258042576.0 258158573.0 258321012.0 258463768.0 258626032.0 258747747.0 258874557.0 258999962.0 259126832.0 259311270.0 259412578.0
280669479.0 280775528.0 280899276.0 281068726.0 281196607.0 281317610.0 281440000.0 281540310.0 281707462.0 281815055.0 281916459.0 282042386.0 282170553.0 282315603.0 282464818.0 282636233.0 282757265.0 282858727.0 282981964.0 283123191.0 283245799.0 283395229.0 283522820.0 283732467.0 283854230.0 283983873.0 284128509.0 284299648.0 284424451.0 284548705.0 284694771.0 284838831.0 285005572.0 285108622.0 285257251.0 285386283.0 285531523.0 285674597.0 285780448.0 285906475.0 286030835.0 286173266.0 286276159.0 286400581.0 286565730.0 286673429.0 286795614.0 286896811.0 286997994.0
301590806.0 301693933.0 301796835.0 301964317.0 302069256.0 302215484.0 302376971.0 302499706.0 302623737.0 302768329.0 302889032.0 303010789.0 303131710.0 303293831.0 303436685.0 303580521.0 303723590.0 303826273.0 303950341.0 304116471.0 304245233.0 304388271.0 304549661.0 304652334.0 304775658.0 304899399.0 305053274.0 305194027.0 305315719.0 305458998.0 305604544.0 305746550.0 305909687.0 306075500.0 306200980.0 306323069.0 306486983.0 306628623.0 306739480.0 306903637.0 307030199.0 307156982.0 307298054.0 307420738.0 307541782.0 307664744.0 307786045.0 307926351.0 308074132.0
309601980.0 309747146.0 309868177.0 309991258.0 310113300.0 310236670.0 310401680.0 310546774.0 310668116.0 310793601.0 310917783.0 311060339.0 311181568.0 311289845.0 311412598.0 311533470.0 311655622.0 311796947.0 311898563.0 312021245.0 312137468.0 312223992.0 312326374.0 312455657.0 312558374.0 312663693.0 312785278.0 312971089.0 313092367.0 313213764.0 313356583.0 313541520.0 313646505.0 313810506.0 313932535.0 314080620.0 314232121.0 314353547.0 314476682.0 314668600.0 314793412.0 314916819.0 315062970.0 315167535.0 315288133.0 315391651.0 315513421.0 315681686.0 315785334.0
323709521.0 323853106.0 323953467.0 324114853.0 324240455.0 324404112.0 324526811.0 324652964.0 324818397.0 324939254.0 325086367.0 325233524.0 325350344.0 325450347.0 325595470.0 325735616.0 325860001.0 326004776.0 326126858.0 326292572.0 326414438.0 326540939.0 326703621.0 326830992.0 326952954.0 327076062.0 327182720.0 327327824.0 327450970.0 327552834.0 327688797.0 327800686.0 327945334.0 328067831.0 328219593.0 328345563.0 328530680.0 328655735.0 328777978.0 328903721.0 329111423.0 329237578.0 329340640.0 329466536.0 329630328.0 329734604.0 329858775.0 329978425.0 330118975.0
330636127.0 330760062.0 330863304.0 330965877.0 331118109.0 331231968.0 331334520.0 331457973.0 331579072.0 331721464.0 331847496.0 331992004.0 332117195.0 332249671.0 332371806.0 332538053.0 332665771.0 332787354.0 332888760.0 333013778.0 333134972.0 333276466.0 333412376.0 333526761.0 333650766.0 333757457.0 333916483.0 334029921.0 334131511.0 334272538.0 334400391.0 334505820.0 334667816.0 334770646.0 334893364.0 334997123.0 335140609.0 335261720.0 335363269.0 335484825.0 335586469.0 335750261.0 335850282.0 335993978.0 336119238.0 336261503.0 336382956.0 336504384.0 336647677.0
339650250.0 339770555.0 339872735.0 339994441.0 340140530.0 340269684.0 340416846.0 340556421.0 340660226.0 340802587.0 340924434.0 341066593.0 341188011.0 341329656.0 341474818.0 341597770.0 341765351.0 341911715.0 342033655.0 342165079.0 342290710.0 342431776.0 342597734.0 342709577.0 342849235.0 342990793.0 343112567.0 343281509.0 343430890.0 343534586.0 343639060.0 343741233.0 343848764.0 343969286.0 344076686.0 344221799.0 344423630.0 344533321.0 344659339.0 344781477.0 344927637.0 345089781.0 345211677.0 345333375.0 345454431.0 345579993.0 345704366.0 345852953.0 345977460.0
345579993.0 345704366.0 345852953.0 345977460.0 346127620.0 346252783.0 346358059.0 346500016.0 346631344.0 346758541.0 346880982.0 347003712.0 347128243.0 347255079.0 347358526.0 347483802.0 347606274.0 347727634.0 347915570.0 348057569.0 348179068.0 348325399.0 348448482.0 348578612.0 348726477.0 348848946.0 348970342.0 349093093.0 349259791.0 349401701.0 349565661.0 349666255.0 349768446.0 349930484.0 350054639.0 350176131.0 350298088.0 350439854.0 350561048.0 350683114.0 350804384.0 350945691.0 351070067.0 351190052.0 351302294.0 351424956.0 351546780.0 351701847.0 351833191.0
437363189.0 437454685.0 437575833.0 437678422.0 437799671.0 437925187.0 438074928.0 438239302.0 438360336.0 438503585.0 438652488.0 438777662.0 438919494.0 439042579.0 439185969.0 439290248.0 439413657.0 439538116.0 439641650.0 439784337.0 439908614.0 440029720.0 440384997.0 440527534.0 440648698.0 440892514.0 440992874.0 441135352.0 441258252.0 441525319.0 441647497.0 441788599.0 441909901.0 442053088.0 442194647.0 442322825.0 442450726.0 442616146.0 442891141.0 443037646.0 443198510.0 443320279.0 443442947.0 443605910.0 443730278.0 443854460.0 443979540.0 444121268.0 444266322.0
443442947.0 443605910.0 443730278.0 443854460.0 443979540.0 444121268.0 444266322.0 444371196.0 444684592.0 444923892.0 445030438.0 445152337.0 445298683.0 445419604.0 445560159.0 445682425.0 445803499.0 445963600.0 446092579.0 446215230.0 446357667.0 446500205.0 446622156.0 446748551.0 446895631.0 447020934.0 447122914.0 447263836.0 447389631.0 447517296.0 447640920.0 447823391.0 447962921.0 448112965.0 448237444.0 448343664.0 448490636.0 448611691.0 448765610.0 448882849.0 448984519.0 449127883.0 449398348.0 449528486.0 449632062.0 449764981.0 449876882.0 449999285.0 450163631.0
451475542.0 451597661.0 451722606.0 451867797.0 451989608.0 452155277.0 452278207.0 452408637.0 452569971.0 452715523.0 452866426.0 453009651.0 453152711.0 453277856.0 453439502.0 453605996.0 453708898.0 453810407.0 453931990.0 454041442.0 454166534.0 454372624.0 454495493.0 454639213.0 454778673.0 454909592.0 455031148.0 455152728.0 455338531.0 455462197.0 455585579.0 455690905.0 455858944.0 455960984.0 456089485.0 456191081.0 456314383.0 456422445.0 456549262.0 456671303.0 456832656.0 456978478.0 457103202.0 457268941.0 457370910.0 457516057.0 457618157.0 457746468.0 457888302.0
458444869.0 458567146.0 458732356.0 458858070.0 458966532.0 459111978.0 459257228.0 459403915.0 459545924.0 459728405.0 459828601.0 459950865.0 460113559.0 460256624.0 460423163.0 460565245.0 460710725.0 460857116.0 460965167.0 461090318.0 461237193.0 461379351.0 461541639.0 461683341.0 461820867.0 461911938.0 462074863.0 462200257.0 462367580.0 462500185.0 462668682.0 462790669.0 462933484.0 463062381.0 463216347.0 463329673.0 463474207.0 463575970.0 463723480.0 463867905.0 463970220.0 464137300.0 464243609.0 464364941.0 464491455.0 464644653.0 464785662.0 464933691.0 465055956.0
466464711.0 466586641.0 466708867.0 466810973.0 466935906.0 467205459.0 467327924.0 467448824.0 467554569.0 467696143.0 467817596.0 467981404.0 468108689.0 468212701.0 468335470.0 468439450.0 468583367.0 468715001.0 468857146.0 468984579.0 469130468.0 469235923.0 469379507.0 469524694.0 469654210.0 469779968.0 469947182.0 470094164.0 470195369.0 470297930.0 470419420.0 470523608.0 470647524.0 470770906.0 470933498.0 471097412.0 471220438.0 471345409.0 471469378.0 471614361.0 471756501.0 471880885.0 472011267.0 472133413.0 472243068.0 472385292.0 472638694.0 472761375.0 472904495.0
490477869.0 490581360.0 490723157.0 490888353.0 491177399.0 491300533.0 491423539.0 491605194.0 491755282.0 492010030.0 492195618.0 492340853.0 492468373.0 492615244.0 492758114.0 492904449.0 493030279.0 493131607.0 493278087.0 493445833.0 493568648.0 493716343.0 493858677.0 493983532.0 494132541.0 494296182.0 494430709.0 494555480.0 494680086.0 494781278.0 494951633.0 495088121.0 495210379.0 495357726.0 495511577.0 495625453.0 495748666.0 495853451.0 495996702.0 496118231.0 496261933.0 496383543.0 496506316.0 496648837.0 496940342.0 497062397.0 497225921.0 497369229.0 497471430.0
497369229.0 497471430.0 497697171.0 497849898.0 497951211.0 498076553.0 498261964.0 498362849.0 498506277.0 498609955.0 498757030.0 498884587.0 499026571.0 499159075.0 499320337.0 499421505.0 499544122.0 499644356.0 499811180.0 499934495.0 500202323.0 500346460.0 500450404.0 500573622.0 500698582.0 500800645.0 500929544.0 501222173.0 501431940.0 501555459.0 501661674.0 501783366.0 501952690.0 502076623.0 502199961.0 502326632.0 502473790.0 502603998.0 502765575.0 502949649.0 503112101.0 503254300.0 503355551.0 503563859.0 503720030.0 503814468.0 503937373.0 504062394.0 504165526.0
514450297.0 514574477.0 514699642.0 514843012.0 514945559.0 515068749.0 515190307.0 515311894.0 515434247.0 515558549.0 515725367.0 515887015.0 516008574.0 516151110.0 516293148.0 516394302.0 516521514.0 516623575.0 516746457.0 516912213.0 517074547.0 517181306.0 517326866.0 517468935.0 517593397.0 517721098.0 517824774.0 517929691.0 518097723.0 518239708.0 518366373.0 518469509.0 518598576.0 518721826.0 518847274.0 518949288.0 519096939.0 519199594.0 519343392.0 519444744.0 519567271.0 519729472.0 519851369.0 519993581.0 520100554.0 520201739.0 520325212.0 520449688.0 520571576.0
522460313.0 522561464.0 522685573.0 522786616.0 522912743.0 523036893.0 523159526.0 523261604.0 523369896.0 523554541.0 523678466.0 523801917.0 523908413.0 524035555.0 524180887.0 524288176.0 524410531.0 524642218.0 524906439.0 525029291.0 525133382.0 525257326.0 525377267.0 525539674.0 525683703.0 525823840.0 525945215.0 526067322.0 526188505.0 526310661.0 526600959.0 526772306.0 526897548.0 527061893.0 527183618.0 527307449.0 527432503.0 527577940.0 527735447.0 527842619.0 527985838.0 528107963.0 528291878.0 528415560.0 528556908.0 528678738.0 528803647.0 528969602.0 529114399.0
539380171.0 539543220.0 539687747.0 539833328.0 539976257.0 540080557.0 540223998.0 540364527.0 540486521.0 540609013.0 540729280.0 540851352.0 540992994.0 541135424.0 541299147.0 541425303.0 541569898.0 541694710.0 541824942.0 541967292.0 542083545.0 542206416.0 542434556.0 542539688.0 542642260.0 542788159.0 542914393.0 543036454.0 543180371.0 543305485.0 543431904.0 543533971.0 543657365.0 543761702.0 543885109.0 544046223.0 544229482.0 544350326.0 544492967.0 544636458.0 544758626.0 544881307.0 544984936.0 545173786.0 545299751.0 545445196.0 545587449.0 545709661.0 545810388.0
350202640.0 350302663.0 350406338.0 350588407.0 350708561.0 350828613.0 350948104.0 351048179.0 351168172.0 351308190.0 351431954.0 351553178.0 351673482.0 351773424.0 351873613.0 351973355.0 352093956.0 352233225.0 352333404.0 352457233.0 352577979.0 352697976.0 352818994.0 352938601.0 353038903.0 353158113.0 353278358.0 353401627.0 353522598.0 353662668.0 353782961.0 353882547.0 353983094.0 354102596.0 354202590.0 354322851.0 354447635.0 354688825.0 354809500.0 354948779.0 355189012.0 355594341.0 355694334.0 355954157.0 356053935.0 356294246.0 356437937.0 356539537.0 356639716.0
357179457.0 357279687.0 357382485.0 357505774.0 357625436.0 357725484.0 357845515.0 357977644.0 358085123.0 358205201.0 358305503.0 358429687.0 358569706.0 358690066.0 358842528.0 358929985.0 359069794.0 359169809.0 359309899.0 359434175.0 359576784.0 359696812.0 359796942.0 359916652.0 360037115.0 360176655.0 360276739.0 360378610.0 360540491.0 360660719.0 360760839.0 360860533.0 360960970.0 361060554.0 361160520.0 361261204.0 361383634.0 361507252.0 361626981.0 361746801.0 361906929.0 362027578.0 362166977.0 362287403.0 362410160.0 362552535.0 362652694.0 362787706.0 362912917.0
372170941.0 372270885.0 372393910.0 372546708.0 372656808.0 372796985.0 372896745.0 372997363.0 373096745.0 373196762.0 373316750.0 373440625.0 373582100.0 373742672.0 373861824.0 373991770.0 374081794.0 374202134.0 374527160.0 374806944.0 374927796.0 375027386.0 375573388.0 375693443.0 375843190.0 376053709.0 376253936.0 376396709.0 376538954.0 376819329.0 377078860.0 377199125.0 377339363.0 377463739.0 377584686.0 377705083.0 377864687.0 377985175.0 378085331.0 378205328.0 378325377.0 378490661.0 378610413.0 378730738.0 378830658.0 378950457.0 379051519.0 379171097.0 379301356.0
400164993.0 400285779.0 400387145.0 400532955.0 400654671.0 400755900.0 400855929.0 400965931.0 401076318.0 401196604.0 401316989.0 401425690.0 401589178.0 401716844.0 401829199.0 401949526.0 402049491.0 402189199.0 402309647.0 402452657.0 402571528.0 402671506.0 402791544.0 402911814.0 403031524.0 403131444.0 403231490.0 403331458.0 403435499.0 403556985.0 403697182.0 403817457.0 403957131.0 404077579.0 404216933.0 404337132.0 404583213.0 404803133.0 405043118.0 405509516.0 405749180.0 406028871.0 406149401.0 406370572.0 406533451.0 406632784.0 406873429.0 406972872.0 407172753.0
420226605.0 420326576.0 420511515.0 420631336.0 420732163.0 420852375.0 421031901.0 421132423.0 421231819.0 421352152.0 421540585.0 421640757.0 421770922.0 421880844.0 422000797.0 422121616.0 422220806.0 422341460.0 422485556.0 422605616.0 422745152.0 422845396.0 422945288.0 423045776.0 423165428.0 423305167.0 423590877.0 423710991.0 423851087.0 423950938.0 424061488.0 424171173.0 424291567.0 424515968.0 424755985.0 425016288.0 425295985.0 425418973.0 425639770.0 425759901.0 425919898.0 426120274.0 426339825.0 426485691.0 426587816.0 426707703.0 426927947.0 427087971.0 427187720.0
235084717.0 235205825.0 235328090.0 235430097.0 235551586.0 235693528.0 235834583.0 235956841.0 236056518.0 236176736.0 236297342.0 236417848.0 236558479.0 236658386.0 236781756.0 236886044.0 237007354.0 237107537.0 237209933.0 237310265.0 237430755.0 237593089.0 237696561.0 237817775.0 237958277.0 238083385.0 238244685.0 238346097.0 238466432.0 238586805.0 238689554.0 238830583.0 238931721.0 239071820.0 239217282.0 239337630.0 239438291.0 239560873.0 239694422.0 239822920.0 239982648.0 240103825.0 240203690.0 240325296.0 240426594.0 240552754.0 240693582.0 240835898.0 240976878.0
241079139.0 241261316.0 241382352.0 241503790.0 241625546.0 241727586.0 241869040.0 241990452.0 242112480.0 242253918.0 242415083.0 242557842.0 242709004.0 242820787.0 242944101.0 243104692.0 243205112.0 243346615.0 243446618.0 243557915.0 243688360.0 243808914.0 243951927.0 244092655.0 244212630.0 244333795.0 244456415.0 244577743.0 244719011.0 244838772.0 244959505.0 245061378.0 245181912.0 245283683.0 245425116.0 245546740.0 245668639.0 245769417.0 245912425.0 246053139.0 246194197.0 246320349.0 246448765.0 246605644.0 246726839.0 246870144.0 247011924.0 247133069.0 247254072.0
247011924.0 247133069.0 247254072.0 247376100.0 247497604.0 247640693.0 247761140.0 247908146.0 248031543.0 248151767.0 248254655.0 248377090.0 248498514.0 248619711.0 248722643.0 248823445.0 248944393.0 249065711.0 249186758.0 249288794.0 249388732.0 249509757.0 249609836.0 249751551.0 249851787.0 249971771.0 250115524.0 250256615.0 250357068.0 250457592.0 250597727.0 250718836.0 250860514.0 250981353.0 251102613.0 251223466.0 251403911.0 251548872.0 251649738.0 251770026.0 251873628.0 251995393.0 252098470.0 252219219.0 252341593.0 252462474.0 252563750.0 252667832.0 252809552.0
276100153.0 276240520.0 276363851.0 276488828.0 276610100.0 276731753.0 276851806.0 276994479.0 277137152.0 277258824.0 277380593.0 277524317.0 277645871.0 277768532.0 277890338.0 278030815.0 278152606.0 278273660.0 278395053.0 278517689.0 278638902.0 278741674.0 278861600.0 279002361.0 279123412.0 279223769.0 279348205.0 279490621.0 279632415.0 279753788.0 279853949.0 279998377.0 280138533.0 280258919.0 280380570.0 280502761.0 280606908.0 280753331.0 280873816.0 280996773.0 281117888.0 281258089.0 281361283.0 281502901.0 281624639.0 281787905.0 281951349.0 282072362.0 282193594.0
283983488.0 284125715.0 284227173.0 284347861.0 284449171.0 284572561.0 284674062.0 284796748.0 284918473.0 285020638.0 285142493.0 285242921.0 285363806.0 285485596.0 285628101.0 285749655.0 285870484.0 285993573.0 286093905.0 286235379.0 286368075.0 286459785.0 286580336.0 286681804.0 286804548.0 286944487.0 287047538.0 287167373.0 287287592.0 287410490.0 287511050.0 287671531.0 287792429.0 287913587.0 288053822.0 288174366.0 288276414.0 288407541.0 288498880.0 288620666.0 288721675.0 288842773.0 288964509.0 289086316.0 289220090.0 289310897.0 289430875.0 289571135.0 289714474.0
292977164.0 293098628.0 293240434.0 293362709.0 293505400.0 293626187.0 293727411.0 293848262.0 293969839.0 294098853.0 294213925.0 294336639.0 294477864.0 294599783.0 294721368.0 294882630.0 295023029.0 295206993.0 295328969.0 295428882.0 295552864.0 295713288.0 295853565.0 295994475.0 296095582.0 296217113.0 296379492.0 296481773.0 296582715.0 296702563.0 296804656.0 296924460.0 297044118.0 297184718.0 297304683.0 297425382.0 297544767.0 297686612.0 297827841.0 297967810.0 298084891.0 298169534.0 298289487.0 298449315.0 298554596.0 298654097.0 298815403.0 298956760.0 299096544.0
301114126.0 301236394.0 301378065.0 301477472.0 301603521.0 301706629.0 301826676.0 301953839.0 302074724.0 302215522.0 302322552.0 302445615.0 302565568.0 302669682.0 302789559.0 302909845.0 303030487.0 303175570.0 303296488.0 303416702.0 303518558.0 303618448.0 303737880.0 303880728.0 304042387.0 304142287.0 304263350.0 304384315.0 304506125.0 304627127.0 304753462.0 304874692.0 304996699.0 305096748.0 305216813.0 305378642.0 305520928.0 305642152.0 305762123.0 305883268.0 305986729.0 306086437.0 306190574.0 306290812.0 306429521.0 306533105.0 306653661.0 306794118.0 306917381.0
319108147.0 319248512.0 319408594.0 319529300.0 319669432.0 319812418.0 319932643.0 320053062.0 320174099.0 320336051.0 320437447.0 320558526.0 320679464.0 320800575.0 320924276.0 321084462.0 321205345.0 321325350.0 321487891.0 321649901.0 321797336.0 321918790.0 322040612.0 322180570.0 322344834.0 322466232.0 322588385.0 322709293.0 322830577.0 322952771.0 323073210.0 323193663.0 323317792.0 323459735.0 323582471.0 323682796.0 323803145.0 323946154.0 324048153.0 324169591.0 324269619.0 324450673.0 324673465.0 324813244.0 324933032.0 325073655.0 325175365.0 325336097.0 325456521.0
162077054.0 162197720.0 162317833.0 162441751.0 162602875.0 162723611.0 162843079.0 162964056.0 163083620.0 163224405.0 163344495.0 163445406.0 163585472.0 163725461.0 163845454.0 163986708.0 164106538.0 164227046.0 164327448.0 164490054.0 164593794.0 164714072.0 164814083.0 164935078.0 165055692.0 165175632.0 165296601.0 165398545.0 165519729.0 165660300.0 165781326.0 165902012.0 166003795.0 166125590.0 166267477.0 166389462.0 166510701.0 166630303.0 166772049.0 166912900.0 167013878.0 167117779.0 167239278.0 167382662.0 167503264.0 167644814.0 167765039.0 167907064.0 168007485.0
169048873.0 169169147.0 169309382.0 169429825.0 169551443.0 169671418.0 169774708.0 169894633.0 170032884.0 170119698.0 170222600.0 170344351.0 170444887.0 170546438.0 170667602.0 170789594.0 170911412.0 171032768.0 171154869.0 171276443.0 171379255.0 171479142.0 171600244.0 171703648.0 171843499.0 171996808.0 172087808.0 172198106.0 172332057.0 172452800.0 172574321.0 172694634.0 172836782.0 172939330.0 173060382.0 173202382.0 173324326.0 173465732.0 173586885.0 173727085.0 173829785.0 173950639.0 174091919.0 174211427.0 174311676.0 174431663.0 174532056.0 174652181.0 174772325.0
177029608.0 177150181.0 177273765.0 177401669.0 177515059.0 177634905.0 177757665.0 177878613.0 177999058.0 178099719.0 178200127.0 178322290.0 178423355.0 178524549.0 178644854.0 178745082.0 178868102.0 179048469.0 179170143.0 179270587.0 179410509.0 179530394.0 179630417.0 179750612.0 179891539.0 180012112.0 180112293.0 180235506.0 180376919.0 180479156.0 180599847.0 180719683.0 180819906.0 180940104.0 181040016.0 181161090.0 181282430.0 181404739.0 181525188.0 181625674.0 181746579.0 181845927.0 181967092.0 182068413.0 182188631.0 182288873.0 182390592.0 182511635.0 182652719.0
361059673.0 361160774.0 361262146.0 361382922.0 361503925.0 361624462.0 361788463.0 361889574.0 362009963.0 362112087.0 362232736.0 362375687.0 362518897.0 362640060.0 362740808.0 362921556.0 363041823.0 363183432.0 363304011.0 363464627.0 363565345.0 363665707.0 363786664.0 363888321.0 363990520.0 364091014.0 364231775.0 364332733.0 364472806.0 364613564.0 364735720.0 364855618.0 364958775.0 365059277.0 365201525.0 365305307.0 365427243.0 365529337.0 365653657.0 365774742.0 365896876.0 366017731.0 366139669.0 366261796.0 366382560.0 366484143.0 366624280.0 366744920.0 366847555.0
371095593.0 371256656.0 371399685.0 371521525.0 371621227.0 371741642.0 371884476.0 372024674.0 372207855.0 372352283.0 372453567.0 372575596.0 372708078.0 372818863.0 372960769.0 373062419.0 373184142.0 373284752.0 373405546.0 373556408.0 373647747.0 373788856.0 373909802.0 374031625.0 374161722.0 374273566.0 374415069.0 374535051.0 374655561.0 374775645.0 374876997.0 374996607.0 375096054.0 375216637.0 375337782.0 375479126.0 375601447.0 375721378.0 375820494.0 375974564.0 376102713.0 376223112.0 376324793.0 376445400.0 376586510.0 376688722.0 376809699.0 376948897.0 377074496.0
69173133.0 69292856.0 69394604.0 69556555.0 69677521.0 69777797.0 69918015.0 70057872.0 70158428.0 70278148.0 70402781.0 70546871.0 70686878.0 70807428.0 70926788.0 71026869.0 71166977.0 71267222.0 71412890.0 71534734.0 71694961.0 71814484.0 71914996.0 72014646.0 72114616.0 72214916.0 72335505.0 72460514.0 72581004.0 72741408.0 72861608.0 73001606.0 73101215.0 73201352.0 73301676.0 73408796.0 73549865.0 73690117.0 73810755.0 73931180.0 74191517.0 74311396.0 74554675.0 74775267.0 75015640.0 75275721.0 75458997.0 75559755.0 75700494.0
77165400.0 77387554.0 77529664.0 77649391.0 77750214.0 77870400.0 78010817.0 78150701.0 78250931.0 78373520.0 78495639.0 78595576.0 78736530.0 78817220.0 78937926.0 79078227.0 79178321.0 79317950.0 79443464.0 79567172.0 79708218.0 79808669.0 79947966.0 80068357.0 80188810.0 80288643.0 80433812.0 80574806.0 80675389.0 80795415.0 80915581.0 81016460.0 81135364.0 81235738.0 81335382.0 81481228.0 81581616.0 81721979.0 81842114.0 81962489.0 82082904.0 82202465.0 82322804.0 82450613.0 82590516.0 82730321.0 82850594.0 82970206.0 83090530.0
108147427.0 108267661.0 108412455.0 108573886.0 108715159.0 108816279.0 108915937.0 109016641.0 109137477.0 109256913.0 109402116.0 109527175.0 109627192.0 109747380.0 109867434.0 110027809.0 110147369.0 110267530.0 110390686.0 110533249.0 110633695.0 110755630.0 110895515.0 110995785.0 111115868.0 111255647.0 111397601.0 111539934.0 111639985.0 111759913.0 111859873.0 111960822.0 112060743.0 112160819.0 112301693.0 112465545.0 112585552.0 112686657.0 112805588.0 112906455.0 113046652.0 113187441.0 113306928.0 113450170.0 113576185.0 113716155.0 113818410.0 113938401.0 114038216.0
115408882.0 115650919.0 115771923.0 115971503.0 116251694.0 116478641.0 116598896.0 116718636.0 116938466.0 117038496.0 117505189.0 117644146.0 117764483.0 117864692.0 117984169.0 118124511.0 118224509.0 118344730.0 118467789.0 118566842.0 118666863.0 118786813.0 118906885.0 119006882.0 119127083.0 119226979.0 119327305.0 119490641.0 119610103.0 119730407.0 119830150.0 119970559.0 120070656.0 120170426.0 120269991.0 120373810.0 120518698.0 120658396.0 120758826.0 120898709.0 120998741.0 121119193.0 121219211.0 121383949.0 121506942.0 121606978.0 121727130.0 121846830.0 121967236.0
123172862.0 123272717.0 123395414.0 123536839.0 123637401.0 123757629.0 123876946.0 123997421.0 124257371.0 124379189.0 124604924.0 124725443.0 124845680.0 125125480.0 125527545.0 125629905.0 125750602.0 126187575.0 126412797.0 126556205.0 126776096.0 126916336.0 127055694.0 127155958.0 127275829.0 127438829.0 127600926.0 127721159.0 127880961.0 127981237.0 128121374.0 128241000.0 128363987.0 128545522.0 128645907.0 128745643.0 128845676.0 128966113.0 129085819.0 129206576.0 129326126.0 129491888.0 129590839.0 129711495.0 129831806.0 129931856.0 130051637.0 130171801.0 130291187.0
145268207.0 145432310.0 145554081.0 145834234.0 146093887.0 146314328.0 146539381.0 146791758.0 146919477.0 147039358.0 147159337.0 147299230.0 147417753.0 147524884.0 147644672.0 147784974.0 147904663.0 148024665.0 148244905.0 148387791.0 148510978.0 148611167.0 148731335.0 148870905.0 149011222.0 149110733.0 149210890.0 149352416.0 149455165.0 149576116.0 149696408.0 149836445.0 149956113.0 150075979.0 150196141.0 150336165.0 150440218.0 150560855.0 150661607.0 150841955.0 150942157.0 151062772.0 151161960.0 151281936.0 151404597.0 151546110.0 151666474.0 151786534.0 151926652.0
176285808.0 176491139.0 176611643.0 176991589.0 177111238.0 177231664.0 177332627.0 177503712.0 177623498.0 177743956.0 177844342.0 177985112.0 178120915.0 178205663.0 178305790.0 178451662.0 178572504.0 178712159.0 178812179.0 178952481.0 179052121.0 179173344.0 179293563.0 179416472.0 179558786.0 179659456.0 179781363.0 179902042.0 180042206.0 180162208.0 180283198.0 180404987.0 180548741.0 180649562.0 180769970.0 180869613.0 180990805.0 181110972.0 181231323.0 181396686.0 181517797.0 181677495.0 181797214.0 181918994.0 182040825.0 182160987.0 182281827.0 182383576.0 182507635.0
182160987.0 182281827.0 182383576.0 182507635.0 182606854.0 182727632.0 182827798.0 182987676.0 183108976.0 183229759.0 183331640.0 183515824.0 183656384.0 183757762.0 183897597.0 183997608.0 184118628.0 184484820.0 184584032.0 184824666.0 185065403.0 185185768.0 185429427.0 185709149.0 185829228.0 185969691.0 186069663.0 186170726.0 186372231.0 186634973.0 186775317.0 186976662.0 187077563.0 187298837.0 187584669.0 187825653.0 187966446.0 188187640.0 188287220.0 188451443.0 188693590.0 188894204.0 189134431.0 189234431.0 189507984.0 189728167.0 189828556.0 190028576.0 190148554.0
214200765.0 214325212.0 214448897.0 214572453.0 214717742.0 214880734.0 215005808.0 215131803.0 215334799.0 215435099.0 215562484.0 215664735.0 215789805.0 215917708.0 216086109.0 216211257.0 216336970.0 216458790.0 216561682.0 216684640.0 216826772.0 216971658.0 217096316.0 217220337.0 217320372.0 217482567.0 217603992.0 217766225.0 217888044.0 218030772.0 218151961.0 218293064.0 218414382.0 218536819.0 218678832.0 218800220.0 218948636.0 219050486.0 219195530.0 219337658.0 219459296.0 219580302.0 219723070.0 219885232.0 219971583.0 220090265.0 220222343.0 220343378.0 220487596.0
237159560.0 237285402.0 237451385.0 237553467.0 237656323.0 237762982.0 237907483.0 238029497.0 238154805.0 238280122.0 238425702.0 238567506.0 238670018.0 238774892.0 238942609.0 239050009.0 239188191.0 239357943.0 239460847.0 239628493.0 239771496.0 239936576.0 240058808.0 240200301.0 240363567.0 240484746.0 240606933.0 240747521.0 240889651.0 241012096.0 241154350.0 241254390.0 241375753.0 241500301.0 241643702.0 241783807.0 241913492.0 242027881.0 242210386.0 242331686.0 242436249.0 242561727.0 242684377.0 242851874.0 242953475.0 243055500.0 243221395.0 243342679.0 243487619.0
245160551.0 245282085.0 245407465.0 245552620.0 245680575.0 245809849.0 245941619.0 246067082.0 246231454.0 246374512.0 246495861.0 246680074.0 246841776.0 246963845.0 247085536.0 247232752.0 247435652.0 247600323.0 247722011.0 247831281.0 248016998.0 248138693.0 248242749.0 248384481.0 248506365.0 248631847.0 248783286.0 248986555.0 249111475.0 249259385.0 249382075.0 249529474.0 249651619.0 249772599.0 249896958.0 250041666.0 250185304.0 250307374.0 250429653.0 250576088.0 250724123.0 250829342.0 250931842.0 251078128.0 251220452.0 251366553.0 251473249.0 251617067.0 251745144.0
254221037.0 254343663.0 254510482.0 254612335.0 254715052.0 254818836.0 254943469.0 255085405.0 255229890.0 255350449.0 255475015.0 255576854.0 255702050.0 255823681.0 255969958.0 256097226.0 256238997.0 256361713.0 256469136.0 256590731.0 256691082.0 256813591.0 256935782.0 257061821.0 257185213.0 257294504.0 257418695.0 257581353.0 257683276.0 257797412.0 257928428.0 258039603.0 258146049.0 258289433.0 258454802.0 258598600.0 258739067.0 259003583.0 259132593.0 259280652.0 259407780.0 259535338.0 259698398.0 259860796.0 259981879.0 260124104.0 260245514.0 260372097.0 260494052.0
264150999.0 264292723.0 264414754.0 264560521.0 264685761.0 264809652.0 264934409.0 265036676.0 265161503.0 265303132.0 265406069.0 265547072.0 265671499.0 265795999.0 265962735.0 266089396.0 266193060.0 266340087.0 266462239.0 266604562.0 266710307.0 266855371.0 266996990.0 267168597.0 267273768.0 267397757.0 267542903.0 267707828.0 267829572.0 268011846.0 268143528.0 268276778.0 268422443.0 268543493.0 268675335.0 268787318.0 268908578.0 269030617.0 269151788.0 269273529.0 269415797.0 269541597.0 269644461.0 269775114.0 269899073.0 270045790.0 270190271.0 270332422.0 270520476.0
279133742.0 279255547.0 279376753.0 279478321.0 279600336.0 279743298.0 279864979.0 279986899.0 280108801.0 280212793.0 280411111.0 280516883.0 280657511.0 280779117.0 280941312.0 281103476.0 281245877.0 281367285.0 281491404.0 281632457.0 281735447.0 281880927.0 282003606.0 282127965.0 282278715.0 282405860.0 282570299.0 282697871.0 282840299.0 282961324.0 283083479.0 283266305.0 283367050.0 283514075.0 283636029.0 283757076.0 283900677.0 284000426.0 284122294.0 284223319.0 284345581.0 284452713.0 284576015.0 284700677.0 284883551.0 285004795.0 285132774.0 285233638.0 285355203.0
290110359.0 290211564.0 290334671.0 290459394.0 290624100.0 290751814.0 290857728.0 290982031.0 291133322.0 291279313.0 291423052.0 291585132.0 291707675.0 291830012.0 291971995.0 292101642.0 292291592.0 292421555.0 292544442.0 292668579.0 292812040.0 292939735.0 293041751.0 293163133.0 293263643.0 293366650.0 293495356.0 293598825.0 293721335.0 293863409.0 293964817.0 294090027.0 294210998.0 294333112.0 294434537.0 294575789.0 294700618.0 294844178.0 294990463.0 295132401.0 295235739.0 295398750.0 295524789.0 295751685.0 295919583.0 296021862.0 296148252.0 296255387.0 296401727.0
300126809.0 300269854.0 300371615.0 300518783.0 300686579.0 300807802.0 300929070.0 301031754.0 301152399.0 301273662.0 301419857.0 301522783.0 301648790.0 301770754.0 301893604.0 302055295.0 302176809.0 302298703.0 302440048.0 302520795.0 302642336.0 302784515.0 302907017.0 303007237.0 303174050.0 303295442.0 303416349.0 303539085.0 303701665.0 303811598.0 303995562.0 304137522.0 304303131.0 304424532.0 304583705.0 304667706.0 304831781.0 304975100.0 305096846.0 305197442.0 305319702.0 305442067.0 305610759.0 305736980.0 305888006.0 306010003.0 306137849.0 306323843.0 306450539.0
309153421.0 309279276.0 309460728.0 309643822.0 309764650.0 309906005.0 310027690.0 310210822.0 310332484.0 310436775.0 310541100.0 310646602.0 310789293.0 310913450.0 311055064.0 311218762.0 311345867.0 311492004.0 311614786.0 311737304.0 311838728.0 311960643.0 312081710.0 312204003.0 312305044.0 312446768.0 312569581.0 312695642.0 312802696.0 312927708.0 313049691.0 313217651.0 313341996.0 313587070.0 313728961.0 313872762.0 314033706.0 314154420.0 314322532.0 314444396.0 314589967.0 314718718.0 314840358.0 315005970.0 315154326.0 315276709.0 315404454.0 315529076.0 315675374.0
331132463.0 331236305.0 331402674.0 331527680.0 331650979.0 331792724.0 331915292.0 332057067.0 332158523.0 332280618.0 332442629.0 332585376.0 332736649.0 332903828.0 333030663.0 333157278.0 333259047.0 333384838.0 333530139.0 333651804.0 333795860.0 333919573.0 334020236.0 334201649.0 334365509.0 334536512.0 334686882.0 334849289.0 334976551.0 335101543.0 335244471.0 335386711.0 335548962.0 335652728.0 335794067.0 335899556.0 336001478.0 336122761.0 336224121.0 336365340.0 336467305.0 336588998.0 336711250.0 336812980.0 336938487.0 337059675.0 337161249.0 337324409.0 337469762.0
335244471.0 335386711.0 335548962.0 335652728.0 335794067.0 335899556.0 336001478.0 336122761.0 336224121.0 336365340.0 336467305.0 336588998.0 336711250.0 336812980.0 336938487.0 337059675.0 337161249.0 337324409.0 337469762.0 337571268.0 337694013.0 337816583.0 337977722.0 338126136.0 338267825.0 338431991.0 338535856.0 338657711.0 338821042.0 338945678.0 339076087.0 339280008.0 339402598.0 339568611.0 339692097.0 339793705.0 339918099.0 340062871.0 340182422.0 340294859.0 340416826.0 340517559.0 340619982.0 340746559.0 340851593.0 340953605.0 341054731.0 341196763.0 341321306.0
343124660.0 343372541.0 343475492.0 343623312.0 343771198.0 343895509.0 343996608.0 344122435.0 344265243.0 344411552.0 344553380.0 344718670.0 344823457.0 345028095.0 345171721.0 345295848.0 345401281.0 345527558.0 345653983.0 345796637.0 345918475.0 346043719.0 346165380.0 346440303.0 346587488.0 346728653.0 346850555.0 346976485.0 347103681.0 347225016.0 347348447.0 347498210.0 347601719.0 347892409.0 348076973.0 348179861.0 348305819.0 348407195.0 348592131.0 348717239.0 348823247.0 348969430.0 349096774.0 349217727.0 349359560.0 349542492.0 349690750.0 349816981.0 349982009.0
350115603.0 350247061.0 350367939.0 350469849.0 350591618.0 350692722.0 350854819.0 350956733.0 351058652.0 351183384.0 351326776.0 351495065.0 351596383.0 351728491.0 351857843.0 351982092.0 352085812.0 352219076.0 352374048.0 352481889.0 352603559.0 352725837.0 352873662.0 353058990.0 353201434.0 353323124.0 353470773.0 353635253.0 353740326.0 353861673.0 354007939.0 354113618.0 354256111.0 354377253.0 354561673.0 354714596.0 354824834.0 354969410.0 355091705.0 355216072.0 355351454.0 355503924.0 355627004.0 355767701.0 355872121.0 356035876.0 356124288.0 356245044.0 356348416.0
366127961.0 366249613.0 366372742.0 366550975.0 366659324.0 366780353.0 366904132.0 367007877.0 367143737.0 367258427.0 367379704.0 367553355.0 367685800.0 367861597.0 367963229.0 368146345.0 368272766.0 368373778.0 368499694.0 368668189.0 368809585.0 368947508.0 369054229.0 369180602.0 369323356.0 369444045.0 369547304.0 369713396.0 369840545.0 370063629.0 370165753.0 370307823.0 370429007.0 370554394.0 370699211.0 370844616.0 370990578.0 371114532.0 371218146.0 371319957.0 371444074.0 371567413.0 371695915.0 371806560.0 371919965.0 372041730.0 372163756.0 372325013.0 372456218.0
372163756.0 372325013.0 372456218.0 372597695.0 372699846.0 372851338.0 372962709.0 373084605.0 373207466.0 373342095.0 373431215.0 373596135.0 373717853.0 373860035.0 373982266.0 374103824.0 374266262.0 374392338.0 374536142.0 374658780.0 374804642.0 374987997.0 375137649.0 375280058.0 375407743.0 375533400.0 375638557.0 375759737.0 375864741.0 376005996.0 376129248.0 376233622.0 376375809.0 376460333.0 376583425.0 376688435.0 376833699.0 376959037.0 377081771.0 377203678.0 377348466.0 377512181.0 377653515.0 377794825.0 377917301.0 378038808.0 378185496.0 378314571.0 378457814.0
381275271.0 381396997.0 381619804.0 381761115.0 381907088.0 382009746.0 382131989.0 382234097.0 382356682.0 382482831.0 382646117.0 382771834.0 382894011.0 383042665.0 383167343.0 383292188.0 383395737.0 383517692.0 383759621.0 383942634.0 384084556.0 384272772.0 384394792.0 384516604.0 384637642.0 384779122.0 384900960.0 385003070.0 385124668.0 385250486.0 385434488.0 385563412.0 385668996.0 385799760.0 385931576.0 386097731.0 386200365.0 386322410.0 386451519.0 386591858.0 386736574.0 386838463.0 386943784.0 387074631.0 387238025.0 387402997.0 387524200.0 387668565.0 387791564.0
386200365.0 386322410.0 386451519.0 386591858.0 386736574.0 386838463.0 386943784.0 387074631.0 387238025.0 387402997.0 387524200.0 387668565.0 387791564.0 387935058.0 388084279.0 388265359.0 388407273.0 388529058.0 388650565.0 388751286.0 388876599.0 388982679.0 389104374.0 389248491.0 389370084.0 389520851.0 389683735.0 389804713.0 389947148.0 390130742.0 390233004.0 390356546.0 390488522.0 390591351.0 390735418.0 390877428.0 390979609.0 391101662.0 391223439.0 391366976.0 391507010.0 391631695.0 391796490.0 391919598.0 392061626.0 392187351.0 392329167.0 392430336.0 392555878.0
405136670.0 405299870.0 405465874.0 405592963.0 405700101.0 405822707.0 405971410.0 406095303.0 406195733.0 406322435.0 406425284.0 406565239.0 406689538.0 406832013.0 406974422.0 407100655.0 407221845.0 407332680.0 407474445.0 407621097.0 407784268.0 407948316.0 408094626.0 408199757.0 408341640.0 408442224.0 408685392.0 408776565.0 408898844.0 409061256.0 409183783.0 409327396.0 409469647.0 409591538.0 409737468.0 409848332.0 409991890.0 410134417.0 410299285.0 410420772.0 410544097.0 410668381.0 410790984.0 410895291.0 411001825.0 411167355.0 411291407.0 411438060.0 411541221.0
415211290.0 415340452.0 415526103.0 415653723.0 415776006.0 415899829.0 416042954.0 416164692.0 416286819.0 416407356.0 416528848.0 416651246.0 416771702.0 416878783.0 416990276.0 417082847.0 417188036.0 417295733.0 417421344.0 417549233.0 417695534.0 417798050.0 417943620.0 418066178.0 418250998.0 418371484.0 418556119.0 418679886.0 418822829.0 418952828.0 419099086.0 419201048.0 419362855.0 419510812.0 419632062.0 419734747.0 419897534.0 420081812.0 420203662.0 420328371.0 420450091.0 420612627.0 420759326.0 420859349.0 420985638.0 421108380.0 421232720.0 421395413.0 421497818.0
425138442.0 425259818.0 425381714.0 425508429.0 425680508.0 425781015.0 425919756.0 426023718.0 426150976.0 426273390.0 426420992.0 426613634.0 426795835.0 426922580.0 427051443.0 427174856.0 427297806.0 427440561.0 427569652.0 427693212.0 427794722.0 427916728.0 428058336.0 428179286.0 428301860.0 428430264.0 428576536.0 428706488.0 428807669.0 428954548.0 429082633.0 429227579.0 429350676.0 429491474.0 429633581.0 429756748.0 429903422.0 430024738.0 430126607.0 430228059.0 430353586.0 430497070.0 430618302.0 430839978.0 430946197.0 431093338.0 431195874.0 431339855.0 431509646.0
432162545.0 432305722.0 432452269.0 432634075.0 432777549.0 432939826.0 433113788.0 433276597.0 433371350.0 433495584.0 433658410.0 433770458.0 433895221.0 434034702.0 434161515.0 434306894.0 434430274.0 434556802.0 434684093.0 434825057.0 434967998.0 435135348.0 435276461.0 435361003.0 435544472.0 435666576.0 435808440.0 435970420.0 436095343.0 436238587.0 436381440.0 436504657.0 436670766.0 436771613.0 436892834.0 437059810.0 437163341.0 437308651.0 437412755.0 437538567.0 437639302.0 437808562.0 437931712.0 438058558.0 438200860.0 438342474.0 438509510.0 438652575.0 438779670.0
451154810.0 451321791.0 451442879.0 451549388.0 451675010.0 451820054.0 451989647.0 452115569.0 452257647.0 452364042.0 452487359.0 452614766.0 452749850.0 452864187.0 452977917.0 453107582.0 453209874.0 453330590.0 453432002.0 453593575.0 453737797.0 453858483.0 453979603.0 454102646.0 454225645.0 454469830.0 454614773.0 454737664.0 454878645.0 455020837.0 455148526.0 455271338.0 455417104.0 455580462.0 455684088.0 455807280.0 455948237.0 456090060.0 456213722.0 456343542.0 456466532.0 456566723.0 456672301.0 456815744.0 456941753.0 457083790.0 457206793.0 457349356.0 457493152.0
456213722.0 456343542.0 456466532.0 456566723.0 456672301.0 456815744.0 456941753.0 457083790.0 457206793.0 457349356.0 457493152.0 457621676.0 457768064.0 457912326.0 458014461.0 458176079.0 458297672.0 458399501.0 458541273.0 458642043.0 458764635.0 458914825.0 459061560.0 459227829.0 459391578.0 459533042.0 459656801.0 459777003.0 459920261.0 460082871.0 460182770.0 460316938.0 460441274.0 460586554.0 460691599.0 460827278.0 460951447.0 461063068.0 461224679.0 461347816.0 461452893.0 461575447.0 461720571.0 461864485.0 462011012.0 462156541.0 462337654.0 462459340.0 462589998.0
464116833.0 464257133.0 464420738.0 464586480.0 464707846.0 464836771.0 464957384.0 465078499.0 465221649.0 465364766.0 465491041.0 465621538.0 465718717.0 465901246.0 466043488.0 466143264.0 466244864.0 466345870.0 466469101.0 466595782.0 466763067.0 466890981.0 467015452.0 467141761.0 467244518.0 467369815.0 467576461.0 467701970.0 467867589.0 468032670.0 468141536.0 468284862.0 468411416.0 468535703.0 468700087.0 468824875.0 468933644.0 469055421.0 469217745.0 469362530.0 469489492.0 469637070.0 469787038.0 469931562.0 470038478.0 470180802.0 470344839.0 470469826.0 470593929.0
476147719.0 476269340.0 476391648.0 476534847.0 476660754.0 476782469.0 476905819.0 477070623.0 477156789.0 477279749.0 477385500.0 477488120.0 477591581.0 477713441.0 477835363.0 477978275.0 478126725.0 478251671.0 478359606.0 478486359.0 478609804.0 478716556.0 478858181.0 478961603.0 479106817.0 479231817.0 479374643.0 479495064.0 479615532.0 479737571.0 479877037.0 479982051.0 480103418.0 480205508.0 480332204.0 480474799.0 480600115.0 480765423.0 480886468.0 481036483.0 481141582.0 481245335.0 481349721.0 481490494.0 481591715.0 481713762.0 481815617.0 481918539.0 482020468.0
482171826.0 482293707.0 482398079.0 482563267.0 482684503.0 482869084.0 483034070.0 483161414.0 483266453.0 483368316.0 483508915.0 483631003.0 483752252.0 483855828.0 483957491.0 484080477.0 484199836.0 484344589.0 484490086.0 484610694.0 484710799.0 484872862.0 485014596.0 485115574.0 485218444.0 485360724.0 485463379.0 485589055.0 485715278.0 485817050.0 485963320.0 486127443.0 486268811.0 486390282.0 486522002.0 486670760.0 486812617.0 486918499.0 487043041.0 487143659.0 487244877.0 487347978.0 487515531.0 487664740.0 487786090.0 487889393.0 488011308.0 488110871.0 488235588.0
491132244.0 491257859.0 491362056.0 491463468.0 491607474.0 491771458.0 491893392.0 491994567.0 492119591.0 492262017.0 492406719.0 492508703.0 492678393.0 492808423.0 492930343.0 493096294.0 493218439.0 493346826.0 493515679.0 493706791.0 493831694.0 493954654.0 494055722.0 494212526.0 494323012.0 494445544.0 494567824.0 494691428.0 494817683.0 494962810.0 495109551.0 495230408.0 495344394.0 495496596.0 495622863.0 495770620.0 495893046.0 495996170.0 496118168.0 496239894.0 496363633.0 496485316.0 496595606.0 496737374.0 496880563.0 497020650.0 497143476.0 497265059.0 497410041.0
166459469.0 166721423.0 167006888.0 167289262.0 167556534.0 167798479.0 168081869.0 168303573.0 168548560.0 168810345.0 169074462.0 169336537.0 169598259.0 169858964.0 170121704.0 170362921.0 170622655.0 170863010.0 171122670.0 171367562.0 171629557.0 171908969.0 172150897.0 172392474.0 172653247.0 172892409.0 173032634.0 173153392.0 173275384.0 173376861.0 173498984.0 173600376.0 173724509.0 173887613.0 174028433.0 174150396.0 174271758.0 174432916.0 174553456.0 174673716.0 174814665.0 174935687.0 175077433.0 175200739.0 175343382.0 175503982.0 175646890.0 175748441.0 175870706.0
174271758.0 174432916.0 174553456.0 174673716.0 174814665.0 174935687.0 175077433.0 175200739.0 175343382.0 175503982.0 175646890.0 175748441.0 175870706.0 175972945.0 176114911.0 176235724.0 176381246.0 176482268.0 176582113.0 176704007.0 176842591.0 176966004.0 177108171.0 177229554.0 177350405.0 177451486.0 177572541.0 177694537.0 177797944.0 177919933.0 178041762.0 178145165.0 178266685.0 178387118.0 178529699.0 178652873.0 178773902.0 178901140.0 179025394.0 179185296.0 179307951.0 179428345.0 179551449.0 179693510.0 179794121.0 179917230.0 180038154.0 180159422.0 180270537.0
180270537.0 180383683.0 180484341.0 180605752.0 180729498.0 180890256.0 181011926.0 181174674.0 181297437.0 181416932.0 181539916.0 181682781.0 181823098.0 181933301.0 182049377.0 182170982.0 182292223.0 182432711.0 182554677.0 182694396.0 182795553.0 182898232.0 183018599.0 183149419.0 183260526.0 183382671.0 183503663.0 183627557.0 183748613.0 183890563.0 183990990.0 184113299.0 184254675.0 184385729.0 184501305.0 184642306.0 184763621.0 184909507.0 185050685.0 185192554.0 185314939.0 185455877.0 185556578.0 185658384.0 185780615.0 185902323.0 186022413.0 186142470.0 186242487.0
200345148.0 200466447.0 200606502.0 200742350.0 200843447.0 200932559.0 201054103.0 201155600.0 201277472.0 201399376.0 201539330.0 201680638.0 201812612.0 201920591.0 202020188.0 202181150.0 202302186.0 202443476.0 202565459.0 202707181.0 202808411.0 202929943.0 203031721.0 203174321.0 203295564.0 203416394.0 203558165.0 203659634.0 203781687.0 203902569.0 204064596.0 204205434.0 204331350.0 204453439.0 204576660.0 204698551.0 204799510.0 204902408.0 205003540.0 205126535.0 205246853.0 205368148.0 205491677.0 205611877.0 205774625.0 205895934.0 206016728.0 206159684.0 206301629.0
209260658.0 209383570.0 209525576.0 209689263.0 209826690.0 209930871.0 210032475.0 210194737.0 210336355.0 210457363.0 210599744.0 210701414.0 210806599.0 210950413.0 211070948.0 211193535.0 211313522.0 211433606.0 211595046.0 211755233.0 211876594.0 211978365.0 212079062.0 212180611.0 212302218.0 212403959.0 212525519.0 212695949.0 212786492.0 212909733.0 213030436.0 213172593.0 213314246.0 213414720.0 213537415.0 213657919.0 213800978.0 213902471.0 214043751.0 214168565.0 214269153.0 214392485.0 214514948.0 214663635.0 214776437.0 214898938.0 215019735.0 215121402.0 215263291.0
225288191.0 225408867.0 225529879.0 225650629.0 225771523.0 225933220.0 226116859.0 226216472.0 226357682.0 226519665.0 226640114.0 226782589.0 226905224.0 227065678.0 227228434.0 227350177.0 227492911.0 227614421.0 227735591.0 227856359.0 227977925.0 228141185.0 228284027.0 228403763.0 228525879.0 228627473.0 228748948.0 228850285.0 228971494.0 229095722.0 229237396.0 229338861.0 229459412.0 229581660.0 229768417.0 229889435.0 230009936.0 230131576.0 230235328.0 230370707.0 230478580.0 230579700.0 230701368.0 230822602.0 230944229.0 231105380.0 231226453.0 231330657.0 231451737.0
231330657.0 231451737.0 231612618.0 231736901.0 231877553.0 232037409.0 232178923.0 232299667.0 232439922.0 232560847.0 232682427.0 232804113.0 232926452.0 233027717.0 233128664.0 233270655.0 233394168.0 233493752.0 233636375.0 233777763.0 233920426.0 234062158.0 234240881.0 234385002.0 234547355.0 234648801.0 234790685.0 234889973.0 235030390.0 235151592.0 235273261.0 235357514.0 235457530.0 235578427.0 235699570.0 235879874.0 236002990.0 236164452.0 236268414.0 236369171.0 236510701.0 236650914.0 236771888.0 236873613.0 237033731.0 237174555.0 237313206.0 237415219.0 237557912.0
247281178.0 247403400.0 247524840.0 247645646.0 247766938.0 247868322.0 247990423.0 248092473.0 248233931.0 248355345.0 248477610.0 248600553.0 248741244.0 248884471.0 249004734.0 249126408.0 249226644.0 249369386.0 249510731.0 249632423.0 249735155.0 249835553.0 249957848.0 250079142.0 250180896.0 250301759.0 250424452.0 250525648.0 250646797.0 250767139.0 250887362.0 251068157.0 251168445.0 251319993.0 251450150.0 251551270.0 251671618.0 251793570.0 251925378.0 252040515.0 252182111.0 252303613.0 252426966.0 252574033.0 252711271.0 252852711.0 252973710.0 253095144.0 253235214.0
259304266.0 259424544.0 259546007.0 259666666.0 259806621.0 259928852.0 260089871.0 260214580.0 260336294.0 260459414.0 260621551.0 260744228.0 260890575.0 261011188.0 261134528.0 261234708.0 261357527.0 261513519.0 261642652.0 261763385.0 261888968.0 262020257.0 262132950.0 262274272.0 262395542.0 262538139.0 262638939.0 262760606.0 262882682.0 262984070.0 263129387.0 263234007.0 263355411.0 263478317.0 263618465.0 263720631.0 263841233.0 263943183.0 264064069.0 264184501.0 264305547.0 264467399.0 264570585.0 264693536.0 264794669.0 264916231.0 265017591.0 265149531.0 265238899.0
273277712.0 273419504.0 273521560.0 273642291.0 273811949.0 273917311.0 274038627.0 274159515.0 274280657.0 274422584.0 274563382.0 274684546.0 274785470.0 274889413.0 275070602.0 275172185.0 275313597.0 275434661.0 275557161.0 275678505.0 275823251.0 275965522.0 276086970.0 276208003.0 276371953.0 276494599.0 276614643.0 276756347.0 276897343.0 277017928.0 277160608.0 277300453.0 277442904.0 277563637.0 277707533.0 277828607.0 277949612.0 278070187.0 278191644.0 278311939.0 278472631.0 278592443.0 278734948.0 278855667.0 278997501.0 279157521.0 279303156.0 279423641.0 279564605.0
291357208.0 291457124.0 291577068.0 291697469.0 291817638.0 291918739.0 292028470.0 292121155.0 292282755.0 292382407.0 292483215.0 292603401.0 292703952.0 292824694.0 292944455.0 293084842.0 293205874.0 293327382.0 293467926.0 293589927.0 293751350.0 293872270.0 293992191.0 294112630.0 294253250.0 294352765.0 294493314.0 294613586.0 294715243.0 294836479.0 294956176.0 295056890.0 295218617.0 295321225.0 295421712.0 295545505.0 295665848.0 295785427.0 295905408.0 296025616.0 296126919.0 296228380.0 296371585.0 296475271.0 296597847.0 296720208.0 296863303.0 296984667.0 297107984.0
377248418.0 377369899.0 377491488.0 377614335.0 377715586.0 377855923.0 377979746.0 378100996.0 378202945.0 378324454.0 378425407.0 378547144.0 378668620.0 378812400.0 378934552.0 379055364.0 379175700.0 379355637.0 379456901.0 379595949.0 379698932.0 379839595.0 379981484.0 380105247.0 380247121.0 380448858.0 380590241.0 380710834.0 380830867.0 380952586.0 381074968.0 381195425.0 381317887.0 381440175.0 381622391.0 381744176.0 381848631.0 381971773.0 382153975.0 382274960.0 382396657.0 382579958.0 382701761.0 382888711.0 382989186.0 383112528.0 383252921.0 383374588.0 383500549.0
389238416.0 389362233.0 389544963.0 389686955.0 389788175.0 389909721.0 390030617.0 390151200.0 390296700.0 390398611.0 390520185.0 390640205.0 390741713.0 390863531.0 391004901.0 391104843.0 391248651.0 391370537.0 391490612.0 391591534.0 391752374.0 391895597.0 392016481.0 392117576.0 392298716.0 392398719.0 392540619.0 392662047.0 392784470.0 392946557.0 393067924.0 393168725.0 393290520.0 393399185.0 393520517.0 393644330.0 393784757.0 393906906.0 394007660.0 394109598.0 394230400.0 394332890.0 394434254.0 394535461.0 394636541.0 394737537.0 394838336.0 394939482.0 395044262.0
398286921.0 398408687.0 398511636.0 398631954.0 398772903.0 398894954.0 399036483.0 399156960.0 399299002.0 399478902.0 399599532.0 399761340.0 399882775.0 400023633.0 400145347.0 400266947.0 400408573.0 400552514.0 400692686.0 400813201.0 400974654.0 401100361.0 401221350.0 401322897.0 401443441.0 401546682.0 401708547.0 401830206.0 401989837.0 402092201.0 402212624.0 402314372.0 402455714.0 402557260.0 402658442.0 402779569.0 402901999.0 403023345.0 403126556.0 403267256.0 403388729.0 403529988.0 403732961.0 403874441.0 404016863.0 404120659.0 404259859.0 404363720.0 404485443.0
419297891.0 419418466.0 419541534.0 419683405.0 419824703.0 419946664.0 420068708.0 420189706.0 420292260.0 420413501.0 420554934.0 420698117.0 420818953.0 421001614.0 421124677.0 421285692.0 421407902.0 421549888.0 421713660.0 421854013.0 421996987.0 422098492.0 422198384.0 422300716.0 422441934.0 422584597.0 422764343.0 422887541.0 422986941.0 423129011.0 423268578.0 423370935.0 423471575.0 423592611.0 423714325.0 423834517.0 423995709.0 424135872.0 424236148.0 424375940.0 424496273.0 424597517.0 424718571.0 424841443.0 424962521.0 425104376.0 425224749.0 425347467.0 425488409.0
435272308.0 435413683.0 435539186.0 435702500.0 435823300.0 435944912.0 436065370.0 436206627.0 436308552.0 436428456.0 436552973.0 436694612.0 436832465.0 436976457.0 437099445.0 437240200.0 437402376.0 437523330.0 437644897.0 437767395.0 437907989.0 438030383.0 438151520.0 438273398.0 438417534.0 438557719.0 438680629.0 438825515.0 438947390.0 439047737.0 439150329.0 439250323.0 439410750.0 439532430.0 439616344.0 439757743.0 439879537.0 440021732.0 440143161.0 440304805.0 440404476.0 440527250.0 440647495.0 440768730.0 440910657.0 441031186.0 441153392.0 441255471.0 441376552.0
446362219.0 446483713.0 446626459.0 446748391.0 446850150.0 446971371.0 447112744.0 447234452.0 447356093.0 447457736.0 447578838.0 447680500.0 447802654.0 447985271.0 448106619.0 448266527.0 448386459.0 448507609.0 448649860.0 448791600.0 448933936.0 449055183.0 449177685.0 449301728.0 449422742.0 449544773.0 449665141.0 449806655.0 449948416.0 450069459.0 450210408.0 450355974.0 450456511.0 450578183.0 450679074.0 450800419.0 450944540.0 451064971.0 451165294.0 451268745.0 451390700.0 451511102.0 451652503.0 451795302.0 451939360.0 452061449.0 452183295.0 452284239.0 452405684.0
511241376.0 511383175.0 511503435.0 511625523.0 511748385.0 511890534.0 511991887.0 512112743.0 512237472.0 512358245.0 512500150.0 512620888.0 512743652.0 512863735.0 512965755.0 513087603.0 513188614.0 513310246.0 513411672.0 513513278.0 513613634.0 513735714.0 513858389.0 513979423.0 514099852.0 514220611.0 514342232.0 514444594.0 514565135.0 514687149.0 514828932.0 514969708.0 515111370.0 515231415.0 515353251.0 515498468.0 515610896.0 515740552.0 515880415.0 516020661.0 516204077.0 516332956.0 516433922.0 516555895.0 516655291.0 516777627.0 516921474.0 517042435.0 517164314.0
218461314.0 218602650.0 218703452.0 218826803.0 218950510.0 219074421.0 219175941.0 219308629.0 219417097.0 219518323.0 219640969.0 219742103.0 219863613.0 219966808.0 220087211.0 220192293.0 220332784.0 220454150.0 220555362.0 220681334.0 220803312.0 220904360.0 221030194.0 221150920.0 221272340.0 221396888.0 221541140.0 221683670.0 221810427.0 221946407.0 222058927.0 222200905.0 222323002.0 222424279.0 222545646.0 222666815.0 222787472.0 222929821.0 223032116.0 223152945.0 223256218.0 223357217.0 223477464.0 223602597.0 223724272.0 223869470.0 223991549.0 224112560.0 224234410.0
247485495.0 247589161.0 247709544.0 247830033.0 247943128.0 248073875.0 248178417.0 248320794.0 248447520.0 248573400.0 248738871.0 248881136.0 249025434.0 249126384.0 249250462.0 249373307.0 249476212.0 249597402.0 249737532.0 249858281.0 250001352.0 250144247.0 250266016.0 250394473.0 250498836.0 250643655.0 250765673.0 250888853.0 250991035.0 251116866.0 251259108.0 251361183.0 251483108.0 251610320.0 251756521.0 251858192.0 251966495.0 252068799.0 252212322.0 252313175.0 252414830.0 252515835.0 252657639.0 252780548.0 252901284.0 253043149.0 253145234.0 253286322.0 253389348.0
258456093.0 258560617.0 258683777.0 258823276.0 258955389.0 259089840.0 259210988.0 259311691.0 259433295.0 259533264.0 259658454.0 259798815.0 259921297.0 260062169.0 260182516.0 260322141.0 260403693.0 260504529.0 260607422.0 260727541.0 260856251.0 260978447.0 261100144.0 261221394.0 261341262.0 261464581.0 261588363.0 261692367.0 261860274.0 262042003.0 262165410.0 262287427.0 262390905.0 262520979.0 262612538.0 262752447.0 262876497.0 262996453.0 263117183.0 263259506.0 263379486.0 263482898.0 263608662.0 263709618.0 263833096.0 263932783.0 264076101.0 264178925.0 264299588.0
273492647.0 273596687.0 273697114.0 273846680.0 273998844.0 274119066.0 274241843.0 274342886.0 274509487.0 274631691.0 274731951.0 274857576.0 274960087.0 275063052.0 275187397.0 275286926.0 275408269.0 275553171.0 275674617.0 275841424.0 275950286.0 276084688.0 276208569.0 276328911.0 276448867.0 276591225.0 276690903.0 276836205.0 276958404.0 277079627.0 277180336.0 277312136.0 277422660.0 277546893.0 277667531.0 277791551.0 277912317.0 278034462.0 278154869.0 278255370.0 278376319.0 278497527.0 278620625.0 278746674.0 278870841.0 278993098.0 279114456.0 279237903.0 279379563.0
292487907.0 292590920.0 292692394.0 292794553.0 292896785.0 293039658.0 293180126.0 293328628.0 293454507.0 293598523.0 293719353.0 293861618.0 293983442.0 294145660.0 294291660.0 294435013.0 294579290.0 294723177.0 294846375.0 294968299.0 295170919.0 295334537.0 295422620.0 295526949.0 295650430.0 295754507.0 295903494.0 296027823.0 296149917.0 296292890.0 296438186.0 296580297.0 296708101.0 296852651.0 296972650.0 297117532.0 297239436.0 297401508.0 297522082.0 297643397.0 297763577.0 297892373.0 298009333.0 298129605.0 298253457.0 298359117.0 298478407.0 298641080.0 298799436.0
326418172.0 326541532.0 326681559.0 326829292.0 326930661.0 327031243.0 327156790.0 327257460.0 327377874.0 327479883.0 327604536.0 327725189.0 327867314.0 327989390.0 328110418.0 328252253.0 328378247.0 328499588.0 328641057.0 328763585.0 328907908.0 329008348.0 329154337.0 329276626.0 329419345.0 329539903.0 329639884.0 329763674.0 329886799.0 330006758.0 330115287.0 330223168.0 330347360.0 330468226.0 330610862.0 330733524.0 330853784.0 330996498.0 331159081.0 331284535.0 331425901.0 331547554.0 331668497.0 331812828.0 331911855.0 332034527.0 332156133.0 332299780.0 332441788.0
336479110.0 336603551.0 336725646.0 336891112.0 336972526.0 337139674.0 337284419.0 337435301.0 337593444.0 337699792.0 337849593.0 337973265.0 338073813.0 338196103.0 338297602.0 338424527.0 338530897.0 338672603.0 338794560.0 338895166.0 339016311.0 339118508.0 339240612.0 339341243.0 339485655.0 339650224.0 339771131.0 339913480.0 340035107.0 340204420.0 340305154.0 340429866.0 340551455.0 340694420.0 340830693.0 340942302.0 341084549.0 341208527.0 341328610.0 341449524.0 341552785.0 341674355.0 341796466.0 341916943.0 342057527.0 342160185.0 342283321.0 342406484.0 342550334.0
358507778.0 358653627.0 358800040.0 358921273.0 359022356.0 359166403.0 359291205.0 359435271.0 359556360.0 359656319.0 359817329.0 359938882.0 360106874.0 360228400.0 360350844.0 360472635.0 360613619.0 360760194.0 360861688.0 360984152.0 361104650.0 361213815.0 361313592.0 361440819.0 361585536.0 361706918.0 361829528.0 361950490.0 362092424.0 362218238.0 362359430.0 362460561.0 362587717.0 362687418.0 362808633.0 362930168.0 363053936.0 363173916.0 363316383.0 363478554.0 363604259.0 363724858.0 363887529.0 363992119.0 364134365.0 364259172.0 364478305.0 364585437.0 364726142.0
368453819.0 368574593.0 368675685.0 368819310.0 368941147.0 369062246.0 369167653.0 369289804.0 369492600.0 369654869.0 369776489.0 369898075.0 370062283.0 370185184.0 370306160.0 370409815.0 370532113.0 370635121.0 370778114.0 370898883.0 371064624.0 371189150.0 371309357.0 371459469.0 371581862.0 371683841.0 371804416.0 371924693.0 372065684.0 372209190.0 372350331.0 372470347.0 372612126.0 372735637.0 372856545.0 372979233.0 373098887.0 373219327.0 373340587.0 373462518.0 373582503.0 373723269.0 373885500.0 374008466.0 374148722.0 374269790.0 374432055.0 374573273.0 374696663.0
579368102.0 579514784.0 579625925.0 579740666.0 579871158.0 579992727.0 580113494.0 580235551.0 580343341.0 580491306.0 580617214.0 580738685.0 580860625.0 581006889.0 581295660.0 581398237.0 581543526.0 581686582.0 581786920.0 581934725.0 582059285.0 582165873.0 582290399.0 582435564.0 582660786.0 582788894.0 582888920.0 583014539.0 583136495.0 583278163.0 583418928.0 583562097.0 583709383.0 583868163.0 584029745.0 584192358.0 584315890.0 584418934.0 584519864.0 584642239.0 584763732.0 584907522.0 585034939.0 585196464.0 585337568.0 585584470.0 585705483.0 585846528.0 585968934.0
588393455.0 588534711.0 588659659.0 588781834.0 588888749.0 589012736.0 589157721.0 589320231.0 589468420.0 589609290.0 589715651.0 589862207.0 589985516.0 590090509.0 590219584.0 590363801.0 590485719.0 590664590.0 590790571.0 590913072.0 591039194.0 591141463.0 591262347.0 591405420.0 591529506.0 591795302.0 592050703.0 592165378.0 592355950.0 592484143.0 592607484.0 592770997.0 592895606.0 593039702.0 593163068.0 593286624.0 593431456.0 593535616.0 593641134.0 593745313.0 593869208.0 593979522.0 594081696.0 594184200.0 594284583.0 594386469.0 594548008.0 594689729.0 594792338.0
598439854.0 598741457.0 598864668.0 598985895.0 599108110.0 599210798.0 599333418.0 599460245.0 599581921.0 599706090.0 599835359.0 599956926.0 600078668.0 600205699.0 600347889.0 600471175.0 600656399.0 600818597.0 600960422.0 601108748.0 601250677.0 601417299.0 601646099.0 601767635.0 601913190.0 602164356.0 602291600.0 602413509.0 602557374.0 602679249.0 602802931.0 602904875.0 603045945.0 603194578.0 603316276.0 603419914.0 603543928.0 603749322.0 603870505.0 604134573.0 604257223.0 604378468.0 604504348.0 604648962.0 604792889.0 604917144.0 605138156.0 605260205.0 605402058.0
611348880.0 611491475.0 611617940.0 611740489.0 611921833.0 612043960.0 612166443.0 612328197.0 612469655.0 612610940.0 612715725.0 612878417.0 613004295.0 613148053.0 613313533.0 613416862.0 613538939.0 613662451.0 613826807.0 614094900.0 614257418.0 614381578.0 614523617.0 614745848.0 614868278.0 614989363.0 615151853.0 615272572.0 615395629.0 615519912.0 615643568.0 615790155.0 615913699.0 616059921.0 616222444.0 616325691.0 616473276.0 616739733.0 616894551.0 617022457.0 617144371.0 617270209.0 617423583.0 617560638.0 617721928.0 617845181.0 618052961.0 618174611.0 618319094.0
621468543.0 621570896.0 621813874.0 621935385.0 622077648.0 622213175.0 622325367.0 622588201.0 622710319.0 622832130.0 623087998.0 623201624.0 623366407.0 623553672.0 623694525.0 623816183.0 623979387.0 624100840.0 624241666.0 624342265.0 624444569.0 624751482.0 624859836.0 625002193.0 625144957.0 625288528.0 625430714.0 625534426.0 625676526.0 625758216.0 625879854.0 626026004.0 626173971.0 626299370.0 626685370.0 626809379.0 626910516.0 627032375.0 627174413.0 627296210.0 627417659.0 627583610.0 627704205.0 627806347.0 627931470.0 628075430.0 628367908.0 628576741.0 628820700.0
