20559.0 20559.0 20559.0 20559.0 12673.0 8641.0 6753.0 6559.0 6372.0 6629.0 6500.0 6415.0 6415.0 6415.0 6415.0 6415.0 6415.0 6415.0 6415.0 6415.0 6415.0 6100.0 6100.0 7286.0 8108.0 8108.0 8108.0 8108.0 8108.0 8108.0
8108.0 8108.0 8108.0 8108.0 8108.0 17754.0 22325.0 23987.0 24566.0 25307.0 25883.0 25883.0 25883.0 25883.0 25883.0 25883.0 25883.0 25883.0 25883.0 25883.0 25883.0 25883.0 25883.0 25883.0 25883.0 25883.0 25883.0 25883.0 25883.0 25883.0
25883.0 25883.0 25883.0 25883.0 24128.0 23771.0 21684.0 21684.0 20724.0 20724.0 18715.0 18715.0 17569.0 17569.0 17569.0 17569.0 17569.0 17569.0 17330.0 17330.0 17330.0 17330.0 17026.0 17026.0 17415.0 17161.0 17526.0 17526.0 17526.0 17526.0
17526.0 17526.0 17526.0 17526.0 17526.0 17526.0 17526.0 17526.0 17526.0 17526.0 17526.0 17526.0 17526.0 17526.0 17526.0 17526.0 17526.0 17526.0 17526.0 17526.0 17526.0 17526.0 17526.0 17526.0 17526.0 17526.0 17526.0 17526.0 17526.0 17526.0
17526.0 17526.0 17526.0 17526.0 26080.0 26080.0 26080.0 26080.0 26080.0 26080.0 26080.0 26080.0 26080.0 26080.0 26080.0 26080.0 26080.0 26080.0 26080.0 26080.0 20996.0 16647.0 15580.0 14523.0 14114.0 14114.0 14114.0 14114.0 14114.0 14114.0
10571.0 10571.0 10571.0 10571.0 10571.0 10571.0 10571.0 10571.0 10571.0 10571.0 10571.0 10571.0 10571.0 10571.0 10571.0 8985.0 8809.0 8565.0 8261.0 8261.0 8261.0 2434.0 2434.0 2434.0 2434.0 2434.0 2434.0 2434.0 2434.0 2434.0
2434.0 2434.0 2434.0 2434.0 2434.0 2434.0 2434.0 2434.0 2434.0 2434.0 2434.0 2434.0 2434.0 2434.0 2434.0 2434.0 2434.0 5198.0 9497.0 9032.0 8716.0 7449.0 7088.0 7088.0 7088.0 7088.0 7088.0 34854.0 34854.0 34854.0
16939.0 16939.0 16939.0 16939.0 16939.0 16939.0 16939.0 16939.0 16939.0 16939.0 16939.0 16939.0 16939.0 16939.0 16939.0 16939.0 16939.0 16939.0 16939.0 16939.0 16939.0 16939.0 16939.0 16939.0 16939.0 16939.0 16939.0 23165.0 23165.0 23165.0
23165.0 23165.0 23165.0 23165.0 23165.0 23165.0 23165.0 23165.0 23165.0 23165.0 23165.0 23165.0 23165.0 23165.0 23165.0 23165.0 23165.0 23165.0 23165.0 23165.0 23165.0 23165.0 16100.0 11590.0 9922.0 8629.0 8583.0 8583.0 8583.0 8583.0
8583.0 8583.0 8583.0 8583.0 8583.0 8583.0 8583.0 8583.0 8583.0 8583.0 8583.0 8583.0 8583.0 8583.0 8583.0 9662.0 10069.0 9801.0 9666.0 9666.0 9666.0 9666.0 9666.0 9666.0 9666.0 9666.0 9666.0 9666.0 9666.0 9666.0
4461.0 4461.0 4461.0 4461.0 4461.0 4461.0 4461.0 4461.0 4461.0 4461.0 7741.0 8182.0 8801.0 9746.0 9281.0 7292.0 5747.0 5747.0 5747.0 5747.0 5747.0 1901.0 1901.0 1901.0 1901.0 1901.0 1901.0 1901.0 1901.0 1901.0
1901.0 1901.0 1901.0 1901.0 1901.0 1901.0 1901.0 1901.0 1901.0 1901.0 1901.0 1901.0 1901.0 1901.0 1901.0 9542.0 10251.0 10467.0 10292.0 10292.0 7041.0 3300.0 3300.0 3300.0 3300.0 3300.0 3300.0 3300.0 3300.0 3300.0
20507.0 20507.0 20507.0 20507.0 20507.0 20507.0 20507.0 20507.0 20507.0 20507.0 20507.0 20507.0 20507.0 20507.0 14588.0 12395.0 11638.0 11613.0 10617.0 10324.0 10324.0 10324.0 10324.0 10324.0 10324.0 10324.0 10324.0 10324.0 10324.0 10324.0
10324.0 10324.0 10324.0 10324.0 10324.0 10324.0 10324.0 10324.0 10324.0 10324.0 10324.0 10324.0 9961.0 7984.0 8500.0 7907.0 7907.0 7907.0 7907.0 7907.0 7907.0 7907.0 7907.0 7907.0 7907.0 7907.0 7907.0 7907.0 7907.0 7907.0
7907.0 7907.0 7907.0 7907.0 7907.0 7907.0 7907.0 7907.0 7907.0 7907.0 7907.0 7907.0 7907.0 7907.0 7907.0 7907.0 7907.0 9725.0 10029.0 10030.0 9934.0 9934.0 9934.0 9934.0 9934.0 9934.0 9934.0 9934.0 9934.0 9934.0
18361.0 18361.0 18361.0 18361.0 18361.0 18361.0 18361.0 18361.0 18361.0 13656.0 14929.0 15880.0 17031.0 17031.0 17031.0 17031.0 13058.0 13058.0 14442.0 14442.0 15717.0 15717.0 15717.0 15717.0 15717.0 15717.0 15717.0 15717.0 15717.0 15717.0
7425.0 6611.0 6159.0 5540.0 5373.0 5456.0 4679.0 4060.0 2812.0 2812.0 2812.0 2569.0 1677.0 933.0 34557.0 30938.0 30042.0 29078.0 28591.0 28334.0 28334.0 28156.0 28233.0 28111.0 27350.0 27350.0 27178.0 26570.0 26328.0 26682.0
28334.0 28156.0 28233.0 28111.0 27350.0 27350.0 27178.0 26570.0 26328.0 26682.0 25923.0 25860.0 24839.0 24477.0 24882.0 24384.0 24157.0 24246.0 24246.0 24246.0 23849.0 22818.0 23449.0 23449.0 31916.0 3648.0 4839.0 4839.0 4839.0 4839.0
4839.0 4839.0 4839.0 4839.0 4839.0 4839.0 4839.0 4839.0 4839.0 4839.0 4839.0 5132.0 6079.0 7179.0 8089.0 8167.0 7764.0 6797.0 6797.0 6797.0 6797.0 6797.0 6797.0 6797.0 6797.0 6797.0 6797.0 6797.0 6797.0 6797.0
6797.0 6797.0 6797.0 6797.0 6797.0 6797.0 6797.0 6797.0 6797.0 6797.0 6797.0 6797.0 6797.0 6797.0 6797.0 6797.0 8867.0 10534.0 10681.0 10387.0 6365.0 4503.0 3373.0 3373.0 3373.0 3373.0 3373.0 3373.0 3373.0 3373.0
3373.0 3373.0 3373.0 3373.0 3373.0 3373.0 3373.0 3373.0 3373.0 3373.0 3373.0 3373.0 3373.0 3373.0 3373.0 3373.0 3373.0 3373.0 3373.0 7529.0 6959.0 6959.0 6959.0 6959.0 6959.0 6959.0 6959.0 35477.0 31165.0 31165.0
28772.0 28772.0 28772.0 28772.0 28772.0 28772.0 28772.0 28772.0 28772.0 28772.0 28772.0 28772.0 28772.0 35793.0 3022.0 3022.0 3022.0 3022.0 3022.0 3022.0 3022.0 3022.0 3022.0 3022.0 3022.0 3022.0 3022.0 3022.0 3022.0 3022.0
3022.0 3022.0 3022.0 3022.0 3022.0 3022.0 3022.0 3022.0 3022.0 3022.0 3022.0 3022.0 3022.0 3022.0 3022.0 8444.0 11000.0 11390.0 11390.0 11390.0 11390.0 11390.0 11390.0 11390.0 11390.0 16812.0 21702.0 23625.0 23625.0 23625.0
8189.0 8189.0 8189.0 8189.0 8189.0 8189.0 8189.0 8189.0 8189.0 8189.0 8189.0 8189.0 8189.0 8189.0 8189.0 9392.0 9736.0 9794.0 9026.0 7894.0 6897.0 6897.0 6897.0 35613.0 33245.0 33245.0 33245.0 33245.0 33245.0 33245.0
33245.0 33245.0 33245.0 33245.0 33245.0 33245.0 33245.0 33245.0 33245.0 33245.0 33245.0 33245.0 33245.0 33245.0 33245.0 33245.0 33245.0 33245.0 7827.0 8065.0 7757.0 7757.0 7757.0 7757.0 7757.0 7757.0 7757.0 7757.0 7757.0 7757.0
7757.0 7757.0 7757.0 7757.0 7757.0 7757.0 7757.0 7757.0 7757.0 9212.0 9634.0 9123.0 9089.0 9089.0 9089.0 9089.0 9089.0 9089.0 9089.0 9089.0 9089.0 9089.0 9089.0 9089.0 9089.0 12805.0 12805.0 16659.0 16659.0 16659.0
23616.0 23616.0 23616.0 23616.0 23616.0 23616.0 23616.0 23616.0 23616.0 23616.0 23616.0 23616.0 23616.0 23616.0 23616.0 23616.0 10136.0 9540.0 8803.0 8803.0 8803.0 8803.0 8803.0 8803.0 8803.0 8803.0 8803.0 8803.0 8803.0 8803.0
32682.0 32682.0 32682.0 32682.0 32682.0 32682.0 32682.0 4076.0 4076.0 4076.0 4076.0 5831.0 7266.0 7112.0 7112.0 7112.0 7112.0 7112.0 7112.0 7112.0 7112.0 7112.0 7112.0 7112.0 7112.0 7112.0 7112.0 7112.0 7112.0 7112.0
7112.0 7112.0 7112.0 7112.0 7112.0 7112.0 7112.0 7112.0 7112.0 7112.0 7112.0 7112.0 7112.0 7112.0 7112.0 8952.0 8327.0 7574.0 6267.0 6267.0 6267.0 6267.0 6267.0 6267.0 6267.0 6267.0 6267.0 6267.0 6267.0 6267.0
6267.0 6267.0 6267.0 6267.0 17682.0 17682.0 17682.0 17682.0 17682.0 17682.0 17682.0 17682.0 17682.0 17682.0 17682.0 13100.0 6968.0 5754.0 4793.0 4793.0 4793.0 4793.0 4793.0 4793.0 4793.0 4793.0 4793.0 4793.0 4793.0 4793.0
13530.0 13530.0 13530.0 13530.0 13530.0 13530.0 13530.0 13530.0 13530.0 13530.0 13530.0 13530.0 13530.0 13530.0 13530.0 11579.0 11579.0 9942.0 9942.0 9942.0 9942.0 9942.0 9942.0 9942.0 9942.0 9942.0 9942.0 9942.0 9942.0 9942.0
9942.0 9942.0 9942.0 9942.0 9942.0 9942.0 4951.0 4951.0 4951.0 4951.0 4951.0 8854.0 9372.0 9372.0 9372.0 9372.0 9372.0 9372.0 9372.0 15807.0 18617.0 18617.0 18617.0 18617.0 18617.0 18617.0 18617.0 18617.0 18617.0 18617.0
25628.0 25628.0 25628.0 25628.0 25628.0 25628.0 25628.0 25628.0 25628.0 25628.0 4628.0 6205.0 6317.0 5852.0 2060.0 34948.0 34948.0 34948.0 34948.0 34948.0 34948.0 34948.0 34948.0 34948.0 34948.0 34948.0 34948.0 34948.0 34948.0 34948.0
34948.0 34948.0 34948.0 34948.0 34948.0 34948.0 30015.0 30015.0 26348.0 26348.0 23083.0 22816.0 22816.0 22334.0 22260.0 21409.0 17613.0 16163.0 15963.0 15963.0 15963.0 15963.0 15963.0 15963.0 18498.0 19237.0 19237.0 19237.0 19237.0 19237.0
19237.0 10426.0 10426.0 10426.0 10426.0 10426.0 10426.0 10426.0 10426.0 10426.0 10426.0 10426.0 11102.0 11103.0 10459.0 10459.0 8841.0 8841.0 1300.0 32486.0 28583.0 27772.0 27985.0 27419.0 27419.0 27419.0 27419.0 27419.0 27419.0 26346.0
16676.0 16676.0 18361.0 19144.0 14624.0 14122.0 14179.0 18376.0 24761.0 24761.0 24761.0 24761.0 23076.0 22714.0 23562.0 24098.0 24727.0 21192.0 17388.0 17671.0 17671.0 28924.0 28924.0 28924.0 28924.0 28924.0 28924.0 28924.0 28924.0 28924.0
28924.0 28924.0 28924.0 28924.0 28924.0 28924.0 28924.0 28924.0 28924.0 31436.0 31436.0 3978.0 5429.0 5332.0 4749.0 3264.0 3264.0 3264.0 3264.0 3018.0 3018.0 3018.0 3018.0 3018.0 3018.0 3018.0 3018.0 3018.0 3018.0 3018.0
34385.0 34415.0 34810.0 34810.0 34810.0 34810.0 34810.0 34810.0 34810.0 34810.0 34810.0 9149.0 9443.0 9725.0 9580.0 9568.0 9568.0 9568.0 12477.0 16471.0 16471.0 16471.0 16471.0 16923.0 19167.0 20034.0 21412.0 21460.0 21194.0 20671.0
20788.0 20788.0 20788.0 20788.0 20788.0 20788.0 20788.0 20788.0 20788.0 20788.0 20788.0 11161.0 10648.0 9898.0 8258.0 7888.0 6568.0 6568.0 35176.0 30329.0 27573.0 26632.0 27604.0 27604.0 27604.0 27604.0 27604.0 27604.0 27604.0 27604.0
27604.0 27604.0 27604.0 27604.0 27604.0 27604.0 27604.0 27604.0 27604.0 27604.0 27604.0 27604.0 27604.0 17331.0 12943.0 11920.0 12048.0 13214.0 14906.0 15675.0 15591.0 16622.0 16622.0 16622.0 16622.0 16622.0 16622.0 16622.0 16622.0 16622.0
34583.0 34583.0 34583.0 34583.0 34583.0 34583.0 34583.0 34583.0 26070.0 26070.0 26070.0 22001.0 22001.0 20410.0 20410.0 20410.0 20410.0 20410.0 15168.0 11398.0 10559.0 10559.0 10559.0 14633.0 16860.0 16860.0 16860.0 16860.0 16860.0 16860.0
16860.0 16860.0 16860.0 16860.0 16860.0 16860.0 16860.0 16860.0 16860.0 16860.0 16860.0 16860.0 16860.0 16860.0 11416.0 7875.0 7273.0 3036.0 3036.0 3036.0 3036.0 3036.0 3036.0 3036.0 3036.0 3036.0 3036.0 3036.0 3015.0 3015.0
3015.0 3015.0 3015.0 3015.0 3015.0 3015.0 3015.0 3015.0 3015.0 3015.0 3015.0 3015.0 3015.0 3015.0 3015.0 3015.0 3015.0 3015.0 3015.0 3015.0 3015.0 3015.0 3015.0 3015.0 3015.0 3015.0 3015.0 3015.0 3015.0 3015.0
35298.0 35298.0 35298.0 35298.0 35298.0 35298.0 35298.0 35298.0 35298.0 35298.0 35298.0 35298.0 35298.0 35298.0 4192.0 8137.0 7893.0 7383.0 7383.0 12834.0 17654.0 18642.0 19174.0 19174.0 19174.0 20167.0 19812.0 20219.0 20256.0 20120.0
7216.0 7042.0 6520.0 6520.0 6520.0 6520.0 6520.0 6520.0 6520.0 6520.0 6520.0 6520.0 6828.0 6456.0 6541.0 6541.0 6541.0 11495.0 15482.0 15482.0 17335.0 17335.0 17335.0 17335.0 17335.0 17335.0 22376.0 24135.0 24077.0 24302.0
35385.0 35385.0 35385.0 35385.0 35385.0 35385.0 35385.0 35385.0 35385.0 35385.0 35385.0 35385.0 35385.0 35385.0 27555.0 27555.0 27555.0 27555.0 27555.0 27555.0 27555.0 22580.0 19731.0 18540.0 18033.0 18668.0 19597.0 19966.0 19730.0 19746.0
31625.0 31625.0 31625.0 31625.0 31625.0 31625.0 31625.0 31625.0 31625.0 31625.0 31625.0 31625.0 31625.0 31625.0 5353.0 7832.0 8001.0 8001.0 8001.0 13498.0 17000.0 17000.0 17000.0 17000.0 17000.0 17000.0 17000.0 17000.0 17000.0 17000.0
2699.0 2699.0 2699.0 2699.0 2699.0 2699.0 2699.0 2699.0 2699.0 2699.0 6503.0 8592.0 9072.0 9219.0 8890.0 9311.0 9311.0 9311.0 9311.0 9311.0 12752.0 17568.0 17568.0 17568.0 17568.0 17568.0 17568.0 21618.0 24329.0 26071.0
27623.0 27449.0 27449.0 27449.0 27449.0 27449.0 27449.0 27449.0 27449.0 27449.0 27449.0 27449.0 34371.0 8156.0 8328.0 8299.0 8022.0 8553.0 8553.0 8553.0 8553.0 8553.0 8553.0 8553.0 8553.0 8553.0 8553.0 8553.0 8553.0 8553.0
28056.0 28056.0 28056.0 28056.0 28056.0 28056.0 28056.0 28056.0 28056.0 28056.0 28056.0 35524.0 1139.0 1139.0 1139.0 31749.0 31749.0 31749.0 27307.0 27307.0 27307.0 27307.0 27307.0 27307.0 27307.0 27307.0 27307.0 27307.0 27307.0 27307.0
34421.0 34421.0 34421.0 34421.0 34421.0 34421.0 34421.0 34421.0 34421.0 34421.0 34421.0 34421.0 34421.0 34421.0 6840.0 6596.0 7033.0 7033.0 7033.0 7033.0 7033.0 7033.0 7033.0 7033.0 7033.0 7033.0 7033.0 7033.0 8022.0 9659.0
12988.0 12988.0 12988.0 12988.0 12988.0 12988.0 12988.0 12988.0 12988.0 12988.0 12988.0 12988.0 6223.0 5291.0 4515.0 4515.0 4515.0 4515.0 4515.0 4515.0 4515.0 4515.0 4515.0 4515.0 4515.0 4515.0 4515.0 4515.0 4515.0 4515.0
17550.0 17390.0 16862.0 16610.0 16728.0 16728.0 16728.0 16728.0 8794.0 4125.0 1076.0 98.0 2470.0 2152.0 1365.0 1365.0 30267.0 22316.0 20669.0 19636.0 18805.0 18751.0 18751.0 18751.0 18751.0 18751.0 18751.0 20820.0 21618.0 21558.0
