495266.0 495410.0 495531.0 495632.0 495733.0 495856.0 495977.0 496121.0 496232.0 496365.0 496486.0 496606.0 496747.0 496868.0 497029.0 497153.0 497255.0 497356.0 497477.0 497630.0 497739.0 497921.0 498025.0 498129.0 498250.0 498389.0 498513.0 498636.0 498757.0 498899.0 499018.0 499140.0 499308.0 499432.0 499554.0 499677.0 499791.0 499878.0 499982.0 500084.0 500184.0 500306.0 500406.0 500570.0 500692.0 500793.0 500914.0 501035.0 501156.0 501337.0 501439.0
501337.0 501439.0 501564.0 501727.0 501873.0 502013.0 502154.0 502276.0 502398.0 502500.0 502641.0 502742.0 502887.0 503012.0 503133.0 503253.0 503416.0 503519.0 503639.0 503759.0 503922.0 504064.0 504166.0 504288.0 504410.0 504552.0 504674.0 504795.0 504915.0 505055.0 505176.0 505317.0 505458.0 505578.0 505679.0 505800.0 505941.0 506040.0 506181.0 506284.0 506424.0 506545.0 506646.0 506766.0 507009.0 507091.0 507217.0 507338.0 507462.0 507641.0 507725.0
507217.0 507338.0 507462.0 507641.0 507725.0 507844.0 507927.0 508086.0 508187.0 508290.0 508411.0 508554.0 508675.0 508776.0 508920.0 509061.0 509203.0 509325.0 509447.0 509589.0 509691.0 509811.0 509932.0 510033.0 510155.0 510257.0 510377.0 510498.0 510662.0 510803.0 510907.0 511008.0 511129.0 511252.0 511373.0 511515.0 511635.0 511757.0 511880.0 512003.0 512144.0 512285.0 512405.0 512525.0 512686.0 512807.0 512931.0 513032.0 513196.0 513299.0 513503.0
513299.0 513503.0 513623.0 513744.0 513868.0 513988.0 514109.0 514252.0 514375.0 514476.0 514596.0 514678.0 514821.0 514941.0 515083.0 515203.0 515327.0 515447.0 515547.0 515688.0 515808.0 515929.0 516030.0 516152.0 516293.0 516433.0 516557.0 516679.0 516819.0 516925.0 517067.0 517188.0 517328.0 517411.0 517512.0 517611.0 517753.0 517854.0 517974.0 518075.0 518195.0 518316.0 518439.0 518559.0 518698.0 518804.0 518925.0 519065.0 519206.0 519327.0 519408.0
519206.0 519327.0 519408.0 519549.0 519670.0 519772.0 519915.0 520036.0 520117.0 520237.0 520381.0 520522.0 520664.0 520785.0 520887.0 520987.0 521113.0 521213.0 521357.0 521457.0 521578.0 521700.0 521842.0 521959.0 522044.0 522166.0 522307.0 522468.0 522608.0 522709.0 522831.0 522954.0 523097.0 523221.0 523343.0 523465.0 523585.0 523706.0 523828.0 523950.0 524070.0 524191.0 524332.0 524432.0 524555.0 524656.0 524799.0 524919.0 525020.0 525140.0 525240.0
214180.0 214285.0 214428.0 214552.0 214727.0 214890.0 215013.0 215136.0 215339.0 215440.0 215562.0 215669.0 215792.0 215917.0 216103.0 216229.0 216353.0 216475.0 216561.0 216684.0 216826.0 216971.0 217113.0 217234.0 217320.0 217482.0 217624.0 217786.0 217908.0 218049.0 218171.0 218313.0 218455.0 218557.0 218698.0 218840.0 219009.0 219114.0 219256.0 219378.0 219500.0 219663.0 219784.0 219930.0 220036.0 220181.0 220323.0 220466.0 220588.0 220711.0 220857.0
224167.0 224315.0 224483.0 224627.0 224730.0 224852.0 224978.0 225081.0 225212.0 225324.0 225445.0 225567.0 225694.0 225855.0 225979.0 226145.0 226308.0 226439.0 226561.0 226693.0 226844.0 226966.0 227067.0 227212.0 227386.0 227508.0 227629.0 227784.0 227918.0 228040.0 228182.0 228305.0 228451.0 228554.0 228695.0 228818.0 228963.0 229067.0 229252.0 229418.0 229519.0 229665.0 229809.0 229916.0 230017.0 230143.0 230292.0 230479.0 230619.0 230781.0 230889.0
237137.0 237262.0 237408.0 237533.0 237635.0 237742.0 237886.0 238009.0 238131.0 238258.0 238385.0 238526.0 238690.0 238816.0 238962.0 239110.0 239277.0 239439.0 239608.0 239750.0 239896.0 240079.0 240240.0 240423.0 240525.0 240667.0 240788.0 240936.0 241092.0 241214.0 241335.0 241439.0 241561.0 241743.0 241865.0 242007.0 242169.0 242311.0 242412.0 242542.0 242663.0 242808.0 242943.0 243034.0 243323.0 243465.0 243611.0 243739.0 243903.0 244025.0 244214.0
245218.0 245322.0 245447.0 245620.0 245728.0 245850.0 245982.0 246150.0 246271.0 246415.0 246578.0 246740.0 246882.0 247044.0 247190.0 247355.0 247519.0 247682.0 247788.0 247935.0 248098.0 248220.0 248364.0 248487.0 248976.0 249239.0 249360.0 249489.0 249658.0 249794.0 249937.0 250061.0 250206.0 250328.0 250450.0 250619.0 250753.0 250858.0 250972.0 251097.0 251241.0 251407.0 251514.0 251684.0 251874.0 252016.0 252138.0 252260.0 252386.0 252528.0 252649.0
254240.0 254363.0 254510.0 254612.0 254734.0 254819.0 254963.0 255104.0 255249.0 255350.0 255492.0 255593.0 255716.0 255838.0 255982.0 256104.0 256246.0 256371.0 256488.0 256610.0 256752.0 256854.0 256978.0 257103.0 257253.0 257354.0 257520.0 257663.0 257831.0 257958.0 258081.0 258186.0 258370.0 258536.0 258658.0 258779.0 258942.0 259193.0 259322.0 259450.0 259595.0 259759.0 259900.0 260022.0 260204.0 260311.0 260433.0 260555.0 260655.0 260803.0 260931.0
264190.0 264355.0 264480.0 264601.0 264766.0 264892.0 264995.0 265121.0 265222.0 265364.0 265527.0 265651.0 265776.0 265898.0 266067.0 266172.0 266340.0 266482.0 266604.0 266710.0 266874.0 267017.0 267181.0 267283.0 267421.0 267605.0 267777.0 267951.0 268091.0 268254.0 268400.0 268523.0 268644.0 268787.0 268908.0 269039.0 269163.0 269273.0 269430.0 269558.0 269665.0 269791.0 269916.0 270058.0 270200.0 270332.0 270530.0 270652.0 270768.0 270916.0 271092.0
271351.0 271766.0 271889.0 271990.0 272402.0 272549.0 272673.0 272879.0 273126.0 273229.0 273355.0 273556.0 273677.0 273819.0 273981.0 274122.0 274307.0 274469.0 274653.0 274752.0 274876.0 274981.0 275128.0 275251.0 275414.0 275537.0 275658.0 275841.0 275965.0 276111.0 276212.0 276355.0 276459.0 276584.0 276711.0 276873.0 276994.0 277116.0 277238.0 277382.0 277510.0 277612.0 277734.0 277876.0 277999.0 278125.0 278307.0 278434.0 278576.0 278721.0 278883.0
279153.0 279275.0 279397.0 279478.0 279620.0 279782.0 279905.0 280047.0 280149.0 280274.0 280454.0 280617.0 280739.0 280860.0 281022.0 281164.0 281326.0 281448.0 281571.0 281695.0 281796.0 281963.0 282087.0 282212.0 282344.0 282529.0 282667.0 282778.0 282940.0 283062.0 283225.0 283346.0 283472.0 283615.0 283737.0 283910.0 284000.0 284132.0 284223.0 284345.0 284462.0 284586.0 284700.0 284903.0 285025.0 285182.0 285295.0 285417.0 285561.0 285704.0 285805.0
300126.0 300289.0 300371.0 300537.0 300686.0 300823.0 300943.0 301031.0 301152.0 301288.0 301420.0 301533.0 301663.0 301786.0 301912.0 302074.0 302196.0 302298.0 302440.0 302542.0 302663.0 302804.0 302926.0 303048.0 303194.0 303335.0 303437.0 303603.0 303727.0 303915.0 304056.0 304220.0 304363.0 304525.0 304647.0 304812.0 304934.0 305116.0 305197.0 305319.0 305464.0 305631.0 305756.0 305908.0 306030.0 306177.0 306364.0 306511.0 306633.0 306780.0 306927.0
309257.0 309441.0 309602.0 309744.0 309865.0 310007.0 310149.0 310311.0 310416.0 310520.0 310626.0 310767.0 310932.0 311097.0 311240.0 311366.0 311534.0 311635.0 311757.0 311858.0 311980.0 312102.0 312244.0 312345.0 312467.0 312590.0 312741.0 312823.0 312947.0 313130.0 313257.0 313385.0 313546.0 313708.0 313887.0 314053.0 314174.0 314342.0 314485.0 314610.0 314739.0 314861.0 315047.0 315195.0 315332.0 315468.0 315590.0 315716.0 315860.0 316002.0 316164.0
324175.0 324337.0 324499.0 324623.0 324744.0 324887.0 324989.0 325112.0 325243.0 325364.0 325487.0 325638.0 325741.0 325885.0 326033.0 326156.0 326299.0 326463.0 326565.0 326707.0 326874.0 327017.0 327160.0 327281.0 327410.0 327514.0 327635.0 327762.0 327904.0 328048.0 328231.0 328393.0 328508.0 328618.0 328738.0 328880.0 329008.0 329170.0 329272.0 329414.0 329556.0 329678.0 329799.0 329953.0 330084.0 330225.0 330367.0 330494.0 330635.0 330777.0 330924.0
331195.0 331359.0 331483.0 331732.0 331853.0 332016.0 332137.0 332259.0 332421.0 332565.0 332716.0 332883.0 333004.0 333134.0 333238.0 333363.0 333489.0 333630.0 333774.0 333899.0 334000.0 334142.0 334382.0 334536.0 334687.0 334849.0 334982.0 335113.0 335244.0 335397.0 335558.0 335652.0 335814.0 335919.0 336021.0 336142.0 336264.0 336385.0 336488.0 336619.0 336732.0 336833.0 336978.0 337102.0 337242.0 337404.0 337530.0 337652.0 337775.0 337900.0 338064.0
335244.0 335397.0 335558.0 335652.0 335814.0 335919.0 336021.0 336142.0 336264.0 336385.0 336488.0 336619.0 336732.0 336833.0 336978.0 337102.0 337242.0 337404.0 337530.0 337652.0 337775.0 337900.0 338064.0 338284.0 338452.0 338555.0 338657.0 338823.0 338986.0 339157.0 339300.0 339467.0 339610.0 339753.0 339875.0 339999.0 340144.0 340314.0 340436.0 340577.0 340705.0 340808.0 340914.0 341014.0 341136.0 341260.0 341381.0 341544.0 341690.0 341835.0 341957.0
343124.0 343246.0 343387.0 343495.0 343668.0 343808.0 343915.0 344016.0 344142.0 344306.0 344451.0 344633.0 344802.0 344947.0 345131.0 345276.0 345377.0 345527.0 345674.0 345796.0 345937.0 346060.0 346181.0 346333.0 346440.0 346587.0 346743.0 346850.0 346976.0 347119.0 347241.0 347348.0 347519.0 347621.0 347747.0 347951.0 348118.0 348222.0 348345.0 348447.0 348674.0 348781.0 348908.0 349031.0 349177.0 349299.0 349481.0 349643.0 349772.0 349901.0 350082.0
350256.0 350378.0 350479.0 350623.0 350733.0 350875.0 350976.0 351080.0 351203.0 351387.0 351555.0 351682.0 351790.0 351941.0 352065.0 352187.0 352383.0 352501.0 352623.0 352746.0 352915.0 353094.0 353221.0 353363.0 353513.0 353655.0 353780.0 353923.0 354049.0 354195.0 354357.0 354571.0 354724.0 354865.0 355009.0 355133.0 355298.0 355439.0 355646.0 355767.0 355912.0 356058.0 356186.0 356328.0 356430.0 356551.0 356673.0 356835.0 356959.0 357081.0 357207.0
358150.0 358250.0 358370.0 358490.0 358613.0 358775.0 358896.0 359039.0 359160.0 359301.0 359423.0 359545.0 359705.0 359810.0 359956.0 360080.0 360208.0 360334.0 360498.0 360640.0 360763.0 360888.0 361009.0 361200.0 361307.0 361470.0 361613.0 361794.0 361996.0 362156.0 362320.0 362464.0 362588.0 362734.0 362855.0 362982.0 363107.0 363244.0 363357.0 363527.0 363689.0 363812.0 363936.0 364079.0 364222.0 364343.0 364465.0 364643.0 364748.0 364885.0 365027.0
366148.0 366291.0 366413.0 366578.0 366740.0 366862.0 366966.0 367116.0 367268.0 367379.0 367563.0 367788.0 367903.0 368065.0 368206.0 368354.0 368479.0 368647.0 368809.0 368952.0 369074.0 369220.0 369343.0 369464.0 369608.0 369737.0 369860.0 369961.0 370083.0 370205.0 370327.0 370448.0 370573.0 370742.0 370864.0 371010.0 371154.0 371259.0 371361.0 371527.0 371651.0 371775.0 371920.0 372051.0 372179.0 372340.0 372466.0 372608.0 372709.0 372861.0 372982.0
381254.0 381377.0 381558.0 381741.0 381886.0 382009.0 382152.0 382253.0 382376.0 382503.0 382686.0 382832.0 382955.0 383084.0 383207.0 383342.0 383456.0 383577.0 383821.0 384003.0 384146.0 384313.0 384435.0 384576.0 384697.0 384819.0 384941.0 385043.0 385185.0 385351.0 385480.0 385605.0 385750.0 385892.0 386054.0 386179.0 386301.0 386427.0 386552.0 386713.0 386818.0 386921.0 387052.0 387237.0 387362.0 387504.0 387810.0 387956.0 388084.0 388282.0 388424.0
386179.0 386301.0 386427.0 386552.0 386713.0 386818.0 386921.0 387052.0 387237.0 387362.0 387504.0 387810.0 387956.0 388084.0 388282.0 388424.0 388529.0 388667.0 388751.0 388876.0 388997.0 389119.0 389248.0 389390.0 389561.0 389723.0 389886.0 390027.0 390171.0 390334.0 390438.0 390550.0 390673.0 390816.0 390938.0 391040.0 391182.0 391325.0 391466.0 391611.0 391775.0 391939.0 392082.0 392207.0 392348.0 392451.0 392595.0 392757.0 392885.0 393011.0 393132.0
394170.0 394291.0 394392.0 394494.0 394617.0 394738.0 394879.0 394985.0 395127.0 395251.0 395377.0 395563.0 395690.0 395814.0 395980.0 396122.0 396263.0 396411.0 396549.0 396665.0 396848.0 396972.0 397131.0 397283.0 397424.0 397566.0 397689.0 397812.0 397957.0 398118.0 398202.0 398324.0 398446.0 398567.0 398752.0 398899.0 399041.0 399170.0 399299.0 399452.0 399555.0 399679.0 399801.0 399922.0 400043.0 400208.0 400336.0 400446.0 400572.0 400697.0 400859.0
405198.0 405380.0 405507.0 405649.0 405761.0 405889.0 406013.0 406135.0 406237.0 406362.0 406484.0 406627.0 406749.0 406903.0 407039.0 407160.0 407284.0 407431.0 407597.0 407804.0 407968.0 408114.0 408199.0 408342.0 408482.0 408609.0 408736.0 408857.0 409019.0 409163.0 409307.0 409428.0 409570.0 409717.0 409825.0 409949.0 410141.0 410303.0 410428.0 410563.0 410688.0 410810.0 410923.0 411051.0 411187.0 411311.0 411458.0 411561.0 411703.0 411804.0 411929.0
415256.0 415381.0 415546.0 415672.0 415795.0 415940.0 416083.0 416205.0 416326.0 416448.0 416590.0 416732.0 416835.0 416959.0 417092.0 417208.0 417335.0 417463.0 417610.0 417737.0 417839.0 418003.0 418169.0 418311.0 418515.0 418699.0 418823.0 418953.0 419099.0 419211.0 419363.0 419515.0 419637.0 419744.0 419897.0 420099.0 420223.0 420347.0 420511.0 420653.0 420799.0 420901.0 421047.0 421170.0 421315.0 421436.0 421560.0 421665.0 421806.0 421929.0 422056.0
425148.0 425272.0 425396.0 425517.0 425690.0 425811.0 425962.0 426087.0 426191.0 426335.0 426507.0 426735.0 427006.0 427133.0 427256.0 427419.0 427545.0 427698.0 427799.0 427921.0 428058.0 428183.0 428302.0 428430.0 428706.0 428807.0 428954.0 429122.0 429248.0 429511.0 429653.0 429798.0 429924.0 430045.0 430146.0 430249.0 430392.0 430556.0 430719.0 430881.0 430987.0 431133.0 431276.0 431420.0 431590.0 431732.0 431853.0 431974.0 432121.0 432264.0 432407.0
432121.0 432264.0 432407.0 432574.0 432715.0 432879.0 433040.0 433245.0 433381.0 433505.0 433658.0 433770.0 433913.0 434036.0 434205.0 434327.0 434450.0 434578.0 434744.0 434886.0 435089.0 435235.0 435378.0 435563.0 435686.0 435848.0 436013.0 436157.0 436300.0 436423.0 436547.0 436710.0 436831.0 436954.0 437101.0 437206.0 437350.0 437456.0 437578.0 437703.0 437851.0 437974.0 438139.0 438282.0 438382.0 438570.0 438695.0 438839.0 439001.0 439123.0 439266.0
441175.0 441277.0 441420.0 441542.0 441644.0 441786.0 441911.0 442032.0 442173.0 442322.0 442483.0 442625.0 442749.0 442881.0 443001.0 443130.0 443313.0 443436.0 443539.0 443661.0 443766.0 443929.0 444051.0 444177.0 444280.0 444405.0 444526.0 444661.0 444809.0 444922.0 445022.0 445147.0 445273.0 445420.0 445544.0 445647.0 445794.0 445925.0 446093.0 446216.0 446361.0 446504.0 446646.0 446773.0 446875.0 446996.0 447121.0 447308.0 447474.0 447599.0 447782.0
456192.0 456359.0 456485.0 456566.0 456672.0 456836.0 456961.0 457103.0 457206.0 457349.0 457513.0 457621.0 457787.0 457912.0 458034.0 458176.0 458316.0 458399.0 458560.0 458683.0 458828.0 458994.0 459126.0 459288.0 459451.0 459573.0 459717.0 459840.0 459960.0 460159.0 460273.0 460400.0 460576.0 460670.0 460795.0 460961.0 461123.0 461285.0 461407.0 461534.0 461636.0 461802.0 461950.0 462114.0 462256.0 462439.0 462570.0 462691.0 462792.0 462956.0 463107.0
464134.0 464257.0 464420.0 464586.0 464708.0 464849.0 464957.0 465078.0 465221.0 465364.0 465498.0 465636.0 465759.0 465921.0 466062.0 466163.0 466265.0 466366.0 466489.0 466636.0 466786.0 466911.0 467035.0 467182.0 467287.0 467411.0 467600.0 467723.0 467909.0 468055.0 468181.0 468329.0 468494.0 468639.0 468781.0 468888.0 469014.0 469115.0 469320.0 469448.0 469572.0 469742.0 469871.0 470014.0 470181.0 470368.0 470490.0 470594.0 470737.0 470850.0 470990.0
476127.0 476249.0 476371.0 476493.0 476639.0 476762.0 476905.0 477028.0 477175.0 477279.0 477405.0 477507.0 477591.0 477713.0 477835.0 478148.0 478273.0 478379.0 478527.0 478632.0 478736.0 478900.0 479043.0 479146.0 479294.0 479454.0 479595.0 479717.0 479879.0 480001.0 480143.0 480269.0 480392.0 480536.0 480681.0 480826.0 480991.0 481101.0 481205.0 481306.0 481429.0 481551.0 481665.0 481774.0 481876.0 481999.0 482125.0 482252.0 482357.0 482502.0 482643.0
491192.0 491300.0 491402.0 491545.0 491669.0 491812.0 491954.0 492099.0 492241.0 492386.0 492488.0 492634.0 492788.0 492910.0 493075.0 493238.0 493367.0 493555.0 493747.0 493852.0 493974.0 494099.0 494242.0 494363.0 494486.0 494650.0 494791.0 494922.0 495088.0 495192.0 495344.0 495496.0 495632.0 495770.0 495901.0 496003.0 496138.0 496259.0 496383.0 496505.0 496656.0 496798.0 496939.0 497102.0 497223.0 497348.0 497531.0 497652.0 497774.0 497896.0 497997.0
498160.0 498305.0 498406.0 498548.0 498674.0 498774.0 498917.0 499039.0 499162.0 499289.0 499427.0 499512.0 499636.0 499755.0 499942.0 500105.0 500207.0 500334.0 500442.0 500593.0 500706.0 500850.0 500971.0 501093.0 501213.0 501357.0 501478.0 501603.0 501732.0 501875.0 502000.0 502144.0 502270.0 502432.0 502575.0 502723.0 502824.0 502954.0 503077.0 503278.0 503400.0 503542.0 503688.0 503830.0 503933.0 504075.0 504201.0 504329.0 504431.0 504624.0 504793.0
166459.0 166721.0 167007.0 167294.0 167556.0 167798.0 168082.0 168325.0 168587.0 168851.0 169115.0 169377.0 169638.0 169898.0 170161.0 170402.0 170662.0 170902.0 171163.0 171408.0 171669.0 171949.0 172211.0 172452.0 172693.0 172952.0 173093.0 173193.0 173315.0 173437.0 173560.0 173702.0 173825.0 174008.0 174130.0 174251.0 174412.0 174533.0 174653.0 174773.0 174916.0 175076.0 175180.0 175302.0 175463.0 175626.0 175728.0 175850.0 175992.0 176154.0 176298.0
174251.0 174412.0 174533.0 174653.0 174773.0 174916.0 175076.0 175180.0 175302.0 175463.0 175626.0 175728.0 175850.0 175992.0 176154.0 176298.0 176421.0 176542.0 176683.0 176803.0 176985.0 177147.0 177289.0 177390.0 177512.0 177612.0 177735.0 177837.0 177960.0 178104.0 178225.0 178346.0 178468.0 178588.0 178734.0 178858.0 178984.0 179125.0 179245.0 179387.0 179510.0 179630.0 179754.0 179896.0 180047.0 180169.0 180280.0 180402.0 180525.0 180646.0 180789.0
180280.0 180402.0 180525.0 180646.0 180789.0 180951.0 181074.0 181214.0 181336.0 181458.0 181619.0 181742.0 181866.0 181988.0 182130.0 182252.0 182392.0 182541.0 182674.0 182775.0 182877.0 182998.0 183118.0 183270.0 183391.0 183515.0 183636.0 183768.0 183911.0 184010.0 184133.0 184295.0 184416.0 184540.0 184690.0 184823.0 184970.0 185111.0 185240.0 185394.0 185496.0 185597.0 185699.0 185829.0 185961.0 186082.0 186182.0 186304.0 186404.0 186565.0 186727.0
200304.0 200425.0 200566.0 200689.0 200810.0 200945.0 201054.0 201167.0 201290.0 201399.0 201552.0 201692.0 201819.0 201940.0 202060.0 202201.0 202342.0 202463.0 202585.0 202727.0 202828.0 202972.0 203072.0 203193.0 203315.0 203456.0 203578.0 203700.0 203801.0 203942.0 204084.0 204225.0 204351.0 204473.0 204617.0 204738.0 204840.0 204963.0 205065.0 205185.0 205342.0 205428.0 205572.0 205693.0 205834.0 205976.0 206118.0 206239.0 206361.0 206504.0 206646.0
209342.0 209444.0 209606.0 209768.0 209911.0 210011.0 210173.0 210295.0 210436.0 210579.0 210681.0 210781.0 210910.0 211030.0 211173.0 211294.0 211413.0 211554.0 211735.0 211856.0 211957.0 212059.0 212160.0 212281.0 212383.0 212505.0 212646.0 212795.0 212918.0 213030.0 213183.0 213314.0 213424.0 213537.0 213667.0 213831.0 213942.0 214085.0 214209.0 214351.0 214473.0 214595.0 214756.0 214878.0 215027.0 215121.0 215282.0 215402.0 215604.0 215746.0 215866.0
225288.0 225429.0 225550.0 225671.0 225811.0 225975.0 226136.0 226237.0 226398.0 226538.0 226659.0 226802.0 226944.0 227087.0 227248.0 227390.0 227512.0 227673.0 227795.0 227917.0 228020.0 228221.0 228381.0 228485.0 228587.0 228708.0 228830.0 228951.0 229053.0 229215.0 229318.0 229438.0 229562.0 229684.0 229868.0 229989.0 230111.0 230215.0 230337.0 230478.0 230591.0 230713.0 230834.0 230959.0 231105.0 231226.0 231350.0 231471.0 231633.0 231796.0 231938.0
231350.0 231471.0 231633.0 231796.0 231938.0 232098.0 232219.0 232359.0 232520.0 232621.0 232743.0 232865.0 233006.0 233088.0 233229.0 233352.0 233474.0 233595.0 233757.0 233899.0 234021.0 234203.0 234402.0 234566.0 234668.0 234809.0 234930.0 235051.0 235172.0 235294.0 235397.0 235497.0 235638.0 235758.0 235940.0 236083.0 236224.0 236329.0 236429.0 236610.0 236731.0 236853.0 237014.0 237154.0 237275.0 237415.0 237574.0 237676.0 237780.0 237902.0 238042.0
238302.0 238405.0 238508.0 238649.0 238789.0 238914.0 239019.0 239141.0 239284.0 239384.0 239507.0 239630.0 239792.0 239934.0 240055.0 240175.0 240304.0 240468.0 240588.0 240689.0 240810.0 240931.0 241092.0 241213.0 241316.0 241457.0 241579.0 241702.0 241863.0 242006.0 242147.0 242289.0 242409.0 242575.0 242755.0 242899.0 242998.0 243102.0 243204.0 243326.0 243448.0 243568.0 243773.0 243914.0 244057.0 244179.0 244281.0 244484.0 244625.0 244749.0 244909.0
247289.0 247410.0 247532.0 247655.0 247777.0 247877.0 248000.0 248092.0 248243.0 248355.0 248487.0 248600.0 248741.0 248884.0 249014.0 249135.0 249236.0 249369.0 249520.0 249641.0 249744.0 249835.0 249978.0 250100.0 250200.0 250331.0 250444.0 250545.0 250676.0 250807.0 250947.0 251087.0 251208.0 251369.0 251489.0 251610.0 251753.0 251876.0 252018.0 252141.0 252283.0 252407.0 252548.0 252731.0 252872.0 252993.0 253135.0 253255.0 253377.0 253499.0 253640.0
259322.0 259444.0 259565.0 259686.0 259865.0 259988.0 260109.0 260357.0 260479.0 260642.0 260807.0 260931.0 261052.0 261189.0 261295.0 261397.0 261582.0 261723.0 261843.0 261969.0 262093.0 262254.0 262375.0 262517.0 262618.0 262740.0 262842.0 262963.0 263088.0 263210.0 263365.0 263488.0 263618.0 263730.0 263841.0 263943.0 264074.0 264234.0 264366.0 264489.0 264590.0 264713.0 264815.0 264936.0 265037.0 265178.0 265301.0 265423.0 265544.0 265707.0 265848.0
273339.0 273480.0 273581.0 273730.0 273852.0 273957.0 274099.0 274199.0 274341.0 274482.0 274644.0 274745.0 274847.0 274970.0 275131.0 275272.0 275393.0 275515.0 275637.0 275760.0 275885.0 276047.0 276168.0 276292.0 276432.0 276574.0 276836.0 276958.0 277119.0 277280.0 277402.0 277543.0 277687.0 277846.0 277949.0 278091.0 278209.0 278312.0 278489.0 278592.0 278751.0 278872.0 278997.0 279159.0 279322.0 279464.0 279584.0 279708.0 279828.0 279971.0 280093.0
339259.0 339381.0 339482.0 339644.0 339765.0 339867.0 339987.0 340108.0 340248.0 340355.0 340497.0 340721.0 340823.0 340947.0 341054.0 341215.0 341356.0 341478.0 341598.0 341741.0 341842.0 341962.0 342084.0 342207.0 342309.0 342471.0 342592.0 342694.0 342814.0 342965.0 343079.0 343200.0 343343.0 343443.0 343564.0 343705.0 343825.0 343945.0 344068.0 344208.0 344310.0 344432.0 344554.0 344715.0 344835.0 344958.0 345080.0 345269.0 345409.0 345534.0 345675.0
377288.0 377450.0 377574.0 377675.0 377815.0 377939.0 378060.0 378181.0 378343.0 378425.0 378567.0 378689.0 378829.0 378951.0 379072.0 379194.0 379355.0 379476.0 379617.0 379739.0 379880.0 380002.0 380146.0 380367.0 380489.0 380630.0 380770.0 380891.0 381012.0 381134.0 381277.0 381399.0 381562.0 381724.0 381827.0 381950.0 382113.0 382234.0 382377.0 382538.0 382680.0 382826.0 382969.0 383092.0 383212.0 383354.0 383458.0 383613.0 383746.0 383878.0 384003.0
389238.0 389362.0 389585.0 389707.0 389827.0 389950.0 390090.0 390212.0 390335.0 390438.0 390619.0 390701.0 390822.0 390964.0 391064.0 391187.0 391309.0 391430.0 391569.0 391711.0 391834.0 391995.0 392137.0 392317.0 392398.0 392559.0 392704.0 392804.0 392966.0 393088.0 393189.0 393316.0 393474.0 393579.0 393705.0 393825.0 393946.0 394047.0 394149.0 394270.0 394373.0 394487.0 394575.0 394676.0 394777.0 394878.0 394979.0 395103.0 395245.0 395367.0 395488.0
398296.0 398418.0 398511.0 398652.0 398793.0 398936.0 399056.0 399197.0 399358.0 399539.0 399680.0 399801.0 399943.0 400085.0 400205.0 400328.0 400469.0 400611.0 400733.0 400894.0 401017.0 401140.0 401280.0 401382.0 401504.0 401607.0 401748.0 401909.0 402051.0 402171.0 402394.0 402517.0 402618.0 402719.0 402860.0 402982.0 403083.0 403206.0 403328.0 403489.0 403670.0 403834.0 404080.0 404201.0 404324.0 404465.0 404587.0 404728.0 404869.0 404972.0 405073.0
419337.0 419479.0 419621.0 419744.0 419865.0 420007.0 420108.0 420230.0 420352.0 420474.0 420616.0 420738.0 420880.0 421062.0 421185.0 421326.0 421488.0 421651.0 421794.0 421934.0 422074.0 422158.0 422258.0 422401.0 422544.0 422665.0 422847.0 422967.0 423108.0 423228.0 423390.0 423471.0 423612.0 423714.0 423834.0 423995.0 424155.0 424236.0 424395.0 424516.0 424597.0 424718.0 424841.0 424962.0 425124.0 425244.0 425347.0 425488.0 425649.0 425769.0 425910.0
435252.0 435373.0 435518.0 435661.0 435782.0 435944.0 436045.0 436187.0 436286.0 436407.0 436532.0 436674.0 436795.0 436976.0 437099.0 437258.0 437402.0 437541.0 437662.0 437784.0 437928.0 438030.0 438151.0 438273.0 438456.0 438578.0 438724.0 438865.0 439004.0 439108.0 439207.0 439332.0 439491.0 439595.0 439717.0 439859.0 440039.0 440160.0 440322.0 440423.0 440546.0 440667.0 440788.0 440950.0 441071.0 441193.0 441295.0 441437.0 441558.0 441679.0 441862.0
446237.0 446362.0 446500.0 446626.0 446748.0 446864.0 446985.0 447128.0 447234.0 447376.0 447477.0 447599.0 447722.0 447843.0 448005.0 448126.0 448286.0 448406.0 448548.0 448670.0 448832.0 448954.0 449096.0 449199.0 449321.0 449443.0 449565.0 449705.0 449847.0 449969.0 450109.0 450250.0 450375.0 450476.0 450597.0 450699.0 450820.0 450984.0 451104.0 451204.0 451309.0 451430.0 451591.0 451713.0 451836.0 451980.0 452121.0 452243.0 452365.0 452467.0 452591.0
454286.0 454427.0 454516.0 454651.0 454800.0 454920.0 455062.0 455183.0 455283.0 455446.0 455548.0 455672.0 455773.0 455916.0 456037.0 456171.0 456263.0 456384.0 456507.0 456608.0 456729.0 456851.0 456972.0 457154.0 457276.0 457396.0 457520.0 457661.0 457783.0 457904.0 458025.0 458161.0 458290.0 458431.0 458572.0 458694.0 458815.0 458961.0 459064.0 459225.0 459348.0 459469.0 459590.0 459693.0 459814.0 459916.0 460078.0 460219.0 460341.0 460463.0 460625.0
511302.0 511423.0 511544.0 511684.0 511788.0 511930.0 512032.0 512153.0 512297.0 512439.0 512568.0 512703.0 512823.0 512925.0 513056.0 513268.0 513391.0 513493.0 513593.0 513715.0 513837.0 513958.0 514079.0 514230.0 514342.0 514444.0 514572.0 514695.0 514838.0 514982.0 515111.0 515231.0 515353.0 515510.0 515619.0 515780.0 515920.0 516063.0 516234.0 516353.0 516454.0 516575.0 516684.0 516817.0 516941.0 517062.0 517184.0 517296.0 517417.0 517538.0 517628.0
218561.0 218678.0 218784.0 218910.0 219034.0 219144.0 219256.0 219377.0 219497.0 219620.0 219722.0 219843.0 219945.0 220087.0 220192.0 220353.0 220473.0 220578.0 220702.0 220823.0 220923.0 221070.0 221191.0 221293.0 221420.0 221600.0 221748.0 221871.0 221998.0 222180.0 222302.0 222404.0 222525.0 222646.0 222767.0 222888.0 223022.0 223132.0 223243.0 223337.0 223456.0 223578.0 223703.0 223849.0 223951.0 224092.0 224214.0 224314.0 224437.0 224541.0 224666.0
247569.0 247689.0 247842.0 247953.0 248094.0 248198.0 248344.0 248470.0 248618.0 248760.0 248921.0 249066.0 249188.0 249291.0 249414.0 249516.0 249657.0 249799.0 249919.0 250042.0 250184.0 250331.0 250437.0 250559.0 250683.0 250807.0 250928.0 251053.0 251177.0 251299.0 251420.0 251569.0 251711.0 251817.0 251920.0 252048.0 252171.0 252312.0 252394.0 252515.0 252637.0 252759.0 252880.0 253002.0 253124.0 253286.0 253389.0 253515.0 253641.0 253763.0 253889.0
258476.0 258582.0 258703.0 258863.0 259008.0 259129.0 259251.0 259362.0 259473.0 259597.0 259717.0 259838.0 259961.0 260121.0 260242.0 260362.0 260484.0 260627.0 260748.0 260856.0 260998.0 261100.0 261241.0 261341.0 261485.0 261608.0 261692.0 261860.0 262055.0 262165.0 262296.0 262400.0 262541.0 262652.0 262773.0 262906.0 263016.0 263157.0 263278.0 263399.0 263503.0 263628.0 263729.0 263866.0 263976.0 264097.0 264199.0 264332.0 264441.0 264585.0 264711.0
273431.0 273535.0 273677.0 273822.0 273951.0 274098.0 274221.0 274322.0 274469.0 274631.0 274751.0 274877.0 274979.0 275082.0 275207.0 275306.0 275452.0 275574.0 275714.0 275870.0 276003.0 276127.0 276248.0 276389.0 276509.0 276650.0 276774.0 276917.0 277039.0 277139.0 277261.0 277382.0 277526.0 277647.0 277771.0 277892.0 278015.0 278163.0 278264.0 278376.0 278497.0 278620.0 278767.0 278893.0 279013.0 279137.0 279277.0 279399.0 279522.0 279642.0 279803.0
292427.0 292527.0 292652.0 292753.0 292855.0 292977.0 293119.0 293268.0 293432.0 293577.0 293699.0 293820.0 293963.0 294125.0 294271.0 294393.0 294557.0 294703.0 294823.0 294948.0 295130.0 295295.0 295422.0 295545.0 295691.0 295796.0 295923.0 296048.0 296170.0 296336.0 296458.0 296602.0 296752.0 296872.0 296996.0 297137.0 297299.0 297421.0 297541.0 297702.0 297826.0 297947.0 298069.0 298213.0 298339.0 298496.0 298658.0 298801.0 298930.0 299117.0 299242.0
326458.0 326622.0 326768.0 326889.0 326990.0 327092.0 327227.0 327351.0 327438.0 327564.0 327685.0 327826.0 327928.0 328050.0 328191.0 328337.0 328479.0 328621.0 328722.0 328886.0 328989.0 329114.0 329256.0 329377.0 329520.0 329620.0 329744.0 329864.0 329967.0 330090.0 330203.0 330327.0 330448.0 330569.0 330693.0 330834.0 330975.0 331117.0 331264.0 331406.0 331527.0 331668.0 331831.0 331912.0 332034.0 332156.0 332317.0 332441.0 332562.0 332687.0 332828.0
336458.0 336581.0 336705.0 336891.0 337013.0 337180.0 337369.0 337475.0 337659.0 337785.0 337909.0 338054.0 338176.0 338276.0 338402.0 338508.0 338631.0 338773.0 338875.0 338996.0 339097.0 339218.0 339330.0 339445.0 339626.0 339750.0 339913.0 340035.0 340214.0 340324.0 340451.0 340592.0 340714.0 340861.0 341003.0 341146.0 341268.0 341368.0 341491.0 341593.0 341714.0 341856.0 341998.0 342119.0 342222.0 342365.0 342489.0 342677.0 342803.0 342950.0 343080.0
358407.0 358571.0 358712.0 358839.0 358972.0 359084.0 359227.0 359331.0 359475.0 359595.0 359695.0 359857.0 360005.0 360147.0 360290.0 360412.0 360532.0 360697.0 360839.0 360944.0 361064.0 361174.0 361273.0 361400.0 361521.0 361666.0 361809.0 361911.0 362072.0 362197.0 362319.0 362440.0 362563.0 362667.0 362788.0 362909.0 363033.0 363213.0 363336.0 363500.0 363644.0 363765.0 363928.0 364058.0 364198.0 364382.0 364564.0 364705.0 364884.0 364970.0 365111.0
368412.0 368533.0 368635.0 368756.0 368879.0 369022.0 369125.0 369249.0 369371.0 369573.0 369735.0 369857.0 370000.0 370123.0 370265.0 370367.0 370490.0 370593.0 370715.0 370878.0 371043.0 371168.0 371459.0 371594.0 371702.0 371824.0 371965.0 372107.0 372269.0 372390.0 372552.0 372672.0 372797.0 372917.0 373058.0 373179.0 373300.0 373402.0 373523.0 373683.0 373825.0 373967.0 374088.0 374230.0 374392.0 374568.0 374676.0 374801.0 374923.0 375066.0 375233.0
207069.0 207193.0 207340.0 207464.0 207610.0 207734.0 207856.0 207999.0 208125.0 208287.0 208428.0 208554.0 208659.0 208828.0 208971.0 209074.0 209241.0 209363.0 209494.0 209596.0 209727.0 209871.0 209976.0 210143.0 210257.0 210367.0 210484.0 210598.0 210783.0 210919.0 211062.0 211148.0 211289.0 211410.0 211614.0 211735.0 211880.0 212066.0 212188.0 212313.0 212434.0 212563.0 212713.0 212815.0 212959.0 213104.0 213267.0 213393.0 213535.0 213657.0 213783.0
215111.0 215295.0 215399.0 215520.0 215651.0 215773.0 215905.0 216038.0 216152.0 216294.0 216395.0 216517.0 216638.0 216780.0 216901.0 217027.0 217173.0 217319.0 217443.0 217572.0 217692.0 217835.0 217960.0 218103.0 218225.0 218351.0 218494.0 218615.0 218737.0 218859.0 219036.0 219143.0 219280.0 219428.0 219574.0 219717.0 219819.0 219965.0 220089.0 220212.0 220355.0 220477.0 220659.0 220784.0 220907.0 221070.0 221192.0 221324.0 221423.0 221586.0 221711.0
230085.0 230272.0 230417.0 230540.0 230642.0 230765.0 230886.0 231037.0 231159.0 231281.0 231403.0 231555.0 231660.0 231781.0 231904.0 232026.0 232153.0 232244.0 232386.0 232509.0 232630.0 232772.0 232893.0 233015.0 233117.0 233247.0 233391.0 233513.0 233675.0 233822.0 233967.0 234090.0 234219.0 234344.0 234446.0 234556.0 234679.0 234800.0 234921.0 235084.0 235271.0 235454.0 235595.0 235737.0 235861.0 235963.0 236085.0 236246.0 236369.0 236490.0 236612.0
259115.0 259225.0 259396.0 259546.0 259674.0 259803.0 259925.0 260077.0 260188.0 260333.0 260479.0 260625.0 260729.0 260830.0 260972.0 261094.0 261238.0 261378.0 261503.0 261635.0 261749.0 261895.0 262019.0 262127.0 262248.0 262372.0 262515.0 262677.0 262780.0 262947.0 263070.0 263211.0 263356.0 263477.0 263601.0 263704.0 263850.0 264012.0 264177.0 264302.0 264423.0 264546.0 264673.0 264856.0 264962.0 265084.0 265254.0 265400.0 265565.0 265711.0 265854.0
287989.0 288171.0 288275.0 288424.0 288589.0 288742.0 288846.0 288990.0 289153.0 289253.0 289381.0 289547.0 289648.0 289814.0 289958.0 290080.0 290218.0 290328.0 290431.0 290572.0 290755.0 290916.0 291053.0 291178.0 291313.0 291453.0 291640.0 291764.0 291905.0 292048.0 292150.0 292277.0 292403.0 292529.0 292630.0 292738.0 292883.0 293054.0 293218.0 293395.0 293518.0 293640.0 293783.0 293948.0 294077.0 294202.0 294346.0 294468.0 294593.0 294734.0 294867.0
306006.0 306275.0 306377.0 306499.0 306642.0 306787.0 306952.0 307116.0 307323.0 307487.0 307629.0 307776.0 307919.0 308040.0 308192.0 308315.0 308473.0 308602.0 308729.0 308852.0 308978.0 309121.0 309242.0 309364.0 309526.0 309667.0 309774.0 309896.0 310019.0 310145.0 310309.0 310470.0 310673.0 310813.0 310957.0 311118.0 311251.0 311402.0 311577.0 311730.0 311901.0 312063.0 312245.0 312376.0 312561.0 312726.0 312917.0 313017.0 313146.0 313248.0 313392.0
362993.0 363145.0 363267.0 363408.0 363512.0 363604.0 363748.0 363871.0 364060.0 364204.0 364337.0 364443.0 364632.0 364762.0 364886.0 365072.0 365172.0 365315.0 365436.0 365623.0 365747.0 365893.0 366097.0 366197.0 366344.0 366447.0 366593.0 366756.0 366879.0 367003.0 367148.0 367273.0 367400.0 367542.0 367667.0 367810.0 367997.0 368103.0 368246.0 368397.0 368562.0 368685.0 368807.0 368952.0 369105.0 369246.0 369384.0 369536.0 369683.0 369809.0 369921.0
205598.0 205720.0 205868.0 206048.0 206174.0 206315.0 206463.0 206555.0 206695.0 206826.0 206970.0 207092.0 207215.0 207339.0 207462.0 207563.0 207724.0 207912.0 208038.0 208183.0 208367.0 208474.0 208597.0 208738.0 208861.0 209022.0 209165.0 209327.0 209471.0 209594.0 209758.0 209905.0 210010.0 210155.0 210276.0 210399.0 210541.0 210666.0 210790.0 210914.0 211037.0 211204.0 211307.0 211429.0 211602.0 211723.0 211893.0 212099.0 212261.0 212382.0 212507.0
214667.0 214786.0 214910.0 215058.0 215220.0 215344.0 215468.0 215614.0 215736.0 215891.0 216033.0 216214.0 216339.0 216442.0 216564.0 216664.0 216826.0 216948.0 217091.0 217216.0 217361.0 217506.0 217610.0 217751.0 217895.0 218043.0 218185.0 218317.0 218460.0 218571.0 218702.0 218794.0 218915.0 219018.0 219163.0 219285.0 219407.0 219550.0 219676.0 219778.0 219943.0 220107.0 220250.0 220416.0 220578.0 220702.0 220828.0 220951.0 221093.0 221241.0 221386.0
222617.0 222739.0 222906.0 223028.0 223149.0 223291.0 223453.0 223558.0 223682.0 223821.0 223922.0 224030.0 224194.0 224315.0 224437.0 224600.0 224721.0 224847.0 225035.0 225158.0 225305.0 225431.0 225575.0 225735.0 225877.0 225998.0 226120.0 226242.0 226411.0 226515.0 226637.0 226783.0 226908.0 227031.0 227175.0 227299.0 227462.0 227604.0 227747.0 227878.0 228031.0 228155.0 228259.0 228423.0 228530.0 228653.0 228798.0 228920.0 229043.0 229163.0 229305.0
269551.0 269735.0 269884.0 270025.0 270147.0 270289.0 270412.0 270533.0 270675.0 270837.0 270959.0 271100.0 271223.0 271345.0 271475.0 271617.0 271742.0 271868.0 272012.0 272155.0 272301.0 272420.0 272533.0 272639.0 272845.0 273014.0 273116.0 273258.0 273379.0 273501.0 273603.0 273725.0 273868.0 274032.0 274192.0 274335.0 274475.0 274622.0 274765.0 274912.0 275054.0 275179.0 275300.0 275402.0 275564.0 275686.0 275827.0 275990.0 276093.0 276215.0 276357.0
252622.0 252806.0 252989.0 253113.0 253240.0 253610.0 253734.0 253836.0 253999.0 254121.0 254243.0 254365.0 254523.0 254649.0 254757.0 254859.0 255005.0 255146.0 255268.0 255410.0 255511.0 255673.0 255817.0 255960.0 256105.0 256232.0 256476.0 256597.0 256760.0 256882.0 257029.0 257155.0 257297.0 257481.0 257664.0 257833.0 257955.0 258098.0 258220.0 258423.0 258564.0 258685.0 258832.0 258935.0 259085.0 259230.0 259386.0 259530.0 259661.0 259787.0 259953.0
280584.0 280709.0 280837.0 280963.0 281112.0 281236.0 281378.0 281481.0 281606.0 281747.0 281856.0 281957.0 282086.0 282254.0 282375.0 282552.0 282697.0 282798.0 282920.0 283042.0 283163.0 283290.0 283438.0 283647.0 283771.0 283898.0 284065.0 284239.0 284340.0 284466.0 284612.0 284755.0 284922.0 285067.0 285173.0 285322.0 285490.0 285634.0 285740.0 285865.0 285987.0 286132.0 286256.0 286378.0 286545.0 286654.0 286774.0 286901.0 287003.0 287124.0 287227.0
309643.0 309767.0 309910.0 310027.0 310133.0 310279.0 310422.0 310576.0 310687.0 310836.0 310938.0 311093.0 311202.0 311309.0 311432.0 311554.0 311696.0 311817.0 311917.0 312040.0 312162.0 312264.0 312373.0 312497.0 312611.0 312745.0 312866.0 313051.0 313194.0 313315.0 313500.0 313624.0 313820.0 313951.0 314127.0 314271.0 314393.0 314602.0 314724.0 314854.0 315001.0 315124.0 315240.0 315361.0 315473.0 315640.0 315744.0 315866.0 315995.0 316139.0 316285.0
316548.0 316677.0 316819.0 316944.0 317067.0 317250.0 317465.0 317559.0 317704.0 317829.0 317951.0 318072.0 318216.0 318339.0 318461.0 318563.0 318707.0 318812.0 318933.0 319096.0 319244.0 319430.0 319558.0 319702.0 319866.0 319990.0 320113.0 320280.0 320443.0 320566.0 320750.0 320913.0 321052.0 321159.0 321281.0 321407.0 321555.0 321698.0 321843.0 321965.0 322140.0 322255.0 322377.0 322501.0 322650.0 322756.0 322901.0 323029.0 323173.0 323336.0 323482.0
323625.0 323831.0 323933.0 324074.0 324218.0 324384.0 324507.0 324632.0 324798.0 324918.0 325086.0 325248.0 325390.0 325512.0 325636.0 325819.0 325962.0 326064.0 326231.0 326352.0 326520.0 326662.0 326810.0 326970.0 327092.0 327198.0 327340.0 327462.0 327565.0 327697.0 327844.0 327965.0 328088.0 328240.0 328365.0 328563.0 328676.0 328802.0 329024.0 329151.0 329279.0 329405.0 329527.0 329673.0 329775.0 329916.0 330059.0 330202.0 330363.0 330469.0 330592.0
330592.0 330739.0 330843.0 330952.0 331088.0 331241.0 331343.0 331469.0 331590.0 331721.0 331868.0 332012.0 332174.0 332289.0 332474.0 332599.0 332705.0 332837.0 332929.0 333054.0 333216.0 333360.0 333486.0 333630.0 333736.0 333885.0 334039.0 334140.0 334284.0 334400.0 334505.0 334667.0 334770.0 334893.0 334997.0 335150.0 335271.0 335363.0 335495.0 335586.0 335760.0 335850.0 336008.0 336134.0 336261.0 336383.0 336504.0 336661.0 336828.0 336954.0 337108.0
345603.0 345749.0 345873.0 345998.0 346150.0 346273.0 346399.0 346519.0 346652.0 346778.0 346920.0 347027.0 347149.0 347277.0 347378.0 347524.0 347687.0 347830.0 347975.0 348138.0 348284.0 348429.0 348558.0 348726.0 348849.0 348970.0 349114.0 349276.0 349421.0 349582.0 349684.0 349809.0 349971.0 350134.0 350277.0 350457.0 350581.0 350742.0 350865.0 351007.0 351110.0 351237.0 351384.0 351506.0 351628.0 351793.0 351925.0 352041.0 352164.0 352266.0 352393.0
162117.0 162238.0 162378.0 162522.0 162643.0 162773.0 162883.0 163023.0 163144.0 163264.0 163385.0 163525.0 163646.0 163765.0 163886.0 164026.0 164166.0 164286.0 164410.0 164551.0 164633.0 164754.0 164874.0 164975.0 165095.0 165236.0 165337.0 165458.0 165579.0 165700.0 165821.0 165943.0 166064.0 166185.0 166308.0 166449.0 166550.0 166711.0 166851.0 166952.0 167056.0 167158.0 167302.0 167422.0 167563.0 167685.0 167805.0 167946.0 168083.0 168166.0 168306.0
169008.0 169129.0 169249.0 169369.0 169510.0 169631.0 169734.0 169854.0 169955.0 170098.0 170202.0 170304.0 170424.0 170526.0 170647.0 170891.0 171012.0 171114.0 171257.0 171358.0 171458.0 171580.0 171683.0 171803.0 171944.0 172098.0 172231.0 172351.0 172472.0 172604.0 172745.0 172857.0 172958.0 173080.0 173222.0 173364.0 173485.0 173606.0 173778.0 173890.0 173990.0 174152.0 174281.0 174371.0 174491.0 174612.0 174732.0 174853.0 174995.0 175155.0 175275.0
186093.0 186193.0 186314.0 186434.0 186554.0 186696.0 186796.0 186916.0 187036.0 187158.0 187278.0 187391.0 187520.0 187640.0 187742.0 187863.0 187997.0 188124.0 188224.0 188345.0 188444.0 188565.0 188686.0 188827.0 188968.0 189081.0 189168.0 189269.0 189368.0 189468.0 189568.0 189689.0 189808.0 189949.0 190069.0 190189.0 190331.0 190452.0 190572.0 190713.0 190832.0 190972.0 191092.0 191213.0 191333.0 191453.0 191556.0 191717.0 191816.0 191937.0 192059.0
235084.0 235213.0 235335.0 235436.0 235551.0 235693.0 235834.0 235966.0 236056.0 236176.0 236297.0 236418.0 236568.0 236658.0 236781.0 236890.0 237007.0 237107.0 237212.0 237313.0 237430.0 237595.0 237696.0 237836.0 237958.0 238124.0 238265.0 238386.0 238506.0 238627.0 238749.0 238870.0 238991.0 239151.0 239272.0 239377.0 239479.0 239621.0 239762.0 239922.0 240042.0 240176.0 240283.0 240385.0 240512.0 240633.0 240775.0 240936.0 241038.0 241200.0 241322.0
241038.0 241200.0 241322.0 241463.0 241584.0 241686.0 241807.0 241930.0 242071.0 242213.0 242335.0 242498.0 242637.0 242799.0 242922.0 243104.0 243214.0 243356.0 243446.0 243567.0 243708.0 243851.0 243992.0 244132.0 244253.0 244373.0 244517.0 244637.0 244759.0 244878.0 245009.0 245122.0 245222.0 245345.0 245465.0 245587.0 245718.0 245829.0 245973.0 246094.0 246257.0 246381.0 246521.0 246666.0 246828.0 246951.0 247072.0 247214.0 247336.0 247456.0 247578.0
247072.0 247214.0 247336.0 247456.0 247578.0 247700.0 247847.0 247991.0 248111.0 248214.0 248336.0 248457.0 248579.0 248722.0 248823.0 248944.0 249085.0 249206.0 249308.0 249409.0 249529.0 249629.0 249771.0 249871.0 250014.0 250155.0 250276.0 250378.0 250478.0 250617.0 250759.0 250880.0 251000.0 251122.0 251243.0 251447.0 251568.0 251670.0 251791.0 251893.0 252016.0 252118.0 252259.0 252361.0 252482.0 252583.0 252688.0 252829.0 252933.0 253117.0 253238.0
276014.0 276180.0 276300.0 276408.0 276529.0 276650.0 276791.0 276913.0 277056.0 277177.0 277320.0 277441.0 277564.0 277688.0 277828.0 277949.0 278071.0 278192.0 278314.0 278456.0 278578.0 278679.0 278801.0 278935.0 279083.0 279183.0 279317.0 279450.0 279571.0 279732.0 279834.0 279977.0 280119.0 280239.0 280393.0 280515.0 280616.0 280758.0 280874.0 280999.0 281120.0 281261.0 281363.0 281503.0 281626.0 281788.0 281971.0 282072.0 282193.0 282315.0 282457.0
283983.0 284140.0 284240.0 284360.0 284461.0 284584.0 284687.0 284809.0 284918.0 285033.0 285154.0 285263.0 285384.0 285526.0 285668.0 285790.0 285952.0 286053.0 286173.0 286337.0 286469.0 286590.0 286804.0 286944.0 287054.0 287176.0 287287.0 287410.0 287521.0 287671.0 287792.0 287923.0 288063.0 288174.0 288276.0 288418.0 288518.0 288639.0 288741.0 288864.0 288985.0 289127.0 289248.0 289391.0 289510.0 289674.0 289794.0 289916.0 290037.0 290161.0 290286.0
293037.0 293200.0 293323.0 293444.0 293605.0 293747.0 293868.0 294011.0 294133.0 294254.0 294376.0 294519.0 294660.0 294781.0 294923.0 295105.0 295246.0 295369.0 295470.0 295632.0 295773.0 295913.0 296055.0 296156.0 296297.0 296441.0 296542.0 296642.0 296782.0 296884.0 297004.0 297124.0 297244.0 297384.0 297524.0 297644.0 297807.0 297927.0 298047.0 298188.0 298309.0 298492.0 298593.0 298735.0 298856.0 298996.0 299137.0 299278.0 299457.0 299596.0 299741.0
311006.0 311162.0 311291.0 311425.0 311568.0 311676.0 311793.0 311933.0 312035.0 312176.0 312318.0 312439.0 312559.0 312699.0 312841.0 312962.0 313082.0 313223.0 313343.0 313484.0 313614.0 313766.0 313867.0 313989.0 314111.0 314252.0 314374.0 314537.0 314661.0 314783.0 314950.0 315051.0 315174.0 315295.0 315437.0 315559.0 315683.0 315884.0 315986.0 316086.0 316188.0 316310.0 316433.0 316535.0 316696.0 316819.0 316943.0 317063.0 317201.0 317305.0 317425.0
319148.0 319268.0 319437.0 319549.0 319731.0 319851.0 319972.0 320114.0 320235.0 320376.0 320518.0 320640.0 320759.0 320882.0 321003.0 321145.0 321305.0 321445.0 321629.0 321751.0 321897.0 322019.0 322140.0 322303.0 322446.0 322568.0 322689.0 322811.0 322912.0 323053.0 323174.0 323297.0 323418.0 323561.0 323663.0 323783.0 323924.0 324029.0 324149.0 324249.0 324370.0 324612.0 324773.0 324913.0 325053.0 325155.0 325316.0 325437.0 325558.0 325681.0 325822.0
371105.0 371256.0 371409.0 371531.0 371631.0 371751.0 371895.0 372024.0 372217.0 372362.0 372463.0 372585.0 372718.0 372879.0 373000.0 373123.0 373264.0 373385.0 373526.0 373647.0 373798.0 373919.0 374041.0 374171.0 374313.0 374435.0 374555.0 374676.0 374796.0 374896.0 375028.0 375136.0 375237.0 375358.0 375521.0 375680.0 375800.0 375922.0 376102.0 376238.0 376343.0 376486.0 376607.0 376708.0 376849.0 376972.0 377096.0 377214.0 377318.0 377439.0 377561.0
