26382.0 26470.0 26612.0 26669.0 26690.0 26707.0 26624.0 26465.0 26450.0 26499.0 26583.0 26656.0 26698.0 26653.0 26561.0 26454.0 26392.0 26325.0 26236.0 26156.0 26124.0 26104.0 26198.0 26267.0 26347.0 26281.0 26193.0 26230.0 26342.0 26487.0 26460.0 26422.0 26410.0 26443.0 26482.0 26489.0 26501.0 26506.0 26476.0 26428.0 26408.0 26348.0 26321.0 26389.0 26469.0 26561.0 26574.0 26500.0 26509.0 26523.0 26551.0 26556.0 26397.0 26350.0
26556.0 26397.0 26350.0 26448.0 26532.0 26529.0 26516.0 26476.0 26367.0 26307.0 26320.0 26386.0 26426.0 26436.0 26408.0 26401.0 26414.0 26405.0 26371.0 26355.0 26336.0 26352.0 26333.0 26333.0 26341.0 26363.0 26348.0 26346.0 26352.0 26357.0 26395.0 26437.0 26455.0 26431.0 26439.0 26415.0 26399.0 26363.0 26407.0 26412.0 26372.0 26386.0 26418.0 26411.0 26370.0 26377.0 26365.0 26353.0 26358.0 26349.0 26378.0 26356.0 26349.0 26379.0
26349.0 26378.0 26356.0 26349.0 26379.0 26405.0 26403.0 26413.0 26434.0 26424.0 26405.0 26408.0 26379.0 26367.0 26414.0 26467.0 26479.0 26449.0 26441.0 26424.0 26422.0 26434.0 26448.0 26427.0 26420.0 26404.0 26417.0 26423.0 26426.0 26390.0 26384.0 26381.0 26390.0 26398.0 26413.0 26407.0 26414.0 26407.0 26417.0 26412.0 26410.0 26403.0 26432.0 26450.0 26482.0 26507.0 26512.0 26525.0 26518.0 26513.0 26524.0 26527.0 26521.0 26517.0
26513.0 26524.0 26527.0 26521.0 26517.0 26507.0 26503.0 26514.0 26514.0 26518.0 26533.0 26540.0 26535.0 26528.0 26503.0 26500.0 26492.0 26486.0 26487.0 26497.0 26491.0 26473.0 26479.0 26486.0 26483.0 26510.0 26507.0 26493.0 26489.0 26480.0 26479.0 26481.0 26500.0 26503.0 26496.0 26495.0 26502.0 26513.0 26529.0 26523.0 26474.0 26468.0 26458.0 26458.0 26449.0 26439.0 26498.0 26527.0 26489.0 26472.0 26461.0 26446.0 26432.0 26420.0
26446.0 26432.0 26420.0 26423.0 26422.0 26420.0 26416.0 26413.0 26423.0 26403.0 26394.0 26391.0 26392.0 26377.0 26358.0 26372.0 26357.0 26385.0 26397.0 26386.0 26402.0 26402.0 26399.0 26409.0 26425.0 26403.0 26352.0 26303.0 26263.0 26249.0 26235.0 26256.0 26285.0 26299.0 26267.0 26265.0 26300.0 26305.0 26310.0 26307.0 26271.0 26238.0 26239.0 26269.0 26323.0 26337.0 26326.0 26320.0 26322.0 26343.0 26377.0 26407.0 26459.0 26484.0
35330.0 35329.0 35330.0 35326.0 35333.0 35330.0 35348.0 35354.0 35356.0 35353.0 35359.0 35367.0 35368.0 35357.0 35372.0 35373.0 35377.0 35385.0 35394.0 35413.0 35443.0 35641.0 35318.0 35324.0 35347.0 34941.0 34778.0 34977.0 35020.0 34985.0 35073.0 35154.0 35145.0 35326.0 35280.0 35288.0 35324.0 35362.0 35351.0 35399.0 35450.0 35589.0 35648.0 35621.0 35541.0 35522.0 35475.0 35442.0 35416.0 35407.0 35388.0 35381.0 35372.0 35356.0
35428.0 35427.0 35431.0 35418.0 35398.0 35392.0 35397.0 35404.0 35400.0 35394.0 35393.0 35411.0 35409.0 35415.0 35409.0 35397.0 35394.0 35391.0 35397.0 35381.0 35364.0 35376.0 35363.0 35375.0 35362.0 35468.0 314.0 457.0 35969.0 35926.0 35929.0 35754.0 35563.0 35591.0 35524.0 35440.0 35428.0 35519.0 35523.0 35444.0 35345.0 35353.0 35365.0 35334.0 35300.0 35353.0 35394.0 35362.0 35345.0 35351.0 35342.0 35316.0 35307.0 35331.0
35394.0 35380.0 35382.0 35388.0 35395.0 35375.0 35347.0 35335.0 35321.0 35322.0 35303.0 35284.0 35332.0 35356.0 35381.0 35397.0 35430.0 35459.0 35440.0 35346.0 35352.0 35349.0 35361.0 35382.0 35360.0 35271.0 35289.0 35408.0 35761.0 35687.0 35906.0 35847.0 35594.0 35557.0 35699.0 35545.0 35579.0 35524.0 35508.0 35475.0 35429.0 35413.0 35401.0 35370.0 35398.0 35421.0 35405.0 35371.0 35366.0 35345.0 35315.0 35308.0 35322.0 35321.0
35388.0 35327.0 35292.0 35349.0 35366.0 35378.0 35411.0 35362.0 35301.0 35272.0 35273.0 35307.0 35292.0 35262.0 35261.0 35304.0 35334.0 35378.0 35395.0 35389.0 35355.0 35348.0 35335.0 35354.0 35404.0 35393.0 35362.0 35344.0 35949.0 635.0 211.0 200.0 157.0 354.0 422.0 61.0 35664.0 35284.0 35387.0 35330.0 35325.0 35468.0 35358.0 35338.0 35277.0 35201.0 35194.0 35269.0 35274.0 35234.0 35264.0 35260.0 35249.0 35241.0
35321.0 35304.0 35311.0 35340.0 35344.0 35301.0 35241.0 35257.0 35292.0 35297.0 35302.0 35308.0 35304.0 35327.0 35315.0 35273.0 35287.0 35318.0 35292.0 35278.0 35307.0 35336.0 35351.0 35881.0 379.0 251.0 322.0 308.0 123.0 35781.0 35412.0 35214.0 35006.0 35029.0 35116.0 35286.0 35305.0 35310.0 35297.0 35324.0 35349.0 35323.0 35295.0 35297.0 35341.0 35344.0 35351.0 35355.0 35371.0 35380.0 35346.0 35343.0 35326.0 35338.0
35372.0 35374.0 35401.0 35423.0 35418.0 35387.0 35387.0 35385.0 35378.0 35380.0 35369.0 35363.0 35367.0 35453.0 35991.0 587.0 149.0 35699.0 35487.0 35448.0 35472.0 35482.0 35125.0 35004.0 35006.0 35010.0 35073.0 35146.0 35201.0 35231.0 35206.0 35257.0 35315.0 35332.0 35319.0 35322.0 35289.0 35282.0 35304.0 35313.0 35320.0 35332.0 35347.0 35362.0 35365.0 35327.0 35330.0 35326.0 35312.0 35277.0 35263.0 35267.0 35267.0 35259.0
35282.0 35272.0 35266.0 35247.0 35250.0 35260.0 35243.0 35268.0 35267.0 35253.0 35259.0 35276.0 35280.0 35290.0 35287.0 35291.0 35303.0 35311.0 35319.0 35342.0 35356.0 35366.0 35906.0 1050.0 1839.0 1913.0 1711.0 1609.0 1506.0 1123.0 825.0 294.0 109.0 156.0 184.0 225.0 261.0 176.0 197.0 284.0 241.0 210.0 230.0 224.0 181.0 159.0 127.0 122.0 162.0 199.0 197.0 198.0 210.0 215.0
246.0 260.0 264.0 227.0 203.0 219.0 202.0 201.0 195.0 163.0 160.0 143.0 146.0 144.0 158.0 182.0 207.0 216.0 226.0 217.0 217.0 232.0 255.0 223.0 194.0 177.0 178.0 184.0 154.0 202.0 35963.0 35877.0 35438.0 35291.0 35221.0 35594.0 12.0 237.0 35994.0 35816.0 35714.0 35839.0 20.0 108.0 165.0 213.0 211.0 167.0 125.0 74.0 109.0 151.0 111.0 122.0
231.0 241.0 254.0 240.0 241.0 250.0 264.0 252.0 221.0 226.0 235.0 248.0 263.0 284.0 281.0 291.0 272.0 272.0 108.0 35879.0 59.0 222.0 35826.0 35699.0 35924.0 91.0 118.0 146.0 202.0 242.0 269.0 237.0 231.0 255.0 252.0 282.0 280.0 251.0 255.0 256.0 260.0 228.0 203.0 224.0 229.0 235.0 289.0 310.0 313.0 317.0 317.0 337.0 347.0 381.0
309.0 291.0 264.0 267.0 263.0 257.0 284.0 277.0 246.0 261.0 263.0 258.0 274.0 297.0 286.0 293.0 288.0 275.0 250.0 245.0 237.0 240.0 266.0 319.0 400.0 456.0 870.0 573.0 533.0 536.0 435.0 374.0 264.0 250.0 194.0 183.0 211.0 266.0 241.0 250.0 271.0 290.0 292.0 263.0 272.0 252.0 234.0 268.0 262.0 243.0 256.0 220.0 220.0 244.0
188.0 219.0 208.0 205.0 191.0 187.0 194.0 206.0 222.0 216.0 222.0 322.0 1436.0 5361.0 8631.0 10497.0 11229.0 10393.0 9963.0 9590.0 9528.0 9457.0 9598.0 9587.0 9633.0 9598.0 9497.0 9464.0 9370.0 9435.0 9544.0 9488.0 8654.0 7883.0 6891.0 6162.0 5022.0 3945.0 2723.0 1818.0 740.0 35764.0 35121.0 35396.0 35456.0 35434.0 35463.0 35468.0 35496.0 35515.0 35505.0 35516.0 35507.0 35495.0
35495.0 35459.0 35412.0 35396.0 35394.0 35389.0 35377.0 35363.0 35357.0 35417.0 35411.0 35406.0 35424.0 35412.0 35410.0 35410.0 35413.0 35432.0 35436.0 35428.0 35419.0 35390.0 35401.0 35443.0 35466.0 35457.0 35482.0 35484.0 35484.0 35473.0 35454.0 35457.0 35451.0 35444.0 35443.0 35453.0 35458.0 35455.0 35468.0 35479.0 35486.0 35466.0 35491.0 35488.0 35522.0 35510.0 35512.0 35516.0 35503.0 35508.0 35489.0 35491.0 35491.0 35496.0
35484.0 35473.0 35454.0 35457.0 35451.0 35444.0 35443.0 35453.0 35458.0 35455.0 35468.0 35479.0 35486.0 35466.0 35491.0 35488.0 35522.0 35510.0 35512.0 35516.0 35503.0 35508.0 35489.0 35491.0 35491.0 35496.0 35490.0 35467.0 35466.0 35453.0 35498.0 35538.0 35527.0 35597.0 35569.0 35574.0 35601.0 35491.0 35444.0 35455.0 35454.0 35466.0 35491.0 35504.0 35513.0 35521.0 35511.0 35506.0 35531.0 35528.0 35524.0 35503.0 35482.0 35461.0
35456.0 35471.0 35468.0 35481.0 35512.0 35530.0 35534.0 35525.0 35514.0 35528.0 35537.0 35553.0 35577.0 35583.0 35582.0 35557.0 35559.0 35584.0 35820.0 35766.0 35443.0 34987.0 34870.0 34990.0 34981.0 34961.0 35154.0 35239.0 35265.0 35327.0 35366.0 35415.0 35475.0 35489.0 35495.0 35498.0 35508.0 35505.0 35507.0 35515.0 35514.0 35519.0 35517.0 35509.0 35509.0 35509.0 35491.0 35501.0 35498.0 35487.0 35493.0 35490.0 35492.0 35495.0
35495.0 35508.0 35510.0 35520.0 35508.0 35516.0 35522.0 35523.0 35519.0 35534.0 35529.0 35532.0 35535.0 35531.0 35532.0 35548.0 35542.0 35544.0 35547.0 35543.0 35529.0 35533.0 35527.0 35397.0 35641.0 152.0 256.0 302.0 362.0 273.0 177.0 87.0 35837.0 35724.0 35595.0 35629.0 35634.0 35601.0 35580.0 35564.0 35543.0 35500.0 35487.0 35499.0 35506.0 35506.0 35505.0 35505.0 35506.0 35506.0 35490.0 35487.0 35492.0 35503.0
35520.0 35521.0 35519.0 35519.0 35527.0 35512.0 35501.0 35497.0 35517.0 35523.0 35536.0 35534.0 35527.0 35533.0 35529.0 35518.0 35507.0 35511.0 35506.0 35512.0 35522.0 35514.0 35519.0 35526.0 35566.0 237.0 711.0 127.0 35775.0 35569.0 35581.0 35448.0 35423.0 35385.0 35514.0 35607.0 35604.0 35572.0 35567.0 35546.0 35504.0 35491.0 35485.0 35489.0 35518.0 35536.0 35528.0 35509.0 35486.0 35484.0 35474.0 35482.0 35497.0 35516.0
35446.0 35447.0 35478.0 35491.0 35479.0 35476.0 35477.0 35466.0 35472.0 35482.0 35480.0 35470.0 35457.0 35446.0 35432.0 35438.0 35572.0 35871.0 35545.0 35548.0 35611.0 35670.0 35572.0 35542.0 35570.0 35554.0 35422.0 35413.0 35389.0 35393.0 35407.0 35401.0 35404.0 35395.0 35397.0 35422.0 35431.0 35454.0 35481.0 35497.0 35483.0 35497.0 35512.0 35506.0 35500.0 35495.0 35503.0 35499.0 35494.0 35494.0 35505.0 35506.0 35518.0 35525.0
35453.0 35460.0 35463.0 35433.0 35457.0 35466.0 35459.0 35473.0 35471.0 35484.0 35497.0 35686.0 359.0 241.0 227.0 168.0 35767.0 35595.0 35481.0 35450.0 35516.0 35514.0 35533.0 35533.0 35524.0 35518.0 35498.0 35475.0 35478.0 35477.0 35445.0 35450.0 35451.0 35427.0 35423.0 35433.0 35453.0 35438.0 35463.0 35461.0 35457.0 35467.0 35496.0 35500.0 35500.0 35514.0 35474.0 35483.0 35462.0 35483.0 35481.0 35467.0 35478.0 35484.0
35463.0 35461.0 35457.0 35467.0 35496.0 35500.0 35500.0 35514.0 35474.0 35483.0 35462.0 35483.0 35481.0 35467.0 35478.0 35484.0 35485.0 35466.0 35471.0 35478.0 35479.0 35486.0 35478.0 35410.0 35170.0 35280.0 35536.0 35737.0 35686.0 35587.0 35560.0 35395.0 35316.0 35272.0 35176.0 35222.0 35332.0 35425.0 35471.0 35494.0 35492.0 35463.0 35471.0 35465.0 35478.0 35472.0 35465.0 35490.0 35503.0 35514.0 35529.0 35544.0 35523.0 35567.0
35571.0 35570.0 35530.0 35508.0 35511.0 35499.0 35480.0 35480.0 35500.0 35500.0 35483.0 35504.0 35488.0 35467.0 35486.0 35504.0 35514.0 35518.0 35493.0 35491.0 35491.0 35496.0 35485.0 35478.0 35499.0 35485.0 35336.0 35448.0 35443.0 35439.0 35420.0 35439.0 35467.0 35428.0 35435.0 35466.0 35529.0 35521.0 35521.0 35516.0 35532.0 35525.0 35519.0 35540.0 35546.0 35533.0 35509.0 35484.0 35493.0 35506.0 35548.0 35534.0 35490.0 35521.0
35509.0 35517.0 35488.0 35484.0 35474.0 35469.0 35470.0 35483.0 35496.0 35511.0 35475.0 35489.0 35511.0 35520.0 35896.0 35548.0 35154.0 34803.0 34438.0 33868.0 33575.0 33719.0 34522.0 35092.0 34894.0 34780.0 35216.0 35258.0 35227.0 35223.0 35198.0 35185.0 35169.0 35163.0 35146.0 35166.0 35158.0 35151.0 35147.0 35170.0 35206.0 35212.0 35190.0 35204.0 35236.0 35224.0 35198.0 35220.0 35207.0 35238.0 35233.0 35179.0 35159.0 35141.0
35165.0 35177.0 35213.0 35236.0 35223.0 35204.0 35204.0 35203.0 35186.0 35161.0 35184.0 35199.0 35198.0 35206.0 35192.0 35223.0 35228.0 35199.0 35236.0 35268.0 35311.0 35343.0 35302.0 35086.0 34822.0 35194.0 35238.0 35228.0 35172.0 35118.0 35130.0 35122.0 35107.0 35141.0 35173.0 35128.0 35131.0 35162.0 35162.0 35166.0 35181.0 35190.0 35155.0 35173.0 35172.0 35191.0 35190.0 35226.0 35184.0 35165.0 35179.0 35154.0 35149.0 35175.0
35219.0 35227.0 35245.0 35253.0 35287.0 35286.0 35287.0 35330.0 35393.0 35355.0 35312.0 35131.0 35101.0 35192.0 35249.0 35289.0 35134.0 34666.0 34511.0 34248.0 34374.0 34863.0 35049.0 35075.0 35109.0 35117.0 35134.0 35143.0 35151.0 35179.0 35168.0 35176.0 35172.0 35226.0 35205.0 35178.0 35230.0 35224.0 35234.0 35210.0 35224.0 35229.0 35183.0 35199.0 35255.0 35265.0 35302.0 35225.0 35249.0 35257.0 35230.0 35243.0 35203.0 35215.0
35243.0 35203.0 35215.0 35248.0 35211.0 35215.0 35174.0 35161.0 35179.0 35214.0 35143.0 35064.0 35105.0 35131.0 35161.0 35198.0 35198.0 35178.0 35164.0 35448.0 35441.0 34697.0 34365.0 34581.0 35003.0 35163.0 35140.0 35103.0 35106.0 35099.0 35112.0 35138.0 35151.0 35140.0 35102.0 35101.0 35175.0 35167.0 35155.0 35150.0 35133.0 35127.0 35175.0 35160.0 35123.0 35160.0 35198.0 35179.0 35175.0 35177.0 35160.0 35137.0 35102.0 35107.0
35152.0 35199.0 35194.0 35190.0 35164.0 35162.0 35157.0 35127.0 35170.0 35196.0 35190.0 35222.0 35227.0 35212.0 35187.0 35181.0 35194.0 35189.0 35218.0 35240.0 35209.0 34580.0 32999.0 32137.0 31868.0 32322.0 32898.0 33216.0 33419.0 33492.0 33562.0 33568.0 33567.0 33618.0 33643.0 33607.0 33595.0 33593.0 33575.0 33572.0 33564.0 33503.0 33492.0 33524.0 33537.0 33522.0 33503.0 33511.0 33503.0 33518.0 33530.0 33568.0 33581.0 33634.0
35341.0 35351.0 35349.0 35356.0 35375.0 35410.0 35402.0 35387.0 35387.0 35441.0 35445.0 35485.0 35424.0 35393.0 35431.0 35428.0 35423.0 35409.0 35402.0 35389.0 35385.0 35399.0 35753.0 35253.0 35201.0 35275.0 35350.0 35289.0 35225.0 35260.0 35424.0 35455.0 35433.0 35414.0 35379.0 35396.0 35425.0 35429.0 35445.0 35456.0 35481.0 35502.0 35539.0 35495.0 35432.0 35390.0 35361.0 35389.0 35416.0 35423.0 35394.0 35447.0 35499.0 35492.0
35491.0 35476.0 35464.0 35445.0 35424.0 35429.0 35478.0 35485.0 35474.0 35462.0 35455.0 35435.0 35442.0 35395.0 35363.0 35549.0 35714.0 35450.0 35400.0 35509.0 35482.0 35404.0 35345.0 35340.0 35354.0 35332.0 35313.0 35299.0 35394.0 35426.0 35422.0 35433.0 35437.0 35425.0 35387.0 35417.0 35428.0 35435.0 35413.0 35430.0 35434.0 35465.0 35507.0 35419.0 35379.0 35388.0 35387.0 35378.0 35410.0 35449.0 35443.0 35393.0 35417.0 35452.0
35435.0 35447.0 35434.0 35438.0 35462.0 35462.0 35453.0 35446.0 35438.0 35456.0 35459.0 35454.0 35446.0 35454.0 35265.0 32795.0 31942.0 30983.0 30131.0 29406.0 29334.0 29946.0 30334.0 31732.0 31912.0 31987.0 31981.0 32005.0 32029.0 32019.0 31993.0 31988.0 32001.0 32010.0 32035.0 32291.0 33078.0 33581.0 34278.0 34718.0 35140.0 35600.0 113.0 189.0 47.0 96.0 99.0 83.0 55.0 81.0 62.0 78.0 101.0 108.0
151.0 138.0 158.0 167.0 91.0 7.0 20.0 45.0 64.0 55.0 79.0 84.0 89.0 78.0 27.0 37.0 603.0 1489.0 830.0 351.0 212.0 190.0 171.0 166.0 116.0 19.0 46.0 99.0 29.0 55.0 79.0 47.0 60.0 67.0 55.0 57.0 36.0 6.0 35999.0 11.0 31.0 43.0 56.0 102.0 81.0 69.0 89.0 57.0 45.0 35996.0 35975.0 35976.0 35983.0 35987.0
35994.0 7.0 35998.0 0.0 35986.0 35974.0 35979.0 35975.0 35994.0 35989.0 35984.0 35999.0 0.0 35992.0 35996.0 35994.0 35993.0 35982.0 35996.0 0.0 35996.0 2.0 12.0 19.0 5.0 4.0 5.0 8.0 12.0 48.0 1503.0 3721.0 3965.0 3301.0 2934.0 2652.0 2392.0 2433.0 2547.0 2403.0 2309.0 2265.0 2213.0 2209.0 2249.0 2224.0 2152.0 2085.0 2096.0 2090.0 2067.0 2056.0 1959.0 1195.0
18958.0 18922.0 19204.0 19141.0 19279.0 19176.0 19007.0 18968.0 18928.0 18972.0 18954.0 18977.0 18923.0 18884.0 18896.0 19455.0 19345.0 19025.0 18890.0 18849.0 18805.0 18768.0 18718.0 18723.0 18709.0 18702.0 18682.0 18677.0 18686.0 18696.0 18709.0 18731.0 18750.0 18748.0 18773.0 18799.0 18848.0 18914.0 18954.0 19004.0 19013.0 18994.0 19000.0 19032.0 19053.0 19039.0 18993.0 18965.0 18980.0 18979.0 18939.0 18937.0 18957.0 18861.0
18914.0 18954.0 19004.0 19013.0 18994.0 19000.0 19032.0 19053.0 19039.0 18993.0 18965.0 18980.0 18979.0 18939.0 18937.0 18957.0 18861.0 18577.0 18164.0 17551.0 17457.0 18032.0 18465.0 18768.0 18882.0 18915.0 18935.0 18941.0 18938.0 18937.0 18947.0 18959.0 18971.0 18976.0 18980.0 18987.0 18993.0 18992.0 18986.0 18981.0 18997.0 18996.0 18985.0 18988.0 19002.0 18991.0 18975.0 18976.0 18969.0 18956.0 18963.0 18970.0 18995.0 19022.0
18963.0 18970.0 18995.0 19022.0 19019.0 19003.0 18990.0 18974.0 18982.0 18975.0 18986.0 18993.0 18987.0 18975.0 18930.0 18091.0 16603.0 14613.0 12059.0 10520.0 9514.0 8753.0 8935.0 9768.0 9869.0 9852.0 9983.0 10265.0 10382.0 10396.0 10321.0 10317.0 10385.0 10418.0 10435.0 10451.0 10409.0 10337.0 10709.0 11499.0 12183.0 13006.0 13600.0 14154.0 14736.0 15447.0 16130.0 16863.0 17302.0 18204.0 19021.0 19858.0 19861.0 19614.0
19727.0 19721.0 19717.0 19717.0 19723.0 19730.0 19726.0 19710.0 19694.0 19704.0 19719.0 19727.0 19730.0 19731.0 19742.0 19794.0 20347.0 20353.0 20084.0 20115.0 19978.0 19885.0 19687.0 19508.0 19431.0 19355.0 19314.0 19395.0 19435.0 19488.0 19561.0 19584.0 19619.0 19615.0 19634.0 19660.0 19688.0 19661.0 19621.0 19623.0 19633.0 19650.0 19682.0 19723.0 19696.0 19705.0 19701.0 19708.0 19666.0 19661.0 19650.0 19632.0 19660.0 19699.0
19708.0 19704.0 19700.0 19684.0 19680.0 19705.0 19706.0 19686.0 19675.0 19656.0 19649.0 19680.0 19699.0 19706.0 19697.0 19683.0 19671.0 19655.0 19111.0 17632.0 15985.0 14696.0 13506.0 12563.0 11938.0 11911.0 12220.0 12719.0 13062.0 13221.0 13395.0 13402.0 13435.0 13514.0 13504.0 13495.0 13528.0 13550.0 13567.0 13568.0 13533.0 13523.0 13545.0 13597.0 13636.0 14003.0 14610.0 15260.0 15780.0 16501.0 16996.0 17658.0 17677.0 17561.0
18819.0 18832.0 18832.0 18822.0 18813.0 18812.0 18786.0 18785.0 18768.0 18779.0 18782.0 18788.0 18784.0 18771.0 18764.0 18801.0 18812.0 18797.0 18794.0 18787.0 18779.0 18777.0 18783.0 18777.0 18784.0 18754.0 18161.0 17798.0 17581.0 17226.0 17200.0 17828.0 18179.0 18466.0 18632.0 18723.0 18743.0 18647.0 18601.0 18690.0 18755.0 18790.0 18772.0 18759.0 18790.0 18759.0 18699.0 18727.0 18773.0 18763.0 18749.0 18727.0 18699.0 18694.0
18727.0 18773.0 18763.0 18749.0 18727.0 18699.0 18694.0 18708.0 18708.0 18736.0 18717.0 18725.0 18748.0 18726.0 18702.0 18698.0 18730.0 18754.0 18770.0 18714.0 18568.0 18474.0 18207.0 18519.0 18667.0 18660.0 18660.0 18719.0 18704.0 18699.0 18746.0 18749.0 18744.0 18750.0 18747.0 18768.0 18749.0 18750.0 18759.0 18774.0 18786.0 18765.0 18720.0 18714.0 18725.0 18725.0 18662.0 18644.0 18734.0 18753.0 18787.0 18817.0 18751.0 18691.0
18783.0 18778.0 18765.0 18813.0 18820.0 18727.0 18719.0 18743.0 18758.0 18773.0 18836.0 18823.0 18794.0 18812.0 18810.0 18818.0 18819.0 18727.0 18783.0 18861.0 18821.0 18748.0 18711.0 18761.0 18801.0 18810.0 18829.0 18854.0 18827.0 18817.0 18808.0 18820.0 18828.0 18797.0 18743.0 18735.0 18795.0 18815.0 18803.0 18782.0 18793.0 18781.0 18768.0 18764.0 18804.0 18826.0 18796.0 18734.0 18763.0 18850.0 18842.0 18829.0 18805.0 18778.0
18746.0 18755.0 18765.0 18764.0 18774.0 18787.0 18800.0 18811.0 18814.0 18819.0 18818.0 18828.0 18812.0 18796.0 18707.0 17909.0 17661.0 17628.0 17994.0 18171.0 17999.0 17922.0 18270.0 18534.0 18650.0 18676.0 18695.0 18688.0 18708.0 18752.0 18786.0 18795.0 18792.0 18758.0 18723.0 18716.0 18737.0 18736.0 18728.0 18754.0 18776.0 18763.0 18742.0 18746.0 18726.0 18721.0 18703.0 18672.0 18692.0 18726.0 18699.0 18673.0 18666.0 18714.0
18806.0 18789.0 18817.0 18811.0 18856.0 18861.0 18816.0 18816.0 18800.0 18784.0 18725.0 18719.0 18786.0 18782.0 18748.0 18734.0 18758.0 18803.0 18813.0 18790.0 18651.0 18403.0 17727.0 17588.0 18018.0 18379.0 18630.0 18618.0 18578.0 18598.0 18632.0 18707.0 18754.0 18745.0 18731.0 18716.0 18714.0 18713.0 18721.0 18670.0 18629.0 18611.0 18599.0 18640.0 18671.0 18722.0 18736.0 18730.0 18775.0 18813.0 18864.0 18863.0 18858.0 18788.0
18825.0 18906.0 18952.0 18939.0 18897.0 18849.0 18859.0 18865.0 18885.0 18847.0 18809.0 18764.0 18727.0 18716.0 18748.0 18710.0 18698.0 18652.0 18242.0 18667.0 18808.0 18732.0 18694.0 18697.0 18694.0 18746.0 18794.0 18808.0 18807.0 18817.0 18813.0 18772.0 18776.0 18784.0 18824.0 18849.0 18814.0 18760.0 18675.0 18710.0 18740.0 18735.0 18744.0 18754.0 18731.0 18679.0 18688.0 18606.0 18604.0 18626.0 18653.0 18595.0 18665.0 18764.0
18856.0 18806.0 18695.0 18697.0 18727.0 18751.0 18771.0 18746.0 18715.0 18718.0 18704.0 18716.0 18742.0 18772.0 18766.0 18721.0 18730.0 18775.0 18789.0 18792.0 18784.0 18698.0 18296.0 17926.0 17782.0 17899.0 17748.0 17953.0 17965.0 18024.0 18043.0 17999.0 17987.0 17996.0 18022.0 18031.0 18029.0 18049.0 18072.0 18086.0 18084.0 18035.0 17957.0 17963.0 18044.0 18074.0 18082.0 18060.0 18025.0 18038.0 18054.0 17991.0 18008.0 18007.0
18170.0 18157.0 18157.0 18172.0 18181.0 18183.0 18187.0 18192.0 18191.0 18199.0 18191.0 18189.0 18193.0 18182.0 18185.0 18197.0 18203.0 18195.0 18198.0 18200.0 18384.0 18374.0 18256.0 18390.0 18473.0 18196.0 17944.0 17823.0 17932.0 17952.0 17993.0 18023.0 18030.0 18149.0 18199.0 18192.0 18207.0 18203.0 18215.0 18215.0 18211.0 18213.0 18207.0 18176.0 18191.0 18168.0 18146.0 18144.0 18144.0 18166.0 18189.0 18214.0 18233.0 18295.0
18166.0 18173.0 18159.0 18165.0 18170.0 18158.0 18168.0 18181.0 18178.0 18193.0 18183.0 18176.0 18167.0 18180.0 18199.0 18375.0 18518.0 18370.0 18201.0 18105.0 18105.0 17987.0 17834.0 17768.0 17865.0 17943.0 18086.0 17975.0 17860.0 17930.0 17984.0 18047.0 18043.0 18084.0 18102.0 18160.0 18281.0 18283.0 18233.0 18236.0 18205.0 18154.0 18115.0 18110.0 18127.0 18139.0 18143.0 18152.0 18154.0 18152.0 18156.0 18155.0 18169.0 18175.0
18159.0 18171.0 18193.0 18189.0 18176.0 18159.0 18155.0 18157.0 18163.0 18184.0 18198.0 18203.0 18205.0 18212.0 18220.0 18214.0 18209.0 18166.0 18032.0 18071.0 18295.0 18273.0 18195.0 18204.0 18038.0 17996.0 18060.0 18101.0 18173.0 18220.0 18183.0 18070.0 17961.0 17984.0 18053.0 18101.0 18139.0 18183.0 18176.0 18177.0 18200.0 18222.0 18257.0 18218.0 18188.0 18172.0 18145.0 18133.0 18178.0 18207.0 18163.0 18173.0 18210.0 18191.0
18201.0 18205.0 18200.0 18186.0 18168.0 18131.0 18117.0 18137.0 18187.0 18214.0 18224.0 18222.0 18249.0 18266.0 18256.0 18107.0 16947.0 15351.0 13827.0 13698.0 14541.0 15007.0 15141.0 15208.0 15269.0 15287.0 15263.0 15284.0 15270.0 15286.0 15319.0 15326.0 15335.0 15347.0 15335.0 15315.0 15332.0 15339.0 15298.0 15303.0 15313.0 15323.0 15285.0 15265.0 15280.0 15264.0 15356.0 15470.0 15994.0 16551.0 16981.0 17681.0 18179.0 18686.0
18434.0 18447.0 18464.0 18442.0 18418.0 18438.0 18469.0 18508.0 18555.0 18578.0 18530.0 18485.0 18512.0 18568.0 18538.0 18493.0 18525.0 18517.0 18516.0 18459.0 17580.0 16697.0 16197.0 16300.0 16954.0 17606.0 17746.0 17801.0 17830.0 17874.0 17915.0 17945.0 17957.0 17963.0 17983.0 17984.0 17980.0 17968.0 17963.0 17961.0 17959.0 17994.0 17988.0 17971.0 17977.0 17978.0 17948.0 17926.0 17927.0 17928.0 17918.0 17881.0 17866.0 17875.0
17897.0 17876.0 17838.0 17817.0 17840.0 17863.0 17857.0 17869.0 17866.0 17855.0 17852.0 17797.0 17781.0 17850.0 17852.0 17837.0 17795.0 17117.0 16528.0 15918.0 15983.0 16731.0 17097.0 17400.0 17413.0 17412.0 17395.0 17365.0 17354.0 17423.0 17475.0 17482.0 17471.0 17469.0 17457.0 17474.0 17493.0 17457.0 17456.0 17466.0 17459.0 17466.0 17502.0 17526.0 17499.0 17472.0 17455.0 17431.0 17592.0 18015.0 18416.0 18768.0 18584.0 18562.0
18604.0 18577.0 18560.0 18556.0 18558.0 18560.0 18561.0 18584.0 18589.0 18600.0 18591.0 18561.0 18547.0 18561.0 18565.0 18561.0 18575.0 18569.0 18535.0 18471.0 18003.0 17779.0 17493.0 16811.0 16251.0 16267.0 16734.0 17042.0 17364.0 17479.0 17517.0 17588.0 17660.0 17712.0 17705.0 17708.0 17701.0 17711.0 17731.0 17741.0 17747.0 17716.0 17694.0 17725.0 17755.0 17758.0 17742.0 17692.0 17664.0 17696.0 17713.0 17718.0 17737.0 17709.0
17592.0 17587.0 17702.0 17738.0 17705.0 17701.0 17737.0 17699.0 17704.0 17636.0 17572.0 17484.0 17326.0 17534.0 17643.0 17558.0 17492.0 16828.0 16025.0 15488.0 15136.0 15362.0 15903.0 16290.0 16512.0 16543.0 16565.0 16659.0 16663.0 16671.0 16686.0 16704.0 16705.0 16715.0 16721.0 16702.0 16704.0 16705.0 16656.0 16628.0 16628.0 16662.0 16668.0 16663.0 16692.0 16725.0 16737.0 16722.0 16728.0 16728.0 16722.0 16696.0 16671.0 16670.0
26906.0 26897.0 26930.0 26989.0 26967.0 26949.0 26967.0 26979.0 26977.0 26965.0 26936.0 26926.0 26949.0 26939.0 26929.0 26942.0 26931.0 26908.0 26894.0 26892.0 26726.0 25900.0 25539.0 25738.0 26372.0 26841.0 26897.0 26944.0 26916.0 26947.0 26920.0 26918.0 26940.0 26961.0 26958.0 26959.0 26940.0 26896.0 26861.0 26852.0 26863.0 26882.0 26913.0 26956.0 26918.0 26933.0 26925.0 26918.0 26901.0 26880.0 26853.0 26849.0 26823.0 26846.0
26889.0 26931.0 26979.0 27001.0 26981.0 26973.0 26994.0 26876.0 26803.0 26879.0 26864.0 26854.0 26895.0 26898.0 26854.0 26856.0 26893.0 26909.0 26906.0 26899.0 26919.0 26893.0 26852.0 26819.0 26185.0 25706.0 25844.0 26540.0 26846.0 26905.0 26863.0 26865.0 26894.0 26810.0 26844.0 26881.0 26911.0 26919.0 26891.0 26872.0 26855.0 26854.0 26860.0 26852.0 26853.0 26849.0 26846.0 26851.0 26855.0 26851.0 26883.0 26904.0 26883.0 26881.0
26847.0 26860.0 26875.0 26877.0 26879.0 26875.0 26878.0 26889.0 26891.0 26903.0 26910.0 26913.0 26904.0 26918.0 26924.0 26928.0 26932.0 26937.0 26938.0 26942.0 26925.0 26913.0 26907.0 26904.0 26920.0 26932.0 26909.0 26909.0 26977.0 26570.0 25385.0 24619.0 24005.0 23301.0 22963.0 23021.0 23587.0 23994.0 24142.0 24309.0 24497.0 24572.0 24553.0 24546.0 24580.0 24600.0 24624.0 24646.0 24649.0 24642.0 24628.0 24575.0 24532.0 24516.0
27613.0 27607.0 27607.0 27603.0 27605.0 27614.0 27618.0 27619.0 27630.0 27623.0 27623.0 27621.0 27607.0 27615.0 27619.0 27610.0 27618.0 27560.0 27391.0 26866.0 26477.0 26587.0 26845.0 27122.0 27265.0 27275.0 27438.0 27590.0 27505.0 27400.0 27534.0 27585.0 27618.0 27636.0 27620.0 27605.0 27612.0 27625.0 27589.0 27571.0 27553.0 27550.0 27611.0 27635.0 27656.0 27659.0 27655.0 27656.0 27666.0 27652.0 27643.0 27646.0 27650.0 27643.0
27616.0 27587.0 27573.0 27574.0 27560.0 27580.0 27629.0 27661.0 27676.0 27661.0 27690.0 27733.0 27741.0 27744.0 27708.0 27690.0 27653.0 27648.0 27648.0 27639.0 27639.0 27627.0 27638.0 27655.0 27662.0 27669.0 27080.0 25074.0 22778.0 20130.0 18657.0 18723.0 19415.0 19916.0 20106.0 20146.0 20140.0 20233.0 20265.0 20217.0 20174.0 20247.0 20287.0 20313.0 20310.0 20308.0 20303.0 20301.0 20293.0 20289.0 20283.0 20279.0 20296.0 20302.0
27790.0 27827.0 27850.0 27815.0 27800.0 27808.0 27821.0 27801.0 27799.0 27816.0 27824.0 27825.0 27793.0 27762.0 27795.0 27801.0 27774.0 27754.0 27766.0 27829.0 27848.0 27829.0 27842.0 27859.0 27834.0 27918.0 27852.0 27947.0 28053.0 27936.0 27858.0 27787.0 27787.0 27765.0 27690.0 27750.0 27838.0 27863.0 27864.0 27852.0 27846.0 27843.0 27823.0 27797.0 27813.0 27810.0 27762.0 27720.0 27719.0 27755.0 27758.0 27747.0 27733.0 27742.0
27789.0 27744.0 27730.0 27718.0 27690.0 27695.0 27667.0 27650.0 27652.0 27656.0 27650.0 27671.0 27680.0 27695.0 27697.0 27705.0 27714.0 27731.0 27724.0 27718.0 27705.0 27706.0 27727.0 27747.0 27751.0 27715.0 27673.0 27692.0 27675.0 27271.0 27375.0 27832.0 27783.0 27695.0 27762.0 27773.0 27760.0 27778.0 27796.0 27794.0 27769.0 27768.0 27766.0 27777.0 27791.0 27785.0 27785.0 27805.0 27799.0 27796.0 27779.0 27775.0 27761.0 27746.0
27771.0 27761.0 27762.0 27752.0 27741.0 27745.0 27760.0 27744.0 27747.0 27745.0 27778.0 27818.0 27841.0 27823.0 27819.0 27813.0 27792.0 27784.0 27791.0 27804.0 27764.0 27733.0 27756.0 27880.0 27547.0 27756.0 28028.0 27676.0 27638.0 27751.0 27821.0 27903.0 27878.0 27872.0 27906.0 27900.0 27856.0 27848.0 27835.0 27837.0 27829.0 27822.0 27824.0 27808.0 27834.0 27835.0 27838.0 27817.0 27799.0 27791.0 27788.0 27800.0 27816.0 27798.0
27762.0 27762.0 27771.0 27760.0 27769.0 27773.0 27766.0 27756.0 27773.0 27772.0 27768.0 27759.0 27768.0 27778.0 27784.0 27797.0 27942.0 27768.0 27841.0 27746.0 27756.0 27781.0 27726.0 27666.0 27756.0 27821.0 27870.0 27819.0 27799.0 27811.0 27790.0 27792.0 27791.0 27783.0 27770.0 27758.0 27747.0 27748.0 27750.0 27753.0 27751.0 27759.0 27758.0 27741.0 27738.0 27732.0 27733.0 27731.0 27748.0 27765.0 27783.0 27794.0 27808.0 27791.0
27846.0 27835.0 27884.0 27865.0 27837.0 27894.0 27930.0 27936.0 27859.0 27854.0 27819.0 27803.0 27826.0 27740.0 27246.0 27047.0 27483.0 27800.0 27808.0 27800.0 27833.0 27873.0 27903.0 27929.0 27947.0 27929.0 27924.0 27916.0 27908.0 27941.0 27964.0 28007.0 28066.0 28108.0 28076.0 28039.0 27957.0 27871.0 27746.0 27749.0 27779.0 27762.0 27744.0 27739.0 27723.0 27707.0 27732.0 27778.0 27741.0 27709.0 27731.0 27780.0 27796.0 27799.0
27840.0 27895.0 27909.0 27886.0 27852.0 27853.0 27853.0 27838.0 27845.0 27836.0 27824.0 27835.0 27846.0 27839.0 27880.0 27888.0 27229.0 25809.0 24888.0 24592.0 24707.0 25170.0 25640.0 25974.0 26140.0 26189.0 26218.0 26287.0 26278.0 26321.0 26312.0 26288.0 26247.0 26293.0 26260.0 26281.0 26189.0 26148.0 26199.0 26081.0 26075.0 26291.0 26427.0 26445.0 26389.0 26256.0 26201.0 26162.0 26107.0 26174.0 26203.0 26237.0 26197.0 26206.0
26359.0 26286.0 26293.0 26354.0 26391.0 26421.0 26424.0 26440.0 26401.0 26354.0 26335.0 26394.0 26406.0 26387.0 26293.0 26205.0 26276.0 26292.0 26309.0 26552.0 26103.0 25223.0 24968.0 25078.0 24989.0 24863.0 25030.0 25580.0 25976.0 26297.0 26359.0 26389.0 26430.0 26416.0 26373.0 26338.0 26301.0 26285.0 26305.0 26326.0 26340.0 26328.0 26281.0 26299.0 26345.0 26312.0 26303.0 26286.0 26258.0 26242.0 26252.0 26273.0 26238.0 26210.0
26262.0 26129.0 26118.0 26280.0 26204.0 26095.0 26138.0 26150.0 26346.0 26318.0 26366.0 26378.0 26347.0 26346.0 26770.0 26500.0 26291.0 26301.0 26325.0 26307.0 26274.0 26299.0 26355.0 26304.0 26318.0 26400.0 26280.0 26174.0 26237.0 26257.0 26218.0 26215.0 26279.0 26354.0 26309.0 26314.0 26308.0 26298.0 26266.0 26265.0 26256.0 26254.0 26227.0 26229.0 26242.0 26273.0 26303.0 26362.0 26363.0 26323.0 26337.0 26400.0 26360.0 26322.0
26422.0 26357.0 26327.0 26329.0 26333.0 26316.0 26317.0 26312.0 26318.0 26325.0 26331.0 26331.0 26586.0 26811.0 26399.0 26339.0 26367.0 26368.0 26366.0 26372.0 26349.0 26353.0 26349.0 26335.0 26338.0 26334.0 26335.0 26348.0 26345.0 26349.0 26336.0 26294.0 26283.0 26321.0 26331.0 26359.0 26398.0 26407.0 26360.0 26298.0 26284.0 26342.0 26397.0 26300.0 26230.0 26276.0 26318.0 26263.0 26260.0 26274.0 26259.0 26253.0 26260.0 26167.0
26312.0 26450.0 26514.0 26384.0 26389.0 26458.0 26477.0 26474.0 26506.0 26533.0 26400.0 26294.0 26266.0 26305.0 26306.0 26183.0 26842.0 26972.0 26455.0 26222.0 26221.0 26235.0 26299.0 26295.0 26342.0 26451.0 26386.0 26246.0 26397.0 26366.0 26286.0 26281.0 26473.0 26390.0 26318.0 26236.0 26233.0 26176.0 26244.0 26154.0 26201.0 26220.0 26147.0 26239.0 26196.0 26167.0 26135.0 26274.0 26237.0 26215.0 26315.0 26288.0 26270.0 26288.0
27352.0 27312.0 27402.0 27383.0 27123.0 26757.0 26479.0 26139.0 25826.0 25434.0 25129.0 25030.0 25055.0 24993.0 25123.0 25280.0 25424.0 25797.0 26078.0 25656.0 25308.0 25296.0 25182.0 25157.0 25262.0 25296.0 25276.0 25241.0 25203.0 25281.0 25311.0 25315.0 25362.0 25365.0 25274.0 25270.0 25319.0 25238.0 25193.0 25273.0 25286.0 25279.0 25294.0 25317.0 25283.0 25277.0 25307.0 25292.0 25273.0 25340.0 25331.0 25116.0 24998.0 25044.0
25774.0 25762.0 25727.0 25804.0 25698.0 25641.0 25693.0 25703.0 25651.0 25630.0 25724.0 25756.0 25784.0 25785.0 25804.0 25779.0 25778.0 25772.0 25508.0 24356.0 22842.0 22350.0 22523.0 23053.0 23515.0 23853.0 23950.0 23939.0 23928.0 23938.0 23956.0 23928.0 23920.0 23956.0 23994.0 23995.0 24019.0 24086.0 24077.0 24002.0 23922.0 23960.0 23959.0 23983.0 24008.0 23976.0 23975.0 23963.0 23986.0 23995.0 23990.0 24032.0 24223.0 24465.0
27089.0 27059.0 26978.0 26956.0 26947.0 26962.0 26972.0 26976.0 26990.0 26996.0 27004.0 27035.0 27056.0 27044.0 27045.0 27060.0 27061.0 27127.0 28418.0 27628.0 27192.0 27106.0 27107.0 27058.0 27057.0 27066.0 27064.0 27035.0 27011.0 26995.0 27006.0 27012.0 27003.0 26997.0 26949.0 26931.0 26991.0 26991.0 26996.0 27013.0 27053.0 27059.0 27013.0 27023.0 27006.0 27096.0 27093.0 27068.0 27049.0 27034.0 27035.0 27044.0 26988.0 26964.0
26989.0 26978.0 26990.0 27014.0 26978.0 26989.0 27013.0 27029.0 27025.0 27023.0 27022.0 27012.0 27035.0 27083.0 27081.0 27061.0 27055.0 27055.0 27049.0 27457.0 27699.0 27113.0 26944.0 27058.0 27011.0 26947.0 26945.0 26967.0 26993.0 26983.0 27039.0 27085.0 27076.0 27033.0 27002.0 27014.0 27035.0 27056.0 27043.0 27022.0 27035.0 27023.0 27043.0 27034.0 27020.0 27048.0 27078.0 27113.0 27196.0 27206.0 27124.0 27103.0 27108.0 27171.0
27623.0 27656.0 27690.0 27710.0 27727.0 27734.0 27776.0 27830.0 27819.0 27810.0 27812.0 27681.0 27584.0 27595.0 27617.0 27621.0 27600.0 27588.0 27600.0 27574.0 27583.0 27598.0 27638.0 27687.0 27713.0 27759.0 27727.0 27737.0 27748.0 27743.0 27743.0 27743.0 27801.0 27828.0 27717.0 27657.0 27713.0 27703.0 27624.0 27589.0 27609.0 27661.0 27662.0 27698.0 27724.0 27728.0 27742.0 27701.0 27710.0 27746.0 27724.0 27720.0 27752.0 27689.0
27153.0 27125.0 27152.0 27178.0 27145.0 27044.0 26965.0 26920.0 26924.0 26890.0 26913.0 26979.0 27052.0 27152.0 27935.0 27480.0 27180.0 27128.0 27194.0 27156.0 27144.0 27201.0 27192.0 27175.0 27157.0 27095.0 27072.0 27083.0 27117.0 27173.0 27150.0 27123.0 27093.0 27000.0 26947.0 27016.0 27021.0 27015.0 26926.0 26852.0 26887.0 27031.0 27038.0 27021.0 26985.0 26958.0 26947.0 26976.0 27032.0 27082.0 27069.0 27054.0 27082.0 27096.0
27630.0 27591.0 27635.0 27619.0 27647.0 27646.0 27631.0 27636.0 27645.0 27694.0 27742.0 27787.0 27789.0 27851.0 27923.0 27799.0 27682.0 27649.0 27651.0 27686.0 27441.0 27347.0 27672.0 27699.0 27692.0 27700.0 27750.0 27779.0 27715.0 27707.0 27695.0 27697.0 27689.0 27665.0 27647.0 27674.0 27711.0 27682.0 27644.0 27635.0 27575.0 27581.0 27642.0 27661.0 27655.0 27602.0 27592.0 27594.0 27609.0 27620.0 27693.0 27715.0 27560.0 27538.0
27684.0 27695.0 27692.0 27719.0 27715.0 27733.0 27786.0 27830.0 27763.0 27696.0 27678.0 27744.0 27989.0 27836.0 27775.0 27938.0 27828.0 27741.0 27744.0 27768.0 27812.0 27795.0 27801.0 27923.0 27909.0 27844.0 27821.0 27859.0 27839.0 27801.0 27694.0 27644.0 27601.0 27657.0 27704.0 27748.0 27784.0 27742.0 27650.0 27578.0 27556.0 27653.0 27700.0 27674.0 27674.0 27663.0 27641.0 27576.0 27574.0 27620.0 27554.0 27575.0 27582.0 27539.0
27588.0 27531.0 27522.0 27579.0 27634.0 27655.0 27595.0 27570.0 27564.0 27511.0 27541.0 27597.0 27623.0 26957.0 26445.0 26684.0 26990.0 27073.0 27166.0 27539.0 27661.0 27640.0 27672.0 27657.0 27747.0 27746.0 27661.0 27630.0 27685.0 27744.0 27774.0 27724.0 27585.0 27535.0 27532.0 27624.0 27738.0 27713.0 27711.0 27687.0 27644.0 27625.0 27580.0 27626.0 27583.0 27570.0 27636.0 27596.0 27612.0 27644.0 27744.0 27726.0 27697.0 27710.0
27713.0 27649.0 27618.0 27665.0 27682.0 27680.0 27674.0 27699.0 27643.0 27611.0 27616.0 27598.0 27551.0 27646.0 27656.0 27538.0 27572.0 27598.0 27580.0 27641.0 27550.0 27450.0 27517.0 27653.0 27688.0 27625.0 27622.0 27708.0 27591.0 27610.0 27702.0 27722.0 27790.0 27613.0 27580.0 27666.0 27812.0 27758.0 27781.0 27767.0 27727.0 27614.0 27620.0 27640.0 27654.0 27713.0 27679.0 27648.0 27607.0 27575.0 27558.0 27549.0 27522.0 27524.0
27563.0 27544.0 27641.0 27727.0 27709.0 27659.0 27643.0 27623.0 27616.0 27636.0 27637.0 27627.0 27801.0 27755.0 27769.0 27789.0 27803.0 27807.0 27674.0 27617.0 26989.0 26577.0 27639.0 27797.0 27622.0 27551.0 27564.0 27625.0 27610.0 27707.0 27799.0 27844.0 27859.0 27781.0 27736.0 27707.0 27658.0 27704.0 27751.0 27769.0 27737.0 27758.0 27760.0 27724.0 27678.0 27644.0 27649.0 27652.0 27629.0 27606.0 27639.0 27611.0 27598.0 27562.0
27662.0 27650.0 27670.0 27657.0 27654.0 27665.0 27653.0 27686.0 27674.0 27672.0 27707.0 27707.0 27696.0 27691.0 27646.0 27667.0 27673.0 27469.0 27487.0 27724.0 27629.0 27553.0 27605.0 27647.0 27670.0 27740.0 27751.0 27712.0 27654.0 27671.0 27690.0 27591.0 27596.0 27601.0 27603.0 27655.0 27659.0 27679.0 27727.0 27703.0 27704.0 27650.0 27665.0 27699.0 27647.0 27604.0 27639.0 27648.0 27638.0 27676.0 27706.0 27657.0 27633.0 27605.0
9178.0 9193.0 9197.0 9200.0 9150.0 9178.0 9208.0 9218.0 9206.0 9227.0 9198.0 9226.0 9201.0 9175.0 9518.0 9669.0 9216.0 9226.0 9188.0 9145.0 9034.0 9124.0 9112.0 9138.0 9186.0 9169.0 9129.0 9130.0 9219.0 9180.0 9148.0 9197.0 9223.0 9273.0 9282.0 9249.0 9240.0 9257.0 9163.0 9102.0 9186.0 9212.0 9215.0 9205.0 9284.0 9263.0 9208.0 9194.0 9151.0 9170.0 9181.0 9203.0 9223.0 9251.0
9187.0 9192.0 9215.0 9255.0 9216.0 9234.0 9236.0 9241.0 9203.0 9198.0 9198.0 9191.0 9175.0 9159.0 9158.0 9157.0 9166.0 9259.0 9289.0 9196.0 9245.0 9234.0 9187.0 9145.0 9155.0 9168.0 9178.0 9184.0 9203.0 9206.0 9179.0 9195.0 9185.0 9179.0 9197.0 9204.0 9216.0 9217.0 9188.0 9162.0 9175.0 9182.0 9184.0 9221.0 9181.0 9216.0 9191.0 9191.0 9179.0 9199.0 9184.0 9183.0 9184.0 9170.0
9131.0 9207.0 9236.0 9221.0 9161.0 9161.0 9203.0 9180.0 9157.0 9158.0 9230.0 9170.0 9157.0 9160.0 8627.0 8277.0 8641.0 8968.0 9100.0 9132.0 9077.0 9126.0 9100.0 9096.0 9138.0 9163.0 9224.0 9238.0 9244.0 9250.0 9289.0 9278.0 9178.0 9233.0 9256.0 9233.0 9160.0 9200.0 9201.0 8999.0 9161.0 9150.0 9177.0 9184.0 9230.0 9199.0 9159.0 9169.0 9171.0 9280.0 9549.0 9949.0 10078.0 10025.0
8990.0 8967.0 8991.0 9033.0 9030.0 9037.0 9006.0 9021.0 8775.0 8014.0 8367.0 8778.0 8866.0 8932.0 8906.0 8998.0 8935.0 8934.0 8963.0 8934.0 8933.0 8946.0 9100.0 8949.0 8968.0 8931.0 8941.0 8925.0 8944.0 8945.0 9011.0 9010.0 8993.0 8945.0 8915.0 8981.0 8989.0 8998.0 9004.0 9011.0 8957.0 9043.0 9016.0 9016.0 9034.0 9004.0 9021.0 9043.0 9062.0 9058.0 9022.0 9009.0 8984.0 9014.0
9022.0 9009.0 8984.0 9014.0 8942.0 8908.0 8943.0 8971.0 8961.0 8970.0 8957.0 9032.0 9097.0 8900.0 7176.0 8856.0 8915.0 9017.0 9075.0 9059.0 9035.0 8977.0 9030.0 9108.0 9073.0 9062.0 9084.0 9076.0 9098.0 9133.0 9137.0 9184.0 9110.0 9059.0 9076.0 9053.0 9062.0 9047.0 9036.0 9028.0 9015.0 9028.0 8991.0 9022.0 9031.0 9035.0 9019.0 9067.0 9038.0 9050.0 9024.0 8998.0 9017.0 9032.0
9067.0 9038.0 9050.0 9024.0 8998.0 9017.0 9032.0 9055.0 9026.0 7263.0 5636.0 7292.0 8786.0 8936.0 8780.0 8816.0 8840.0 8900.0 8932.0 9003.0 9025.0 8970.0 9002.0 9004.0 8991.0 9023.0 9011.0 9063.0 9008.0 8954.0 8960.0 8972.0 8931.0 8925.0 8880.0 8925.0 8985.0 8997.0 9002.0 8995.0 9001.0 8947.0 8936.0 8974.0 8986.0 8979.0 8987.0 9004.0 9018.0 9009.0 8995.0 8986.0 9061.0 9067.0
9012.0 9024.0 9051.0 9096.0 9045.0 8999.0 8997.0 9036.0 9008.0 8928.0 8943.0 8997.0 9050.0 9010.0 9045.0 8954.0 8567.0 8326.0 8946.0 8850.0 8990.0 9020.0 8972.0 8945.0 8981.0 8982.0 8997.0 8973.0 8979.0 8973.0 8967.0 8918.0 8863.0 8828.0 8820.0 8905.0 8968.0 8953.0 8994.0 9020.0 9037.0 9069.0 9023.0 8994.0 9013.0 9000.0 9021.0 8970.0 8977.0 8903.0 8886.0 8918.0 8955.0 8958.0
8957.0 8962.0 8935.0 8924.0 8857.0 8926.0 8985.0 8955.0 9006.0 8995.0 9007.0 9020.0 9023.0 9024.0 9083.0 9024.0 8343.0 8111.0 9026.0 8904.0 8937.0 8890.0 8915.0 9017.0 9059.0 9071.0 9089.0 9030.0 9044.0 8987.0 8927.0 8901.0 8911.0 8910.0 8935.0 8979.0 9003.0 8941.0 8939.0 8945.0 8955.0 8949.0 8951.0 8990.0 9012.0 9013.0 9015.0 9008.0 9006.0 9007.0 9020.0 9024.0 8995.0 8998.0
9066.0 9111.0 9132.0 9103.0 9096.0 9078.0 9062.0 9132.0 9112.0 9010.0 8996.0 9006.0 9006.0 8514.0 8769.0 8842.0 8978.0 9022.0 9062.0 9032.0 9001.0 9024.0 9001.0 9011.0 9021.0 9001.0 8986.0 8974.0 8985.0 8949.0 8907.0 8959.0 8969.0 9013.0 9045.0 9074.0 9124.0 8962.0 8995.0 9057.0 9052.0 8990.0 8920.0 8942.0 8957.0 8958.0 9032.0 9009.0 8981.0 8997.0 8984.0 8998.0 8969.0 8959.0
8951.0 9090.0 9063.0 9049.0 9073.0 9076.0 9079.0 9073.0 9069.0 9019.0 8994.0 9007.0 9005.0 8999.0 8952.0 8956.0 8837.0 7623.0 7448.0 8413.0 8595.0 8885.0 8892.0 8951.0 8968.0 9012.0 9063.0 9042.0 9033.0 9011.0 8976.0 9019.0 8955.0 8964.0 8912.0 9000.0 9025.0 9037.0 9005.0 9007.0 8992.0 8958.0 8968.0 9033.0 9073.0 9043.0 9024.0 9035.0 9048.0 9052.0 9016.0 8987.0 9002.0 8953.0
8992.0 9027.0 9065.0 9022.0 9030.0 8962.0 8924.0 8922.0 8956.0 8934.0 8858.0 8966.0 8305.0 8853.0 8931.0 9025.0 8939.0 8954.0 8967.0 8991.0 9023.0 9047.0 8918.0 8850.0 8889.0 8897.0 8973.0 9049.0 9065.0 9179.0 9267.0 9194.0 9095.0 9096.0 9048.0 9080.0 9076.0 8999.0 8998.0 9013.0 8989.0 8995.0 9003.0 8946.0 9003.0 8992.0 9005.0 8989.0 8985.0 8974.0 8995.0 8989.0 9009.0 9026.0
8740.0 8820.0 8898.0 8960.0 9003.0 9053.0 9062.0 9041.0 8954.0 8965.0 8932.0 8920.0 8923.0 8909.0 8953.0 9034.0 8769.0 8085.0 8326.0 8775.0 8968.0 9048.0 9044.0 9051.0 9028.0 9051.0 9054.0 9064.0 9001.0 9006.0 8983.0 8983.0 8994.0 9018.0 9028.0 9010.0 8970.0 8976.0 9012.0 8992.0 9082.0 9028.0 8984.0 9039.0 9049.0 9042.0 9001.0 9000.0 9001.0 9015.0 9011.0 9026.0 8998.0 8919.0
