-1223734318.0 -1223734316.0 -1223734314.0 -1223734309.0 -1223734298.0 -1223734284.0 -1223734273.0 -1223734261.0 -1223734253.0 -1223734243.0 -1223734233.0 -1223734221.0 -1223734214.0 -1223734215.0 -1223734219.0 -1223734225.0 -1223734231.0 -1223734240.0 -1223734245.0 -1223734246.0 -1223734243.0 -1223734234.0 -1223734226.0 -1223734214.0 -1223734204.0 -1223734197.0 -1223734193.0 -1223734191.0 -1223734188.0 -1223734184.0
-1223734179.0 -1223734172.0 -1223734168.0 -1223734169.0 -1223734173.0 -1223734183.0 -1223734194.0 -1223734208.0 -1223734221.0 -1223734237.0 -1223734251.0 -1223734259.0 -1223734265.0 -1223734267.0 -1223734268.0 -1223734270.0 -1223734272.0 -1223734275.0 -1223734285.0 -1223734289.0 -1223734296.0 -1223734301.0 -1223734304.0 -1223734308.0 -1223734314.0 -1223734323.0 -1223734331.0 -1223734345.0 -1223734350.0 -1223734352.0
-1223734350.0 -1223734352.0 -1223734357.0 -1223734364.0 -1223734372.0 -1223734377.0 -1223734381.0 -1223734384.0 -1223734386.0 -1223734386.0 -1223734380.0 -1223734379.0 -1223734377.0 -1223734374.0 -1223734374.0 -1223734372.0 -1223734371.0 -1223734368.0 -1223734366.0 -1223734364.0 -1223734363.0 -1223734363.0 -1223734362.0 -1223734362.0 -1223734362.0 -1223734362.0 -1223734364.0 -1223734363.0 -1223734362.0 -1223734361.0
-1223734361.0 -1223734361.0 -1223734362.0 -1223734364.0 -1223734366.0 -1223734369.0 -1223734373.0 -1223734378.0 -1223734382.0 -1223734388.0 -1223734393.0 -1223734397.0 -1223734398.0 -1223734400.0 -1223734399.0 -1223734399.0 -1223734399.0 -1223734400.0 -1223734399.0 -1223734397.0 -1223734397.0 -1223734396.0 -1223734396.0 -1223734393.0 -1223734391.0 -1223734393.0 -1223734394.0 -1223734396.0 -1223734400.0 -1223734402.0
-1223734402.0 -1223734404.0 -1223734404.0 -1223734403.0 -1223734406.0 -1223734406.0 -1223734407.0 -1223734409.0 -1223734410.0 -1223734413.0 -1223734415.0 -1223734417.0 -1223734418.0 -1223734418.0 -1223734416.0 -1223734414.0 -1223734412.0 -1223734408.0 -1223734404.0 -1223734399.0 -1223734394.0 -1223734386.0 -1223734377.0 -1223734370.0 -1223734363.0 -1223734360.0 -1223734359.0 -1223734359.0 -1223734360.0 -1223734360.0
-1223732077.0 -1223732085.0 -1223732094.0 -1223732102.0 -1223732107.0 -1223732114.0 -1223732119.0 -1223732121.0 -1223732122.0 -1223732122.0 -1223732124.0 -1223732127.0 -1223732129.0 -1223732132.0 -1223732125.0 -1223732089.0 -1223732037.0 -1223731993.0 -1223731976.0 -1223731974.0 -1223731982.0 -1223731995.0 -1223731997.0 -1223731998.0 -1223732002.0 -1223732016.0 -1223732022.0 -1223732033.0 -1223732031.0 -1223732031.0
-1223732083.0 -1223732081.0 -1223732078.0 -1223732077.0 -1223732073.0 -1223732067.0 -1223732064.0 -1223732059.0 -1223732059.0 -1223732056.0 -1223732055.0 -1223732053.0 -1223732050.0 -1223732046.0 -1223732041.0 -1223732038.0 -1223732036.0 -1223732023.0 -1223731991.0 -1223731957.0 -1223731934.0 -1223731916.0 -1223731909.0 -1223731901.0 -1223731900.0 -1223731904.0 -1223731912.0 -1223731926.0 -1223731934.0 -1223731941.0
-1223732025.0 -1223732019.0 -1223732012.0 -1223732007.0 -1223732001.0 -1223731998.0 -1223731997.0 -1223731995.0 -1223731993.0 -1223731993.0 -1223731990.0 -1223731988.0 -1223731986.0 -1223731986.0 -1223731986.0 -1223731989.0 -1223731991.0 -1223731995.0 -1223731993.0 -1223731989.0 -1223731985.0 -1223731978.0 -1223731971.0 -1223731969.0 -1223731969.0 -1223731972.0 -1223731978.0 -1223731989.0 -1223731993.0 -1223731999.0
-1223732049.0 -1223732050.0 -1223732050.0 -1223732056.0 -1223732061.0 -1223732065.0 -1223732067.0 -1223732069.0 -1223732074.0 -1223732077.0 -1223732077.0 -1223732078.0 -1223732080.0 -1223732080.0 -1223732080.0 -1223732081.0 -1223732087.0 -1223732094.0 -1223732103.0 -1223732105.0 -1223732105.0 -1223732099.0 -1223732088.0 -1223732073.0 -1223732053.0 -1223732036.0 -1223732018.0 -1223732008.0 -1223732001.0 -1223732000.0
-1223732039.0 -1223732040.0 -1223732041.0 -1223732041.0 -1223732042.0 -1223732046.0 -1223732050.0 -1223732053.0 -1223732054.0 -1223732052.0 -1223732056.0 -1223732055.0 -1223732055.0 -1223732055.0 -1223732051.0 -1223732037.0 -1223732022.0 -1223731998.0 -1223731982.0 -1223731983.0 -1223731978.0 -1223731976.0 -1223731978.0 -1223731984.0 -1223731989.0 -1223731995.0 -1223732005.0 -1223732016.0 -1223732024.0 -1223732033.0
-1223732149.0 -1223732152.0 -1223732155.0 -1223732155.0 -1223732154.0 -1223732150.0 -1223732144.0 -1223732137.0 -1223732126.0 -1223732120.0 -1223732103.0 -1223732085.0 -1223732059.0 -1223732030.0 -1223732005.0 -1223731990.0 -1223731977.0 -1223731977.0 -1223731979.0 -1223731990.0 -1223731997.0 -1223732006.0 -1223732011.0 -1223732012.0 -1223732014.0 -1223732019.0 -1223732019.0 -1223732023.0 -1223732030.0 -1223732032.0
-1223732050.0 -1223732056.0 -1223732053.0 -1223732054.0 -1223732057.0 -1223732061.0 -1223732061.0 -1223732062.0 -1223732060.0 -1223732059.0 -1223732060.0 -1223732060.0 -1223732062.0 -1223732062.0 -1223732060.0 -1223732029.0 -1223731983.0 -1223731937.0 -1223731913.0 -1223731909.0 -1223731915.0 -1223731921.0 -1223731924.0 -1223731930.0 -1223731934.0 -1223731933.0 -1223731937.0 -1223731941.0 -1223731949.0 -1223731957.0
-1223732115.0 -1223732116.0 -1223732116.0 -1223732117.0 -1223732121.0 -1223732124.0 -1223732123.0 -1223732120.0 -1223732114.0 -1223732108.0 -1223732106.0 -1223732099.0 -1223732099.0 -1223732093.0 -1223732075.0 -1223732048.0 -1223732021.0 -1223732004.0 -1223731989.0 -1223731964.0 -1223731958.0 -1223731957.0 -1223731956.0 -1223731957.0 -1223731956.0 -1223731958.0 -1223731961.0 -1223731959.0 -1223731966.0 -1223731970.0
-1223732049.0 -1223732050.0 -1223732050.0 -1223732054.0 -1223732054.0 -1223732057.0 -1223732058.0 -1223732060.0 -1223732062.0 -1223732064.0 -1223732065.0 -1223732066.0 -1223732054.0 -1223732044.0 -1223732018.0 -1223732009.0 -1223732011.0 -1223732013.0 -1223732017.0 -1223732023.0 -1223732023.0 -1223732027.0 -1223732031.0 -1223732035.0 -1223732043.0 -1223732045.0 -1223732049.0 -1223732052.0 -1223732054.0 -1223732063.0
-1223732100.0 -1223732095.0 -1223732091.0 -1223732091.0 -1223732090.0 -1223732088.0 -1223732087.0 -1223732084.0 -1223732080.0 -1223732078.0 -1223732076.0 -1223732074.0 -1223732069.0 -1223732061.0 -1223732054.0 -1223732047.0 -1223732043.0 -1223732023.0 -1223731979.0 -1223731942.0 -1223731926.0 -1223731917.0 -1223731924.0 -1223731929.0 -1223731932.0 -1223731932.0 -1223731928.0 -1223731923.0 -1223731921.0 -1223731918.0
-1223732093.0 -1223732098.0 -1223732101.0 -1223732105.0 -1223732109.0 -1223732111.0 -1223732114.0 -1223732118.0 -1223732120.0 -1223732103.0 -1223732086.0 -1223732086.0 -1223732089.0 -1223732090.0 -1223732084.0 -1223732076.0 -1223732064.0 -1223732061.0 -1223732056.0 -1223732056.0 -1223732056.0 -1223732058.0 -1223732059.0 -1223732062.0 -1223732065.0 -1223732063.0 -1223732065.0 -1223732065.0 -1223732059.0 -1223732052.0
-1223731997.0 -1223731985.0 -1223731969.0 -1223731958.0 -1223731941.0 -1223731932.0 -1223731925.0 -1223731917.0 -1223731918.0 -1223731919.0 -1223731919.0 -1223731913.0 -1223731914.0 -1223731913.0 -1223731920.0 -1223731936.0 -1223731956.0 -1223731984.0 -1223732014.0 -1223732044.0 -1223732081.0 -1223732114.0 -1223732141.0 -1223732160.0 -1223732171.0 -1223732177.0 -1223732188.0 -1223732201.0 -1223732216.0 -1223732231.0
-1223732081.0 -1223732114.0 -1223732141.0 -1223732160.0 -1223732171.0 -1223732177.0 -1223732188.0 -1223732201.0 -1223732216.0 -1223732231.0 -1223732245.0 -1223732258.0 -1223732274.0 -1223732287.0 -1223732300.0 -1223732313.0 -1223732327.0 -1223732346.0 -1223732351.0 -1223732361.0 -1223732373.0 -1223732386.0 -1223732402.0 -1223732407.0 -1223732394.0 -1223732373.0 -1223732357.0 -1223732350.0 -1223732348.0 -1223732357.0
-1223732356.0 -1223732355.0 -1223732353.0 -1223732351.0 -1223732351.0 -1223732352.0 -1223732354.0 -1223732355.0 -1223732356.0 -1223732354.0 -1223732349.0 -1223732342.0 -1223732332.0 -1223732314.0 -1223732285.0 -1223732260.0 -1223732247.0 -1223732239.0 -1223732238.0 -1223732244.0 -1223732242.0 -1223732243.0 -1223732241.0 -1223732241.0 -1223732246.0 -1223732247.0 -1223732251.0 -1223732255.0 -1223732257.0 -1223732260.0
-1223732292.0 -1223732295.0 -1223732298.0 -1223732305.0 -1223732307.0 -1223732311.0 -1223732316.0 -1223732323.0 -1223732324.0 -1223732327.0 -1223732331.0 -1223732331.0 -1223732332.0 -1223732335.0 -1223732334.0 -1223732332.0 -1223732309.0 -1223732285.0 -1223732264.0 -1223732253.0 -1223732244.0 -1223732240.0 -1223732234.0 -1223732232.0 -1223732232.0 -1223732235.0 -1223732243.0 -1223732250.0 -1223732257.0 -1223732260.0
-1223732293.0 -1223732290.0 -1223732291.0 -1223732291.0 -1223732288.0 -1223732281.0 -1223732276.0 -1223732272.0 -1223732268.0 -1223732267.0 -1223732264.0 -1223732263.0 -1223732258.0 -1223732256.0 -1223732251.0 -1223732248.0 -1223732246.0 -1223732241.0 -1223732229.0 -1223732210.0 -1223732200.0 -1223732189.0 -1223732179.0 -1223732167.0 -1223732164.0 -1223732167.0 -1223732175.0 -1223732189.0 -1223732204.0 -1223732212.0
-1223732300.0 -1223732307.0 -1223732312.0 -1223732313.0 -1223732317.0 -1223732314.0 -1223732319.0 -1223732323.0 -1223732325.0 -1223732324.0 -1223732320.0 -1223732314.0 -1223732304.0 -1223732293.0 -1223732282.0 -1223732280.0 -1223732272.0 -1223732271.0 -1223732270.0 -1223732268.0 -1223732265.0 -1223732264.0 -1223732261.0 -1223732258.0 -1223732256.0 -1223732254.0 -1223732250.0 -1223732248.0 -1223732246.0 -1223732245.0
-1223732248.0 -1223732246.0 -1223732245.0 -1223732242.0 -1223732243.0 -1223732242.0 -1223732243.0 -1223732245.0 -1223732246.0 -1223732249.0 -1223732252.0 -1223732260.0 -1223732263.0 -1223732266.0 -1223732268.0 -1223732252.0 -1223732225.0 -1223732209.0 -1223732201.0 -1223732193.0 -1223732187.0 -1223732186.0 -1223732188.0 -1223732188.0 -1223732195.0 -1223732202.0 -1223732208.0 -1223732216.0 -1223732222.0 -1223732230.0
-1223732301.0 -1223732298.0 -1223732301.0 -1223732300.0 -1223732302.0 -1223732303.0 -1223732304.0 -1223732304.0 -1223732304.0 -1223732305.0 -1223732302.0 -1223732304.0 -1223732305.0 -1223732307.0 -1223732305.0 -1223732280.0 -1223732253.0 -1223732224.0 -1223732208.0 -1223732193.0 -1223732182.0 -1223732186.0 -1223732190.0 -1223732207.0 -1223732217.0 -1223732218.0 -1223732229.0 -1223732233.0 -1223732240.0 -1223732243.0
-1223732278.0 -1223732280.0 -1223732281.0 -1223732286.0 -1223732293.0 -1223732301.0 -1223732303.0 -1223732307.0 -1223732309.0 -1223732311.0 -1223732316.0 -1223732319.0 -1223732320.0 -1223732320.0 -1223732322.0 -1223732320.0 -1223732320.0 -1223732313.0 -1223732285.0 -1223732264.0 -1223732249.0 -1223732243.0 -1223732248.0 -1223732256.0 -1223732260.0 -1223732262.0 -1223732265.0 -1223732267.0 -1223732269.0 -1223732271.0
-1223732297.0 -1223732289.0 -1223732287.0 -1223732285.0 -1223732282.0 -1223732279.0 -1223732277.0 -1223732274.0 -1223732267.0 -1223732243.0 -1223732212.0 -1223732179.0 -1223732160.0 -1223732156.0 -1223732164.0 -1223732169.0 -1223732169.0 -1223732169.0 -1223732175.0 -1223732176.0 -1223732181.0 -1223732183.0 -1223732184.0 -1223732185.0 -1223732190.0 -1223732199.0 -1223732203.0 -1223732210.0 -1223732211.0 -1223732210.0
-1223732320.0 -1223732322.0 -1223732324.0 -1223732328.0 -1223732329.0 -1223732327.0 -1223732321.0 -1223732317.0 -1223732315.0 -1223732312.0 -1223732310.0 -1223732306.0 -1223732304.0 -1223732303.0 -1223732298.0 -1223732290.0 -1223732254.0 -1223732219.0 -1223732194.0 -1223732189.0 -1223732184.0 -1223732182.0 -1223732180.0 -1223732176.0 -1223732174.0 -1223732175.0 -1223732180.0 -1223732185.0 -1223732190.0 -1223732199.0
-1223732341.0 -1223732343.0 -1223732346.0 -1223732344.0 -1223732342.0 -1223732338.0 -1223732330.0 -1223732319.0 -1223732312.0 -1223732309.0 -1223732303.0 -1223732292.0 -1223732277.0 -1223732268.0 -1223732263.0 -1223732267.0 -1223732268.0 -1223732268.0 -1223732268.0 -1223732262.0 -1223732259.0 -1223732256.0 -1223732253.0 -1223732253.0 -1223732256.0 -1223732259.0 -1223732262.0 -1223732263.0 -1223732264.0 -1223732265.0
-1223732286.0 -1223732287.0 -1223732289.0 -1223732291.0 -1223732292.0 -1223732291.0 -1223732290.0 -1223732291.0 -1223732290.0 -1223732291.0 -1223732292.0 -1223732296.0 -1223732298.0 -1223732297.0 -1223732295.0 -1223732274.0 -1223732246.0 -1223732234.0 -1223732230.0 -1223732230.0 -1223732232.0 -1223732235.0 -1223732237.0 -1223732239.0 -1223732241.0 -1223732244.0 -1223732245.0 -1223732247.0 -1223732249.0 -1223732253.0
-1223732303.0 -1223732306.0 -1223732308.0 -1223732310.0 -1223732317.0 -1223732317.0 -1223732314.0 -1223732315.0 -1223732315.0 -1223732313.0 -1223732310.0 -1223732305.0 -1223732301.0 -1223732299.0 -1223732296.0 -1223732277.0 -1223732258.0 -1223732244.0 -1223732244.0 -1223732245.0 -1223732247.0 -1223732249.0 -1223732251.0 -1223732254.0 -1223732256.0 -1223732260.0 -1223732265.0 -1223732270.0 -1223732272.0 -1223732277.0
-1223732264.0 -1223732267.0 -1223732269.0 -1223732273.0 -1223732278.0 -1223732281.0 -1223732286.0 -1223732294.0 -1223732295.0 -1223732297.0 -1223732298.0 -1223732298.0 -1223732299.0 -1223732299.0 -1223732297.0 -1223732283.0 -1223732276.0 -1223732256.0 -1223732245.0 -1223732240.0 -1223732242.0 -1223732244.0 -1223732249.0 -1223732249.0 -1223732246.0 -1223732239.0 -1223732231.0 -1223732227.0 -1223732225.0 -1223732219.0
-1223732220.0 -1223732225.0 -1223732228.0 -1223732232.0 -1223732236.0 -1223732240.0 -1223732247.0 -1223732248.0 -1223732251.0 -1223732254.0 -1223732251.0 -1223732238.0 -1223732223.0 -1223732218.0 -1223732219.0 -1223732221.0 -1223732224.0 -1223732230.0 -1223732235.0 -1223732246.0 -1223732252.0 -1223732256.0 -1223732262.0 -1223732266.0 -1223732269.0 -1223732273.0 -1223732277.0 -1223732279.0 -1223732280.0 -1223732280.0
-1223732329.0 -1223732332.0 -1223732329.0 -1223732326.0 -1223732322.0 -1223732318.0 -1223732315.0 -1223732309.0 -1223732306.0 -1223732296.0 -1223732254.0 -1223732195.0 -1223732158.0 -1223732150.0 -1223732152.0 -1223732163.0 -1223732168.0 -1223732174.0 -1223732176.0 -1223732174.0 -1223732172.0 -1223732165.0 -1223732156.0 -1223732152.0 -1223732148.0 -1223732149.0 -1223732152.0 -1223732155.0 -1223732158.0 -1223732158.0
-1223732158.0 -1223732156.0 -1223732153.0 -1223732154.0 -1223732159.0 -1223732163.0 -1223732170.0 -1223732168.0 -1223732175.0 -1223732180.0 -1223732186.0 -1223732190.0 -1223732191.0 -1223732196.0 -1223732201.0 -1223732206.0 -1223732195.0 -1223732182.0 -1223732173.0 -1223732172.0 -1223732181.0 -1223732186.0 -1223732192.0 -1223732198.0 -1223732205.0 -1223732210.0 -1223732212.0 -1223732216.0 -1223732219.0 -1223732224.0
-1223732237.0 -1223732233.0 -1223732233.0 -1223732230.0 -1223732228.0 -1223732228.0 -1223732228.0 -1223732227.0 -1223732227.0 -1223732231.0 -1223732236.0 -1223732230.0 -1223732200.0 -1223732169.0 -1223732143.0 -1223732136.0 -1223732135.0 -1223732141.0 -1223732152.0 -1223732159.0 -1223732174.0 -1223732186.0 -1223732201.0 -1223732213.0 -1223732215.0 -1223732220.0 -1223732224.0 -1223732233.0 -1223732244.0 -1223732260.0
-1223732260.0 -1223732259.0 -1223732260.0 -1223732260.0 -1223732247.0 -1223732232.0 -1223732224.0 -1223732231.0 -1223732237.0 -1223732239.0 -1223732239.0 -1223732241.0 -1223732243.0 -1223732249.0 -1223732257.0 -1223732265.0 -1223732287.0 -1223732287.0 -1223732279.0 -1223732280.0 -1223732285.0 -1223732301.0 -1223732308.0 -1223732314.0 -1223732317.0 -1223732321.0 -1223732325.0 -1223732325.0 -1223732325.0 -1223732324.0
-1223732350.0 -1223732358.0 -1223732360.0 -1223732360.0 -1223732360.0 -1223732358.0 -1223732357.0 -1223732354.0 -1223732352.0 -1223732348.0 -1223732345.0 -1223732324.0 -1223732297.0 -1223732279.0 -1223732273.0 -1223732277.0 -1223732280.0 -1223732280.0 -1223732278.0 -1223732275.0 -1223732272.0 -1223732271.0 -1223732269.0 -1223732269.0 -1223732271.0 -1223732270.0 -1223732270.0 -1223732272.0 -1223732273.0 -1223732275.0
-1223732419.0 -1223732424.0 -1223732427.0 -1223732432.0 -1223732434.0 -1223732435.0 -1223732438.0 -1223732440.0 -1223732440.0 -1223732444.0 -1223732437.0 -1223732411.0 -1223732365.0 -1223732324.0 -1223732287.0 -1223732262.0 -1223732255.0 -1223732251.0 -1223732260.0 -1223732271.0 -1223732278.0 -1223732280.0 -1223732279.0 -1223732278.0 -1223732285.0 -1223732291.0 -1223732303.0 -1223732312.0 -1223732320.0 -1223732326.0
-1223732372.0 -1223732372.0 -1223732372.0 -1223732373.0 -1223732373.0 -1223732375.0 -1223732376.0 -1223732377.0 -1223732377.0 -1223732377.0 -1223732370.0 -1223732347.0 -1223732319.0 -1223732287.0 -1223732255.0 -1223732237.0 -1223732230.0 -1223732232.0 -1223732245.0 -1223732259.0 -1223732269.0 -1223732282.0 -1223732289.0 -1223732296.0 -1223732302.0 -1223732308.0 -1223732313.0 -1223732322.0 -1223732328.0 -1223732334.0
-1223732357.0 -1223732356.0 -1223732356.0 -1223732355.0 -1223732354.0 -1223732353.0 -1223732352.0 -1223732351.0 -1223732352.0 -1223732351.0 -1223732353.0 -1223732353.0 -1223732350.0 -1223732340.0 -1223732327.0 -1223732310.0 -1223732296.0 -1223732284.0 -1223732282.0 -1223732279.0 -1223732275.0 -1223732274.0 -1223732272.0 -1223732273.0 -1223732273.0 -1223732275.0 -1223732278.0 -1223732282.0 -1223732285.0 -1223732290.0
-1223732307.0 -1223732310.0 -1223732309.0 -1223732310.0 -1223732312.0 -1223732313.0 -1223732311.0 -1223732308.0 -1223732307.0 -1223732305.0 -1223732304.0 -1223732304.0 -1223732302.0 -1223732303.0 -1223732300.0 -1223732302.0 -1223732304.0 -1223732301.0 -1223732292.0 -1223732262.0 -1223732235.0 -1223732226.0 -1223732228.0 -1223732235.0 -1223732240.0 -1223732241.0 -1223732240.0 -1223732241.0 -1223732245.0 -1223732249.0
-1223732253.0 -1223732259.0 -1223732266.0 -1223732273.0 -1223732282.0 -1223732288.0 -1223732294.0 -1223732303.0 -1223732307.0 -1223732314.0 -1223732320.0 -1223732327.0 -1223732331.0 -1223732331.0 -1223732314.0 -1223732291.0 -1223732287.0 -1223732290.0 -1223732297.0 -1223732300.0 -1223732304.0 -1223732304.0 -1223732303.0 -1223732303.0 -1223732302.0 -1223732299.0 -1223732295.0 -1223732292.0 -1223732288.0 -1223732287.0
-1223732268.0 -1223732270.0 -1223732270.0 -1223732274.0 -1223732275.0 -1223732276.0 -1223732275.0 -1223732277.0 -1223732279.0 -1223732281.0 -1223732284.0 -1223732286.0 -1223732283.0 -1223732286.0 -1223732287.0 -1223732286.0 -1223732285.0 -1223732283.0 -1223732281.0 -1223732280.0 -1223732279.0 -1223732278.0 -1223732279.0 -1223732281.0 -1223732280.0 -1223732280.0 -1223732280.0 -1223732279.0 -1223732281.0 -1223732281.0
-1223732267.0 -1223732267.0 -1223732266.0 -1223732263.0 -1223732261.0 -1223732258.0 -1223732253.0 -1223732247.0 -1223732243.0 -1223732240.0 -1223732238.0 -1223732237.0 -1223732236.0 -1223732235.0 -1223732220.0 -1223732186.0 -1223732156.0 -1223732145.0 -1223732146.0 -1223732152.0 -1223732159.0 -1223732163.0 -1223732168.0 -1223732170.0 -1223732174.0 -1223732178.0 -1223732182.0 -1223732189.0 -1223732195.0 -1223732201.0
-1223732311.0 -1223732298.0 -1223732288.0 -1223732281.0 -1223732279.0 -1223732272.0 -1223732268.0 -1223732263.0 -1223732259.0 -1223732257.0 -1223732254.0 -1223732250.0 -1223732235.0 -1223732211.0 -1223732201.0 -1223732195.0 -1223732194.0 -1223732193.0 -1223732194.0 -1223732194.0 -1223732194.0 -1223732192.0 -1223732195.0 -1223732198.0 -1223732204.0 -1223732211.0 -1223732224.0 -1223732238.0 -1223732253.0 -1223732265.0
-1223732205.0 -1223732198.0 -1223732194.0 -1223732189.0 -1223732181.0 -1223732174.0 -1223732173.0 -1223732173.0 -1223732175.0 -1223732178.0 -1223732181.0 -1223732185.0 -1223732190.0 -1223732194.0 -1223732200.0 -1223732204.0 -1223732209.0 -1223732213.0 -1223732218.0 -1223732222.0 -1223732228.0 -1223732228.0 -1223732230.0 -1223732230.0 -1223732231.0 -1223732235.0 -1223732243.0 -1223732248.0 -1223732253.0 -1223732262.0
-1223732276.0 -1223732282.0 -1223732284.0 -1223732285.0 -1223732285.0 -1223732287.0 -1223732291.0 -1223732291.0 -1223732291.0 -1223732289.0 -1223732285.0 -1223732280.0 -1223732273.0 -1223732268.0 -1223732257.0 -1223732236.0 -1223732218.0 -1223732209.0 -1223732208.0 -1223732216.0 -1223732217.0 -1223732222.0 -1223732226.0 -1223732229.0 -1223732229.0 -1223732228.0 -1223732227.0 -1223732225.0 -1223732227.0 -1223732230.0
-1223732279.0 -1223732277.0 -1223732271.0 -1223732267.0 -1223732262.0 -1223732255.0 -1223732252.0 -1223732247.0 -1223732244.0 -1223732238.0 -1223732229.0 -1223732207.0 -1223732169.0 -1223732128.0 -1223732102.0 -1223732083.0 -1223732078.0 -1223732076.0 -1223732081.0 -1223732087.0 -1223732096.0 -1223732101.0 -1223732109.0 -1223732114.0 -1223732121.0 -1223732127.0 -1223732133.0 -1223732144.0 -1223732154.0 -1223732163.0
-1223732285.0 -1223732292.0 -1223732295.0 -1223732299.0 -1223732302.0 -1223732303.0 -1223732308.0 -1223732312.0 -1223732313.0 -1223732315.0 -1223732313.0 -1223732311.0 -1223732304.0 -1223732279.0 -1223732254.0 -1223732231.0 -1223732214.0 -1223732204.0 -1223732199.0 -1223732195.0 -1223732194.0 -1223732198.0 -1223732201.0 -1223732206.0 -1223732209.0 -1223732216.0 -1223732221.0 -1223732225.0 -1223732227.0 -1223732231.0
-1223732277.0 -1223732272.0 -1223732268.0 -1223732262.0 -1223732262.0 -1223732264.0 -1223732269.0 -1223732276.0 -1223732278.0 -1223732281.0 -1223732284.0 -1223732276.0 -1223732272.0 -1223732273.0 -1223732278.0 -1223732291.0 -1223732295.0 -1223732296.0 -1223732299.0 -1223732300.0 -1223732301.0 -1223732305.0 -1223732308.0 -1223732313.0 -1223732319.0 -1223732322.0 -1223732324.0 -1223732324.0 -1223732322.0 -1223732320.0
-1223732371.0 -1223732378.0 -1223732382.0 -1223732384.0 -1223732385.0 -1223732385.0 -1223732389.0 -1223732389.0 -1223732388.0 -1223732386.0 -1223732384.0 -1223732380.0 -1223732380.0 -1223732377.0 -1223732350.0 -1223732332.0 -1223732321.0 -1223732318.0 -1223732319.0 -1223732320.0 -1223732319.0 -1223732320.0 -1223732318.0 -1223732319.0 -1223732317.0 -1223732317.0 -1223732313.0 -1223732308.0 -1223732297.0 -1223732289.0
-1223732266.0 -1223732267.0 -1223732268.0 -1223732269.0 -1223732269.0 -1223732272.0 -1223732274.0 -1223732276.0 -1223732277.0 -1223732281.0 -1223732282.0 -1223732274.0 -1223732255.0 -1223732241.0 -1223732235.0 -1223732238.0 -1223732242.0 -1223732242.0 -1223732243.0 -1223732243.0 -1223732244.0 -1223732248.0 -1223732253.0 -1223732259.0 -1223732267.0 -1223732271.0 -1223732271.0 -1223732273.0 -1223732273.0 -1223732277.0
-1223732262.0 -1223732260.0 -1223732257.0 -1223732253.0 -1223732251.0 -1223732249.0 -1223732249.0 -1223732249.0 -1223732248.0 -1223732247.0 -1223732250.0 -1223732251.0 -1223732239.0 -1223732232.0 -1223732232.0 -1223732233.0 -1223732236.0 -1223732239.0 -1223732244.0 -1223732243.0 -1223732242.0 -1223732243.0 -1223732246.0 -1223732247.0 -1223732252.0 -1223732255.0 -1223732261.0 -1223732269.0 -1223732277.0 -1223732283.0
