495220.0 495419.0 495419.0 495622.0 495622.0 495824.0 495824.0 496026.0 496026.0 496228.0 496413.0 496413.0 496614.0 496614.0 496815.0 497017.0 497017.0 497218.0 497218.0 497419.0 497419.0 497620.0 497825.0 497825.0 498008.0 498209.0 498209.0 498410.0 498410.0 498611.0 498814.0 498814.0 499017.0 499017.0 499221.0 499424.0 499424.0 499606.0 499606.0 499811.0 499811.0 500013.0 500013.0 500216.0 500216.0 500418.0 500620.0 500620.0 500823.0 500823.0 501026.0 501206.0 501206.0 501428.0
501206.0 501206.0 501428.0 501428.0 501631.0 501833.0 501833.0 502033.0 502033.0 502234.0 502436.0 502436.0 502638.0 502638.0 502820.0 503022.0 503022.0 503224.0 503424.0 503424.0 503624.0 503824.0 503824.0 504027.0 504227.0 504227.0 504428.0 504428.0 504631.0 504831.0 504831.0 505030.0 505030.0 505232.0 505232.0 505433.0 505634.0 505634.0 505835.0 505835.0 506035.0 506236.0 506236.0 506437.0 506437.0 506638.0 506840.0 506840.0 507043.0 507227.0 507227.0 507430.0 507632.0 507632.0
513034.0 513235.0 513440.0 513440.0 513641.0 513641.0 513824.0 514026.0 514026.0 514227.0 514428.0 514428.0 514629.0 514629.0 514831.0 514831.0 515031.0 515232.0 515232.0 515432.0 515432.0 515634.0 515634.0 515833.0 516034.0 516034.0 516236.0 516236.0 516436.0 516639.0 516639.0 516838.0 517041.0 517041.0 517243.0 517243.0 517444.0 517444.0 517645.0 517826.0 517826.0 518027.0 518027.0 518227.0 518429.0 518429.0 518630.0 518630.0 518831.0 518831.0 519034.0 519235.0 519235.0 519439.0
519235.0 519235.0 519439.0 519439.0 519641.0 519641.0 519842.0 520044.0 520044.0 520227.0 520431.0 520431.0 520634.0 520634.0 520834.0 520834.0 521035.0 521035.0 521235.0 521437.0 521437.0 521639.0 521639.0 521840.0 521840.0 522042.0 522244.0 522244.0 522444.0 522444.0 522647.0 522829.0 522829.0 523034.0 523034.0 523237.0 523442.0 523442.0 523643.0 523643.0 523827.0 523827.0 524028.0 524229.0 524229.0 524429.0 524429.0 524631.0 524837.0 524837.0 525037.0 525037.0 525238.0 525238.0
525238.0 525238.0 525439.0 525439.0 525641.0 525641.0 525842.0 525842.0 526043.0 526245.0 526245.0 526432.0 526633.0 526633.0 526836.0 526836.0 527041.0 527041.0 527241.0 527441.0 527441.0 527643.0 527643.0 527844.0 528026.0 528227.0 528227.0 528429.0 528429.0 528631.0 528631.0 528832.0 528832.0 529033.0 529238.0 529238.0 529440.0 529644.0 529644.0 529846.0 530029.0 530029.0 530231.0 530231.0 530433.0 530433.0 530635.0 530837.0 530837.0 531038.0 531038.0 531239.0 531239.0 531441.0
186056.0 186056.0 186260.0 186260.0 186447.0 186447.0 186655.0 186858.0 187047.0 187047.0 187254.0 187254.0 187441.0 187645.0 187645.0 187853.0 188055.0 188055.0 188258.0 188258.0 188461.0 188645.0 188856.0 189059.0 189059.0 189261.0 189446.0 189446.0 189657.0 189657.0 189863.0 190047.0 190047.0 190255.0 190461.0 190461.0 190664.0 190851.0 190851.0 191058.0 191250.0 191250.0 191455.0 191661.0 191661.0 191862.0 192045.0 192045.0 192248.0 192452.0 192452.0 192656.0 192656.0 193065.0
571044.0 571245.0 571447.0 571447.0 571649.0 571649.0 571849.0 572049.0 572049.0 572248.0 572248.0 572435.0 572636.0 572837.0 572837.0 573039.0 573039.0 573239.0 573447.0 573447.0 573649.0 573649.0 573849.0 574050.0 574050.0 574249.0 574249.0 574454.0 574635.0 574835.0 575035.0 575439.0 575640.0 575841.0 576041.0 576444.0 576646.0 577046.0 577246.0 577448.0 577632.0 577632.0 577833.0 577833.0 578033.0 578033.0 578233.0 578438.0 578638.0 578638.0 578839.0 578839.0 579040.0 579241.0
579241.0 579241.0 579444.0 579444.0 579645.0 579645.0 579845.0 579845.0 580046.0 580246.0 580246.0 580450.0 580651.0 580651.0 580831.0 580831.0 581052.0 581052.0 581252.0 581434.0 581434.0 581635.0 581635.0 581836.0 582035.0 582035.0 582235.0 582438.0 582438.0 582640.0 582640.0 582841.0 582841.0 583042.0 583243.0 583243.0 583450.0 583650.0 583650.0 583850.0 584050.0 584050.0 584250.0 584250.0 584453.0 584652.0 584853.0 584853.0 585037.0 585240.0 585646.0 585646.0 585847.0 586249.0
623039.0 623239.0 623239.0 623443.0 623443.0 623644.0 623844.0 623844.0 624044.0 624244.0 624244.0 624447.0 624447.0 624850.0 625051.0 625252.0 625434.0 625635.0 625835.0 626036.0 626036.0 626236.0 626439.0 626843.0 627044.0 627044.0 627243.0 627243.0 627448.0 627631.0 627631.0 627850.0 627850.0 628051.0 628051.0 628250.0 628436.0 628436.0 628637.0 628837.0 628837.0 629037.0 629037.0 629237.0 629237.0 629440.0 629642.0 629642.0 629842.0 629842.0 630042.0 630042.0 630242.0 630445.0
631045.0 631245.0 631245.0 631450.0 631632.0 631632.0 631832.0 631832.0 632052.0 632052.0 632234.0 632234.0 632437.0 632639.0 632639.0 632840.0 632840.0 633042.0 633042.0 633243.0 633450.0 633450.0 633651.0 633651.0 633851.0 633851.0 634053.0 634053.0 634253.0 634457.0 634457.0 634638.0 635040.0 635040.0 635442.0 635642.0 635642.0 636042.0 636042.0 636242.0 636445.0 636647.0 636647.0 636849.0 637253.0 637436.0 637638.0 637839.0 638039.0 638238.0 638446.0 638647.0 638849.0 639051.0
646242.0 646242.0 646446.0 646647.0 646847.0 647047.0 647248.0 647454.0 647454.0 647637.0 647637.0 647837.0 647837.0 648037.0 648237.0 648237.0 648441.0 648441.0 648643.0 648643.0 648845.0 649044.0 649044.0 649244.0 649244.0 649448.0 649648.0 649648.0 649848.0 649848.0 650049.0 650248.0 650248.0 650452.0 650654.0 650654.0 650854.0 650854.0 651055.0 651254.0 651439.0 651439.0 651642.0 651842.0 651842.0 652042.0 652242.0 652242.0 652445.0 652646.0 652646.0 652848.0 652848.0 653048.0
654056.0 654256.0 654256.0 654441.0 654647.0 654847.0 655047.0 655047.0 655247.0 655451.0 655652.0 655852.0 656052.0 656052.0 656252.0 656638.0 656838.0 657038.0 657238.0 657238.0 657441.0 657441.0 657642.0 657642.0 657842.0 657842.0 658042.0 658042.0 658242.0 658242.0 658445.0 658649.0 658649.0 658849.0 658849.0 659050.0 659050.0 659249.0 659453.0 659453.0 659655.0 659655.0 659855.0 660056.0 660056.0 660255.0 660440.0 660440.0 660640.0 660640.0 660841.0 661041.0 661041.0 661241.0
280569.0 280569.0 280753.0 280961.0 280961.0 281166.0 281368.0 281368.0 281551.0 281551.0 281758.0 281758.0 281967.0 282158.0 282363.0 282363.0 282551.0 282754.0 282754.0 282959.0 282959.0 283161.0 283351.0 283559.0 283559.0 283761.0 283951.0 283951.0 284155.0 284359.0 284359.0 284567.0 284753.0 284753.0 284959.0 285165.0 285165.0 285353.0 285558.0 285558.0 285760.0 285966.0 285966.0 286150.0 286150.0 286356.0 286561.0 286561.0 286764.0 286764.0 286966.0 287150.0 287150.0 287362.0
309566.0 309754.0 309754.0 309960.0 309960.0 310163.0 310349.0 310552.0 310552.0 310759.0 310759.0 310946.0 311148.0 311148.0 311352.0 311554.0 311554.0 311756.0 311756.0 311959.0 311959.0 312162.0 312162.0 312350.0 312557.0 312557.0 312762.0 312948.0 312948.0 313150.0 313150.0 313354.0 313560.0 313560.0 313745.0 313947.0 314156.0 314156.0 314360.0 314547.0 314547.0 314750.0 314958.0 314958.0 315165.0 315350.0 315350.0 315555.0 315555.0 315764.0 315951.0 315951.0 316158.0 316361.0
316361.0 316564.0 316748.0 316748.0 316955.0 317159.0 317362.0 317547.0 317547.0 317752.0 317752.0 317959.0 318161.0 318161.0 318351.0 318351.0 318553.0 318758.0 318758.0 318962.0 319165.0 319165.0 319348.0 319556.0 319761.0 319761.0 319966.0 320155.0 320155.0 320359.0 320359.0 320561.0 320769.0 320952.0 320952.0 321159.0 321362.0 321362.0 321553.0 321553.0 321758.0 321960.0 321960.0 322163.0 322367.0 322367.0 322557.0 322557.0 322742.0 322951.0 322951.0 323159.0 323365.0 323365.0
323552.0 323757.0 323757.0 323959.0 324162.0 324162.0 324345.0 324551.0 324551.0 324754.0 324956.0 324956.0 325161.0 325362.0 325362.0 325566.0 325566.0 325754.0 325957.0 325957.0 326165.0 326350.0 326350.0 326555.0 326763.0 326763.0 326968.0 327152.0 327152.0 327356.0 327356.0 327560.0 327747.0 327747.0 327950.0 328156.0 328156.0 328361.0 328552.0 328552.0 328756.0 328960.0 328960.0 329163.0 329163.0 329354.0 329557.0 329557.0 329763.0 329966.0 329966.0 330150.0 330353.0 330353.0
339560.0 339764.0 339764.0 339966.0 340152.0 340152.0 340360.0 340360.0 340566.0 340749.0 340749.0 340953.0 341154.0 341359.0 341359.0 341565.0 341750.0 341750.0 341961.0 342164.0 342164.0 342351.0 342554.0 342554.0 342762.0 342965.0 342965.0 343168.0 343356.0 343356.0 343543.0 343543.0 343752.0 343960.0 343960.0 344146.0 344349.0 344349.0 344552.0 344758.0 344758.0 344963.0 345166.0 345166.0 345350.0 345555.0 345555.0 345757.0 345757.0 345962.0 346150.0 346150.0 346356.0 346560.0
345555.0 345555.0 345757.0 345757.0 345962.0 346150.0 346150.0 346356.0 346560.0 346560.0 346748.0 346952.0 346952.0 347159.0 347159.0 347346.0 347550.0 347550.0 347755.0 347961.0 347961.0 348166.0 348351.0 348351.0 348557.0 348744.0 348744.0 348948.0 349152.0 349152.0 349355.0 349557.0 349557.0 349761.0 349761.0 349963.0 350168.0 350168.0 350350.0 350554.0 350554.0 350756.0 350756.0 350960.0 351164.0 351164.0 351348.0 351348.0 351552.0 351755.0 351755.0 351959.0 352164.0 352164.0
343048.0 343247.0 343435.0 343435.0 343638.0 343838.0 343838.0 344038.0 344238.0 344442.0 344442.0 344844.0 344844.0 345044.0 345244.0 345448.0 345631.0 345851.0 346231.0 346434.0 346635.0 346836.0 347036.0 347036.0 347235.0 347438.0 347438.0 347640.0 347640.0 347840.0 348040.0 348040.0 348240.0 348240.0 348444.0 348444.0 348646.0 348827.0 348827.0 349047.0 349047.0 349246.0 349246.0 349430.0 349430.0 349632.0 349632.0 349833.0 350032.0 350032.0 350232.0 350232.0 350437.0 350638.0
357030.0 357229.0 357229.0 357434.0 357434.0 357635.0 357635.0 357835.0 358035.0 358035.0 358235.0 358235.0 358439.0 358640.0 358640.0 358840.0 358840.0 359040.0 359240.0 359240.0 359444.0 359444.0 359646.0 359846.0 359846.0 360046.0 360046.0 360246.0 360429.0 360429.0 360630.0 360630.0 360850.0 360850.0 361030.0 361030.0 361230.0 361433.0 361433.0 361637.0 361637.0 361837.0 361837.0 362037.0 362237.0 362237.0 362440.0 362440.0 362642.0 362843.0 362843.0 363043.0 363043.0 363243.0
372034.0 372234.0 372234.0 372438.0 372639.0 372639.0 372840.0 372840.0 373040.0 373040.0 373240.0 373442.0 373442.0 373644.0 373845.0 373845.0 374044.0 374244.0 374447.0 374630.0 374831.0 375230.0 375230.0 375636.0 375837.0 375837.0 376037.0 376237.0 376440.0 376440.0 376842.0 376842.0 377041.0 377041.0 377241.0 377446.0 377446.0 377647.0 377847.0 377847.0 378048.0 378048.0 378247.0 378450.0 378450.0 378633.0 378633.0 378834.0 379034.0 379034.0 379235.0 379235.0 379437.0 379437.0
400040.0 400240.0 400240.0 400446.0 400629.0 400629.0 400831.0 400831.0 401051.0 401051.0 401231.0 401231.0 401456.0 401837.0 401837.0 402037.0 402037.0 402237.0 402439.0 402439.0 402639.0 402639.0 402839.0 403039.0 403039.0 403239.0 403239.0 403443.0 403443.0 403645.0 403645.0 403844.0 404044.0 404044.0 404244.0 404447.0 404631.0 405030.0 405030.0 405231.0 405434.0 405636.0 405836.0 406037.0 406236.0 406439.0 406643.0 406843.0 407242.0 407242.0 407446.0 407446.0 407648.0 407829.0
420034.0 420234.0 420234.0 420639.0 420639.0 420839.0 421039.0 421039.0 421240.0 421240.0 421444.0 421444.0 421648.0 421648.0 421848.0 422048.0 422048.0 422248.0 422248.0 422432.0 422633.0 422633.0 422833.0 422833.0 423033.0 423033.0 423253.0 423438.0 423638.0 423638.0 423839.0 423839.0 424039.0 424039.0 424238.0 424441.0 424643.0 425043.0 425243.0 425243.0 425627.0 425627.0 425847.0 426047.0 426247.0 426452.0 426452.0 426635.0 426835.0 427035.0 427035.0 427235.0 427440.0 427440.0
241055.0 241256.0 241256.0 241459.0 241459.0 241661.0 241864.0 241864.0 242066.0 242066.0 242269.0 242452.0 242654.0 242654.0 242857.0 243062.0 243062.0 243263.0 243263.0 243464.0 243667.0 243667.0 243867.0 244067.0 244067.0 244268.0 244451.0 244451.0 244654.0 244654.0 244854.0 244854.0 245056.0 245262.0 245262.0 245464.0 245464.0 245666.0 245869.0 245869.0 246051.0 246256.0 246256.0 246460.0 246663.0 246663.0 246865.0 246865.0 247067.0 247270.0 247270.0 247452.0 247655.0 247655.0
77033.0 77233.0 77233.0 77435.0 77617.0 77617.0 77838.0 78018.0 78018.0 78218.0 78218.0 78421.0 78421.0 78624.0 78825.0 78825.0 79026.0 79026.0 79228.0 79432.0 79432.0 79635.0 79635.0 79816.0 80015.0 80015.0 80216.0 80216.0 80421.0 80622.0 80622.0 80823.0 80823.0 81023.0 81023.0 81223.0 81426.0 81426.0 81628.0 81628.0 81830.0 82029.0 82029.0 82231.0 82231.0 82434.0 82635.0 82635.0 82836.0 83036.0 83036.0 83236.0 83236.0 83439.0
97028.0 97228.0 97431.0 97431.0 97632.0 97632.0 97833.0 97833.0 98036.0 98036.0 98237.0 98422.0 98422.0 98623.0 98824.0 98824.0 99023.0 99023.0 99224.0 99224.0 99427.0 99629.0 99629.0 99828.0 99828.0 100029.0 100029.0 100229.0 100434.0 100434.0 100635.0 100635.0 100835.0 101035.0 101035.0 101235.0 101235.0 101439.0 101621.0 101621.0 101821.0 101821.0 102021.0 102021.0 102221.0 102221.0 102423.0 102423.0 102626.0 102826.0 102826.0 103026.0 103026.0 103226.0
115033.0 115437.0 115638.0 115638.0 116020.0 116219.0 116219.0 116424.0 116627.0 116826.0 117026.0 117434.0 117634.0 117634.0 117834.0 117834.0 118034.0 118234.0 118234.0 118436.0 118436.0 118636.0 118636.0 118836.0 118836.0 119036.0 119036.0 119236.0 119440.0 119440.0 119640.0 119640.0 119839.0 120020.0 120020.0 120220.0 120220.0 120426.0 120628.0 120628.0 120828.0 120828.0 121028.0 121028.0 121229.0 121432.0 121432.0 121634.0 121634.0 121836.0 122036.0 122036.0 122236.0 122236.0
123023.0 123223.0 123223.0 123426.0 123426.0 123627.0 123627.0 123827.0 124027.0 124227.0 124431.0 124632.0 124833.0 124833.0 125033.0 125436.0 125436.0 126038.0 126237.0 126237.0 126421.0 126623.0 126824.0 126824.0 127024.0 127223.0 127223.0 127426.0 127629.0 127629.0 127829.0 128029.0 128029.0 128228.0 128431.0 128431.0 128633.0 128633.0 128833.0 128833.0 129034.0 129233.0 129233.0 129437.0 129437.0 129619.0 129839.0 129839.0 130019.0 130019.0 130238.0 130423.0 130423.0 130623.0
152036.0 152236.0 152236.0 152440.0 152440.0 152642.0 152843.0 152843.0 153043.0 153043.0 153243.0 153243.0 153446.0 153446.0 153647.0 153647.0 153847.0 153847.0 154047.0 154247.0 154652.0 154852.0 155052.0 155252.0 155455.0 155635.0 155835.0 156055.0 156440.0 156641.0 156841.0 157041.0 157041.0 157241.0 157447.0 157447.0 157649.0 157850.0 157850.0 158051.0 158051.0 158250.0 158453.0 158453.0 158655.0 158655.0 158855.0 159055.0 159055.0 159255.0 159438.0 159438.0 159639.0 159639.0
176244.0 176427.0 176427.0 176831.0 177031.0 177231.0 177231.0 177436.0 177436.0 177638.0 177638.0 177839.0 178040.0 178040.0 178241.0 178241.0 178444.0 178444.0 178644.0 178844.0 178844.0 179044.0 179044.0 179226.0 179226.0 179448.0 179448.0 179631.0 179833.0 179833.0 180035.0 180235.0 180235.0 180437.0 180437.0 180639.0 180639.0 180839.0 181040.0 181040.0 181241.0 181427.0 181427.0 181627.0 181827.0 181827.0 182030.0 182030.0 182231.0 182231.0 182435.0 182636.0 182636.0 182837.0
