-95.0 -95.0 -95.0 -95.0 -95.0 -95.0 -95.0 -95.0 -95.0 -95.0 -95.0 -95.0 -95.0 -95.0 -95.0 -95.0 -95.0 -95.0 -95.0 -95.0 -95.0 -95.0 -95.0 -95.0 -95.0 -95.0 -95.0 -95.0 -95.0 -95.0 -95.0 -95.0 -95.0 -95.0 -95.0 -95.0 -95.0 -95.0 -95.0 -95.0 -95.0 -95.0 -95.0 -95.0 -95.0 -95.0 -95.0 -95.0 -95.0 -95.0 -95.0 -95.0 -95.0 -95.0 -95.0 -95.0 -95.0 -95.0 -95.0 -95.0
-95.0 -95.0 -95.0 -95.0 -95.0 -95.0 -95.0 -95.0 -95.0 -95.0 -95.0 -95.0 -95.0 -95.0 -95.0 -95.0 -95.0 -95.0 -95.0 -95.0 -95.0 -95.0 -95.0 -95.0 -95.0 -95.0 -95.0 -95.0 -95.0 -95.0 -95.0 -95.0 -95.0 -95.0 -95.0 -95.0 -95.0 -95.0 -95.0 -95.0 -95.0 -95.0 -95.0 -95.0 -95.0 -95.0 -95.0 -95.0 -95.0 -95.0 -95.0 -95.0 -95.0 -95.0 -95.0 -95.0 -95.0 -95.0 -95.0 -95.0
-95.0 -95.0 -95.0 -95.0 -95.0 -95.0 -95.0 -95.0 -95.0 -95.0 -95.0 -95.0 -95.0 -95.0 -95.0 -95.0 -95.0 -95.0 -95.0 -95.0 -95.0 -95.0 -95.0 -95.0 -95.0 -95.0 -95.0 -95.0 -95.0 -95.0 -95.0 -95.0 -95.0 -95.0 -95.0 -95.0 -95.0 -95.0 -95.0 -95.0 -95.0 -95.0 -95.0 -95.0 -95.0 -95.0 -95.0 -95.0 -95.0 -95.0 -95.0 -95.0 -95.0 -95.0 -95.0 -95.0 -95.0 -95.0 -95.0 -95.0
-95.0 -95.0 -95.0 -95.0 -95.0 -95.0 -95.0 -95.0 -95.0 -95.0 -95.0 -95.0 -95.0 -95.0 -95.0 -95.0 -95.0 -95.0 -95.0 -95.0 -95.0 -95.0 -95.0 -95.0 -95.0 -95.0 -95.0 -95.0 -95.0 -95.0 -95.0 -95.0 -95.0 -95.0 -95.0 -95.0 -95.0 -95.0 -95.0 -95.0 -95.0 -95.0 -95.0 -95.0 -95.0 -95.0 -95.0 -95.0 -95.0 -95.0 -95.0 -95.0 -95.0 -95.0 -95.0 -95.0 -95.0 -95.0 -95.0 -95.0
-95.0 -95.0 -95.0 -95.0 -95.0 -95.0 -95.0 -95.0 -95.0 -95.0 -95.0 -95.0 -95.0 -95.0 -95.0 -95.0 -95.0 -95.0 -95.0 -95.0 -95.0 -95.0 -95.0 -95.0 -95.0 -95.0 -95.0 -95.0 -95.0 -95.0 -95.0 -95.0 -95.0 -95.0 -95.0 -95.0 -95.0 -95.0 -95.0 -95.0 -95.0 -95.0 -95.0 -95.0 -95.0 -95.0 -95.0 -95.0 -95.0 -95.0 -95.0 -95.0 -95.0 -95.0 -95.0 -95.0 -95.0 -95.0 -95.0 -95.0
-81.0 -81.0 -81.0 -81.0 -81.0 -81.0 -81.0 -81.0 -81.0 -81.0 -81.0 -81.0 -81.0 -81.0 -81.0 -81.0 -81.0 -81.0 -81.0 -81.0 -81.0 -81.0 -81.0 -81.0 -81.0 -81.0 -81.0 -81.0 -81.0 -81.0 -81.0 -81.0 -81.0 -81.0 -81.0 -81.0 -81.0 -81.0 -81.0 -81.0 -81.0 -81.0 -81.0 -81.0 -81.0 -81.0 -81.0 -81.0 -81.0 -81.0 -81.0 -81.0 -81.0 -81.0 -81.0 -81.0 -81.0 -81.0 -81.0 -81.0
-17.0 -17.0 -17.0 -17.0 -17.0 -17.0 -17.0 -17.0 -17.0 -17.0 -17.0 -17.0 -17.0 -17.0 -17.0 -17.0 -17.0 -17.0 -17.0 -17.0 -17.0 -17.0 -17.0 -17.0 -17.0 -17.0 -17.0 -17.0 -17.0 -17.0 -17.0 -17.0 -17.0 -17.0 -17.0 -17.0 -17.0 -17.0 -17.0 -17.0 -17.0 -17.0 -17.0 -17.0 -17.0 -17.0 -17.0 -17.0 -17.0 -17.0 -17.0 -17.0 -17.0 -17.0 -17.0 -17.0 -17.0 -17.0 -17.0 -17.0
-17.0 -17.0 -17.0 -17.0 -17.0 -17.0 -17.0 -17.0 -17.0 -17.0 -17.0 -17.0 -17.0 -17.0 -17.0 -17.0 -17.0 -17.0 -17.0 -17.0 -17.0 -17.0 -17.0 -17.0 -17.0 -17.0 -17.0 -17.0 -17.0 -17.0 -17.0 -17.0 -17.0 -17.0 -17.0 -17.0 -17.0 -17.0 -17.0 -17.0 -17.0 -17.0 -17.0 -17.0 -17.0 -17.0 -17.0 -17.0 -17.0 -17.0 -17.0 -17.0 -17.0 -17.0 -17.0 -17.0 -17.0 -17.0 -17.0 -19.0
-48.0 -48.0 -48.0 -48.0 -48.0 -48.0 -48.0 -48.0 -48.0 -48.0 -48.0 -48.0 -48.0 -48.0 -48.0 -48.0 -48.0 -48.0 -48.0 -48.0 -48.0 -48.0 -48.0 -48.0 -48.0 -48.0 -48.0 -48.0 -48.0 -48.0 -48.0 -48.0 -48.0 -48.0 -48.0 -48.0 -48.0 -48.0 -48.0 -48.0 -48.0 -48.0 -48.0 -48.0 -48.0 -48.0 -48.0 -48.0 -48.0 -48.0 -48.0 -48.0 -48.0 -48.0 -48.0 -48.0 -48.0 -48.0 -48.0 -48.0
-48.0 -48.0 -48.0 -48.0 -48.0 -48.0 -48.0 -48.0 -48.0 -48.0 -48.0 -48.0 -48.0 -48.0 -48.0 -48.0 -48.0 -48.0 -48.0 -48.0 -48.0 -48.0 -48.0 -48.0 -48.0 -48.0 -48.0 -48.0 -48.0 -48.0 -48.0 -48.0 -48.0 -48.0 -48.0 -48.0 -48.0 -48.0 -48.0 -48.0 -48.0 -48.0 -48.0 -48.0 -48.0 -48.0 -48.0 -48.0 -48.0 -48.0 -48.0 -48.0 -48.0 -48.0 -48.0 -48.0 -48.0 -48.0 -48.0 -48.0
-48.0 -48.0 -48.0 -48.0 -48.0 -48.0 -48.0 -48.0 -48.0 -48.0 -48.0 -48.0 -48.0 -48.0 -48.0 -48.0 -48.0 -48.0 -48.0 -48.0 -48.0 -48.0 -48.0 -48.0 -48.0 -48.0 -48.0 -48.0 -48.0 -48.0 -48.0 -48.0 -48.0 -48.0 -48.0 -48.0 -48.0 -48.0 -48.0 -48.0 -48.0 -48.0 -48.0 -48.0 -48.0 -48.0 -48.0 -48.0 -48.0 -48.0 -48.0 -48.0 -48.0 -48.0 -48.0 -48.0 -48.0 -48.0 -48.0 -48.0
-48.0 -48.0 -48.0 -48.0 -48.0 -48.0 -48.0 -48.0 -48.0 -48.0 -48.0 -48.0 -48.0 -48.0 -48.0 -48.0 -48.0 -48.0 -48.0 -48.0 -48.0 -48.0 -48.0 -48.0 -48.0 -48.0 -48.0 -48.0 -48.0 -48.0 -48.0 -48.0 -48.0 -48.0 -48.0 -48.0 -48.0 -48.0 -48.0 -48.0 -48.0 -48.0 -48.0 -48.0 -48.0 -48.0 -48.0 -49.0 -49.0 -49.0 -49.0 -49.0 -49.0 -49.0 -49.0 -49.0 -49.0 -49.0 -49.0 -50.0
-83.0 -83.0 -83.0 -83.0 -83.0 -83.0 -83.0 -83.0 -83.0 -83.0 -83.0 -83.0 -83.0 -83.0 -83.0 -83.0 -83.0 -83.0 -83.0 -83.0 -83.0 -83.0 -83.0 -83.0 -83.0 -83.0 -83.0 -83.0 -83.0 -83.0 -83.0 -83.0 -83.0 -83.0 -83.0 -83.0 -83.0 -83.0 -83.0 -83.0 -83.0 -83.0 -83.0 -83.0 -83.0 -83.0 -83.0 -83.0 -83.0 -83.0 -83.0 -83.0 -83.0 -83.0 -83.0 -83.0 -83.0 -83.0 -83.0 -83.0
-83.0 -83.0 -83.0 -83.0 -83.0 -83.0 -83.0 -83.0 -83.0 -83.0 -83.0 -83.0 -83.0 -83.0 -83.0 -83.0 -83.0 -83.0 -83.0 -83.0 -83.0 -83.0 -83.0 -83.0 -83.0 -83.0 -83.0 -83.0 -83.0 -83.0 -83.0 -83.0 -83.0 -83.0 -83.0 -83.0 -83.0 -83.0 -83.0 -83.0 -83.0 -83.0 -83.0 -83.0 -83.0 -83.0 -83.0 -83.0 -83.0 -83.0 -83.0 -83.0 -83.0 -83.0 -83.0 -83.0 -83.0 -83.0 -83.0 -83.0
-83.0 -83.0 -83.0 -83.0 -83.0 -83.0 -83.0 -83.0 -83.0 -83.0 -83.0 -83.0 -83.0 -83.0 -83.0 -83.0 -83.0 -83.0 -83.0 -83.0 -83.0 -83.0 -83.0 -83.0 -83.0 -83.0 -83.0 -83.0 -83.0 -83.0 -83.0 -83.0 -83.0 -83.0 -83.0 -83.0 -83.0 -83.0 -83.0 -83.0 -83.0 -83.0 -83.0 -83.0 -83.0 -83.0 -83.0 -83.0 -83.0 -83.0 -83.0 -83.0 -83.0 -83.0 -83.0 -83.0 -83.0 -83.0 -83.0 -83.0
-83.0 -83.0 -83.0 -83.0 -83.0 -83.0 -83.0 -83.0 -83.0 -83.0 -83.0 -83.0 -83.0 -83.0 -83.0 -83.0 -83.0 -83.0 -83.0 -83.0 -83.0 -83.0 -83.0 -83.0 -83.0 -83.0 -83.0 -83.0 -83.0 -83.0 -83.0 -83.0 -83.0 -83.0 -83.0 -83.0 -83.0 -83.0 -83.0 -83.0 -83.0 -83.0 -83.0 -83.0 -83.0 -83.0 -83.0 -83.0 -83.0 -83.0 -83.0 -83.0 -83.0 -83.0 -83.0 -83.0 -83.0 -83.0 -83.0 -83.0
-83.0 -83.0 -83.0 -83.0 -83.0 -83.0 -83.0 -83.0 -83.0 -83.0 -83.0 -83.0 -83.0 -83.0 -83.0 -83.0 -83.0 -83.0 -83.0 -83.0 -83.0 -83.0 -83.0 -83.0 -83.0 -83.0 -83.0 -83.0 -83.0 -83.0 -83.0 -83.0 -83.0 -83.0 -83.0 -83.0 -83.0 -83.0 -83.0 -83.0 -83.0 -83.0 -83.0 -83.0 -83.0 -83.0 -83.0 -83.0 -83.0 -83.0 -83.0 -83.0 -83.0 -83.0 -83.0 -83.0 -83.0 -83.0 -83.0 -83.0
-83.0 -83.0 -83.0 -83.0 -83.0 -83.0 -83.0 -83.0 -83.0 -83.0 -83.0 -83.0 -83.0 -83.0 -83.0 -83.0 -83.0 -83.0 -83.0 -83.0 -83.0 -83.0 -83.0 -83.0 -83.0 -83.0 -83.0 -83.0 -83.0 -83.0 -83.0 -83.0 -83.0 -83.0 -83.0 -83.0 -83.0 -83.0 -83.0 -83.0 -83.0 -83.0 -83.0 -83.0 -83.0 -83.0 -83.0 -83.0 -83.0 -83.0 -83.0 -83.0 -83.0 -83.0 -83.0 -83.0 -83.0 -83.0 -83.0 -83.0
67.0 67.0 67.0 67.0 67.0 67.0 67.0 67.0 67.0 67.0 67.0 67.0 67.0 67.0 67.0 67.0 67.0 67.0 67.0 67.0 67.0 67.0 67.0 67.0 67.0 67.0 67.0 67.0 67.0 67.0 67.0 67.0 67.0 67.0 67.0 67.0 67.0 67.0 67.0 67.0 67.0 67.0 67.0 67.0 67.0 67.0 67.0 67.0 67.0 67.0 67.0 67.0 67.0 67.0 67.0 67.0 67.0 67.0 67.0 67.0
67.0 67.0 67.0 67.0 67.0 67.0 67.0 67.0 67.0 67.0 67.0 67.0 67.0 67.0 67.0 67.0 67.0 67.0 67.0 67.0 67.0 67.0 67.0 67.0 67.0 67.0 67.0 67.0 67.0 67.0 67.0 67.0 67.0 67.0 67.0 67.0 67.0 67.0 67.0 67.0 67.0 67.0 67.0 67.0 67.0 67.0 67.0 67.0 67.0 67.0 67.0 67.0 67.0 67.0 67.0 67.0 67.0 67.0 67.0 67.0
67.0 67.0 67.0 67.0 67.0 67.0 67.0 67.0 67.0 67.0 67.0 67.0 67.0 67.0 67.0 67.0 67.0 67.0 67.0 67.0 67.0 67.0 67.0 67.0 67.0 67.0 67.0 67.0 67.0 67.0 67.0 67.0 67.0 67.0 67.0 67.0 67.0 67.0 67.0 67.0 67.0 67.0 67.0 67.0 67.0 67.0 67.0 67.0 67.0 67.0 67.0 67.0 67.0 67.0 67.0 67.0 67.0 67.0 67.0 67.0
40.0 40.0 40.0 40.0 40.0 40.0 40.0 40.0 40.0 40.0 40.0 40.0 40.0 40.0 40.0 40.0 40.0 40.0 40.0 40.0 40.0 40.0 40.0 40.0 40.0 40.0 40.0 40.0 40.0 40.0 40.0 40.0 40.0 40.0 40.0 40.0 40.0 40.0 40.0 40.0 42.0 50.0 55.0 66.0 72.0 86.0 92.0 99.0 111.0 119.0 119.0 119.0 119.0 119.0 119.0 119.0 119.0 119.0 119.0 119.0
119.0 119.0 119.0 119.0 119.0 119.0 119.0 119.0 119.0 119.0 119.0 119.0 119.0 119.0 119.0 119.0 119.0 119.0 119.0 119.0 119.0 119.0 119.0 119.0 119.0 119.0 119.0 119.0 119.0 119.0 119.0 119.0 119.0 119.0 119.0 119.0 119.0 119.0 119.0 119.0 119.0 119.0 119.0 119.0 119.0 119.0 119.0 119.0 119.0 119.0 119.0 119.0 119.0 119.0 119.0 119.0 119.0 119.0 119.0 119.0
89.0 89.0 89.0 89.0 89.0 89.0 89.0 89.0 89.0 89.0 89.0 89.0 89.0 89.0 89.0 89.0 89.0 89.0 89.0 89.0 89.0 89.0 89.0 89.0 89.0 89.0 89.0 89.0 89.0 89.0 89.0 89.0 89.0 89.0 89.0 89.0 89.0 89.0 89.0 89.0 89.0 89.0 89.0 89.0 89.0 89.0 89.0 89.0 89.0 89.0 89.0 89.0 89.0 89.0 89.0 89.0 89.0 89.0 89.0 89.0
174.0 174.0 174.0 174.0 174.0 174.0 174.0 174.0 174.0 174.0 174.0 174.0 174.0 174.0 174.0 174.0 174.0 174.0 174.0 174.0 174.0 174.0 174.0 174.0 174.0 174.0 174.0 174.0 174.0 174.0 174.0 174.0 174.0 174.0 174.0 174.0 174.0 174.0 174.0 174.0 174.0 174.0 174.0 174.0 174.0 174.0 174.0 174.0 174.0 174.0 174.0 174.0 174.0 174.0 174.0 174.0 174.0 174.0 174.0 174.0
174.0 174.0 174.0 174.0 174.0 174.0 174.0 174.0 174.0 174.0 174.0 174.0 174.0 174.0 174.0 174.0 174.0 174.0 174.0 174.0 174.0 174.0 174.0 174.0 174.0 174.0 174.0 174.0 174.0 174.0 174.0 174.0 174.0 174.0 174.0 174.0 174.0 174.0 174.0 174.0 174.0 174.0 174.0 174.0 174.0 174.0 174.0 174.0 174.0 174.0 174.0 174.0 174.0 174.0 174.0 174.0 174.0 174.0 174.0 174.0
-174.0 -174.0 -174.0 -174.0 -174.0 -174.0 -174.0 -174.0 -174.0 -174.0 -167.0 -166.0 -166.0 -166.0 -166.0 -166.0 -166.0 -166.0 -166.0 -166.0 -166.0 -166.0 -166.0 -166.0 -166.0 -166.0 -166.0 -166.0 -166.0 -166.0 -166.0 -166.0 -166.0 -166.0 -166.0 -166.0 -166.0 -166.0 -166.0 -166.0 -166.0 -166.0 -166.0 -166.0 -166.0 -166.0 -166.0 -166.0 -166.0 -166.0 -166.0 -166.0 -166.0 -166.0 -166.0 -166.0 -166.0 -166.0 -166.0 -166.0
-166.0 -166.0 -166.0 -166.0 -166.0 -166.0 -166.0 -166.0 -166.0 -166.0 -166.0 -166.0 -166.0 -166.0 -166.0 -166.0 -166.0 -166.0 -166.0 -166.0 -166.0 -166.0 -166.0 -166.0 -166.0 -166.0 -166.0 -166.0 -166.0 -166.0 -166.0 -166.0 -166.0 -166.0 -166.0 -166.0 -166.0 -166.0 -166.0 -166.0 -166.0 -166.0 -166.0 -166.0 -166.0 -166.0 -166.0 -166.0 -166.0 -166.0 -166.0 -166.0 -166.0 -166.0 -166.0 -166.0 -166.0 -166.0 -166.0 -166.0
-166.0 -166.0 -166.0 -166.0 -166.0 -166.0 -166.0 -166.0 -166.0 -166.0 -166.0 -166.0 -166.0 -166.0 -166.0 -166.0 -166.0 -166.0 -166.0 -166.0 -166.0 -166.0 -166.0 -166.0 -166.0 -166.0 -166.0 -166.0 -166.0 -166.0 -166.0 -166.0 -166.0 -166.0 -166.0 -166.0 -166.0 -166.0 -166.0 -166.0 -166.0 -166.0 -166.0 -166.0 -166.0 -166.0 -166.0 -166.0 -166.0 -166.0 -166.0 -166.0 -166.0 -166.0 -166.0 -166.0 -166.0 -166.0 -166.0 -166.0
-138.0 -138.0 -138.0 -138.0 -138.0 -138.0 -138.0 -138.0 -138.0 -138.0 -138.0 -138.0 -138.0 -138.0 -138.0 -138.0 -138.0 -138.0 -138.0 -138.0 -138.0 -138.0 -138.0 -138.0 -138.0 -138.0 -138.0 -138.0 -138.0 -138.0 -138.0 -138.0 -138.0 -138.0 -138.0 -138.0 -138.0 -138.0 -138.0 -138.0 -138.0 -138.0 -138.0 -138.0 -138.0 -138.0 -138.0 -138.0 -138.0 -138.0 -138.0 -138.0 -138.0 -138.0 -138.0 -138.0 -138.0 -138.0 -138.0 -138.0
