26382.0 26470.0 26612.0 26669.0 26690.0 26707.0 26624.0 26465.0 26450.0 26499.0 26583.0 26656.0 26698.0 26653.0 26561.0 26454.0 26392.0 26325.0 26236.0 26156.0 26124.0 26104.0 26198.0 26267.0 26347.0 26281.0 26193.0 26230.0 26342.0 26487.0 26460.0 26422.0 26410.0 26443.0 26482.0 26489.0 26501.0 26506.0 26476.0 26428.0 26408.0 26348.0 26321.0 26389.0 26469.0 26561.0 26574.0 26500.0 26509.0 26523.0 26551.0 26556.0 26397.0 26350.0
26556.0 26397.0 26350.0 26448.0 26532.0 26529.0 26516.0 26476.0 26367.0 26307.0 26320.0 26386.0 26426.0 26436.0 26408.0 26401.0 26414.0 26405.0 26371.0 26355.0 26336.0 26352.0 26333.0 26333.0 26341.0 26363.0 26348.0 26346.0 26352.0 26357.0 26395.0 26437.0 26455.0 26431.0 26439.0 26415.0 26399.0 26363.0 26407.0 26412.0 26372.0 26386.0 26418.0 26411.0 26370.0 26377.0 26365.0 26353.0 26358.0 26349.0 26378.0 26356.0 26349.0 26379.0
26513.0 26524.0 26527.0 26521.0 26517.0 26507.0 26503.0 26514.0 26514.0 26518.0 26533.0 26540.0 26535.0 26528.0 26503.0 26500.0 26492.0 26486.0 26487.0 26497.0 26491.0 26473.0 26479.0 26486.0 26483.0 26510.0 26507.0 26493.0 26489.0 26480.0 26479.0 26481.0 26500.0 26503.0 26496.0 26495.0 26502.0 26513.0 26529.0 26523.0 26474.0 26468.0 26458.0 26458.0 26449.0 26439.0 26498.0 26527.0 26489.0 26472.0 26461.0 26446.0 26432.0 26420.0
26446.0 26432.0 26420.0 26423.0 26422.0 26420.0 26416.0 26413.0 26423.0 26403.0 26394.0 26391.0 26392.0 26377.0 26358.0 26372.0 26357.0 26385.0 26397.0 26386.0 26402.0 26402.0 26399.0 26409.0 26425.0 26403.0 26352.0 26303.0 26263.0 26249.0 26235.0 26256.0 26285.0 26299.0 26267.0 26265.0 26300.0 26305.0 26310.0 26307.0 26271.0 26238.0 26239.0 26269.0 26323.0 26337.0 26326.0 26320.0 26322.0 26343.0 26377.0 26407.0 26459.0 26484.0
26459.0 26484.0 26480.0 26522.0 26576.0 26572.0 26593.0 26603.0 26593.0 26561.0 26545.0 26588.0 26621.0 26630.0 26625.0 26614.0 26594.0 26592.0 26596.0 26591.0 26583.0 26603.0 26610.0 26634.0 26654.0 26652.0 26661.0 26665.0 26645.0 26620.0 26619.0 26624.0 26624.0 26613.0 26613.0 26590.0 26589.0 26564.0 26548.0 26556.0 26563.0 26604.0 26600.0 26565.0 26545.0 26510.0 26489.0 26450.0 26445.0 26425.0 26394.0 26374.0 26387.0 26398.0
27779.0 27785.0 27806.0 27846.0 27802.0 27796.0 27785.0 27817.0 27812.0 27785.0 27810.0 27848.0 27855.0 27889.0 27873.0 27772.0 27755.0 27743.0 27810.0 27794.0 27767.0 27764.0 27760.0 27756.0 27751.0 27792.0 27805.0 27825.0 27866.0 27836.0 27838.0 27939.0 27995.0 28025.0 28017.0 28056.0 28145.0 28111.0 28128.0 28139.0 28038.0 28010.0 27929.0 27819.0 27840.0 27848.0 27916.0 27938.0 27900.0 27873.0 27847.0 27909.0 27953.0 27890.0
34108.0 34112.0 34113.0 34113.0 34112.0 34105.0 34112.0 34124.0 34122.0 34123.0 34129.0 34131.0 34138.0 34135.0 34131.0 34140.0 34141.0 34151.0 34148.0 34157.0 34175.0 34446.0 34979.0 34328.0 34190.0 34227.0 34253.0 34213.0 34154.0 34157.0 34169.0 34181.0 34215.0 34202.0 34209.0 34217.0 34219.0 34246.0 34243.0 34264.0 34256.0 34247.0 34233.0 34222.0 34208.0 34191.0 34167.0 34177.0 34185.0 34192.0 34193.0 34197.0 34195.0 34203.0
34203.0 34207.0 34211.0 34208.0 34207.0 34203.0 34217.0 34205.0 34221.0 34222.0 34235.0 34232.0 34230.0 34225.0 34215.0 34209.0 34196.0 34180.0 34186.0 34179.0 34195.0 34188.0 34196.0 34187.0 34205.0 10.0 35750.0 34471.0 34255.0 34325.0 34450.0 34327.0 34241.0 34207.0 34218.0 34236.0 34260.0 34288.0 34304.0 34289.0 34303.0 34298.0 34299.0 34300.0 34304.0 34307.0 34314.0 34307.0 34313.0 34315.0 34307.0 34321.0 34089.0 34006.0
31099.0 31098.0 31111.0 31115.0 31116.0 31106.0 31119.0 31114.0 31102.0 31077.0 31096.0 31099.0 31629.0 31738.0 31144.0 31070.0 31094.0 31100.0 31097.0 31104.0 31105.0 31102.0 31120.0 31140.0 31150.0 31160.0 31152.0 31148.0 31155.0 31154.0 31144.0 31143.0 31137.0 31134.0 31129.0 31114.0 31117.0 31102.0 31102.0 31102.0 31090.0 31094.0 31076.0 31084.0 31072.0 31077.0 31088.0 31082.0 31085.0 31079.0 31080.0 31081.0 31088.0 31077.0
31108.0 31124.0 31117.0 31115.0 31117.0 31117.0 31115.0 31117.0 31132.0 31125.0 31130.0 31269.0 33906.0 33639.0 32448.0 31780.0 31291.0 31192.0 31310.0 31201.0 31088.0 31057.0 31050.0 31049.0 31050.0 31048.0 31076.0 31071.0 31096.0 31093.0 31103.0 31141.0 31150.0 31174.0 31172.0 31197.0 31189.0 31191.0 31191.0 31206.0 31190.0 31188.0 31197.0 31201.0 31210.0 31229.0 31217.0 31239.0 31227.0 31237.0 31226.0 31242.0 31222.0 31208.0
31201.0 31192.0 31216.0 31197.0 31207.0 31170.0 31169.0 31155.0 31179.0 31185.0 31173.0 31178.0 31175.0 32138.0 33386.0 32448.0 31638.0 31318.0 31185.0 31159.0 31087.0 31069.0 31068.0 31095.0 31087.0 31083.0 31079.0 31076.0 31063.0 31066.0 31071.0 31056.0 31068.0 31054.0 31051.0 31057.0 31057.0 31044.0 31046.0 31033.0 31031.0 31031.0 31021.0 31029.0 31036.0 31037.0 31049.0 31039.0 31047.0 31035.0 31043.0 31039.0 31028.0 31033.0
31017.0 31028.0 31061.0 31064.0 31083.0 31094.0 31083.0 31076.0 31059.0 31051.0 31062.0 31055.0 31049.0 31882.0 32833.0 31419.0 31275.0 31098.0 31078.0 31081.0 31063.0 31066.0 31052.0 31057.0 31050.0 31061.0 31057.0 31068.0 31079.0 31093.0 31103.0 31101.0 31115.0 31123.0 31113.0 31127.0 31137.0 31135.0 31145.0 31142.0 31143.0 31155.0 31144.0 31145.0 31117.0 31045.0 31070.0 31054.0 31029.0 31022.0 31041.0 31054.0 31052.0 31060.0
27630.0 27591.0 27635.0 27619.0 27647.0 27646.0 27631.0 27636.0 27645.0 27694.0 27742.0 27787.0 27789.0 27851.0 27923.0 27799.0 27682.0 27649.0 27651.0 27686.0 27441.0 27347.0 27672.0 27699.0 27692.0 27700.0 27750.0 27779.0 27715.0 27707.0 27695.0 27697.0 27689.0 27665.0 27647.0 27674.0 27711.0 27682.0 27644.0 27635.0 27575.0 27581.0 27642.0 27661.0 27655.0 27602.0 27592.0 27594.0 27609.0 27620.0 27693.0 27715.0 27560.0 27538.0
27684.0 27695.0 27692.0 27719.0 27715.0 27733.0 27786.0 27830.0 27763.0 27696.0 27678.0 27744.0 27989.0 27836.0 27775.0 27938.0 27828.0 27741.0 27744.0 27768.0 27812.0 27795.0 27801.0 27923.0 27909.0 27844.0 27821.0 27859.0 27839.0 27801.0 27694.0 27644.0 27601.0 27657.0 27704.0 27748.0 27784.0 27742.0 27650.0 27578.0 27556.0 27653.0 27700.0 27674.0 27674.0 27663.0 27641.0 27576.0 27574.0 27620.0 27554.0 27575.0 27582.0 27539.0
27588.0 27531.0 27522.0 27579.0 27634.0 27655.0 27595.0 27570.0 27564.0 27511.0 27541.0 27597.0 27623.0 26957.0 26445.0 26684.0 26990.0 27073.0 27166.0 27539.0 27661.0 27640.0 27672.0 27657.0 27747.0 27746.0 27661.0 27630.0 27685.0 27744.0 27774.0 27724.0 27585.0 27535.0 27532.0 27624.0 27738.0 27713.0 27711.0 27687.0 27644.0 27625.0 27580.0 27626.0 27583.0 27570.0 27636.0 27596.0 27612.0 27644.0 27744.0 27726.0 27697.0 27710.0
27713.0 27649.0 27618.0 27665.0 27682.0 27680.0 27674.0 27699.0 27643.0 27611.0 27616.0 27598.0 27551.0 27646.0 27656.0 27538.0 27572.0 27598.0 27580.0 27641.0 27550.0 27450.0 27517.0 27653.0 27688.0 27625.0 27622.0 27708.0 27591.0 27610.0 27702.0 27722.0 27790.0 27613.0 27580.0 27666.0 27812.0 27758.0 27781.0 27767.0 27727.0 27614.0 27620.0 27640.0 27654.0 27713.0 27679.0 27648.0 27607.0 27575.0 27558.0 27549.0 27522.0 27524.0
27663.0 27751.0 27766.0 27717.0 27761.0 27836.0 27814.0 27787.0 27724.0 27657.0 27668.0 27564.0 27166.0 27822.0 27806.0 27739.0 27780.0 27847.0 27804.0 27807.0 27845.0 27799.0 27781.0 27779.0 27739.0 27707.0 27657.0 27652.0 27788.0 27719.0 27694.0 27697.0 27717.0 27684.0 27615.0 27535.0 27546.0 27590.0 27614.0 27641.0 27652.0 27630.0 27658.0 27665.0 27656.0 27662.0 27650.0 27670.0 27657.0 27654.0 27665.0 27653.0 27686.0 27674.0
27662.0 27650.0 27670.0 27657.0 27654.0 27665.0 27653.0 27686.0 27674.0 27672.0 27707.0 27707.0 27696.0 27691.0 27646.0 27667.0 27673.0 27469.0 27487.0 27724.0 27629.0 27553.0 27605.0 27647.0 27670.0 27740.0 27751.0 27712.0 27654.0 27671.0 27690.0 27591.0 27596.0 27601.0 27603.0 27655.0 27659.0 27679.0 27727.0 27703.0 27704.0 27650.0 27665.0 27699.0 27647.0 27604.0 27639.0 27648.0 27638.0 27676.0 27706.0 27657.0 27633.0 27605.0
6802.0 6793.0 6804.0 6802.0 6816.0 6837.0 6830.0 6853.0 6887.0 6932.0 6922.0 6006.0 6820.0 6864.0 6745.0 6764.0 6901.0 6947.0 6999.0 7021.0 6988.0 7009.0 6967.0 6919.0 6887.0 6844.0 6803.0 6758.0 6754.0 6741.0 6714.0 6686.0 6695.0 6724.0 6742.0 6747.0 6758.0 6746.0 6735.0 6757.0 6778.0 6778.0 6770.0 6754.0 6752.0 6754.0 6766.0 6779.0 6796.0 6822.0 6854.0 6882.0 6870.0 6852.0
6810.0 6800.0 6822.0 6839.0 6829.0 6832.0 6793.0 6778.0 6768.0 6721.0 6695.0 6670.0 6671.0 6675.0 6679.0 6641.0 5807.0 6170.0 6524.0 6608.0 6631.0 6690.0 6719.0 6761.0 6801.0 6820.0 6795.0 6771.0 6782.0 6798.0 6822.0 6838.0 6878.0 6909.0 6893.0 6886.0 6859.0 6854.0 6855.0 6856.0 6873.0 6894.0 6907.0 6926.0 6968.0 6952.0 6930.0 6938.0 6929.0 6932.0 6923.0 6904.0 6887.0 6874.0
6752.0 6760.0 6766.0 6750.0 6747.0 6754.0 6756.0 6752.0 6753.0 6754.0 6751.0 6758.0 6774.0 6774.0 6806.0 6747.0 6770.0 6775.0 6795.0 6822.0 6847.0 6790.0 6755.0 6811.0 6782.0 6786.0 6760.0 6757.0 6779.0 6784.0 6761.0 6763.0 6761.0 6762.0 6769.0 6759.0 6790.0 6810.0 6804.0 6790.0 6781.0 6795.0 6815.0 6802.0 6788.0 6795.0 6798.0 6783.0 6785.0 6787.0 6784.0 6789.0 6793.0 6794.0
4089.0 4065.0 4046.0 4047.0 4047.0 4051.0 4035.0 4031.0 4043.0 4050.0 4065.0 4094.0 4084.0 4049.0 4064.0 4206.0 4112.0 4062.0 4033.0 4013.0 4014.0 4052.0 4060.0 4078.0 4096.0 4098.0 4093.0 4084.0 4077.0 4079.0 4064.0 4063.0 4061.0 4034.0 4037.0 4220.0 5255.0 6683.0 7231.0 8695.0 9515.0 10944.0 12094.0 11888.0 11970.0 11978.0 11977.0 11975.0 11972.0 11966.0 11957.0 11932.0 11937.0 11207.0
11917.0 11914.0 11920.0 11916.0 11912.0 11895.0 11887.0 11905.0 11898.0 11887.0 11883.0 11876.0 11862.0 11858.0 11856.0 11934.0 11912.0 11836.0 11808.0 11790.0 11819.0 11824.0 11829.0 11861.0 11901.0 11914.0 11924.0 11924.0 11921.0 11919.0 11935.0 11940.0 11944.0 11950.0 11949.0 11959.0 11974.0 11977.0 11989.0 11989.0 11952.0 11923.0 11918.0 11893.0 11870.0 11871.0 11882.0 11887.0 11884.0 11875.0 11852.0 11853.0 11840.0 11842.0
9022.0 9009.0 8984.0 9014.0 8942.0 8908.0 8943.0 8971.0 8961.0 8970.0 8957.0 9032.0 9097.0 8900.0 7176.0 8856.0 8915.0 9017.0 9075.0 9059.0 9035.0 8977.0 9030.0 9108.0 9073.0 9062.0 9084.0 9076.0 9098.0 9133.0 9137.0 9184.0 9110.0 9059.0 9076.0 9053.0 9062.0 9047.0 9036.0 9028.0 9015.0 9028.0 8991.0 9022.0 9031.0 9035.0 9019.0 9067.0 9038.0 9050.0 9024.0 8998.0 9017.0 9032.0
17476.0 17468.0 17477.0 17468.0 17469.0 17474.0 17463.0 17475.0 17468.0 17478.0 17462.0 17473.0 17466.0 17479.0 17476.0 17486.0 18075.0 17842.0 17468.0 17474.0 17524.0 17509.0 17498.0 17476.0 17456.0 17460.0 17452.0 17455.0 17460.0 17470.0 17490.0 17492.0 17491.0 17486.0 17493.0 17499.0 17500.0 17512.0 17494.0 17501.0 17506.0 17499.0 17500.0 17502.0 17510.0 17516.0 17512.0 17514.0 17512.0 17513.0 17520.0 17514.0 17525.0 17523.0
17517.0 17525.0 17518.0 17521.0 17515.0 17509.0 17521.0 17523.0 17521.0 17527.0 17515.0 17529.0 17521.0 17517.0 17522.0 17518.0 17531.0 17685.0 19326.0 19054.0 17936.0 17671.0 17619.0 17581.0 17542.0 17512.0 17483.0 17475.0 17496.0 17486.0 17497.0 17500.0 17491.0 17498.0 17520.0 17506.0 17517.0 17518.0 17509.0 17509.0 17510.0 17486.0 17480.0 17491.0 17484.0 17479.0 17492.0 17482.0 17492.0 17481.0 17479.0 17465.0 17458.0 17449.0
18559.0 18555.0 18532.0 18542.0 18534.0 18544.0 18520.0 18541.0 20135.0 21325.0 20024.0 19455.0 19383.0 19371.0 19361.0 19341.0 19344.0 19338.0 19327.0 19329.0 19330.0 19322.0 19333.0 19326.0 19329.0 19333.0 19325.0 19331.0 19323.0 19321.0 19323.0 19322.0 19322.0 19309.0 19321.0 19310.0 19307.0 19309.0 19310.0 19308.0 19314.0 19322.0 19315.0 19323.0 19308.0 19316.0 19314.0 19327.0 19319.0 19325.0 19327.0 19327.0 19343.0 19344.0
19365.0 19373.0 19369.0 19357.0 19351.0 19351.0 19349.0 19341.0 19342.0 19346.0 19470.0 20933.0 19692.0 19424.0 19431.0 19360.0 19357.0 19323.0 19317.0 19328.0 19341.0 19336.0 19339.0 19328.0 19330.0 19331.0 19352.0 19348.0 19345.0 19346.0 19358.0 19366.0 19382.0 19386.0 19395.0 19392.0 19400.0 19395.0 19392.0 19393.0 19391.0 19394.0 19392.0 19382.0 19384.0 19395.0 19398.0 19397.0 19400.0 19388.0 19391.0 19386.0 19394.0 19383.0
19439.0 19429.0 19423.0 19403.0 19386.0 19367.0 19360.0 19367.0 19363.0 19360.0 19346.0 19334.0 19318.0 19327.0 19325.0 19335.0 19337.0 19340.0 19334.0 21081.0 20413.0 19682.0 19451.0 19345.0 19330.0 19354.0 19392.0 19357.0 19352.0 19377.0 19420.0 19410.0 19400.0 19404.0 19390.0 19398.0 19396.0 19379.0 19390.0 19365.0 19358.0 19347.0 19342.0 19327.0 19340.0 19345.0 19339.0 19350.0 19339.0 19358.0 19363.0 19349.0 19340.0 19333.0
22150.0 22129.0 22119.0 22097.0 22096.0 22094.0 22087.0 22103.0 22106.0 22101.0 22119.0 23086.0 22915.0 22241.0 22066.0 22166.0 22240.0 22201.0 22152.0 22111.0 22090.0 22088.0 22101.0 22107.0 22126.0 22165.0 22166.0 22204.0 22202.0 22200.0 22201.0 22186.0 22208.0 22207.0 22217.0 22243.0 22276.0 22303.0 22340.0 22377.0 22387.0 22387.0 22378.0 22363.0 22334.0 22307.0 22285.0 22274.0 22267.0 22269.0 22280.0 22269.0 22272.0 22258.0
