261.0 257.0 196.0 181.0 190.0 192.0 215.0 278.0 268.0 241.0 211.0 199.0 197.0 216.0 238.0 260.0 274.0 295.0 324.0 306.0 343.0 301.0 275.0 238.0 272.0 312.0 302.0 267.0 261.0 262.0 267.0 266.0 227.0 236.0 243.0 231.0 248.0 236.0 260.0 297.0 261.0 280.0 249.0 217.0 200.0 192.0 239.0 250.0 217.0
286.0 276.0 237.0 228.0 246.0 262.0 286.0 329.0 256.0 277.0 272.0 266.0 255.0 278.0 262.0 244.0 263.0 279.0 259.0 271.0 272.0 280.0 308.0 293.0 290.0 321.0 286.0 301.0 315.0 275.0 290.0 280.0 318.0 276.0 295.0 305.0 339.0 303.0 294.0 303.0 285.0 291.0 303.0 332.0 305.0 291.0 313.0 316.0 298.0
278.0 269.0 277.0 275.0 276.0 283.0 278.0 275.0 272.0 266.0 277.0 266.0 281.0 286.0 283.0 273.0 278.0 281.0 279.0 277.0 277.0 265.0 275.0 280.0 279.0 274.0 277.0 270.0 295.0 279.0 278.0 278.0 284.0 288.0 274.0 259.0 269.0 272.0 268.0 273.0 277.0 275.0 278.0 303.0 303.0 259.0 290.0 291.0 303.0
300.0 314.0 312.0 318.0 297.0 314.0 302.0 292.0 307.0 333.0 327.0 321.0 344.0 325.0 319.0 334.0 317.0 317.0 322.0 311.0 304.0 284.0 307.0 294.0 314.0 342.0 354.0 350.0 327.0 343.0 325.0 297.0 340.0 334.0 339.0 322.0 335.0 341.0 375.0 370.0 374.0 349.0 324.0 350.0 351.0 372.0 356.0 354.0 337.0
350.0 322.0 325.0 325.0 290.0 281.0 302.0 280.0 310.0 312.0 330.0 307.0 293.0 303.0 297.0 301.0 295.0 288.0 294.0 285.0 294.0 282.0 276.0 275.0 266.0 271.0 271.0 270.0 274.0 297.0 271.0 264.0 267.0 266.0 272.0 272.0 284.0 279.0 307.0 302.0 300.0 271.0 290.0 309.0 304.0 309.0 343.0 324.0 318.0
320.0 309.0 305.0 247.0 343.0 292.0 246.0 326.0 316.0 330.0 307.0 313.0 352.0 321.0 293.0 326.0 306.0 352.0 309.0 348.0 314.0 332.0 360.0 308.0 359.0 301.0 303.0 317.0 322.0 362.0 306.0 256.0 261.0 242.0 268.0 216.0 221.0 281.0 245.0 280.0 303.0 262.0 346.0 295.0 286.0 309.0 278.0 278.0 329.0
357.0 330.0 356.0 311.0 319.0 333.0 329.0 345.0 308.0 330.0 326.0 352.0 360.0 306.0 341.0 319.0 359.0 311.0 293.0 334.0 300.0 107.0 354.0 357.0 312.0 322.0 377.0 347.0 330.0 316.0 298.0 323.0 294.0 327.0 311.0 313.0 315.0 278.0 369.0 323.0 262.0 261.0 310.0 357.0 365.0 366.0 373.0 331.0 374.0
326.0 349.0 325.0 346.0 322.0 319.0 338.0 311.0 319.0 310.0 334.0 334.0 352.0 324.0 353.0 351.0 351.0 332.0 322.0 342.0 328.0 356.0 361.0 350.0 320.0 160.0 377.0 423.0 446.0 475.0 472.0 383.0 384.0 348.0 339.0 344.0 310.0 336.0 326.0 323.0 334.0 318.0 329.0 334.0 304.0 327.0 325.0 320.0 334.0
334.0 321.0 326.0 328.0 348.0 345.0 358.0 347.0 370.0 355.0 351.0 333.0 234.0 472.0 421.0 398.0 357.0 360.0 349.0 363.0 342.0 331.0 341.0 327.0 312.0 333.0 318.0 322.0 347.0 336.0 319.0 362.0 333.0 357.0 353.0 356.0 332.0 334.0 362.0 348.0 358.0 370.0 346.0 326.0 349.0 328.0 372.0 324.0 368.0
321.0 347.0 315.0 335.0 333.0 343.0 365.0 321.0 333.0 316.0 349.0 303.0 133.0 341.0 359.0 475.0 475.0 475.0 475.0 475.0 457.0 430.0 366.0 365.0 373.0 401.0 345.0 386.0 350.0 370.0 360.0 369.0 344.0 352.0 328.0 341.0 326.0 315.0 324.0 323.0 317.0 307.0 332.0 332.0 346.0 307.0 343.0 305.0 310.0
303.0 295.0 338.0 323.0 335.0 314.0 307.0 300.0 326.0 308.0 26.0 40.0 432.0 455.0 439.0 468.0 401.0 365.0 338.0 332.0 335.0 357.0 363.0 332.0 351.0 339.0 341.0 349.0 348.0 331.0 349.0 334.0 376.0 341.0 359.0 362.0 364.0 378.0 380.0 384.0 372.0 361.0 365.0 352.0 375.0 363.0 345.0 392.0 397.0
367.0 344.0 371.0 342.0 345.0 355.0 369.0 343.0 373.0 344.0 331.0 87.0 413.0 475.0 461.0 391.0 377.0 356.0 352.0 384.0 348.0 355.0 382.0 370.0 364.0 388.0 353.0 380.0 360.0 368.0 355.0 366.0 358.0 348.0 356.0 374.0 350.0 363.0 353.0 327.0 301.0 299.0 349.0 406.0 434.0 391.0 381.0 359.0 367.0
349.0 320.0 329.0 336.0 315.0 356.0 314.0 327.0 333.0 258.0 269.0 269.0 304.0 297.0 282.0 385.0 327.0 319.0 305.0 15.0 487.0 410.0 330.0 332.0 335.0 304.0 300.0 322.0 293.0 323.0 294.0 311.0 325.0 319.0 304.0 302.0 320.0 305.0 328.0 368.0 314.0 310.0 345.0 336.0 351.0 358.0 377.0 390.0 395.0
313.0 301.0 308.0 293.0 311.0 313.0 314.0 307.0 298.0 293.0 320.0 307.0 15.0 256.0 470.0 220.0 287.0 312.0 291.0 279.0 275.0 292.0 281.0 206.0 242.0 274.0 253.0 227.0 252.0 274.0 338.0 390.0 344.0 329.0 305.0 302.0 298.0 312.0 311.0 338.0 326.0 273.0 321.0 304.0 336.0 348.0 385.0 405.0 359.0
377.0 405.0 401.0 323.0 343.0 346.0 376.0 343.0 373.0 382.0 325.0 310.0 15.0 496.0 496.0 478.0 402.0 457.0 428.0 354.0 349.0 316.0 343.0 304.0 318.0 332.0 372.0 326.0 314.0 318.0 348.0 413.0 327.0 376.0 267.0 273.0 317.0 285.0 316.0 318.0 337.0 308.0 312.0 323.0 348.0 332.0 332.0 347.0 304.0
340.0 361.0 339.0 308.0 319.0 302.0 318.0 289.0 378.0 331.0 338.0 364.0 360.0 302.0 338.0 380.0 15.0 497.0 469.0 451.0 497.0 353.0 369.0 377.0 399.0 338.0 339.0 398.0 360.0 297.0 293.0 329.0 444.0 363.0 325.0 263.0 284.0 283.0 342.0 367.0 364.0 359.0 364.0 326.0 395.0 402.0 385.0 362.0 389.0
299.0 280.0 270.0 354.0 287.0 260.0 314.0 315.0 327.0 368.0 337.0 15.0 343.0 368.0 362.0 335.0 305.0 287.0 308.0 307.0 284.0 293.0 294.0 320.0 353.0 341.0 381.0 351.0 315.0 369.0 352.0 345.0 352.0 316.0 329.0 416.0 375.0 340.0 343.0 353.0 347.0 358.0 349.0 368.0 359.0 356.0 356.0 345.0 368.0
356.0 356.0 345.0 368.0 355.0 367.0 381.0 339.0 379.0 359.0 327.0 389.0 360.0 356.0 415.0 345.0 110.0 230.0 500.0 412.0 439.0 436.0 397.0 403.0 338.0 323.0 349.0 361.0 325.0 314.0 381.0 369.0 342.0 334.0 317.0 330.0 318.0 317.0 324.0 316.0 362.0 332.0 331.0 377.0 364.0 360.0 377.0 375.0 302.0
319.0 328.0 343.0 323.0 338.0 303.0 331.0 313.0 290.0 302.0 309.0 358.0 274.0 253.0 294.0 334.0 351.0 304.0 338.0 337.0 335.0 293.0 286.0 309.0 282.0 291.0 304.0 337.0 350.0 335.0 377.0 349.0 380.0 380.0 383.0 367.0 355.0 360.0 341.0 344.0 379.0 339.0 345.0 334.0 321.0 338.0 346.0 355.0 333.0
313.0 336.0 315.0 300.0 305.0 309.0 329.0 349.0 312.0 328.0 349.0 368.0 332.0 372.0 357.0 475.0 397.0 443.0 319.0 262.0 299.0 268.0 333.0 280.0 320.0 297.0 309.0 360.0 326.0 316.0 321.0 290.0 294.0 272.0 306.0 306.0 303.0 293.0 287.0 312.0 306.0 314.0 288.0 264.0 295.0 285.0 290.0 267.0 281.0
366.0 364.0 347.0 332.0 343.0 349.0 361.0 355.0 352.0 338.0 345.0 324.0 363.0 356.0 419.0 208.0 321.0 330.0 291.0 331.0 292.0 291.0 304.0 311.0 343.0 313.0 340.0 335.0 308.0 311.0 341.0 327.0 325.0 339.0 322.0 313.0 341.0 312.0 308.0 352.0 301.0 317.0 335.0 316.0 340.0 325.0 319.0 325.0 337.0
330.0 369.0 357.0 367.0 365.0 376.0 381.0 375.0 369.0 363.0 367.0 362.0 346.0 371.0 356.0 354.0 391.0 354.0 341.0 331.0 351.0 317.0 352.0 354.0 368.0 362.0 364.0 356.0 349.0 359.0 349.0 354.0 358.0 350.0 360.0 355.0 423.0 339.0 364.0 363.0 391.0 375.0 363.0 352.0 353.0 345.0 340.0 338.0 344.0
359.0 350.0 328.0 332.0 328.0 337.0 336.0 358.0 341.0 341.0 368.0 383.0 374.0 391.0 445.0 240.0 410.0 380.0 372.0 377.0 333.0 391.0 343.0 339.0 338.0 359.0 381.0 383.0 335.0 359.0 365.0 340.0 340.0 346.0 358.0 348.0 352.0 353.0 342.0 351.0 350.0 353.0 389.0 351.0 360.0 361.0 348.0 351.0 390.0
385.0 391.0 374.0 356.0 380.0 346.0 338.0 339.0 338.0 314.0 355.0 265.0 278.0 299.0 304.0 273.0 468.0 281.0 251.0 280.0 338.0 375.0 351.0 307.0 332.0 312.0 306.0 284.0 345.0 265.0 288.0 267.0 295.0 382.0 308.0 313.0 331.0 309.0 294.0 298.0 321.0 344.0 338.0 337.0 295.0 313.0 287.0 317.0 290.0
296.0 278.0 285.0 281.0 306.0 302.0 311.0 305.0 295.0 283.0 304.0 280.0 277.0 275.0 286.0 261.0 389.0 310.0 263.0 288.0 319.0 300.0 316.0 283.0 314.0 281.0 308.0 303.0 309.0 294.0 276.0 285.0 302.0 298.0 282.0 276.0 284.0 267.0 276.0 261.0 277.0 278.0 285.0 267.0 293.0 283.0 282.0 271.0 295.0
292.0 292.0 281.0 293.0 290.0 309.0 297.0 269.0 296.0 284.0 271.0 266.0 271.0 301.0 297.0 260.0 285.0 278.0 113.0 342.0 389.0 289.0 283.0 308.0 341.0 356.0 292.0 312.0 288.0 310.0 304.0 289.0 301.0 311.0 292.0 301.0 305.0 282.0 272.0 283.0 302.0 311.0 284.0 291.0 318.0 309.0 291.0 302.0 289.0
300.0 320.0 320.0 318.0 316.0 310.0 300.0 28.0 350.0 431.0 318.0 297.0 310.0 309.0 316.0 296.0 328.0 330.0 295.0 327.0 316.0 323.0 317.0 309.0 324.0 303.0 316.0 309.0 323.0 313.0 305.0 302.0 312.0 306.0 299.0 318.0 310.0 292.0 313.0 318.0 321.0 328.0 316.0 328.0 305.0 319.0 297.0 328.0 300.0
323.0 294.0 306.0 307.0 320.0 327.0 335.0 325.0 331.0 308.0 73.0 418.0 432.0 309.0 333.0 334.0 318.0 341.0 323.0 330.0 302.0 302.0 308.0 322.0 339.0 307.0 326.0 310.0 324.0 308.0 306.0 298.0 302.0 317.0 315.0 304.0 306.0 300.0 301.0 296.0 300.0 298.0 310.0 311.0 309.0 289.0 292.0 275.0 284.0
298.0 294.0 294.0 288.0 287.0 316.0 301.0 300.0 292.0 314.0 326.0 318.0 305.0 324.0 322.0 295.0 288.0 322.0 311.0 86.0 373.0 370.0 303.0 360.0 338.0 303.0 296.0 319.0 315.0 328.0 330.0 307.0 302.0 306.0 295.0 304.0 282.0 305.0 287.0 297.0 311.0 310.0 300.0 298.0 325.0 316.0 329.0 306.0 322.0
309.0 320.0 296.0 304.0 333.0 335.0 341.0 340.0 315.0 308.0 308.0 384.0 475.0 391.0 295.0 287.0 401.0 363.0 373.0 317.0 336.0 347.0 348.0 300.0 304.0 320.0 294.0 317.0 304.0 310.0 298.0 310.0 310.0 304.0 299.0 297.0 282.0 279.0 278.0 253.0 256.0 260.0 247.0 282.0 293.0 271.0 283.0 280.0 272.0
