495266.0 495410.0 495531.0 495632.0 495733.0 495856.0 495977.0 496121.0 496232.0 496365.0 496486.0 496606.0 496747.0 496868.0 497029.0 497153.0 497255.0 497356.0 497477.0 497630.0 497739.0 497921.0 498025.0 498129.0 498250.0 498389.0 498513.0 498636.0 498757.0 498899.0 499018.0 499140.0 499308.0 499432.0 499554.0 499677.0 499791.0 499878.0 499982.0 500084.0 500184.0 500306.0 500406.0 500570.0 500692.0 500793.0 500914.0 501035.0 501156.0 501337.0 501439.0
501337.0 501439.0 501564.0 501727.0 501873.0 502013.0 502154.0 502276.0 502398.0 502500.0 502641.0 502742.0 502887.0 503012.0 503133.0 503253.0 503416.0 503519.0 503639.0 503759.0 503922.0 504064.0 504166.0 504288.0 504410.0 504552.0 504674.0 504795.0 504915.0 505055.0 505176.0 505317.0 505458.0 505578.0 505679.0 505800.0 505941.0 506040.0 506181.0 506284.0 506424.0 506545.0 506646.0 506766.0 507009.0 507091.0 507217.0 507338.0 507462.0 507641.0 507725.0
513299.0 513503.0 513623.0 513744.0 513868.0 513988.0 514109.0 514252.0 514375.0 514476.0 514596.0 514678.0 514821.0 514941.0 515083.0 515203.0 515327.0 515447.0 515547.0 515688.0 515808.0 515929.0 516030.0 516152.0 516293.0 516433.0 516557.0 516679.0 516819.0 516925.0 517067.0 517188.0 517328.0 517411.0 517512.0 517611.0 517753.0 517854.0 517974.0 518075.0 518195.0 518316.0 518439.0 518559.0 518698.0 518804.0 518925.0 519065.0 519206.0 519327.0 519408.0
519206.0 519327.0 519408.0 519549.0 519670.0 519772.0 519915.0 520036.0 520117.0 520237.0 520381.0 520522.0 520664.0 520785.0 520887.0 520987.0 521113.0 521213.0 521357.0 521457.0 521578.0 521700.0 521842.0 521959.0 522044.0 522166.0 522307.0 522468.0 522608.0 522709.0 522831.0 522954.0 523097.0 523221.0 523343.0 523465.0 523585.0 523706.0 523828.0 523950.0 524070.0 524191.0 524332.0 524432.0 524555.0 524656.0 524799.0 524919.0 525020.0 525140.0 525240.0
525240.0 525360.0 525462.0 525582.0 525683.0 525804.0 525907.0 526027.0 526171.0 526294.0 526415.0 526577.0 526698.0 526817.0 527083.0 527204.0 527324.0 527447.0 527568.0 527709.0 527830.0 527950.0 528072.0 528232.0 528355.0 528480.0 528582.0 528702.0 528825.0 528946.0 529049.0 529190.0 529311.0 529452.0 529576.0 529717.0 529837.0 529958.0 530079.0 530201.0 530344.0 530465.0 530587.0 530708.0 530869.0 530992.0 531094.0 531195.0 531338.0 531458.0 531580.0
186092.0 186215.0 186401.0 186483.0 186625.0 186769.0 186892.0 186996.0 187143.0 187269.0 187393.0 187535.0 187657.0 187823.0 187975.0 188097.0 188223.0 188363.0 188485.0 188647.0 188837.0 189024.0 189215.0 189332.0 189524.0 189651.0 189777.0 189880.0 190012.0 190114.0 190257.0 190382.0 190516.0 190638.0 190803.0 190929.0 191094.0 191219.0 191322.0 191487.0 191650.0 191775.0 191895.0 192017.0 192180.0 192321.0 192444.0 192567.0 192710.0 192855.0 192940.0
571187.0 571287.0 571409.0 571590.0 571721.0 571851.0 571991.0 572130.0 572271.0 572371.0 572501.0 572661.0 572800.0 572943.0 573083.0 573183.0 573304.0 573407.0 573552.0 573692.0 573792.0 573932.0 574052.0 574152.0 574259.0 574382.0 574477.0 574757.0 575016.0 575257.0 575378.0 575523.0 575623.0 575882.0 576003.0 576223.0 576467.0 576756.0 577135.0 577235.0 577369.0 577615.0 577722.0 577835.0 577982.0 578095.0 578195.0 578316.0 578439.0 578560.0 578660.0
579243.0 579363.0 579466.0 579587.0 579688.0 579807.0 579928.0 580028.0 580137.0 580268.0 580368.0 580534.0 580653.0 580754.0 580853.0 580994.0 581114.0 581234.0 581354.0 581466.0 581577.0 581697.0 581817.0 581938.0 582038.0 582158.0 582298.0 582485.0 582585.0 582685.0 582806.0 582907.0 583047.0 583167.0 583307.0 583431.0 583553.0 583733.0 583873.0 584013.0 584133.0 584232.0 584334.0 584476.0 584805.0 584907.0 585041.0 585163.0 585428.0 585631.0 585851.0
623248.0 623358.0 623487.0 623587.0 623707.0 623827.0 623987.0 624106.0 624207.0 624347.0 624493.0 624634.0 624755.0 624855.0 625076.0 625324.0 625599.0 625739.0 625960.0 626080.0 626221.0 626361.0 626667.0 626888.0 627008.0 627108.0 627208.0 627318.0 627432.0 627555.0 627676.0 627816.0 627956.0 628096.0 628216.0 628336.0 628441.0 628582.0 628722.0 628842.0 628962.0 629094.0 629222.0 629342.0 629447.0 629589.0 629689.0 629821.0 629929.0 630029.0 630150.0
631193.0 631313.0 631417.0 631540.0 631639.0 631759.0 631880.0 632000.0 632081.0 632182.0 632281.0 632406.0 632551.0 632652.0 632772.0 632873.0 633015.0 633136.0 633236.0 633356.0 633541.0 633641.0 633741.0 633863.0 633963.0 634083.0 634183.0 634303.0 634408.0 634533.0 634873.0 634973.0 635073.0 635193.0 635474.0 635717.0 635937.0 636177.0 636317.0 636440.0 636703.0 636803.0 636904.0 637125.0 637366.0 637609.0 637749.0 637951.0 638230.0 638351.0 638479.0
646224.0 646364.0 646769.0 646869.0 646969.0 647170.0 647290.0 647434.0 647559.0 647678.0 647819.0 647939.0 648059.0 648179.0 648319.0 648444.0 648564.0 648664.0 648784.0 648904.0 649094.0 649194.0 649314.0 649416.0 649571.0 649690.0 649811.0 649931.0 650051.0 650178.0 650311.0 650453.0 650596.0 650716.0 650816.0 650917.0 651057.0 651197.0 651316.0 651544.0 651664.0 651824.0 651964.0 652064.0 652204.0 652304.0 652450.0 652611.0 652732.0 652833.0 652972.0
654141.0 654269.0 654381.0 654549.0 654808.0 654909.0 655129.0 655229.0 655534.0 655754.0 655895.0 656165.0 656396.0 656640.0 656880.0 657140.0 657259.0 657360.0 657463.0 657584.0 657684.0 657844.0 657964.0 658064.0 658184.0 658284.0 658417.0 658570.0 658671.0 658771.0 658871.0 659012.0 659152.0 659251.0 659372.0 659538.0 659637.0 659757.0 659877.0 659998.0 660137.0 660238.0 660358.0 660503.0 660662.0 660763.0 660883.0 661043.0 661173.0 661272.0 661396.0
280584.0 280709.0 280837.0 280963.0 281112.0 281236.0 281378.0 281481.0 281606.0 281747.0 281856.0 281957.0 282086.0 282254.0 282375.0 282552.0 282697.0 282798.0 282920.0 283042.0 283163.0 283290.0 283438.0 283647.0 283771.0 283898.0 284065.0 284239.0 284340.0 284466.0 284612.0 284755.0 284922.0 285067.0 285173.0 285322.0 285490.0 285634.0 285740.0 285865.0 285987.0 286132.0 286256.0 286378.0 286545.0 286654.0 286774.0 286901.0 287003.0 287124.0 287227.0
309643.0 309767.0 309910.0 310027.0 310133.0 310279.0 310422.0 310576.0 310687.0 310836.0 310938.0 311093.0 311202.0 311309.0 311432.0 311554.0 311696.0 311817.0 311917.0 312040.0 312162.0 312264.0 312373.0 312497.0 312611.0 312745.0 312866.0 313051.0 313194.0 313315.0 313500.0 313624.0 313820.0 313951.0 314127.0 314271.0 314393.0 314602.0 314724.0 314854.0 315001.0 315124.0 315240.0 315361.0 315473.0 315640.0 315744.0 315866.0 315995.0 316139.0 316285.0
316548.0 316677.0 316819.0 316944.0 317067.0 317250.0 317465.0 317559.0 317704.0 317829.0 317951.0 318072.0 318216.0 318339.0 318461.0 318563.0 318707.0 318812.0 318933.0 319096.0 319244.0 319430.0 319558.0 319702.0 319866.0 319990.0 320113.0 320280.0 320443.0 320566.0 320750.0 320913.0 321052.0 321159.0 321281.0 321407.0 321555.0 321698.0 321843.0 321965.0 322140.0 322255.0 322377.0 322501.0 322650.0 322756.0 322901.0 323029.0 323173.0 323336.0 323482.0
323625.0 323831.0 323933.0 324074.0 324218.0 324384.0 324507.0 324632.0 324798.0 324918.0 325086.0 325248.0 325390.0 325512.0 325636.0 325819.0 325962.0 326064.0 326231.0 326352.0 326520.0 326662.0 326810.0 326970.0 327092.0 327198.0 327340.0 327462.0 327565.0 327697.0 327844.0 327965.0 328088.0 328240.0 328365.0 328563.0 328676.0 328802.0 329024.0 329151.0 329279.0 329405.0 329527.0 329673.0 329775.0 329916.0 330059.0 330202.0 330363.0 330469.0 330592.0
339629.0 339750.0 339878.0 339999.0 340142.0 340290.0 340433.0 340559.0 340680.0 340860.0 340944.0 341086.0 341228.0 341391.0 341512.0 341622.0 341806.0 341931.0 342054.0 342184.0 342330.0 342473.0 342617.0 342741.0 342949.0 343072.0 343220.0 343347.0 343493.0 343598.0 343721.0 343827.0 343949.0 344055.0 344180.0 344367.0 344552.0 344679.0 344801.0 344968.0 345130.0 345233.0 345354.0 345475.0 345603.0 345749.0 345873.0 345998.0 346150.0 346273.0 346399.0
345603.0 345749.0 345873.0 345998.0 346150.0 346273.0 346399.0 346519.0 346652.0 346778.0 346920.0 347027.0 347149.0 347277.0 347378.0 347524.0 347687.0 347830.0 347975.0 348138.0 348284.0 348429.0 348558.0 348726.0 348849.0 348970.0 349114.0 349276.0 349421.0 349582.0 349684.0 349809.0 349971.0 350134.0 350277.0 350457.0 350581.0 350742.0 350865.0 351007.0 351110.0 351237.0 351384.0 351506.0 351628.0 351793.0 351925.0 352041.0 352164.0 352266.0 352393.0
343218.0 343318.0 343445.0 343567.0 343708.0 343887.0 344007.0 344127.0 344248.0 344512.0 344633.0 344914.0 345134.0 345641.0 345861.0 346101.0 346200.0 346463.0 346685.0 346805.0 346985.0 347205.0 347305.0 347428.0 347550.0 347650.0 347770.0 347890.0 348010.0 348150.0 348270.0 348405.0 348516.0 348636.0 348756.0 348896.0 348996.0 349116.0 349216.0 349316.0 349440.0 349562.0 349662.0 349762.0 349882.0 350022.0 350162.0 350262.0 350362.0 350528.0 350648.0
357239.0 357339.0 357464.0 357585.0 357685.0 357785.0 357925.0 358045.0 358185.0 358285.0 358408.0 358549.0 358669.0 358810.0 358950.0 359089.0 359189.0 359330.0 359474.0 359596.0 359716.0 359816.0 359936.0 360057.0 360196.0 360296.0 360439.0 360560.0 360680.0 360780.0 360880.0 360980.0 361080.0 361180.0 361281.0 361403.0 361566.0 361686.0 361847.0 361987.0 362106.0 362226.0 362367.0 362492.0 362612.0 362732.0 362873.0 363013.0 363132.0 363233.0 363375.0
372221.0 372331.0 372455.0 372596.0 372717.0 372856.0 372957.0 373056.0 373156.0 373256.0 373399.0 373541.0 373682.0 373841.0 373962.0 374081.0 374212.0 374527.0 374927.0 375027.0 375573.0 375693.0 375853.0 376073.0 376274.0 376437.0 376578.0 376858.0 377118.0 377239.0 377381.0 377515.0 377644.0 377784.0 377904.0 378025.0 378125.0 378265.0 378408.0 378549.0 378649.0 378770.0 378890.0 378990.0 379110.0 379230.0 379351.0 379476.0 379605.0 379746.0 379885.0
400165.0 400285.0 400397.0 400533.0 400664.0 400766.0 400865.0 400975.0 401096.0 401216.0 401337.0 401529.0 401649.0 401769.0 401889.0 402009.0 402149.0 402269.0 402391.0 402561.0 402651.0 402771.0 402891.0 403011.0 403111.0 403211.0 403311.0 403414.0 403537.0 403656.0 403797.0 403936.0 404057.0 404176.0 404316.0 404592.0 404813.0 405043.0 405509.0 405769.0 406169.0 406552.0 406652.0 406892.0 406992.0 407192.0 407436.0 407558.0 407678.0 407798.0 407938.0
420226.0 420326.0 420511.0 420631.0 420732.0 420852.0 421041.0 421132.0 421241.0 421361.0 421540.0 421640.0 421780.0 421900.0 422020.0 422161.0 422280.0 422403.0 422525.0 422665.0 422794.0 422885.0 422985.0 423125.0 423245.0 423365.0 423550.0 423671.0 423790.0 423911.0 424011.0 424151.0 424271.0 424495.0 424595.0 424765.0 425025.0 425315.0 425439.0 425659.0 425940.0 426140.0 426359.0 426506.0 426607.0 426827.0 427108.0 427207.0 427308.0 427492.0 427592.0
241038.0 241200.0 241322.0 241463.0 241584.0 241686.0 241807.0 241930.0 242071.0 242213.0 242335.0 242498.0 242637.0 242799.0 242922.0 243104.0 243214.0 243356.0 243446.0 243567.0 243708.0 243851.0 243992.0 244132.0 244253.0 244373.0 244517.0 244637.0 244759.0 244878.0 245009.0 245122.0 245222.0 245345.0 245465.0 245587.0 245718.0 245829.0 245973.0 246094.0 246257.0 246381.0 246521.0 246666.0 246828.0 246951.0 247072.0 247214.0 247336.0 247456.0 247578.0
77185.0 77286.0 77428.0 77549.0 77669.0 77770.0 77930.0 78030.0 78170.0 78270.0 78393.0 78515.0 78615.0 78756.0 78877.0 78997.0 79138.0 79238.0 79402.0 79547.0 79667.0 79805.0 79908.0 80048.0 80168.0 80306.0 80450.0 80594.0 80695.0 80815.0 80935.0 81035.0 81172.0 81255.0 81376.0 81500.0 81601.0 81741.0 81861.0 82001.0 82122.0 82242.0 82365.0 82529.0 82650.0 82769.0 82889.0 83030.0 83150.0 83271.0 83373.0
97160.0 97280.0 97464.0 97585.0 97705.0 97806.0 97926.0 98026.0 98167.0 98267.0 98413.0 98535.0 98675.0 98795.0 98896.0 99015.0 99116.0 99216.0 99316.0 99459.0 99601.0 99701.0 99801.0 99938.0 100038.0 100158.0 100278.0 100444.0 100546.0 100666.0 100845.0 100966.0 101086.0 101206.0 101346.0 101472.0 101573.0 101673.0 101773.0 101914.0 102033.0 102133.0 102253.0 102354.0 102477.0 102598.0 102718.0 102838.0 102978.0 103078.0 103178.0
115146.0 115450.0 115671.0 116031.0 116151.0 116416.0 116658.0 116858.0 116978.0 117178.0 117564.0 117684.0 117804.0 117924.0 118044.0 118164.0 118264.0 118386.0 118507.0 118606.0 118726.0 118846.0 118946.0 119066.0 119166.0 119266.0 119409.0 119570.0 119690.0 119790.0 119910.0 120030.0 120150.0 120250.0 120373.0 120498.0 120618.0 120738.0 120878.0 120978.0 121078.0 121199.0 121361.0 121526.0 121607.0 121746.0 121866.0 121987.0 122106.0 122226.0 122346.0
123192.0 123292.0 123435.0 123557.0 123697.0 123797.0 123917.0 124056.0 124316.0 124545.0 124645.0 124905.0 125165.0 125305.0 125570.0 125850.0 126009.0 126250.0 126392.0 126535.0 126755.0 126895.0 127015.0 127135.0 127273.0 127418.0 127580.0 127701.0 127821.0 127961.0 128100.0 128221.0 128340.0 128486.0 128625.0 128725.0 128825.0 128946.0 129065.0 129186.0 129306.0 129450.0 129570.0 129691.0 129811.0 129911.0 130031.0 130151.0 130251.0 130415.0 130535.0
152166.0 152306.0 152430.0 152551.0 152671.0 152771.0 152871.0 152993.0 153113.0 153213.0 153333.0 153476.0 153577.0 153697.0 153836.0 153957.0 154056.0 154196.0 154441.0 154663.0 154803.0 154943.0 155063.0 155283.0 155423.0 155644.0 155884.0 156025.0 156265.0 156388.0 156670.0 156910.0 157031.0 157171.0 157291.0 157437.0 157559.0 157679.0 157799.0 157941.0 158085.0 158224.0 158345.0 158468.0 158609.0 158749.0 158869.0 158990.0 159130.0 159270.0 159392.0
176285.0 176429.0 176531.0 176791.0 176931.0 177031.0 177171.0 177272.0 177377.0 177543.0 177663.0 177783.0 177885.0 178044.0 178165.0 178266.0 178370.0 178512.0 178672.0 178772.0 178892.0 179012.0 179153.0 179273.0 179396.0 179519.0 179659.0 179781.0 179921.0 180062.0 180202.0 180322.0 180467.0 180608.0 180709.0 180829.0 180950.0 181071.0 181191.0 181312.0 181457.0 181597.0 181757.0 181877.0 181999.0 182101.0 182221.0 182363.0 182465.0 182567.0 182687.0
