-0.01854457 -0.1624432 0.1194307 0.2305954 -0.05821173 0.01721892 0.006183012 -0.01084052 -0.1285449 -0.3826869 -0.03018648 -0.008704089 0.3466993 0.2881112 0.1817508 -0.03064852 -0.1372969 -0.6004403 -0.2837505 0.1743777 0.2454276 0.2611352 -0.1341659 0.2250047 0.1206063 -0.1591833 0.05312186 0.5652314 0.3765826 -0.1319615 -0.4831341 -0.5726965 -0.06928813 0.03751964 0.1014637 0.1067872 0.2994094 0.04304582 0.1070641 -0.3133362 -0.1343113 0.2337496 -0.03843064 0.2996893 0.04361891 0.1634701 0.1044408 -0.1105368 0.04901305 -0.09437755 -0.5711996
-0.09437755 -0.5711996 -0.3418148 0.1676407 0.2282996 0.3038615 0.2730749 -0.03942968 -0.5364807 -0.3488357 0.3296615 0.2952962 0.07265165 -0.1277991 -0.1803303 -0.05333879 0.03784318 -0.1190186 -0.1590566 -0.219743 0.04778978 0.05354673 -0.01294741 -0.09291396 0.1544245 -0.1304972 0.01857705 0.1735175 -0.1439517 0.1043187 0.1110481 0.02704347 -0.216752 0.03370939 0.1338316 -0.05895182 -0.2644327 -0.03545362 -0.08825505 -0.04121864 0.1246179 0.1520225 0.02641702 0.1046582 0.05085584 -0.06737845 0.03970874 -0.03294009 -0.01551286 -0.08807359 -0.01116951
-0.0561646 -0.03645128 -0.0272903 -0.06482832 0.000674035 0.03408546 0.003444023 -0.04307325 0.06982682 0.1221773 0.1038701 0.05382534 0.09440552 -0.03610161 -0.09303953 -0.0722045 -0.09825648 0.03087475 0.05300371 -0.007172605 0.01980063 -0.02893637 -0.02024784 0.07028984 0.06950855 -0.03776533 -0.03992073 -0.06456067 -0.07975188 0.08187086 0.01035997 0.1094985 -0.07014873 -0.1510329 -0.2215827 -0.2049779 0.1348237 0.07535484 -0.01802624 0.05003269 -0.006756577 0.01160962 0.09535069 0.2117922 0.06782414 0.1580673 0.01225166 -0.07012358 -0.1149774 -0.1429793 -0.05520722
-0.1149774 -0.1429793 -0.05520722 -0.01105707 -0.003638163 -0.0799222 0.01916147 -0.02854091 -0.1061031 0.02370318 0.147818 0.001300354 0.06278116 0.03223052 0.02028055 -0.1258115 -0.04651462 -0.07242256 0.001542841 0.02205467 0.0203327 0.08280385 -0.1030723 0.02567284 0.06618649 0.1327828 0.02397876 -0.04641755 -0.126573 0.0585129 0.03917126 -0.1062194 0.1813972 -0.08659197 0.06977573 0.1310679 0.1753574 0.192393 0.1391828 0.01518835 -0.03664787 -0.1900019 -0.1159533 0.008211956 -0.07214753 0.01928424 0.1384287 -0.08196358 -0.02807771 -0.02765149 0.06602915
0.06602915 0.1124957 0.06855571 -0.007991568 0.01577981 0.02142627 -0.09540515 -0.1138825 -0.06334624 -0.02802589 0.1021961 0.2397186 0.02906857 0.01475338 -0.08557811 -0.02395102 -0.09871618 -0.04636478 0.2096535 0.1368352 0.01083091 0.02538368 0.04380218 0.08699135 -0.03787454 0.1340711 0.07523016 -0.07880364 -0.03846636 -0.1160373 -0.04674864 -0.001457137 -0.1084497 -0.01580041 0.007089753 0.197132 0.1480742 0.157565 -0.000116384 -0.01916972 -0.1175092 -0.1704305 0.007574433 -0.03661672 0.05469655 0.2306536 0.05272296 0.132709 0.03463422 0.04028928 0.008850017
0.1893111 -0.03400596 -0.02193159 0.1132299 -0.3578847 -0.2157426 0.1432769 0.1216838 -0.01213141 -0.1281325 0.2881152 0.07453515 0.1916975 -0.3664777 0.134636 -0.2205098 0.04476255 -0.04880064 0.2050861 0.1821104 0.2603625 -0.1682835 0.223474 9.684144e-05 -0.0813478 -0.01867351 0.1823223 -0.0064837 -0.2132184 -0.06728606 0.1811628 -0.1476396 0.1159029 -0.2761616 -0.02228482 0.3254153 0.1258578 0.2506573 -0.02679291 -0.1076057 0.1328169 -0.2190875 -0.4470227 0.08179352 0.2395223 -0.1799656 0.05830362 0.02240323 -0.05358611 0.1704996 -0.1470489
0.009917284 0.05749905 0.02904654 0.01339746 -0.008859821 -0.002525497 0.04590688 -0.002965788 0.02162773 -0.02188215 -0.01533737 -0.0512048 -0.02183966 0.02096403 0.0617118 0.02213583 -0.03645906 -0.05053338 0.03469411 0.06151476 5.182448 -1.609843 -2.079288 -1.501498 -0.4579537 0.1618118 0.339844 0.3229005 0.1349644 -0.009799479 0.02245391 -0.006527918 0.07396378 0.01047013 -0.02727911 0.004516904 0.0287105 0.03556255 -0.01806957 0.02375454 -0.02265477 0.06006397 -0.05187672 -0.0003697731 -0.03598379 -0.009718002 -0.0006458116 -0.07592584 -0.03321996 0.0277667 0.09732258
0.01923505 -0.03280564 0.02807739 -0.008826863 -0.02668665 -0.08234554 0.01797582 0.00931669 0.0234865 0.02095335 0.06821688 0.01472492 -0.02713468 0.02009238 -0.01300011 -0.04781374 0.00109218 -0.002901745 0.0197461 -0.01417131 0.0163306 -0.02524049 0.09859967 0.01489955 0.252498 2.738011 -2.254243 -2.55133 -1.186438 0.04975168 0.6815953 0.5691096 0.5411513 0.3224244 0.1751441 0.08734259 0.07292803 -0.05766157 -0.04965275 -0.03735238 0.009313378 -0.001026047 0.01845281 0.03655774 -0.01388697 -0.01468048 -0.001214505 0.05848985 0.06548654 -0.01768058 0.08466618
0.001609905 0.05687675 -0.03024744 0.01142378 -0.01693078 -0.1208214 -0.02048348 0.00368093 0.03072346 0.02240485 0.1739237 5.320303 -1.513924 -2.006084 -0.6658881 0.3548983 0.3613502 0.2036027 0.1379775 0.0002882956 0.0618401 0.03735907 0.02066807 -0.07033426 -0.09102879 -0.1063331 -0.09856999 -0.03655482 -0.02275687 0.007846497 0.0226983 0.03753224 0.005300607 0.03318299 0.04460523 0.01355916 0.08528854 -0.01917185 -0.02489215 0.02651115 0.01345645 0.04751374 0.01043308 0.01444154 -0.02316331 0.05491164 0.06096658 -0.01918302 -0.09491026 0.02752453 0.03065239
0.03284502 -0.000475307 -0.01057878 -0.02846127 0.02460123 0.08196272 -0.02254243 0.0005043159 -0.04650567 -0.08220164 0.0007788737 3.957653 0.3552311 -2.647012 -2.976132 -2.020259 -0.3701317 0.705884 1.098844 0.2998556 0.09598932 -0.01636655 -0.1315364 -0.110072 -0.02072632 -0.03179437 -0.007588442 0.02798008 0.1265624 0.141671 -0.0151209 -0.01909654 -0.02139856 -0.04770077 0.00833462 0.06932037 -0.06057195 -0.008228654 -0.002151918 0.05154229 0.003175787 -0.0375881 0.02247123 0.006890379 0.02239024 0.06094256 -0.05308412 0.003018037 0.02674159 0.03505016 0.03606543
0.07352862 -0.007213769 -0.03071366 -0.1733723 0.05458416 -0.05220719 0.06801587 0.05211711 0.05349265 0.06825815 -0.04357418 0.009054177 1.833908 0.5885797 -1.853956 -1.675774 -0.6916475 0.003131648 0.5751653 0.4581542 0.2277431 0.1727226 0.07725299 0.01933847 -0.03781821 -0.01932636 -0.05219234 -0.08342952 0.01134114 0.008819908 -0.04347561 0.02982176 -0.0001425559 -0.02568636 0.05223979 -0.04685068 -0.02658572 -0.03351242 -0.04578893 0.01594692 0.04984311 -0.01323004 0.06833941 0.02825811 0.0453894 0.01953461 0.02476831 0.06768385 -0.03278331 -0.01532429 0.0238067
-0.02216819 -0.009837929 -0.07467299 0.01205922 0.0526965 0.008566619 0.005708926 0.03685378 0.03823713 0.02811789 0.02502596 5.979536 -2.269649 -1.29508 0.7767411 0.4107677 0.164664 0.02907889 0.0001721238 -0.03787491 -0.04344252 -0.05524683 0.02023958 0.02669755 0.03228793 0.04021558 0.00144147 0.01924786 0.0224207 -0.03552977 0.0126634 0.006132253 -0.02334923 -0.08909072 -0.06418368 -0.05274079 -0.03226129 0.009970887 0.02464187 -0.04696947 -0.04335575 0.03650186 -0.09414133 -0.008002905 0.06910333 0.05200925 -0.03036874 0.0355966 0.02533805 0.03601401 0.06022012
0.2282898 -0.3031865 0.07028542 0.1080708 -0.05505868 -0.08150506 0.01331341 -0.2563181 0.18976 -0.03581315 -0.1933944 -0.2545524 0.006514138 0.3978606 0.2944772 0.04945564 -0.4286274 -0.2570722 -0.09304117 -0.08778749 -1.870818 2.169363 1.718193 0.1973927 -0.1627824 -0.3072377 -0.2725702 -0.3901033 -0.07280153 -0.02993408 0.04481541 0.05417398 0.1827358 -0.008202165 0.02754413 0.07679223 -0.0755107 -0.1375024 0.06899415 0.3060383 -0.007259151 0.08879158 0.05885892 -0.09347589 -0.03935561 0.05717954 0.138741 0.2260895 0.3037468 -0.6027598 -0.2003133
-0.0205464 0.01659552 0.1164506 0.20502 0.1329719 0.2799128 0.07687411 0.03526836 -0.2238667 -0.5524679 0.1012882 0.2163457 -3.201741 1.85136 2.596333 0.6117829 0.6044816 -0.2565137 -0.6128511 -0.5217093 -0.03010846 0.04827691 0.0641631 -0.4251592 -0.06931008 0.2446793 -0.3480941 -0.1757018 -0.1906106 0.4455114 0.4790123 -0.05872367 -0.1048567 -0.2692309 -0.2897255 -0.1421201 -0.2091812 -0.02393153 0.2330485 0.4128241 -0.1851075 0.1816432 -0.10866 0.3851008 -0.1746881 0.1355549 -0.09677407 -0.2068267 0.02525858 0.189777 -0.2701566
0.3379805 -0.4445308 -0.03134024 0.177876 0.04246233 -0.04190683 -0.06338659 0.2518503 -0.2789402 -0.1285135 -0.009770771 0.272367 -0.7246181 0.009850435 1.193328 0.8020854 0.8126027 0.1051608 0.303626 0.01919388 -0.5114753 -0.4446096 -0.2702567 -0.09900989 0.4177017 -0.2419311 0.04482641 -0.09278069 0.3319867 0.4051239 -0.1298421 -0.2766306 -0.3451418 0.3260938 0.1676189 -0.05784233 -0.0224838 -0.06022095 -0.03774663 0.08815296 -0.0583891 0.1661408 0.02153296 -0.2823061 0.1877494 -0.09903762 0.01534129 -0.1556847 -0.01955979 -0.08291236 0.1294766
-0.1581406 -0.1939088 0.06592574 -0.155765 0.2766319 0.03343552 0.1493044 -0.02878277 0.3380882 -0.5306802 0.1804356 -0.2900763 0.154364 0.01619503 -0.232606 -0.3325504 0.2548208 1.038836 0.606414 0.18393 0.1540599 0.3476925 -0.1485911 -0.4595423 -0.5388231 -0.03516395 -0.05870203 -0.1998428 0.02364422 -0.1846165 0.2674454 0.1293771 0.04658368 0.2855887 -0.1613841 -0.3726505 -0.1099656 0.3409109 0.1033407 0.2931982 0.01222926 -0.08682476 0.01896067 0.1805974 -0.3396783 -0.3290583 -0.09969018 -0.1372858 0.1673275 0.2278464 -0.02050518
0.1142797 0.1692864 -0.02235561 0.3920612 -0.3605149 -0.08801094 0.4534167 0.0865408 -0.2658886 -0.06697407 0.005062117 -3.316737 1.724732 1.337709 0.8293631 0.4087272 0.004639259 -0.1944246 -0.3820653 -0.1242536 -0.2080877 -0.2434859 0.05556412 0.1279755 0.00540723 -0.1506538 0.06095694 -0.1508361 0.03170091 0.1048866 -0.2735829 0.1773062 -0.3688182 -0.480214 0.1919001 0.291473 -0.05699386 -0.118867 0.08603574 -0.00181459 0.04250739 -0.001462889 0.04174042 -0.02837879 0.01457303 -0.0284164 -0.09251941 0.08600025 -0.03055387 0.1055336 0.1771626
0.01457303 -0.0284164 -0.09251941 0.08600025 -0.03055387 0.1055336 0.1771626 -0.0198322 -0.003375239 0.1114666 -0.2124615 0.1099609 -0.1284134 -0.1025134 0.1092024 -0.01530448 -3.908883 1.901385 1.810061 1.144345 0.4474582 -0.2799731 -0.3700457 -0.3926888 -0.3764319 -0.1641193 -0.121045 0.02926074 -0.03002548 0.1393648 0.1530696 -0.01620835 -0.1342906 -0.04313137 0.03272928 -0.05729908 -0.02728059 0.07026515 0.1002455 0.02144124 0.08647282 0.001028698 -0.01739652 -0.04617199 -0.1035473 -0.2537084 0.07588127 -0.1705477 0.2002677 -0.2536674 0.2412351
0.05454539 0.008727578 0.05083589 3.58376e-05 -0.05302383 -0.03917823 -0.08764774 -0.05148792 -0.002662017 0.01259995 0.1422739 -1.339396 -0.9775463 0.2561996 0.2161789 0.03697933 0.2355809 -0.02274003 -0.05070193 -0.005506462 -0.1072828 -0.1191967 -0.05682766 0.1877557 0.08742291 0.04452596 0.1199967 0.1623239 0.2013156 0.1101478 0.03504892 0.04253477 -0.07789699 -0.06115183 -0.002388234 0.09758237 0.09010853 -0.04050892 -0.05806016 -0.09772429 0.05099826 0.05118179 0.114536 0.04818043 -0.02455401 -0.06775635 -0.08896019 -0.05990637 -0.0899503 -0.02315321 0.02861758
0.1680657 0.1579312 0.101323 0.02123874 -0.05796786 -0.06036232 -0.05708484 -0.0297035 -0.08837548 -0.07760668 0.04941447 0.1154301 0.09589131 0.2141642 5.315195 -2.060287 -3.031457 -1.723957 -0.4945848 0.04705498 0.329385 0.4369681 0.4075082 0.4394605 0.2978854 0.050774 0.1257662 0.06587334 -0.0908768 -0.09363459 -0.1473413 0.05043798 -0.1015471 0.0275168 0.02663544 0.09485263 0.07598349 0.02852633 0.03481863 0.1424927 -0.01456933 0.2789327 -0.1901532 -0.2288303 -0.2557421 -0.07278565 -0.03759603 0.03702065 0.0126963 0.02475426 0.06133885
-0.05766329 0.07945869 -0.008289557 -0.02353393 0.01387535 0.03163833 0.01062907 -0.01302482 -0.04701224 -0.1449828 0.09364137 0.1139898 0.08732034 0.2439673 0.8696953 -1.379621 -0.9055958 -0.01478163 0.06006686 0.05477116 0.2610427 0.1047499 -0.09403703 -0.09749144 -0.0619798 0.1217283 0.003953327 -0.1144627 0.02451655 -0.004680008 0.05067219 0.0618901 -0.03938744 -0.04507414 -0.1095566 -0.01703536 0.01058234 0.1008087 0.1636834 -0.02346227 -0.182707 -0.06583802 0.07122324 0.05581816 -0.07051311 -0.03434579 0.04635053 -0.02987693 -0.08709371 0.0639211 -0.05663414
-0.03780318 0.09326352 0.1546483 0.3154638 0.1208071 0.08925237 0.05512389 -0.09679475 -0.1045491 -0.0199351 -0.09914695 -0.03451367 0.01584768 0.1729038 0.2052112 3.891153 -1.096797 -1.400143 -0.8600152 -0.1485411 0.09389831 0.248119 0.1470586 0.2471255 0.1953449 0.1227669 0.01534676 0.09012865 0.09859293 0.01409515 -0.01476501 0.002629844 -0.0069389 -0.02186965 -0.03438499 0.06663691 0.07621236 -0.1729581 0.1504199 0.1371036 -0.2590248 0.05851814 0.04677613 -0.08724525 -0.1161358 -0.02884508 -0.02974718 0.0003270582 0.02541616 5.908854 -1.221725
0.07073548 0.0655411 0.04983282 -0.016589 -0.07027799 -0.1181027 -0.04547291 -0.01765341 -0.07469732 -0.0861969 0.04752433 0.07923847 0.1313155 0.1361061 2.394997 -1.294945 -1.031766 -0.4511901 -0.03072835 0.2154464 0.2434911 0.2132403 0.2280692 0.1258232 0.01514209 0.09924391 0.1256431 0.04062077 -0.113283 -0.04413066 -0.08809341 -0.1064877 -0.04989396 -0.03019394 0.02959049 0.0162012 0.05195616 0.02864323 -0.003225797 -0.03565934 0.01311356 -0.01476525 0.06718358 -0.005708018 -0.04478113 -0.08029041 -0.03197579 0.07960376 0.1341941 0.1671676 0.08963516
-0.1143148 0.1730224 0.4252477 -0.09460609 0.009908081 -0.05356805 -0.05155706 -0.1892156 -0.01383927 0.08049315 0.1072278 0.2600376 0.1960534 1.305265 1.293144 -2.225228 -0.344872 -0.8153369 -0.6008269 -0.2620113 0.08665736 0.2477384 0.1409616 0.1016011 0.4107401 0.3632402 0.07090585 -0.2712942 0.6434307 -0.006201188 0.00847235 -0.09544521 -0.1996865 -0.1934801 0.06892004 -0.01941233 0.109074 -0.1835115 0.1067825 -0.1689053 0.04834631 0.09480403 -0.0773721 0.1026569 0.071504 0.05877532 0.0875462 -0.2108455 0.06738999 -0.07523114 0.05790033
0.03152464 0.04994834 0.04379094 0.004989885 0.008468425 0.05505021 -0.01661683 0.07394961 -0.005937133 0.008111484 -0.03851819 0.02795065 -0.0163529 0.03103299 0.001454309 -3.127459 0.756516 2.311209 1.407831 0.2666005 -0.1718079 -0.3964625 -0.4285652 -0.3634324 -0.2017665 -0.1062432 0.04549318 0.1291834 0.06186936 0.1699071 0.04306436 0.02016086 -0.006791614 -0.0402018 -0.07334554 -0.02247393 -0.04551369 -0.01058622 -0.05024209 -0.005857551 -0.03685532 -0.02632145 -0.01931795 0.03598969 0.05978425 0.01640783 -0.008310815 0.003283338 0.05983579 -0.03231731 0.07010815
0.05493973 -0.0662688 0.001890801 0.08671568 0.05032631 0.02373384 0.05877503 -0.04005165 -0.01011921 -0.04163129 -0.03354708 -0.03070583 -0.04145819 -0.07964855 -0.07372607 0.07589205 -0.04724596 -5.235546 1.407423 2.699498 1.480086 0.4146108 -0.2737566 -0.08194833 -0.3434176 -0.4886781 -0.3549396 -0.07599636 0.01408984 0.001392025 -0.01909108 -0.01878236 0.06337107 0.003165483 -0.005481092 0.07605141 0.05634783 0.0450073 0.06629653 0.03977505 -0.0204238 0.004995686 -0.03467749 -0.0997926 -0.03595892 0.04238782 -0.01473177 0.005782855 0.04052295 0.0298722 0.09267716
0.007550404 0.04978537 0.02464836 0.002286629 -0.03642681 -0.02007636 -1.435547 3.271811 3.049341 1.196798 -0.5317311 -0.4770161 -0.2563022 -0.1023444 -0.0007346303 0.09321928 0.02032264 0.08903387 0.02472947 0.02160792 0.01661865 0.0117268 0.06079762 -0.008284898 -0.0626568 -0.0004103637 0.00563695 -0.06973814 0.02283922 -0.006327298 -0.004240053 0.007124043 0.01184476 0.04259176 0.02905113 0.01438602 0.0283062 0.02956066 0.02771264 0.01139541 -0.04681123 0.03574364 -0.01723074 -0.01760994 -0.01784313 0.01079299 0.02043283 0.03666662 -0.05614768 -0.02319599 0.04913325
0.004682248 -0.01432278 0.03900951 -0.02682226 -0.03241903 0.06717159 -0.0141825 -0.02382378 0.1105754 -3.87197 -1.449707 1.697074 -0.07282744 -0.2713994 -0.2398296 0.0104385 0.1673025 0.09101146 -0.02091229 -0.06908562 0.02508875 0.06944561 0.1173635 0.02201504 0.05562679 0.00106367 -0.03737078 -0.05257469 0.03786843 0.08264697 -0.01680481 -0.04277977 -0.02986611 -0.01335443 -0.04770218 -0.03114288 0.07132517 0.03610266 0.01983169 0.03184079 -0.009539554 0.04396592 -0.03563327 -0.07018952 -0.0352388 -0.08691487 0.07341269 0.07363508 0.05881363 0.01863221 0.06056649
0.01228317 0.008024201 -0.007165891 -0.005935423 0.01268515 0.01417762 0.04950491 0.0808167 0.004002994 0.0384419 0.01473411 -0.02146243 0.08056373 -0.02907759 0.03894586 -0.1250845 -0.01429213 -0.05230523 -2.979593 3.652529 1.958565 0.655735 -0.7766302 -0.6936475 -0.3234019 0.127402 0.04007962 -0.0425304 0.08924729 0.06151843 0.0384405 -0.09757673 -0.07806094 -0.02855745 -0.006498902 0.04900366 0.04106202 0.01943797 -0.03857091 0.009694404 0.03392439 0.03993972 0.08364893 0.06056631 -0.04295249 -0.001261391 -0.01810531 -0.02123149 0.02111642 -0.04282472 0.0560388
0.05149964 0.04083132 -0.009543177 -0.03954386 -1.111091e-05 0.008113144 -0.0008225363 0.035386 -0.001818384 -0.02533629 0.04253666 -0.04953584 -6.046971 1.989519 2.958432 2.124298 0.6954299 -0.1689443 -0.4962586 -0.6159834 -0.4577921 -0.2855597 -0.1226938 -0.02922399 -0.009720382 -0.02681036 0.1119722 0.04187334 0.04089645 0.009409605 0.07655493 -0.005124968 0.02316234 0.05995569 0.01737145 -0.009744647 -0.01063699 -0.08252691 -0.05435913 -0.1418624 -0.1571876 -0.08839509 -0.03144451 0.0591957 0.2160992 0.2055369 0.3186719 0.1080171 0.08267841 -0.05117573 -0.05201123
