-1.536304 -1.525181 -1.500425 -1.487407 -1.483802 -1.481673 -1.496254 -1.525068 -1.525436 -1.512415 -1.500527 -1.487185 -1.488853 -1.504007 -1.526157 -1.538207 -1.549039 -1.563692 -1.580869 -1.589981 -1.58841 -1.573814 -1.558584 -1.551764 -1.566517 -1.577802 -1.559024 -1.538717 -1.526091 -1.53659 -1.540976 -1.535196 -1.527748 -1.526593 -1.52482 -1.524524 -1.531833 -1.538616 -1.543338 -1.554378 -1.557964 -1.545119 -1.533207 -1.517874 -1.517752 -1.530474 -1.528026 -1.52627
-1.534363 -1.556432 -1.551545 -1.52686 -1.528121 -1.531384 -1.545432 -1.569071 -1.569651 -1.562553 -1.551109 -1.54762 -1.552496 -1.555801 -1.553839 -1.553864 -1.559107 -1.56146 -1.565923 -1.568909 -1.567241 -1.570592 -1.570331 -1.566127 -1.566728 -1.568891 -1.569403 -1.569307 -1.565875 -1.555001 -1.552231 -1.556053 -1.557107 -1.56049 -1.565252 -1.569394 -1.561589 -1.565398 -1.569291 -1.565898 -1.560009 -1.568892 -1.571003 -1.56997 -1.575133 -1.575507 -1.577028 -1.574452
-1.565469 -1.56579 -1.566722 -1.568761 -1.568833 -1.570538 -1.568364 -1.569132 -1.568181 -1.566953 -1.566423 -1.568255 -1.572058 -1.574011 -1.576738 -1.576968 -1.578709 -1.577489 -1.576498 -1.581065 -1.580891 -1.580272 -1.580609 -1.578012 -1.577611 -1.580484 -1.58162 -1.583743 -1.584531 -1.584566 -1.583148 -1.581763 -1.582229 -1.583789 -1.582981 -1.581398 -1.57902 -1.580454 -1.589363 -1.590619 -1.592228 -1.594731 -1.596701 -1.58513 -1.582349 -1.589479 -1.593679 -1.597658
-1.597658 -1.598238 -1.603132 -1.602852 -1.603112 -1.604888 -1.604202 -1.605175 -1.604772 -1.605878 -1.610423 -1.610784 -1.611439 -1.614293 -1.618002 -1.615901 -1.618767 -1.61411 -1.612315 -1.614877 -1.612307 -1.612603 -1.614251 -1.612065 -1.610421 -1.611881 -1.623632 -1.636993 -1.640331 -1.644169 -1.641791 -1.63664 -1.634226 -1.639896 -1.63364 -1.633924 -1.633639 -1.6365 -1.642228 -1.648279 -1.643058 -1.63459 -1.630589 -1.631557 -1.632461 -1.633836 -1.632207 -1.626012
-1.612851 -1.606674 -1.60628 -1.602655 -1.594147 -1.589634 -1.591317 -1.586873 -1.588749 -1.594497 -1.597398 -1.587779 -1.582734 -1.583818 -1.585409 -1.589919 -1.590524 -1.58972 -1.590329 -1.591797 -1.588155 -1.587132 -1.583806 -1.580562 -1.581602 -1.579988 -1.580427 -1.586868 -1.590084 -1.58973 -1.590368 -1.590456 -1.593096 -1.592535 -1.596189 -1.597365 -1.604336 -1.604596 -1.602999 -1.600597 -1.595439 -1.601754 -1.607169 -1.611475 -1.616825 -1.621194 -1.625487 -1.62957
-1.537966 -1.533448 -1.525725 -1.526224 -1.531792 -1.539784 -1.5314 -1.530678 -1.533053 -1.533996 -1.524397 -1.522336 -1.516036 -1.519583 -1.537922 -1.53846 -1.53861 -1.52819 -1.534495 -1.53944 -1.53467 -1.542004 -1.540671 -1.531387 -1.530485 -1.522266 -1.52048 -1.526633 -1.516605 -1.501382 -1.493927 -1.489372 -1.492456 -1.478235 -1.471984 -1.479861 -1.468952 -1.47601 -1.492321 -1.493177 -1.522914 -1.523534 -1.52009 -1.518639 -1.505303 -1.508261 -1.514174 -1.519379
-0.3347692 -0.3340482 -0.332791 -0.3337861 -0.3337083 -0.3345293 -0.3343844 -0.3319169 -0.3315402 -0.3321722 -0.3328819 -0.3324662 -0.3316535 -0.329888 -0.3300234 -0.3302685 -0.3305629 -0.3298072 -0.3268786 -0.3250503 -0.2779678 -0.184555 -0.299938 -0.3262726 -0.322098 -0.3151022 -0.3223209 -0.3323945 -0.3326825 -0.3313957 -0.3280268 -0.3264496 -0.3254009 -0.3250321 -0.325152 -0.3238061 -0.3246136 -0.3215764 -0.3204305 -0.3199367 -0.3202567 -0.3171211 -0.3188092 -0.319904 -0.3233052 -0.3264428 -0.3292691 -0.3335339
-0.3272559 -0.3267609 -0.3260871 -0.3265834 -0.3268205 -0.3275966 -0.3252699 -0.3275833 -0.3245785 -0.3247893 -0.3226492 -0.3231771 -0.3237855 -0.3247232 -0.326678 -0.3278838 -0.3303367 -0.3326411 -0.3322755 -0.3327872 -0.3312425 -0.3322144 -0.330898 -0.3325406 -0.329724 -0.01142155 -0.05289346 -0.3101566 -0.323281 -0.304985 -0.2910118 -0.3175625 -0.3381891 -0.3446169 -0.3452476 -0.3399481 -0.335847 -0.3307773 -0.3297445 -0.3301341 -0.3286103 -0.3301544 -0.3298005 -0.3299369 -0.327966 -0.3280511 -0.3299615 -0.3277488
-0.9171472 -0.9146253 -0.914659 -0.913872 -0.9148222 -0.9150627 -0.9149333 -0.9169463 -0.9194682 -0.9185877 -0.9175877 -0.8258324 -0.6741954 -0.7977522 -0.9136366 -0.923279 -0.9189044 -0.9182572 -0.9191641 -0.9182471 -0.9187236 -0.9196965 -0.9160199 -0.9140321 -0.9134827 -0.9113784 -0.9108763 -0.9128631 -0.9112775 -0.9124702 -0.9135009 -0.9148788 -0.9149565 -0.9165014 -0.918676 -0.9192426 -0.9199664 -0.9207281 -0.922505 -0.9226056 -0.9238683 -0.9255103 -0.9268031 -0.9275935 -0.9280595 -0.9257905 -0.9266901 -0.9277706
-0.9218378 -0.920669 -0.9219109 -0.9222358 -0.9219791 -0.9220393 -0.9223135 -0.9217985 -0.9191369 -0.9204829 -0.9207237 -0.8957186 -0.4270821 -0.4721192 -0.6800625 -0.801289 -0.8916733 -0.9063055 -0.8824671 -0.9030277 -0.9279646 -0.9299733 -0.9300434 -0.9306815 -0.9297972 -0.9277667 -0.9262099 -0.9237331 -0.9228428 -0.923176 -0.9135377 -0.9129881 -0.9127831 -0.9094276 -0.9072923 -0.9046665 -0.9067844 -0.9045256 -0.9024708 -0.9056875 -0.9033616 -0.9038776 -0.9036887 -0.9018087 -0.90187 -0.8987277 -0.9009537 -0.896542
-0.9165602 -0.919477 -0.9166541 -0.9156984 -0.9161117 -0.9228575 -0.9221582 -0.9247701 -0.9196199 -0.9182261 -0.9208063 -0.9200647 -0.9117076 -0.5784607 -0.6267354 -0.8064535 -0.8876161 -0.9158164 -0.9197854 -0.9277464 -0.9389169 -0.9416143 -0.9389681 -0.9411148 -0.9426575 -0.9426072 -0.9429013 -0.9459667 -0.9442694 -0.9432072 -0.9465935 -0.9427111 -0.9465247 -0.9464351 -0.9442605 -0.946324 -0.9469522 -0.94904 -0.9483733 -0.950421 -0.9488034 -0.9508318 -0.9479125 -0.9496033 -0.9469537 -0.9455268 -0.9478115 -0.9467325
-0.9503383 -0.9483536 -0.9420898 -0.9413748 -0.9364806 -0.9376819 -0.9381751 -0.9399992 -0.9417819 -0.9425187 -0.9431996 -0.94334 -0.837434 -0.5934401 -0.8824337 -0.9060799 -0.9378016 -0.9398988 -0.9391099 -0.9417071 -0.9415277 -0.9441111 -0.9441122 -0.9419171 -0.9434972 -0.939874 -0.9386145 -0.936066 -0.9330747 -0.9339093 -0.9301448 -0.9291274 -0.9302663 -0.9274684 -0.9266712 -0.927673 -0.9243058 -0.9244171 -0.9245942 -0.9230128 -0.9261809 -0.9257572 -0.934575 -0.9423541 -0.9379234 -0.944075 -0.9448076 -0.9423978
-1.475092 -1.48495 -1.47945 -1.478563 -1.477417 -1.473098 -1.477248 -1.476462 -1.474268 -1.466189 -1.455637 -1.449964 -1.449415 -1.438207 -1.425422 -1.447916 -1.470367 -1.472655 -1.471479 -1.46462 -1.524816 -1.506017 -1.465094 -1.460421 -1.463087 -1.460986 -1.446316 -1.456644 -1.459649 -1.460323 -1.462324 -1.460016 -1.463076 -1.468029 -1.463179 -1.456592 -1.461439 -1.467626 -1.469106 -1.479342 -1.477823 -1.4665 -1.463826 -1.465406 -1.475956 -1.475116 -1.473436 -1.470469
-1.472242 -1.46892 -1.469546 -1.464503 -1.465923 -1.462464 -1.453913 -1.446812 -1.458972 -1.470071 -1.473067 -1.458991 -1.418804 -1.443457 -1.457381 -1.429281 -1.454728 -1.465981 -1.465758 -1.46034 -1.453571 -1.456132 -1.446727 -1.430052 -1.439651 -1.44884 -1.447012 -1.446437 -1.453507 -1.472924 -1.481748 -1.488493 -1.474973 -1.465181 -1.458992 -1.462022 -1.476794 -1.489004 -1.496241 -1.481179 -1.47022 -1.474617 -1.475522 -1.476347 -1.48043 -1.491779 -1.492346 -1.484307
-1.489922 -1.50021 -1.502047 -1.492164 -1.482664 -1.478985 -1.490283 -1.494032 -1.494738 -1.503692 -1.498054 -1.48824 -1.496706 -1.656671 -1.685784 -1.636391 -1.585155 -1.575287 -1.5435 -1.490233 -1.480999 -1.479599 -1.479559 -1.474938 -1.460217 -1.468678 -1.480889 -1.479825 -1.461229 -1.472078 -1.500255 -1.499825 -1.495456 -1.471715 -1.464963 -1.470073 -1.470634 -1.481119 -1.483838 -1.493173 -1.484601 -1.492247 -1.492815 -1.484838 -1.491941 -1.484656 -1.475383 -1.460142
-1.468171 -1.480768 -1.485959 -1.477688 -1.475502 -1.475577 -1.477558 -1.472751 -1.488287 -1.483535 -1.489311 -1.49767 -1.478789 -1.484501 -1.500756 -1.492611 -1.497678 -1.485021 -1.486194 -1.507806 -1.507879 -1.484203 -1.475481 -1.489272 -1.484035 -1.471226 -1.494323 -1.487126 -1.473055 -1.467194 -1.46669 -1.492312 -1.493342 -1.473521 -1.455066 -1.460497 -1.459064 -1.466565 -1.48837 -1.48514 -1.482427 -1.478465 -1.468151 -1.481016 -1.485498 -1.493254 -1.498522 -1.500878
-1.495022 -1.479132 -1.469626 -1.479246 -1.474054 -1.459438 -1.463146 -1.470335 -1.479842 -1.492697 -1.489715 -1.522581 -1.572108 -1.456193 -1.468002 -1.47985 -1.473368 -1.462261 -1.469682 -1.469062 -1.462254 -1.470378 -1.473609 -1.474693 -1.484133 -1.491803 -1.497989 -1.483513 -1.481517 -1.488178 -1.48811 -1.483969 -1.488485 -1.500312 -1.512635 -1.517491 -1.506196 -1.499617 -1.497642 -1.498268 -1.49801 -1.494745 -1.49528 -1.495513 -1.496864 -1.493672 -1.493504 -1.496188
-1.496864 -1.493672 -1.493504 -1.496188 -1.495121 -1.496268 -1.494615 -1.489396 -1.493505 -1.490628 -1.485757 -1.488861 -1.486133 -1.493302 -1.498126 -1.490599 -1.513398 -1.535712 -1.486855 -1.500696 -1.514488 -1.505023 -1.500119 -1.488196 -1.480136 -1.484122 -1.496126 -1.4963 -1.492737 -1.509917 -1.507231 -1.508426 -1.503264 -1.496652 -1.494689 -1.486073 -1.489997 -1.491824 -1.501863 -1.490509 -1.494576 -1.504456 -1.501558 -1.500084 -1.502967 -1.495794 -1.487269 -1.495103
1.232295 1.230781 1.232806 1.232462 1.234872 1.238169 1.236979 1.241094 1.24681 1.254313 1.252349 1.172601 1.256319 1.22866 1.254505 1.256145 1.260921 1.267876 1.262732 1.260578 1.264515 1.251236 1.244552 1.237616 1.230213 1.223696 1.220213 1.218733 1.21512 1.209443 1.211219 1.21644 1.219294 1.220281 1.22086 1.218359 1.21892 1.224501 1.225715 1.224713 1.223089 1.220764 1.221486 1.222872 1.225214 1.228061 1.233048 1.238494
1.231498 1.233197 1.233587 1.236642 1.235204 1.237081 1.231598 1.228162 1.224403 1.216155 1.211588 1.207218 1.207222 1.208091 1.209023 1.151948 1.082969 1.143595 1.170899 1.169855 1.183776 1.186315 1.192021 1.202427 1.205051 1.201915 1.197223 1.198106 1.200874 1.204374 1.208121 1.213969 1.218387 1.218543 1.216169 1.213423 1.209271 1.212087 1.211482 1.215232 1.221395 1.221868 1.230322 1.227762 1.223144 1.225592 1.222929 1.224049
1.178666 1.180328 1.180864 1.178423 1.177855 1.179309 1.1786 1.17806 1.179139 1.179178 1.179494 1.183164 1.183457 1.181954 1.181215 1.18691 1.181377 1.182258 1.193428 1.193277 1.189002 1.188518 1.184237 1.182114 1.180151 1.180548 1.184897 1.180789 1.178703 1.179956 1.181339 1.180679 1.185106 1.18795 1.186097 1.186452 1.185266 1.187036 1.188498 1.1857 1.183513 1.185069 1.184436 1.183295 1.183822 1.182959 1.184239 1.184847
0.6922662 0.6880633 0.6859958 0.6850119 0.6859765 0.6870165 0.6823817 0.6822993 0.6843714 0.6855845 0.6882864 0.6940992 0.6900356 0.6848578 0.6856025 0.7054931 0.7128196 0.687896 0.6849145 0.6749684 0.6768704 0.6804614 0.6831665 0.6856691 0.6884218 0.6902304 0.6891003 0.6887877 0.6861252 0.6853267 0.6851208 0.6815026 0.6821797 0.679846 0.6787927 0.7135067 0.9031496 1.16134 1.387383 1.666475 1.951048 2.047525 2.059021 2.059911 2.059674 2.05967 2.058959 2.057091
2.014722 2.012598 2.013047 2.012828 2.014428 2.013718 2.012682 2.009683 2.012929 2.011422 2.009589 2.009856 2.006253 2.004246 2.004838 2.014967 2.018409 2.000533 1.996317 1.991437 1.995893 1.999375 1.999568 2.003032 2.012048 2.014646 2.016638 2.017555 2.016904 2.016833 2.020087 2.02047 2.0216 2.022239 2.023331 2.024134 2.026952 2.029799 2.030813 2.030842 2.024272 2.017035 2.013089 2.009913 2.010119 2.012736 2.012519 2.007824
1.457374 1.452231 1.450581 1.450887 1.446914 1.433944 1.438517 1.441367 1.446158 1.443608 1.447645 1.445934 1.469659 1.459175 1.146504 1.439162 1.430176 1.446787 1.451296 1.449518 1.442949 1.440002 1.454541 1.460748 1.455332 1.455124 1.453694 1.45678 1.460491 1.463868 1.47094 1.463239 1.455079 1.450174 1.452153 1.448928 1.448124 1.443724 1.446099 1.439571 1.442257 1.437503 1.442261 1.443526 1.442773 1.442567 1.450163 1.442307
3.119473 3.118351 3.120187 3.118922 3.1195 3.120691 3.119102 3.121302 3.120296 3.122236 3.119703 3.121824 3.120943 3.124135 3.122541 3.13029 -3.052658 -3.118843 3.121646 3.130787 3.130248 3.127036 3.125121 3.127512 3.126255 3.128567 3.12995 3.132456 3.133527 3.133059 3.133996 3.133559 3.135495 3.135325 3.138121 3.139175 3.137545 3.137872 3.139214 3.138232 3.139186 3.14005 -3.141577 -3.140441 -3.141 3.140723 -3.140261 -3.138828
3.132562 3.133121 3.134239 3.133024 3.133214 3.131373 3.132202 3.131473 3.133455 3.132574 3.133269 3.13373 3.13197 3.133066 3.133815 3.13285 3.132704 -3.01793 -2.799215 -2.9819 -3.120505 3.116157 3.110615 3.106758 3.100466 3.097225 3.102264 3.101174 3.102359 3.101891 3.102364 3.105067 3.10653 3.104415 3.106859 3.104742 3.103912 3.105451 3.102236 3.100769 3.100776 3.100247 3.099396 3.102079 3.099205 3.101815 3.100573 3.100648
-2.989796 -2.991232 -2.992158 -2.992283 -2.991217 -2.99248 -2.983844 -2.38149 -2.535576 -2.744488 -2.827302 -2.840908 -2.84437 -2.849978 -2.850753 -2.852109 -2.854558 -2.855036 -2.854145 -2.854999 -2.854745 -2.853513 -2.853799 -2.852701 -2.853486 -2.85416 -2.8524 -2.855716 -2.853818 -2.855425 -2.854253 -2.855774 -2.855254 -2.855074 -2.856307 -2.854928 -2.85677 -2.855214 -2.853911 -2.852263 -2.853189 -2.851593 -2.853937 -2.85346 -2.853231 -2.850409 -2.85157 -2.850996
-2.839929 -2.83994 -2.841515 -2.844191 -2.843968 -2.84478 -2.845195 -2.845319 -2.844359 -2.823345 -2.569207 -2.785834 -2.816493 -2.823525 -2.829822 -2.834199 -2.837557 -2.837249 -2.835553 -2.833298 -2.834188 -2.83366 -2.835763 -2.834676 -2.834196 -2.83199 -2.83315 -2.83333 -2.832136 -2.831254 -2.828602 -2.82699 -2.826509 -2.826121 -2.824467 -2.823924 -2.82579 -2.826764 -2.826793 -2.825392 -2.825469 -2.826339 -2.827016 -2.826125 -2.825788 -2.824647 -2.824204 -2.82542
-2.838239 -2.841914 -2.841846 -2.844847 -2.849229 -2.851467 -2.851044 -2.852204 -2.85301 -2.853852 -2.856822 -2.860257 -2.859061 -2.857894 -2.857503 -2.85878 -2.857703 -2.859702 -2.464165 -2.519188 -2.705588 -2.78027 -2.803501 -2.845263 -2.858309 -2.853791 -2.847703 -2.850407 -2.854608 -2.855798 -2.851998 -2.845493 -2.844754 -2.845979 -2.847178 -2.847819 -2.84888 -2.847935 -2.850387 -2.849397 -2.8544 -2.854715 -2.85721 -2.85702 -2.860037 -2.857536 -2.857927 -2.857896
-2.375934 -2.378051 -2.380223 -2.383685 -2.385903 -2.385567 -2.386685 -2.387503 -2.386012 -2.386892 -2.384708 -2.384821 -2.354244 -2.219672 -2.356024 -2.373736 -2.345531 -2.335706 -2.347805 -2.353504 -2.362169 -2.365553 -2.362498 -2.361708 -2.357983 -2.352371 -2.352501 -2.345623 -2.348712 -2.346884 -2.349355 -2.347165 -2.347493 -2.345827 -2.341474 -2.336008 -2.329051 -2.323339 -2.317159 -2.317597 -2.318165 -2.31902 -2.32419 -2.327708 -2.331701 -2.337689 -2.341153 -2.339851
