-0.02608507 0.1654972 0.1748409 0.06622513 0.0177178 -0.000961831 -0.1921892 -0.1063162 0.07083293 0.09614895 0.1093173 0.08581843 -0.08120783 -0.1570009 -0.1065278 -0.05571166 -0.07686727 -0.1611997 -0.1001742 -0.03482222 0.05500561 0.1032353 0.1242884 -0.01577191 -0.1448038 0.03484721 0.1797402 0.1883093 -0.02049581 -0.06375602 -0.02690472 0.05292679 0.04625736 -0.01218229 0.006477359 0.01198473 -0.1122624 -0.04653688 0.002053481 -0.1162376 -0.004907164 0.1106697 0.1690295 0.0918326 -0.08099531 -0.1195708 0.09325355 -0.01077576 0.1160713 -0.2264264 -0.1581431
-0.2264264 -0.1581431 0.1468677 0.09750126 -0.000805991 -0.009899681 -0.1862663 -0.1580608 0.02068297 0.06695918 0.06390887 0.01077826 -0.07511272 0.00678052 0.009764896 0.02043058 -0.04842791 -0.02480447 -0.03528535 -0.00449545 -0.003618012 0.000830745 0.01505401 0.03178985 -0.0270466 0.006932781 -0.006264937 0.003871264 0.0440279 0.09693741 -0.04855465 -0.0185484 -0.03273633 -0.02972287 -0.06735218 0.008421854 0.05187034 -0.06985791 0.01308888 0.04392696 0.01262959 -0.08159929 0.005167813 0.01278435 -0.006080437 0.009750213 -0.02977131 0.03038137 -0.04806361 -0.005757815 0.08600025
0.01376997 0.004432951 0.004631271 -0.03036404 0.004148916 0.000556171 0.000244543 -0.009807888 0.01342795 -0.009706418 -0.003952163 -0.0054702 -0.04485844 0.006260643 -0.02888461 -0.02531461 0.002451998 0.00667773 -0.01665755 -0.03936867 0.02449419 0.01667899 0.008720303 0.01768861 -0.02349182 -0.003607743 0.004359247 -0.01469907 0.000178414 0.0431878 0.01268321 -0.003282033 -0.01471203 0.003890373 0.04199392 -0.007012627 0.03003964 -0.05687195 -0.03132802 -0.01071298 -0.02509364 -0.007463005 -0.06213877 0.0139075 0.06955142 -0.01102333 -0.05661523 -0.0167141 -0.05351181 -0.0172243 -0.03415987
-0.05351181 -0.0172243 -0.03415987 0.02417116 -0.004421233 -0.03202258 0.01115703 -0.02164485 0.02026269 -0.01843101 -0.007569751 -0.004993044 0.002779168 -0.05473634 0.0333203 -0.04561878 -0.03376452 0.06894115 0.008089856 0.009496493 0.01288198 -0.004801162 -0.03198032 -0.006725759 0.05125019 -0.04804806 -0.1025264 -0.04035573 -0.01782432 -0.01085741 0.03509694 0.05858057 -0.02207651 -0.03093047 0.05879341 0.01915386 0.0163048 0.01319619 -0.03877196 -0.04109539 -0.01553935 0.0638523 0.04262572 0.03425884 -0.02902476 -0.0193468 -0.01947427 0.05120151 0.06923254 0.0472342 0.1011351
0.1011351 0.02042444 -0.007961013 0.05869143 0.09975793 -0.03069521 0.04000734 -0.000869515 -0.0350718 -0.01890016 0.01838709 0.07920463 0.0206515 -0.01013353 -0.01024274 -0.000385405 0.02021747 -0.01264536 0.006757807 0.03484781 0.0355472 0.02907245 0.02448429 0.02137402 0.01523294 -0.001913927 -0.04720343 -0.004886954 -0.006142843 0.01009742 0.01090268 -0.01284934 0.009843766 -0.01809103 -0.02386859 -0.05057945 0.02259973 0.01740849 0.04364768 0.001653846 -0.05733236 -0.05997205 -0.03399698 -0.06103165 -0.05527753 -0.01868358 -0.01444414 -0.03965257 -0.01212113 0.05074512 -0.02291082
-0.01239198 0.02836173 -0.02952717 -0.06426587 0.06663629 0.009821455 0.07706314 -0.03514003 -0.06450346 0.04457602 0.0114545 0.0807313 -0.0276994 -0.0476101 -0.07251251 -0.006137061 0.0281279 0.04160519 -0.05582896 -0.01876587 -0.01888765 0.05089659 -0.01546555 0.09546879 -0.01029372 0.08694199 -0.04269776 -0.009735546 0.1857284 0.09139164 0.01367925 0.01024265 -0.007664301 0.1849599 -0.03565042 -0.02009138 0.05239953 -0.1640431 -0.1202551 -0.05419302 -0.1582339 0.07755584 0.02498153 0.05448404 0.08898806 -0.0607954 -0.02981925 -0.02438469 0.1120468 0.03352481 -0.06532284
0.03733052 -0.004273636 0.005660014 -0.004777654 0.01640023 0.02492066 -0.02140615 -0.02890458 -0.002072425 0.02213694 -0.03328141 -0.02014152 -0.03908806 0.01218418 0.00727572 -0.01637409 0.008960864 -0.03279261 0.0261272 0.0370871 0.6994499 -0.4728905 -0.3243088 -0.1807274 -0.0741231 -0.02628385 -0.0276471 0.003764563 0.0186821 0.01768165 -0.01002838 0.03681598 0.04888688 0.02528242 -0.002514059 0.01648408 0.02256139 0.03337614 -0.03562873 -0.003271874 0.01150132 0.009214571 0.006975368 -0.007623537 0.01652037 -0.03068359 -0.04395383 -0.03897399 0.03950666 0.02636667 0.01042707
0.02333033 -0.00651996 0.03393611 -0.004825478 0.0212782 -0.02469398 0.004740455 0.01093285 0.01787927 0.0279025 0.0029103 0.01955752 -0.007635079 -0.02693046 -0.03741229 -0.03870685 0.00707816 -0.01187453 -0.00983046 0.03096993 0.007143895 -0.008072862 0.0131116 0.01054515 0.02845495 0.7398612 -0.3898023 -0.712157 -0.4162309 0.04056771 0.06088092 0.04535476 0.08126612 0.06912188 0.03793373 0.009025319 0.03610159 0.009376108 -0.01663394 -0.001075528 0.02373703 0.02391292 0.0193597 0.02412756 0.0144998 -0.03502466 0.01271565 -0.002397702 0.001705462 -0.04140491 -0.1087267
-0.03377627 0.03298695 0.01270746 -0.01259224 -0.01681237 0.03695302 -0.05661105 -0.02012579 -0.02859255 0.02800458 -0.01444556 0.9677661 -0.2454967 -0.5741771 -0.2471961 0.02156003 0.03746995 0.03542929 0.001336675 -0.005947996 -0.004921789 -0.0008367657 0.01436119 -0.02563077 0.02805301 0.02391271 0.004724494 -0.0229478 0.02495352 0.01359882 0.01217685 0.028567 0.009733396 -0.003090963 -0.005750105 0.006729897 -0.003283625 -0.02304313 -0.02167588 -0.008302879 -0.006352517 -0.01251909 0.01675531 -0.01923298 0.02254078 0.004368694 0.00543512 -0.00211903 -0.03325022 -0.01148189 -0.002375871
0.004439635 0.04268043 -0.00791729 0.0233698 -0.02878194 0.01474753 0.02057165 0.005903221 0.03000795 -0.04959754 -0.01844678 0.7370061 0.7989382 -0.04398876 -1.101174 -1.162751 -0.7779654 0.07478245 0.2266224 -0.153688 -0.0110374 -0.008663061 -0.001341456 0.01595628 0.01952301 0.03349935 -0.01469387 0.02707705 -0.0241469 0.03087683 0.005242298 0.01494193 0.0488836 0.03520499 0.01826173 0.006613413 0.01298294 0.02008432 0.01641677 -0.02472723 -0.01493622 0.02400704 -0.03675613 -0.01619479 -0.01445032 0.03338118 0.0009739514 -0.04820693 0.01923064 0.007368068 -0.04288008
-0.03672018 -0.01497427 -0.02251568 0.01067113 -0.04071256 0.004523814 -0.02495136 -0.00822799 0.06273464 -0.02857803 -0.00315167 -0.0001286632 0.26796 1.290244 -0.992258 -0.9548006 -0.7021313 -0.2847869 0.02052734 -0.0764211 -0.02704151 0.002031039 0.007167348 -0.04490954 0.009886326 0.02832288 -0.007279593 -0.01535262 0.02103369 -0.01246271 0.01212281 0.03607668 -0.0288119 0.009765434 -0.004330434 -0.03387569 0.002258712 -0.0398917 -0.002193843 -0.007519729 -0.02730858 -0.01467677 0.009934096 -0.003748724 0.05934886 -0.005316371 0.01193937 -0.0113598 0.00104845 0.006933052 0.008909468
0.001894087 0.03931378 0.04782851 0.03630549 0.02022868 -0.01425468 -0.01592177 0.01470715 -0.01680707 -0.03295848 -0.01387366 1.777137 -0.7719465 -0.817471 0.1322902 -0.01456767 -0.0288245 -0.006458276 -0.005570185 0.01333373 -0.01546728 -0.006116258 0.008575941 -0.03290488 0.04687919 -0.02914495 0.0039115 0.0104235 0.002031473 0.02119274 0.01061988 0.0291614 0.01113309 -0.00481103 0.004021504 -0.01402772 -0.009066593 -0.009607151 -0.01413298 -0.02264012 -0.03928359 -0.150397 0.03531203 -0.009594982 -0.04298611 0.02779756 0.006025474 0.03514606 -0.03074255 0.02266163 -0.006460587
-0.03873204 -0.02842944 0.04655917 -0.04911112 0.08779756 -0.05714854 0.008910441 0.04440043 -0.01434781 0.05685125 0.08769979 0.05841239 -0.03022891 0.09350888 0.1311122 -0.3352982 -0.05944757 -0.01110112 0.0369916 0.05570239 -0.1240105 -0.09625956 0.1985749 0.1429798 -0.08198384 0.01792189 -0.03209541 -0.0902263 -0.03044534 -0.03705288 0.01194344 -0.01451749 -0.04654244 0.006250534 0.06075337 0.02204857 -0.08694547 0.01499384 -0.02306186 -0.06273147 0.1127482 0.0483568 -0.02622207 -0.06254312 -0.05930981 0.07433636 -0.0142939 0.01582655 0.06926952 0.01862814 -0.1695087
0.02385527 -0.01504744 0.01509389 0.04067536 0.02313058 0.008699235 0.08915257 -0.03959697 -0.1350373 -0.005362574 -0.009768398 0.216363 0.695517 -0.5873629 0.07646 0.3991467 -0.1203891 0.03750968 0.006063893 0.02402207 -0.05713182 -0.1021129 0.09903735 0.01090691 -0.1244671 -0.00510171 0.09344085 -0.04282687 -0.1032219 -0.1144013 -0.1760092 0.06039979 0.06708994 0.1038728 0.06348153 -0.09857944 -0.1074179 -0.08516581 -8.612828e-05 0.1378395 -0.001076344 -0.03450406 -0.007120376 -0.007705204 -0.06228742 -0.01992195 0.03636359 0.004486025 -0.09710813 0.06944835 -0.0505437
0.03905653 -0.122211 0.04255385 0.06116199 0.04370341 -0.03996513 -0.1015005 -0.002275031 -0.05662201 -0.0391079 0.08711502 0.04569804 -0.5099403 -1.113749 0.1959019 0.6551974 0.2117849 0.1297025 0.3147883 0.09166574 -0.09888835 0.02004172 -0.02767748 0.08021619 0.02969518 -0.09091015 -0.08131731 0.07203382 0.07643356 -0.05829713 -0.1126636 -0.1033786 -0.02782447 0.1199249 0.1989248 -0.05500915 0.001356236 -0.0197462 -0.04536744 -0.03086552 -0.01896518 0.07930291 -0.09021793 0.1732751 -0.0551101 -0.02115743 0.05486346 0.1016361 0.0004676453 0.006459637 0.02935197
0.07236301 -0.04098428 -0.01608794 0.08037782 -0.1215393 0.003443294 0.01027429 0.01248935 -0.02860117 0.123749 -0.04917857 -0.001823411 0.08169311 -0.2473578 0.007974571 0.01415892 0.01424391 0.04087414 -0.02360022 -0.1592196 0.2032974 0.01353981 -0.04478585 -0.1550812 0.1200927 0.04266167 -0.1612005 0.2406497 0.07863256 0.1338772 -0.1856994 -0.1803874 0.06560522 0.2315859 -0.07668657 0.05517655 -0.01361365 -0.03380684 0.006527621 -0.009998914 0.00949664 0.04780528 -0.01568698 -0.06413994 -0.04007448 -0.0608166 -0.004106511 -0.01573005 -0.04136604 0.03329707 0.04411261
0.04002899 0.1594757 -0.04315407 -0.05578031 0.09611701 0.0766641 -0.01055623 -0.08377195 -0.04981601 -0.08220056 0.05712548 -0.1976903 0.08913217 0.1448235 -0.01668775 0.01366882 0.02851053 -0.0872334 -0.09606444 0.04202494 0.03226246 -0.08507626 0.02297663 -0.02336029 -0.01236203 -0.08241424 -0.002080509 0.2349646 -0.1337524 -0.02120821 0.04746178 -0.01343394 -0.0640552 -0.139563 -0.07270046 0.06130351 0.03132038 0.01146837 0.03082375 -0.02347518 0.02798235 0.03641487 -0.01330385 0.01195572 -0.03192914 0.01464547 0.02136839 0.006484739 0.007178127 -0.01937304 0.03704107
-0.03192914 0.01464547 0.02136839 0.006484739 0.007178127 -0.01937304 0.03704107 -0.01609371 -0.01228841 0.04919758 -0.0004617187 -0.0450059 0.0719666 -0.09180987 -0.003517156 0.03590962 0.2713736 -0.2780522 0.09375625 -0.07413345 -0.06570123 -0.03807794 -0.03416835 0.008591953 -0.0187371 -0.0811153 -0.04805375 0.07729132 -0.04399712 -0.05378845 0.08031784 0.002371587 0.0523542 -0.03275636 0.05633612 -0.01602365 -0.0572861 -0.09366716 0.01766874 0.06433735 -0.1103881 -0.05620443 0.08525595 -0.01595763 -0.0352001 0.08207797 0.03708037 -0.08845714 -0.04134392 -0.05422971 0.01085028
-0.007588418 0.03438393 -0.0004251686 0.001881412 0.02134421 0.002660513 -0.01096284 0.07316302 0.04765923 0.031379 -0.07319665 0.600262 -0.1568708 0.02247972 0.04063644 0.02043572 0.05881144 -0.005077942 0.016058 0.01839127 0.01637794 -0.05663664 -0.08225377 -0.03883126 -0.07178025 -0.06200066 -0.01319374 -0.01793367 -0.01303 -0.01327782 0.08763779 -0.006333368 0.01845693 0.0007124998 -0.00804941 -0.001557781 0.03624113 0.04071254 0.03127665 -0.008460855 -0.02151763 -0.0212309 0.03189087 0.01834319 0.0162993 0.01030547 0.07419679 0.08353016 0.05449523 -0.03266707 -0.005872034
-0.003282554 0.04331004 0.02035164 -0.01273669 0.01416784 -0.04452485 -0.02852653 -0.01617584 -0.05413359 -0.03161231 -0.02502759 0.02524284 -0.01427346 0.03791008 0.3900309 -0.2997769 -0.2922969 0.3590353 0.1855974 0.04155774 -0.1148976 -0.04563036 0.03153276 -0.005776818 -0.03005005 -0.04543345 0.02872379 -0.008119697 0.03273707 0.05920291 0.08735095 0.008140566 -0.02355522 -0.04008658 -0.01891989 0.005582991 -0.01377871 0.01769602 0.01791679 0.03177966 0.04251423 0.05429725 -0.03529298 -0.03938658 -0.001047954 0.0009268907 -0.02322959 0.004802668 -0.0408337 -0.0336411 -0.00838653
0.02544888 0.04546043 0.008746952 -0.02629464 0.008804175 0.002901171 0.01274301 0.01275675 0.001591113 -0.02441263 0.02893458 0.0190112 0.01907624 -0.005474276 0.04176889 -0.2947661 -0.01878717 -0.01687201 -0.0118924 -0.04267433 0.03605568 -0.02356877 0.01531667 0.00133636 0.008907448 0.06899658 -0.02433201 -0.01188404 -0.009607763 0.02474207 -0.001022278 0.03402989 0.02409745 -0.009903435 -0.03113174 -0.01418044 0.0009628134 0.03044459 0.02293019 -0.0409326 -0.0158914 0.03279079 -0.02986797 -0.01649342 0.006867911 -0.02112459 0.0008909755 0.007088556 0.01330251 0.05072573 -0.0264436
-0.04531967 -0.06146488 -0.03543918 0.01436573 -0.01301941 -0.001569901 -0.02841958 0.01755865 0.019649 -0.003601326 0.04648318 -0.0129248 -0.04692596 -0.01097745 0.001289641 0.8224365 -0.3896956 -0.2042061 0.03145988 -0.02887858 -0.001033606 -0.008676648 -0.03838508 -0.01096522 0.004325238 -0.02482335 -0.02558504 -0.01080962 -0.02332603 -0.002775745 -0.01708976 -0.003931548 0.01482836 0.006125197 -0.01256559 0.3599235 1.170877 1.084449 1.167581 1.180489 0.06562482 0.04501718 0.0001384821 -0.02191625 -0.005648958 -0.005858558 -0.009906091 -0.01962081 -0.01540168 0.3248558 -0.2190838
-0.009366378 -0.01162393 -0.01631965 -0.003140722 -0.0160661 -0.0114131 -0.009199245 0.03747448 -0.0138116 -0.01251465 -0.0004251674 -0.02833902 -0.01424115 -0.03232019 0.4464357 -0.2880764 -0.1227193 -0.02814378 0.004159403 0.03574629 0.005070204 0.01434267 0.04981471 0.04187753 -0.001504057 0.01591703 -0.002423826 -0.02152731 -0.0203153 0.001317459 -0.01029554 0.009468674 0.01226032 0.006460344 0.01470446 0.02940187 -0.005780184 0.02660383 -0.005425325 -0.04393334 -0.028288 -0.03545444 0.00201008 0.01510675 0.0009598134 -0.0237594 -0.06692896 0.02708523 -0.02350256 -0.0002339226 0.001511751
-0.09786098 0.05700733 -0.05775857 0.0726554 -0.1081725 -0.06521177 0.06583703 0.02855522 -0.02386278 0.0480791 0.006555873 0.06311064 0.07797986 -0.1789712 -0.6649846 0.4431095 -0.3643283 0.2476065 -0.003322992 -0.008654119 -0.1699205 0.003498521 0.1107997 -0.0571615 -0.02397981 0.04120206 -0.04528504 0.03252359 0.02599662 0.001917785 0.08926946 -0.1421323 -0.06741951 0.06488571 -0.05969367 0.02234315 -0.0551201 -0.02510399 -0.006910421 -0.02155367 0.04254737 -0.07213554 0.08636296 -0.004489383 -0.04972407 0.02162253 0.03786352 -0.01169021 0.01764011 -0.06477758 0.02723408
0.01628719 0.01254177 0.0258275 -0.0210319 0.03407506 0.004764539 0.02741729 -0.0003699085 -0.03016732 0.008427823 -0.02920548 0.00776202 -0.02698466 0.01743921 -0.03076698 0.101961 -0.00189652 -0.02413996 -0.118682 -0.01565692 -0.01312141 0.051061 0.02499441 0.01906933 0.009182939 -0.007638153 0.01351011 0.01665109 0.02553283 -0.0152973 0.03042552 0.01318082 0.03127004 0.03399744 0.01654457 0.02465454 0.00399547 0.01129868 -0.02274377 0.009151367 0.0346544 -0.004721634 0.02219865 0.03109042 -0.02123526 0.01442532 0.006766884 0.03757051 0.0171729 0.001191597 -0.008599443
0.02499672 -0.01577104 0.01439853 0.00877739 -0.0001025312 0.02227905 0.005630225 -0.0119136 0.0210717 -0.01426124 0.03008472 -0.008675324 -0.028035 0.02845773 0.0222625 0.0065246 0.007879865 1.221617 0.2055196 -0.7497938 -0.6424908 -0.334057 -0.09803326 -0.01707844 0.07646526 0.01479559 -0.00199799 -0.01517778 0.007128811 0.05974291 -0.02456049 0.02457945 0.02136471 0.00523344 0.03397842 0.01556253 0.007701837 0.02828238 0.01642088 -0.01725652 0.01451147 0.01473635 -0.02169299 -0.02971593 0.008034274 -0.0003378917 0.04495128 -0.0418976 0.005965434 -0.02903274 -0.01275717
0.002471221 0.01573175 -0.01719812 -0.01495303 0.01789477 0.02073868 0.110769 0.3575711 -0.7993781 -0.9146315 -0.06026511 -0.02304416 -0.01103051 -0.02196453 0.03614433 0.004186406 -0.01539162 0.009274195 0.02835063 -0.02198289 0.04214898 0.002591804 0.0007486437 0.01610709 -0.01311793 0.01850247 0.006239938 -0.01122345 -0.007903146 -0.02754202 0.02042362 -0.009876686 0.007495377 0.008879321 0.0123486 0.005013742 0.004160299 -0.002822044 0.02816753 0.003851252 0.01154285 0.02323362 0.02058678 -0.02675702 -0.006947587 -0.0002098933 -0.002606225 0.008830475 -0.01753261 0.01952946 -0.01000762
0.03817499 0.02598879 -0.01563647 -0.005486343 0.01835522 -0.01788822 -0.02122694 0.002996912 0.005592396 0.5227952 0.8503991 -0.6441722 -0.001096157 -0.04777377 0.008293439 -0.04095454 -0.001454081 0.005716171 0.02043621 -0.007426234 0.0250451 -0.004800497 -0.006682229 0.009180192 0.03024133 0.007379977 -0.008699915 -0.001189306 0.03508623 0.006433785 0.01758865 0.004935954 0.01332897 0.01254261 -0.01754706 0.001373105 0.0124205 -0.001924635 0.009236125 0.01681023 0.0009588024 -0.01106802 0.01098407 0.02269806 -0.01284187 0.01167392 -0.001110705 -0.004235425 0.01358553 0.007845618 -0.008270002
-0.00467648 -0.04475731 -0.02329931 0.007823343 -0.01960227 -0.005999234 0.01017299 -0.01715261 0.01040411 -0.008299509 0.001149062 0.005825756 0.03296982 -0.01778989 0.02733732 -0.01433644 -0.01917983 -0.05449704 0.954128 -0.5746412 -1.149531 -0.7872626 -0.1653897 -0.09812421 -0.02108016 0.05076297 0.01891232 -0.05079135 0.001566208 -0.02110607 0.03960077 0.01932658 -0.02061042 0.01398876 -0.01430928 -0.02420129 0.00118348 0.02080254 -0.0486974 0.04648349 -0.04531892 0.02108211 0.005532952 0.006350463 -0.01091835 0.02633672 -0.0162664 0.01736378 -0.01093217 0.0173931 0.01282813
-0.009129375 0.001956095 -0.04037529 0.01784505 -0.031455 0.00970746 0.01841107 -0.008088136 0.04770985 -0.01436885 -0.001051337 0.02497217 0.08960956 -0.2721798 -0.3045136 -0.2026984 -0.07645397 -0.03689155 -0.007704739 0.03460896 0.0007210096 0.02530478 0.005580255 -0.01188228 0.07264557 0.03252172 0.01522428 0.03480125 -0.0421367 0.007146969 0.009074891 0.04702383 -0.001041542 0.02565167 0.04235171 0.03798011 0.06247012 0.06823596 0.06258346 0.0077959 -0.01989332 -0.03309148 -0.03776229 -0.02339382 -0.02421232 -0.04313394 -0.04259323 0.02993034 0.0009159877 0.01439694 0.0319451
