476418664.0 476418668.0 476418672.0 476418675.0 476418678.0 476418683.0 476418688.0 476418694.0 476418699.0 476418704.0 476418709.0 476418713.0 476418716.0 476418718.0 476418720.0 476418722.0 476418724.0 476418727.0 476418730.0 476418731.0 476418731.0 476418730.0 476418729.0 476418727.0 476418725.0 476418723.0 476418721.0 476418720.0 476418719.0 476418721.0 476418724.0 476418728.0 476418733.0 476418736.0 476418738.0 476418739.0 476418740.0 476418740.0 476418740.0 476418740.0 476418740.0 476418739.0 476418737.0 476418735.0 476418733.0 476418732.0 476418731.0 476418731.0
476418732.0 476418732.0 476418734.0 476418734.0 476418732.0 476418730.0 476418727.0 476418726.0 476418725.0 476418724.0 476418723.0 476418722.0 476418721.0 476418721.0 476418724.0 476418727.0 476418729.0 476418732.0 476418735.0 476418739.0 476418742.0 476418743.0 476418745.0 476418746.0 476418747.0 476418747.0 476418747.0 476418747.0 476418747.0 476418746.0 476418746.0 476418746.0 476418746.0 476418747.0 476418747.0 476418748.0 476418748.0 476418748.0 476418748.0 476418746.0 476418744.0 476418743.0 476418741.0 476418737.0 476418736.0 476418735.0 476418733.0 476418731.0
476418609.0 476418609.0 476418610.0 476418610.0 476418611.0 476418612.0 476418613.0 476418614.0 476418616.0 476418616.0 476418617.0 476418618.0 476418618.0 476418619.0 476418619.0 476418621.0 476418622.0 476418624.0 476418626.0 476418627.0 476418629.0 476418631.0 476418633.0 476418634.0 476418635.0 476418637.0 476418639.0 476418641.0 476418642.0 476418645.0 476418647.0 476418649.0 476418651.0 476418654.0 476418656.0 476418658.0 476418660.0 476418663.0 476418664.0 476418666.0 476418667.0 476418668.0 476418670.0 476418670.0 476418671.0 476418671.0 476418672.0 476418673.0
476418678.0 476418680.0 476418683.0 476418686.0 476418689.0 476418691.0 476418695.0 476418697.0 476418698.0 476418700.0 476418702.0 476418704.0 476418705.0 476418706.0 476418707.0 476418708.0 476418710.0 476418710.0 476418711.0 476418711.0 476418711.0 476418710.0 476418709.0 476418708.0 476418707.0 476418706.0 476418705.0 476418703.0 476418701.0 476418700.0 476418698.0 476418695.0 476418692.0 476418686.0 476418683.0 476418680.0 476418677.0 476418675.0 476418673.0 476418672.0 476418672.0 476418673.0 476418673.0 476418674.0 476418674.0 476418675.0 476418675.0 476418676.0
476418677.0 476418677.0 476418678.0 476418678.0 476418679.0 476418680.0 476418680.0 476418681.0 476418682.0 476418682.0 476418681.0 476418680.0 476418679.0 476418679.0 476418678.0 476418678.0 476418678.0 476418677.0 476418677.0 476418675.0 476418674.0 476418672.0 476418671.0 476418668.0 476418666.0 476418662.0 476418661.0 476418658.0 476418656.0 476418654.0 476418652.0 476418651.0 476418649.0 476418647.0 476418644.0 476418642.0 476418639.0 476418636.0 476418633.0 476418631.0 476418629.0 476418627.0 476418625.0 476418624.0 476418622.0 476418620.0 476418618.0 476418617.0
476420114.0 476420118.0 476420122.0 476420124.0 476420128.0 476420132.0 476420135.0 476420139.0 476420142.0 476420144.0 476420148.0 476420151.0 476420155.0 476420162.0 476420169.0 476420173.0 476420178.0 476420183.0 476420187.0 476420190.0 476420193.0 476420195.0 476420197.0 476420198.0 476420197.0 476420196.0 476420193.0 476420191.0 476420188.0 476420186.0 476420182.0 476420178.0 476420174.0 476420170.0 476420165.0 476420161.0 476420156.0 476420153.0 476420152.0 476420150.0 476420148.0 476420147.0 476420146.0 476420144.0 476420141.0 476420138.0 476420135.0 476420132.0
391732217.0 391732218.0 391732218.0 391732220.0 391732221.0 391732222.0 391732223.0 391732225.0 391732226.0 391732227.0 391732228.0 391732230.0 391732233.0 391732235.0 391732238.0 391732241.0 391732243.0 391732245.0 391732248.0 391732250.0 391732252.0 391732253.0 391732250.0 391732245.0 391732241.0 391732238.0 391732237.0 391732242.0 391732254.0 391732262.0 391732269.0 391732270.0 391732274.0 391732275.0 391732278.0 391732281.0 391732284.0 391732285.0 391732287.0 391732288.0 391732289.0 391732290.0 391732290.0 391732290.0 391732290.0 391732290.0 391732290.0 391732290.0
391732283.0 391732282.0 391732281.0 391732279.0 391732279.0 391732277.0 391732277.0 391732277.0 391732277.0 391732277.0 391732276.0 391732275.0 391732274.0 391732273.0 391732272.0 391732270.0 391732269.0 391732268.0 391732267.0 391732267.0 391732265.0 391732265.0 391732264.0 391732264.0 391732265.0 391732264.0 391732259.0 391732242.0 391732233.0 391732226.0 391732221.0 391732221.0 391732225.0 391732230.0 391732236.0 391732240.0 391732242.0 391732245.0 391732246.0 391732246.0 391732247.0 391732248.0 391732248.0 391732250.0 391732253.0 391732256.0 391732257.0 391732260.0
391732289.0 391732288.0 391732288.0 391732288.0 391732287.0 391732287.0 391732287.0 391732287.0 391732287.0 391732286.0 391732286.0 391732286.0 391732286.0 391732286.0 391732284.0 391732282.0 391732282.0 391732281.0 391732279.0 391732277.0 391732275.0 391732272.0 391732267.0 391732266.0 391732267.0 391732268.0 391732269.0 391732270.0 391732273.0 391732274.0 391732274.0 391732274.0 391732274.0 391732274.0 391732273.0 391732273.0 391732272.0 391732271.0 391732270.0 391732268.0 391732267.0 391732265.0 391732264.0 391732263.0 391732262.0 391732261.0 391732261.0 391732260.0
391732251.0 391732250.0 391732250.0 391732251.0 391732251.0 391732251.0 391732251.0 391732252.0 391732253.0 391732254.0 391732254.0 391732255.0 391732257.0 391732257.0 391732256.0 391732254.0 391732250.0 391732248.0 391732247.0 391732248.0 391732253.0 391732256.0 391732259.0 391732263.0 391732264.0 391732265.0 391732264.0 391732262.0 391732260.0 391732259.0 391732254.0 391732254.0 391732255.0 391732255.0 391732256.0 391732255.0 391732254.0 391732254.0 391732252.0 391732251.0 391732250.0 391732247.0 391732246.0 391732245.0 391732242.0 391732241.0 391732240.0 391732240.0
391732283.0 391732282.0 391732282.0 391732280.0 391732280.0 391732279.0 391732277.0 391732275.0 391732273.0 391732272.0 391732270.0 391732268.0 391732267.0 391732265.0 391732264.0 391732261.0 391732257.0 391732250.0 391732245.0 391732240.0 391732236.0 391732235.0 391732236.0 391732237.0 391732238.0 391732239.0 391732240.0 391732240.0 391732240.0 391732239.0 391732239.0 391732239.0 391732240.0 391732241.0 391732242.0 391732242.0 391732243.0 391732244.0 391732245.0 391732246.0 391732247.0 391732248.0 391732249.0 391732250.0 391732251.0 391732253.0 391732254.0 391732255.0
391732271.0 391732272.0 391732272.0 391732273.0 391732274.0 391732274.0 391732274.0 391732274.0 391732272.0 391732270.0 391732269.0 391732268.0 391732268.0 391732269.0 391732264.0 391732259.0 391732257.0 391732259.0 391732260.0 391732262.0 391732262.0 391732262.0 391732261.0 391732259.0 391732258.0 391732257.0 391732256.0 391732254.0 391732253.0 391732253.0 391732253.0 391732253.0 391732253.0 391732253.0 391732253.0 391732252.0 391732252.0 391732251.0 391732251.0 391732252.0 391732253.0 391732253.0 391732254.0 391732255.0 391732256.0 391732256.0 391732255.0 391732255.0
476420142.0 476420144.0 476420145.0 476420147.0 476420149.0 476420151.0 476420155.0 476420156.0 476420159.0 476420161.0 476420164.0 476420165.0 476420167.0 476420168.0 476420168.0 476420169.0 476420170.0 476420172.0 476420173.0 476420174.0 476420173.0 476420166.0 476420154.0 476420135.0 476420128.0 476420123.0 476420122.0 476420124.0 476420125.0 476420127.0 476420129.0 476420129.0 476420129.0 476420128.0 476420128.0 476420127.0 476420126.0 476420125.0 476420124.0 476420122.0 476420120.0 476420117.0 476420115.0 476420114.0 476420111.0 476420110.0 476420109.0 476420107.0
476420183.0 476420182.0 476420179.0 476420178.0 476420176.0 476420173.0 476420172.0 476420172.0 476420172.0 476420174.0 476420174.0 476420173.0 476420171.0 476420166.0 476420155.0 476420144.0 476420131.0 476420125.0 476420123.0 476420122.0 476420124.0 476420126.0 476420128.0 476420132.0 476420134.0 476420137.0 476420139.0 476420140.0 476420141.0 476420140.0 476420138.0 476420139.0 476420143.0 476420148.0 476420156.0 476420163.0 476420168.0 476420175.0 476420176.0 476420177.0 476420177.0 476420177.0 476420176.0 476420176.0 476420174.0 476420173.0 476420173.0 476420173.0
476420172.0 476420171.0 476420170.0 476420168.0 476420166.0 476420165.0 476420164.0 476420163.0 476420163.0 476420162.0 476420160.0 476420157.0 476420153.0 476420148.0 476420140.0 476420133.0 476420123.0 476420118.0 476420114.0 476420113.0 476420116.0 476420121.0 476420125.0 476420128.0 476420130.0 476420131.0 476420132.0 476420131.0 476420130.0 476420130.0 476420130.0 476420131.0 476420132.0 476420133.0 476420132.0 476420132.0 476420131.0 476420130.0 476420129.0 476420128.0 476420127.0 476420126.0 476420124.0 476420123.0 476420122.0 476420122.0 476420122.0 476420123.0
476420126.0 476420125.0 476420125.0 476420124.0 476420124.0 476420122.0 476420121.0 476420120.0 476420120.0 476420120.0 476420121.0 476420122.0 476420124.0 476420124.0 476420125.0 476420125.0 476420123.0 476420119.0 476420109.0 476420102.0 476420095.0 476420092.0 476420093.0 476420098.0 476420104.0 476420109.0 476420115.0 476420119.0 476420122.0 476420124.0 476420125.0 476420126.0 476420126.0 476420128.0 476420129.0 476420132.0 476420133.0 476420134.0 476420135.0 476420136.0 476420137.0 476420140.0 476420143.0 476420147.0 476420151.0 476420156.0 476420161.0 476420165.0
476420118.0 476420123.0 476420128.0 476420133.0 476420138.0 476420144.0 476420149.0 476420154.0 476420159.0 476420167.0 476420171.0 476420177.0 476420179.0 476420175.0 476420169.0 476420165.0 476420162.0 476420163.0 476420166.0 476420171.0 476420176.0 476420181.0 476420186.0 476420189.0 476420195.0 476420197.0 476420201.0 476420204.0 476420208.0 476420210.0 476420214.0 476420217.0 476420221.0 476420223.0 476420225.0 476420224.0 476420224.0 476420224.0 476420224.0 476420224.0 476420223.0 476420223.0 476420222.0 476420221.0 476420220.0 476420219.0 476420218.0 476420216.0
476420220.0 476420219.0 476420218.0 476420216.0 476420213.0 476420211.0 476420208.0 476420205.0 476420201.0 476420198.0 476420194.0 476420191.0 476420187.0 476420183.0 476420180.0 476420174.0 476420167.0 476420154.0 476420133.0 476420106.0 476420085.0 476420070.0 476420061.0 476420055.0 476420053.0 476420052.0 476420051.0 476420050.0 476420049.0 476420048.0 476420047.0 476420046.0 476420046.0 476420047.0 476420048.0 476420050.0 476420052.0 476420054.0 476420056.0 476420059.0 476420061.0 476420064.0 476420068.0 476420072.0 476420076.0 476420083.0 476420088.0 476420093.0
391732609.0 391732610.0 391732611.0 391732613.0 391732615.0 391732617.0 391732618.0 391732619.0 391732621.0 391732626.0 391732629.0 391732632.0 391732626.0 391732604.0 391732599.0 391732598.0 391732598.0 391732601.0 391732605.0 391732608.0 391732611.0 391732617.0 391732620.0 391732624.0 391732628.0 391732637.0 391732642.0 391732647.0 391732652.0 391732655.0 391732658.0 391732661.0 391732663.0 391732665.0 391732667.0 391732668.0 391732669.0 391732670.0 391732671.0 391732672.0 391732674.0 391732675.0 391732676.0 391732676.0 391732677.0 391732676.0 391732674.0 391732674.0
391732625.0 391732626.0 391732627.0 391732628.0 391732628.0 391732628.0 391732627.0 391732626.0 391732625.0 391732623.0 391732622.0 391732621.0 391732620.0 391732619.0 391732619.0 391732619.0 391732617.0 391732613.0 391732605.0 391732597.0 391732592.0 391732588.0 391732586.0 391732586.0 391732586.0 391732588.0 391732590.0 391732591.0 391732593.0 391732594.0 391732595.0 391732595.0 391732596.0 391732597.0 391732599.0 391732600.0 391732602.0 391732604.0 391732606.0 391732608.0 391732610.0 391732611.0 391732612.0 391732610.0 391732608.0 391732605.0 391732603.0 391732600.0
391732649.0 391732648.0 391732647.0 391732646.0 391732646.0 391732646.0 391732645.0 391732644.0 391732643.0 391732642.0 391732641.0 391732641.0 391732642.0 391732643.0 391732644.0 391732643.0 391732641.0 391732633.0 391732627.0 391732626.0 391732626.0 391732628.0 391732628.0 391732629.0 391732627.0 391732625.0 391732623.0 391732621.0 391732616.0 391732611.0 391732609.0 391732607.0 391732605.0 391732602.0 391732599.0 391732597.0 391732595.0 391732594.0 391732593.0 391732593.0 391732592.0 391732591.0 391732591.0 391732590.0 391732588.0 391732587.0 391732587.0 391732587.0
391732313.0 391732314.0 391732316.0 391732317.0 391732318.0 391732319.0 391732320.0 391732320.0 391732320.0 391732321.0 391732321.0 391732322.0 391732323.0 391732325.0 391732327.0 391732330.0 391732332.0 391732333.0 391732333.0 391732333.0 391732333.0 391732332.0 391732332.0 391732333.0 391732334.0 391732335.0 391732337.0 391732339.0 391732341.0 391732344.0 391732346.0 391732347.0 391732349.0 391732351.0 391732355.0 391732358.0 391732360.0 391732362.0 391732364.0 391732366.0 391732371.0 391732376.0 391732376.0 391732376.0 391732376.0 391732373.0 391732372.0 391732368.0
391732375.0 391732375.0 391732376.0 391732378.0 391732378.0 391732379.0 391732379.0 391732378.0 391732378.0 391732378.0 391732379.0 391732380.0 391732380.0 391732382.0 391732383.0 391732383.0 391732381.0 391732377.0 391732373.0 391732371.0 391732369.0 391732371.0 391732373.0 391732376.0 391732380.0 391732384.0 391732387.0 391732391.0 391732393.0 391732394.0 391732393.0 391732393.0 391732391.0 391732390.0 391732388.0 391732387.0 391732386.0 391732384.0 391732382.0 391732381.0 391732380.0 391732378.0 391732378.0 391732378.0 391732378.0 391732378.0 391732378.0 391732379.0
476420831.0 476420834.0 476420837.0 476420839.0 476420841.0 476420842.0 476420844.0 476420846.0 476420848.0 476420853.0 476420857.0 476420864.0 476420871.0 476420879.0 476420883.0 476420882.0 476420878.0 476420871.0 476420866.0 476420862.0 476420858.0 476420858.0 476420859.0 476420863.0 476420868.0 476420874.0 476420881.0 476420887.0 476420893.0 476420899.0 476420905.0 476420908.0 476420911.0 476420915.0 476420918.0 476420921.0 476420923.0 476420925.0 476420926.0 476420927.0 476420928.0 476420929.0 476420930.0 476420931.0 476420933.0 476420934.0 476420935.0 476420937.0
391732779.0 391732778.0 391732777.0 391732775.0 391732774.0 391732773.0 391732772.0 391732771.0 391732770.0 391732769.0 391732769.0 391732768.0 391732768.0 391732767.0 391732767.0 391732766.0 391732762.0 391732757.0 391732743.0 391732734.0 391732726.0 391732727.0 391732731.0 391732736.0 391732741.0 391732745.0 391732749.0 391732751.0 391732752.0 391732753.0 391732754.0 391732755.0 391732755.0 391732755.0 391732755.0 391732755.0 391732754.0 391732754.0 391732754.0 391732755.0 391732756.0 391732757.0 391732759.0 391732761.0 391732762.0 391732764.0 391732766.0 391732769.0
391732744.0 391732744.0 391732743.0 391732743.0 391732742.0 391732742.0 391732741.0 391732741.0 391732740.0 391732740.0 391732739.0 391732739.0 391732738.0 391732737.0 391732737.0 391732737.0 391732736.0 391732736.0 391732734.0 391732724.0 391732706.0 391732695.0 391732686.0 391732679.0 391732679.0 391732682.0 391732687.0 391732696.0 391732701.0 391732707.0 391732712.0 391732715.0 391732718.0 391732720.0 391732723.0 391732725.0 391732727.0 391732729.0 391732731.0 391732733.0 391732735.0 391732737.0 391732739.0 391732741.0 391732743.0 391732746.0 391732748.0 391732750.0
391732770.0 391732772.0 391732773.0 391732774.0 391732775.0 391732777.0 391732778.0 391732772.0 391732758.0 391732720.0 391732690.0 391732691.0 391732696.0 391732702.0 391732707.0 391732712.0 391732716.0 391732719.0 391732721.0 391732722.0 391732723.0 391732724.0 391732725.0 391732726.0 391732727.0 391732729.0 391732731.0 391732733.0 391732736.0 391732737.0 391732740.0 391732742.0 391732744.0 391732745.0 391732747.0 391732748.0 391732748.0 391732749.0 391732749.0 391732750.0 391732750.0 391732751.0 391732753.0 391732755.0 391732756.0 391732757.0 391732758.0 391732759.0
391732764.0 391732764.0 391732764.0 391732764.0 391732765.0 391732765.0 391732765.0 391732765.0 391732764.0 391732764.0 391732762.0 391732738.0 391732708.0 391732699.0 391732700.0 391732712.0 391732716.0 391732722.0 391732724.0 391732726.0 391732729.0 391732730.0 391732730.0 391732731.0 391732734.0 391732737.0 391732739.0 391732742.0 391732745.0 391732748.0 391732751.0 391732753.0 391732757.0 391732759.0 391732761.0 391732763.0 391732765.0 391732767.0 391732769.0 391732771.0 391732773.0 391732775.0 391732776.0 391732778.0 391732779.0 391732780.0 391732782.0 391732782.0
391732777.0 391732777.0 391732776.0 391732775.0 391732774.0 391732773.0 391732772.0 391732771.0 391732770.0 391732770.0 391732769.0 391732768.0 391732767.0 391732766.0 391732765.0 391732764.0 391732764.0 391732763.0 391732760.0 391732738.0 391732709.0 391732684.0 391732664.0 391732670.0 391732682.0 391732692.0 391732696.0 391732700.0 391732701.0 391732703.0 391732707.0 391732709.0 391732712.0 391732715.0 391732718.0 391732721.0 391732724.0 391732727.0 391732730.0 391732733.0 391732735.0 391732738.0 391732740.0 391732743.0 391732746.0 391732748.0 391732751.0 391732754.0
391732767.0 391732768.0 391732769.0 391732770.0 391732771.0 391732771.0 391732772.0 391732772.0 391732772.0 391732773.0 391732774.0 391732774.0 391732774.0 391732767.0 391732751.0 391732732.0 391732716.0 391732703.0 391732693.0 391732693.0 391732696.0 391732701.0 391732707.0 391732711.0 391732715.0 391732718.0 391732720.0 391732723.0 391732725.0 391732727.0 391732729.0 391732731.0 391732734.0 391732736.0 391732738.0 391732740.0 391732742.0 391732745.0 391732748.0 391732751.0 391732754.0 391732756.0 391732757.0 391732757.0 391732756.0 391732755.0 391732753.0 391732750.0
