3.96214 3.75185 3.481859 3.28028 3.071788 2.785637 2.391458 2.049299 1.741966 1.46151 1.183301 0.8973712 0.7857043 0.7529374 0.9234012 1.178896 1.426868 1.54362 1.532577 1.416003 1.214401 1.085304 1.128582 1.385087 1.959884 2.248828 2.573256 2.87558 3.084339 3.188955 3.258466 3.252727 3.172525 2.946788 2.513743 2.00324 1.270576 0.3970122 -0.1033052 -0.3191898 -0.3415914 -0.2270653 -0.08931164 0.1361394 0.3582661 0.5314462 0.6400381 0.7520804 0.8994021 1.111283 1.276895 1.37122 1.471983 1.463135 1.351135 1.139378 0.8652303 0.557429 0.3702317 0.1523054
0.557429 0.3702317 0.1523054 -0.03920218 -0.1142202 0.01788028 0.3796793 0.860862 1.151506 1.297654 1.243592 1.041412 0.8121652 0.6491749 0.6403262 0.6235182 0.4733629 0.1632176 -0.2719011 -0.715301 -1.235314 -1.640593 -2.037858 -2.422616 -2.739898 -3.068362 -3.175223 -3.231804 -3.274151 -3.326826 -3.355753 -3.349374 -3.327436 -3.295889 -3.272782 -3.249703 -3.239257 -3.235179 -3.245441 -3.355051 -3.501449 -3.74682 -3.890864 -4.114684 -4.250736 -4.502501 -4.709065 -4.758166 -4.760367 -4.595387 -4.441722 -4.285233 -4.137005 -4.037657 -4.045402 -4.094671 -4.112876 -4.126896 -4.108987 -4.082254
2.017142 1.839787 1.696263 1.512854 1.429721 1.341314 1.308791 1.30286 1.308817 1.33086 1.366024 1.409122 1.491716 1.594714 1.708912 1.837579 1.944636 1.975535 1.953009 1.863631 1.73957 1.663005 1.605588 1.599391 1.620909 1.657947 1.690869 1.708742 1.734716 1.781869 1.795772 1.747156 1.646318 1.534222 1.395761 1.31646 1.264976 1.263502 1.24716 1.187786 1.046823 0.8412092 0.6758887 0.5538962 0.6001431 0.7259402 0.7987288 0.8759949 0.9738519 1.049996 1.199789 1.322098 1.439416 1.547811 1.539046 1.435963 1.140301 0.845449 0.4749203 0.1595329
0.4749203 0.1595329 -0.1546609 -0.3448545 -0.6085366 -0.7911071 -0.899397 -0.9415551 -0.9527436 -0.9432719 -0.8987611 -0.7848531 -0.7462377 -0.738633 -0.7961308 -0.8420583 -0.9230297 -1.020496 -1.074588 -1.085752 -1.034829 -0.9449651 -0.7850148 -0.6334096 -0.4727198 -0.3272525 -0.1919539 -0.06329701 0.06179634 0.1508114 0.2373591 0.3279269 0.393633 0.4402124 0.580039 0.7771627 0.9878282 1.287317 1.525324 1.789742 2.026323 2.283448 2.434861 2.593355 2.652174 2.58375 2.462744 2.151666 1.395042 1.088265 0.7993557 0.6687219 0.5317611 0.4121714 0.355667 0.2879156 0.2670116 0.2545187 0.245705 0.2184504
0.2545187 0.245705 0.2184504 0.1501302 0.1080979 0.01950471 -0.06723011 -0.1659971 -0.2332536 -0.2559538 -0.2362943 -0.1232042 0.01973731 0.1858498 0.3129538 0.3546909 0.2836965 0.2108162 0.06854066 0.01755251 0.00666126 0.1100105 0.185147 0.4006362 0.5798805 0.7382566 0.8420241 1.002891 1.342767 1.48392 1.638926 1.806939 1.913594 1.961259 2.003664 1.98449 1.963672 1.924122 1.99529 2.035274 2.183548 2.349115 2.517404 2.723489 2.935782 3.097019 3.215083 3.247666 3.247484 3.126633 3.065891 2.939354 2.942852 2.949503 3.12055 3.265168 3.40192 3.451005 3.438168 3.408802
5.336317 5.355362 5.327393 5.2541 5.15566 4.901095 4.646452 4.319066 4.21078 4.127487 4.130184 4.154613 4.122694 3.929651 3.720937 3.195404 2.774565 2.021648 1.64297 1.310166 1.062614 0.8842294 0.7848139 0.6946642 0.6597549 0.65244 0.697226 0.6856513 0.6641369 0.8270655 1.039651 1.293723 1.546785 1.801582 2.06044 2.17703 2.257634 2.338639 2.398605 2.482214 2.541842 2.529411 2.475546 2.46511 2.53938 2.530607 2.456398 2.266408 2.043276 1.693143 1.440676 1.258994 1.093421 1.154791 1.360594 1.561509 1.750131 1.955788 2.115477 2.271785
0.5700034 0.5954577 0.6600065 0.7293115 0.7933478 0.8220469 0.8348143 0.8555955 0.9822404 1.041019 1.055166 1.052484 1.055124 0.9865301 0.9151644 0.8924701 0.8823929 0.9140842 0.929133 0.9308723 0.8874999 0.8225354 0.7579601 0.7097924 0.6719178 0.3362184 -0.4881364 -2.093382 -3.354909 -4.124786 -4.253165 -3.75512 -1.725439 -0.1891736 0.1576228 0.4952836 0.7552369 0.7942753 0.7785803 0.5967957 0.5011752 0.3530132 0.166782 -0.06066073 -0.1994803 -0.3809383 -0.2608557 -0.1964298 -0.1229032 -0.07056487 -0.03223873 -0.006767697 0.007953748 0.04145637 0.0708473 0.08375721 0.09411833 0.1698041 0.3342808 0.4587436
0.3939468 0.3080544 0.220762 0.1179944 0.05056945 -0.03462365 -0.0785407 -0.1126469 -0.1370771 -0.1515874 -0.1289072 -0.1144827 -0.1634853 -0.234139 -0.1984692 -0.07093669 0.03700349 0.05408541 0.03326694 0.03431859 0.03964387 0.0385168 0.02933788 -0.006503401 -0.07490659 -0.0931562 -0.10678 -0.1139302 -0.167006 -0.6124532 -1.966064 -4.95436 -7.349492 -8.462671 -8.46485 -7.514009 -5.910796 -4.147447 -2.50834 -1.409378 -0.4384583 0.1704396 0.3575644 0.2449437 -0.007136469 -0.171611 -0.2279515 -0.2601054 -0.2885388 -0.2701842 -0.2118938 -0.1751603 -0.1771518 -0.2816066 -0.4798777 -0.4438984 -0.0489942 -0.03978678 0.03953968 0.0943526
1.590525 1.632078 1.63178 1.624024 1.598952 1.587716 1.537981 1.501658 1.46116 1.437433 1.469077 1.497437 1.589546 1.678898 1.766515 0.6853939 -2.479622 -3.408144 -2.8703 -0.3048512 0.8084664 1.917387 2.284374 2.624296 2.64899 2.509821 2.38115 1.753947 1.310596 0.8538933 0.4554694 0.1647816 0.02257195 -0.01845401 0.02286893 0.08184636 0.1903383 0.2402981 0.3521285 0.4086248 0.5057632 0.584592 0.5992886 0.6376484 0.6068619 0.6587991 0.6547486 0.7271372 0.7603294 0.895638 1.010162 1.114699 1.130708 1.181512 1.144231 1.118487 1.054899 1.104831 1.144346 1.243891
1.813304 1.779667 1.702673 1.604808 1.504231 1.459778 1.426111 1.364678 1.295709 1.165375 0.9541643 0.7666467 0.6596585 0.419637 -0.3898124 -2.576002 -4.512436 -6.254088 -6.868544 -6.484236 -5.481201 -4.122333 -3.072336 -1.806172 -1.357372 -1.104848 -1.000792 -0.9917476 -0.928445 -0.8616791 -0.7123925 -0.5798861 -0.3962752 -0.3017909 -0.155918 -0.1781587 -0.3001295 -0.5778548 -0.510987 -0.3985559 -0.1936951 -0.04140621 0.07279301 0.07390539 0.03850923 0.006429999 0.06357016 0.1996828 0.2344406 0.2948244 0.3382834 0.3177367 0.2422069 0.08912776 -0.005115629 -0.3694001 -0.501935 -0.4946566 -0.462279 -0.3555307
0.9874265 0.8967305 0.8969543 0.8949501 0.8807235 1.012965 1.11027 1.321991 1.442268 1.561501 1.68634 1.701722 1.769178 1.751029 1.502408 0.4620691 -1.189586 -2.261576 -2.49355 -2.074334 -1.090546 0.1993156 1.230318 1.904147 2.417505 2.60529 2.645437 2.493128 2.314683 2.14734 1.994775 1.851748 1.738717 1.649052 1.534271 1.455954 1.313794 1.231115 1.147708 1.098558 1.056408 1.023568 1.021163 0.9932806 0.9495149 0.8315967 0.6973148 0.6465887 0.6107463 0.614573 0.5827124 0.5597665 0.5248529 0.475936 0.5115807 0.5360374 0.5576038 0.524761 0.4501134 0.3335551
-0.8008699 -0.8863976 -0.9616796 -0.9974387 -0.9510534 -0.7933178 -0.7393748 -0.6468171 -0.5433899 -0.2758065 0.111054 0.155116 0.04535319 -0.08986977 -2.113442 -4.080635 -6.657097 -5.478359 -2.271719 -0.1606346 0.2406526 0.3807662 0.3854969 0.3222984 0.2623219 0.1924486 0.1540686 0.1329906 0.1318529 0.1203142 0.1053874 0.04760335 -0.0215301 -0.1456185 -0.2801732 -0.4494868 -0.6094349 -0.6926466 -0.7974073 -0.8339031 -0.870086 -0.8130584 -0.744783 -0.6276904 -0.5954034 -0.5693262 -0.6282391 -0.6369256 -0.6813998 -0.63517 -0.6070294 -0.5712546 -0.4897888 -0.3720477 -0.1337465 -0.03415446 0.131292 0.3066401 0.4252839 0.4391018
3.876086 3.880176 3.814734 3.834867 3.796449 3.791693 3.677794 3.513163 3.357189 3.217747 3.152674 3.047167 2.892 2.715515 2.779721 2.992862 3.229753 3.261302 3.251449 3.045466 2.836688 2.563348 2.401925 2.455379 2.889474 4.206665 6.464913 8.461979 9.519878 9.2752 8.553744 7.30636 5.931803 5.298281 4.686961 4.36517 4.113224 4.131526 4.287782 4.424657 4.615832 4.704833 4.801119 4.874974 4.923108 5.040134 5.239064 5.539675 5.88697 6.123823 6.179637 6.238585 6.271445 6.259908 6.356679 6.343835 6.386715 6.220571 6.076125 5.845793
3.549212 3.813848 4.118065 4.483665 4.801659 5.05555 5.17521 5.266365 5.151452 4.793837 4.387122 3.985742 3.732006 3.66899 3.931984 4.265189 5.518107 7.366354 8.951606 9.631821 9.999412 9.695874 8.708347 7.801708 6.785329 5.983141 5.209304 4.841509 4.458484 4.23948 4.153769 4.24184 4.344676 4.562529 4.850086 5.476799 5.732221 5.711727 5.382489 4.480931 3.432769 1.728178 1.427491 1.143154 1.148798 1.476604 2.086019 2.520605 3.012053 3.307726 3.53317 3.716913 3.888517 4.006885 4.046903 3.981959 3.940754 3.897208 3.856991 3.737785
3.620051 3.788438 3.965104 4.209314 4.373532 4.566764 4.544182 4.342395 4.169102 3.994654 3.945723 4.015839 4.295373 4.744239 5.160145 5.874554 6.827659 7.861628 8.781725 9.428239 9.325094 8.440498 7.139806 5.817484 4.095881 3.178256 2.67856 2.513178 2.595199 2.889604 3.131541 3.452513 3.859147 4.139577 4.416481 4.532777 4.282145 4.012052 3.80885 3.800435 3.926425 4.153769 4.280596 4.437533 4.545098 4.657003 4.774151 4.899891 5.093256 5.188118 5.327175 5.391303 5.495026 5.500454 5.473042 5.404473 5.270465 5.190482 5.080926 5.024109
5.071528 5.217585 5.385373 5.519711 5.77322 5.937015 6.111998 6.252926 6.281313 6.28643 6.234609 6.097219 5.900083 5.625461 5.428938 5.399253 5.371079 5.427831 5.412765 5.516642 5.768179 6.126963 7.205206 8.580223 9.555182 10.11447 10.29473 9.701383 8.876602 8.034197 6.640442 5.747227 4.671525 4.212586 3.951953 4.010056 4.224668 4.564885 4.981111 5.406254 5.716442 5.931668 5.932901 5.903035 5.589317 5.295624 5.256998 5.291426 5.471406 5.580443 5.630758 5.565494 5.426371 5.193372 4.841256 4.480167 3.887832 3.462121 3.056712 2.861377
4.625063 4.668695 4.839451 5.023281 5.178473 5.260427 5.171916 5.050807 4.979675 4.9297 4.617848 4.228864 3.923062 3.512469 3.36803 3.596621 4.729674 7.499562 8.209481 8.258883 7.708015 6.876659 5.9686 5.218306 4.470471 3.805089 3.351716 3.249764 3.23155 3.224838 3.115476 3.054013 2.874784 2.71805 2.552602 2.337762 2.090317 1.751494 1.386308 1.180095 1.161365 1.424775 1.888452 2.125687 2.141646 2.118527 2.027468 2.012141 1.973783 1.931001 1.904415 1.822689 1.861687 1.814293 1.855772 1.860973 1.967577 2.106317 2.304119 2.466721
1.814293 1.855772 1.860973 1.967577 2.106317 2.304119 2.466721 2.638254 2.816227 2.926297 3.052546 3.199606 3.354956 3.410781 3.550326 3.621763 3.747735 3.872754 4.128245 4.298213 4.913105 7.682346 9.577862 12.35557 13.7466 14.87552 14.24483 13.38239 11.55995 10.35236 9.580381 8.667947 8.253087 8.019565 8.033964 8.128097 8.331096 8.47801 8.562292 8.625621 8.542472 8.481142 8.366021 8.370091 8.346721 8.333363 8.303456 8.320848 8.31037 8.367569 8.340961 8.262761 8.070587 7.884424 7.682854 7.430525 7.051028 6.691504 6.441361 6.120046
-1.305171 -1.230851 -1.106494 -1.079362 -1.036892 -1.027321 -1.084571 -1.155705 -1.228964 -1.202424 -1.120065 -0.825523 -0.6937017 -0.5824968 -1.525479 -2.588639 -5.690597 -6.94808 -7.677362 -7.854187 -7.430116 -6.267152 -5.134245 -4.818388 -4.472332 -3.961016 -3.758665 -3.725912 -3.622446 -3.581956 -3.374088 -3.144259 -2.710621 -2.369492 -1.995344 -1.549685 -1.129378 -0.80747 -0.5597176 -0.2994202 -0.1799841 -0.06415956 -0.01920673 0.006084181 0.03719587 0.02473105 0.004830664 0.004155259 -0.06648908 -0.07350318 -0.09536561 -0.07085393 -0.02802958 0.07501729 0.150354 0.2253081 0.2448827 0.2378156 0.1384904 -0.1331283
0.6415623 0.9537019 1.176282 1.313485 1.31083 1.209131 1.052519 0.7564216 0.5692998 0.3445311 0.222557 0.1073105 0.1110003 0.1788684 0.3186455 0.4737212 0.5571026 0.515766 0.3976723 -0.7414687 -3.342961 -5.695507 -7.344821 -7.855446 -7.514047 -6.523826 -5.10961 -3.927927 -2.618874 -1.613766 -0.9725354 -0.4740938 -0.3354935 -0.3427603 -0.447026 -0.6056908 -0.7772356 -0.8233703 -0.8137921 -0.7398063 -0.6449389 -0.4882295 -0.3710947 -0.2994314 -0.2559754 -0.2120453 -0.2303581 -0.3063613 -0.4689194 -0.7334669 -1.115411 -1.60979 -2.16188 -2.66454 -2.887477 -3.00895 -2.904956 -2.709903 -2.498071 -2.230015
-0.6954186 -0.7295468 -0.7392339 -0.7184229 -0.6430584 -0.5785888 -0.4395324 -0.4169015 -0.4062473 -0.4383779 -0.4701522 -0.4024908 -0.2170425 0.09713646 0.376645 0.5649078 0.7855098 0.8597432 0.4084275 -0.4853752 -1.324341 -2.075471 -2.30282 -1.862306 -1.058273 -0.6155228 -0.283071 0.0462004 0.4499993 0.869033 0.9345726 0.7664605 0.5058284 0.06339217 -0.2105162 -0.2696831 -0.5834253 -0.8195357 -0.9983221 -1.139308 -1.194033 -1.279855 -1.341612 -1.439174 -1.557927 -1.786829 -1.998737 -2.267352 -2.300753 -2.197946 -2.029063 -1.926424 -1.938349 -2.001721 -2.123936 -2.208933 -2.295737 -2.344277 -2.413266 -2.458104
-3.590932 -3.373252 -2.981508 -2.610934 -2.335166 -2.089053 -1.962045 -1.947082 -2.026333 -2.149392 -2.252382 -2.317686 -2.393495 -2.302812 -2.157259 -1.77698 -1.461505 -1.174826 -1.232302 -1.788457 -2.851771 -4.015401 -4.779773 -4.911594 -4.505548 -3.902689 -3.139526 -2.493153 -1.855252 -1.315418 -0.8293893 -0.4563528 -0.1387297 0.08524816 0.1942149 0.2529821 0.2900687 0.2854212 0.2771498 0.2555348 0.4648735 0.7748398 0.8749093 0.7574873 0.6257812 0.5482435 0.6371241 0.751906 0.9658637 0.8370292 0.7336969 0.1683214 -0.008418449 -0.1599549 -0.3295245 -0.7593011 -1.063414 -1.576955 -2.077909 -2.242169
0.3523746 0.4456629 0.6449779 0.8116345 0.8029084 0.6792415 0.4228093 0.2569958 0.1116151 0.04174589 0.01420817 0.05482416 0.1357387 0.2727611 0.4170089 0.5653088 0.6642467 0.6519075 0.3775799 -0.2720055 -0.9090971 -1.494069 -1.59164 -1.30434 -0.8926668 -0.3905594 0.1881962 0.7017249 1.12519 1.37418 1.543994 1.541688 1.462952 1.281822 1.033677 0.4832576 0.1615069 -0.01167478 -0.1994032 -0.4050347 -0.4782595 -0.4337152 -0.4255807 -0.3907848 -0.3296206 -0.1006391 -0.0002710068 0.04051021 0.1514262 0.1948439 0.2858987 0.3086832 0.3155334 0.3740689 0.5929027 0.7077894 0.8644009 1.075992 1.252483 1.369632
-2.432387 -2.116597 -1.74014 -1.593023 -1.466505 -1.508959 -1.531749 -1.644481 -1.704711 -1.76242 -1.607768 -1.201136 -0.7999969 -0.1263747 0.4188759 1.017944 1.448229 1.673588 1.094646 -0.03247937 -1.774766 -3.380666 -4.409051 -5.110465 -5.171512 -4.776048 -3.927739 -3.253126 -2.347346 -1.35922 -0.4908468 0.3927833 1.029631 1.584218 1.890916 2.198286 2.399018 2.584492 2.594931 2.577963 2.505893 2.520797 2.463629 2.488322 2.432775 2.34784 2.114272 2.011064 1.890252 1.918299 1.882603 1.925991 1.954063 2.031608 2.12749 2.218006 2.380391 2.512119 2.673726 2.800858
-0.6410449 -0.5923963 -0.4974473 -0.4180202 -0.4172478 -0.4415072 -0.4010347 -0.3222316 -0.238525 -0.1589807 -0.1707392 -0.1743439 -0.2183252 -0.2137243 -0.2344011 -0.2469071 -0.2653284 -0.1581043 0.07823276 0.6808509 2.568249 4.254004 5.43168 5.817955 5.557763 4.73776 3.616158 2.465378 1.302529 0.7038794 0.1911604 -0.09085874 -0.1695061 -0.03453795 0.2116317 0.4034525 0.5400934 0.5125163 0.4270027 0.2868388 -0.1278925 -0.243693 -0.3893135 -0.4772916 -0.5525798 -0.5193946 -0.5218194 -0.6526175 -0.7704477 -0.7672713 -0.7589906 -0.5949968 -0.3982764 -0.3457109 -0.4218759 -0.4979607 -0.5535738 -0.5530665 -0.5637404 -0.5309643
-1.393843 -1.416287 -1.339114 -1.180631 -1.073412 -0.9857394 -0.9498562 -0.933856 -0.9578544 -1.027727 -1.147816 -1.09037 -1.00323 -0.9864761 -0.9531698 -0.9695359 -1.01092 -0.9792187 -0.9140044 -0.8384204 -0.4721481 0.9820295 3.279724 4.703708 5.725168 5.853409 5.325313 4.27808 2.863971 1.930323 0.9438061 -0.07336187 -0.5319015 -0.7885219 -0.9031855 -1.111308 -1.197123 -1.12662 -1.044608 -0.977755 -0.8909815 -0.7953969 -0.6921407 -0.5266227 -0.4207711 -0.3871933 -0.4951321 -0.6822293 -0.7300157 -0.7634602 -0.8307104 -0.8892166 -0.8941979 -0.9063157 -0.8501441 -0.7608761 -0.6450732 -0.4847879 -0.2219459 -0.02274417
-0.459367 -0.3457143 -0.2061418 -0.1754082 -0.1555063 -0.1863357 -0.2564798 -0.4249948 -0.4623614 -0.4415706 1.346498 3.807618 5.294824 3.406882 2.284652 1.19293 0.3878057 0.1354804 0.1018571 0.2299097 0.4276527 0.5961981 0.6861457 0.841611 0.9176236 0.961551 0.9630798 1.017984 0.9935643 0.9459035 0.8283467 0.6890284 0.6476492 0.5927694 0.5554715 0.4932293 0.4707338 0.4402488 0.4320507 0.4069869 0.4257545 0.4508505 0.5395309 0.5859962 0.650362 0.672654 0.7197174 0.7055308 0.703953 0.6193343 0.5391836 0.4808708 0.3711787 0.3213436 0.248123 0.188882 0.0934228 0.06385291 -0.003016001 -0.09118395
-0.7336162 -0.7169694 -0.703073 -0.7403105 -0.7714823 -0.8076583 -0.829481 -0.8206455 -0.8235774 -0.8353698 -0.809226 -0.7728788 -0.1911282 2.782153 5.078118 4.673235 2.697655 1.737531 0.5844194 0.4696297 0.4423309 0.3019942 0.1799847 0.092756 0.4894326 0.6678588 0.8011345 0.8270703 0.760112 0.6677253 0.6286679 0.5589631 0.4948952 0.4497647 0.3379731 0.2780477 0.1824967 0.1659239 0.105482 0.120824 0.1331597 0.2136887 0.3211481 0.4503009 0.5834681 0.6501195 0.7431835 0.7382206 0.7422587 0.7340313 0.7918088 0.8238205 0.8605966 0.911801 1.029163 1.123022 1.2251 1.275243 1.342785 1.383017
1.06064 1.09337 1.053447 1.070758 1.077663 1.147163 1.243235 1.355929 1.490382 1.538057 1.575654 1.607198 1.594552 1.556215 1.531623 1.522091 1.507785 1.434485 1.26733 0.9926507 0.8375474 0.7474139 1.208468 5.839333 7.766931 8.823734 7.112672 5.632267 3.418181 2.02178 0.7148927 0.5546046 0.7603899 0.840994 0.814888 0.8224109 0.7169636 0.6630319 0.5953838 0.5274595 0.5221294 0.7673572 0.845553 0.9407874 1.034145 1.227289 1.455359 1.614319 1.788883 1.859567 1.904546 1.895228 1.912998 1.870098 1.883069 1.83267 1.873541 1.863438 1.949907 1.954831
0.578656 0.6456836 0.67003 0.6999891 0.6338553 0.6204349 0.5658986 0.5200171 0.4740966 0.4422454 0.4047972 0.3933147 0.3344662 0.3041631 0.2572502 0.825196 2.098435 4.292341 6.278691 7.836862 7.844353 6.86627 5.775201 4.238426 2.796369 1.671978 0.7413716 0.3748119 0.2721673 0.263171 0.3085736 0.4686199 0.5925716 0.7269434 0.8026509 0.8446834 0.8843651 0.8388936 0.789748 0.6931061 0.6415783 0.5103632 0.3774109 0.1904666 0.0740639 -0.02840151 -0.1355608 -0.1483036 -0.1124687 0.07799154 0.4956748 0.9064244 1.332627 1.909324 2.493911 2.866852 3.094625 3.271577 3.302999 3.210547
