-1223734318.0 -1223734316.0 -1223734314.0 -1223734309.0 -1223734298.0 -1223734284.0 -1223734273.0 -1223734261.0 -1223734253.0 -1223734243.0 -1223734233.0 -1223734221.0 -1223734214.0 -1223734215.0 -1223734219.0 -1223734225.0 -1223734231.0 -1223734240.0 -1223734245.0 -1223734246.0 -1223734243.0 -1223734234.0 -1223734226.0 -1223734214.0 -1223734204.0 -1223734197.0 -1223734193.0 -1223734191.0 -1223734188.0 -1223734184.0
-1223734179.0 -1223734172.0 -1223734168.0 -1223734169.0 -1223734173.0 -1223734183.0 -1223734194.0 -1223734208.0 -1223734221.0 -1223734237.0 -1223734251.0 -1223734259.0 -1223734265.0 -1223734267.0 -1223734268.0 -1223734270.0 -1223734272.0 -1223734275.0 -1223734285.0 -1223734289.0 -1223734296.0 -1223734301.0 -1223734304.0 -1223734308.0 -1223734314.0 -1223734323.0 -1223734331.0 -1223734345.0 -1223734350.0 -1223734352.0
-1223734361.0 -1223734361.0 -1223734362.0 -1223734364.0 -1223734366.0 -1223734369.0 -1223734373.0 -1223734378.0 -1223734382.0 -1223734388.0 -1223734393.0 -1223734397.0 -1223734398.0 -1223734400.0 -1223734399.0 -1223734399.0 -1223734399.0 -1223734400.0 -1223734399.0 -1223734397.0 -1223734397.0 -1223734396.0 -1223734396.0 -1223734393.0 -1223734391.0 -1223734393.0 -1223734394.0 -1223734396.0 -1223734400.0 -1223734402.0
-1223734402.0 -1223734404.0 -1223734404.0 -1223734403.0 -1223734406.0 -1223734406.0 -1223734407.0 -1223734409.0 -1223734410.0 -1223734413.0 -1223734415.0 -1223734417.0 -1223734418.0 -1223734418.0 -1223734416.0 -1223734414.0 -1223734412.0 -1223734408.0 -1223734404.0 -1223734399.0 -1223734394.0 -1223734386.0 -1223734377.0 -1223734370.0 -1223734363.0 -1223734360.0 -1223734359.0 -1223734359.0 -1223734360.0 -1223734360.0
-1223734360.0 -1223734357.0 -1223734356.0 -1223734353.0 -1223734348.0 -1223734343.0 -1223734339.0 -1223734336.0 -1223734332.0 -1223734324.0 -1223734316.0 -1223734303.0 -1223734296.0 -1223734290.0 -1223734286.0 -1223734282.0 -1223734277.0 -1223734274.0 -1223734271.0 -1223734269.0 -1223734266.0 -1223734265.0 -1223734263.0 -1223734262.0 -1223734261.0 -1223734261.0 -1223734263.0 -1223734266.0 -1223734267.0 -1223734269.0
-1223732033.0 -1223732036.0 -1223732046.0 -1223732049.0 -1223732055.0 -1223732061.0 -1223732065.0 -1223732071.0 -1223732080.0 -1223732085.0 -1223732086.0 -1223732088.0 -1223732087.0 -1223732082.0 -1223732077.0 -1223732072.0 -1223732068.0 -1223732063.0 -1223732056.0 -1223732045.0 -1223732033.0 -1223732018.0 -1223732001.0 -1223731984.0 -1223731971.0 -1223731956.0 -1223731948.0 -1223731938.0 -1223731933.0 -1223731924.0
-842507174.0 -842507175.0 -842507178.0 -842507182.0 -842507184.0 -842507184.0 -842507184.0 -842507183.0 -842507181.0 -842507180.0 -842507178.0 -842507177.0 -842507175.0 -842507172.0 -842507161.0 -842507138.0 -842507124.0 -842507118.0 -842507124.0 -842507129.0 -842507132.0 -842507134.0 -842507136.0 -842507139.0 -842507139.0 -842507136.0 -842507134.0 -842507133.0 -842507133.0 -842507131.0
-842507116.0 -842507113.0 -842507111.0 -842507109.0 -842507108.0 -842507106.0 -842507105.0 -842507102.0 -842507101.0 -842507099.0 -842507096.0 -842507094.0 -842507093.0 -842507092.0 -842507092.0 -842507080.0 -842507059.0 -842507031.0 -842507014.0 -842507010.0 -842507018.0 -842507028.0 -842507036.0 -842507042.0 -842507047.0 -842507052.0 -842507055.0 -842507056.0 -842507068.0 -842507084.0
-842507231.0 -842507231.0 -842507228.0 -842507225.0 -842507222.0 -842507218.0 -842507217.0 -842507191.0 -842507165.0 -842507151.0 -842507152.0 -842507156.0 -842507154.0 -842507137.0 -842507131.0 -842507130.0 -842507129.0 -842507129.0 -842507129.0 -842507129.0 -842507129.0 -842507129.0 -842507131.0 -842507132.0 -842507134.0 -842507135.0 -842507135.0 -842507134.0 -842507136.0 -842507136.0
-842507142.0 -842507142.0 -842507143.0 -842507142.0 -842507143.0 -842507141.0 -842507138.0 -842507136.0 -842507131.0 -842507101.0 -842507066.0 -842507049.0 -842507048.0 -842507057.0 -842507062.0 -842507066.0 -842507066.0 -842507065.0 -842507064.0 -842507063.0 -842507064.0 -842507065.0 -842507067.0 -842507068.0 -842507072.0 -842507073.0 -842507073.0 -842507071.0 -842507074.0 -842507076.0
-842507211.0 -842507210.0 -842507208.0 -842507206.0 -842507205.0 -842507205.0 -842507205.0 -842507195.0 -842507176.0 -842507147.0 -842507134.0 -842507136.0 -842507142.0 -842507150.0 -842507152.0 -842507154.0 -842507153.0 -842507151.0 -842507148.0 -842507144.0 -842507141.0 -842507138.0 -842507133.0 -842507127.0 -842507123.0 -842507122.0 -842507120.0 -842507118.0 -842507117.0 -842507113.0
-842507080.0 -842507075.0 -842507062.0 -842507057.0 -842507049.0 -842507045.0 -842507026.0 -842507001.0 -842506978.0 -842506975.0 -842506992.0 -842507001.0 -842507003.0 -842507008.0 -842507012.0 -842507016.0 -842507020.0 -842507020.0 -842507023.0 -842507025.0 -842507029.0 -842507037.0 -842507044.0 -842507049.0 -842507057.0 -842507062.0 -842507070.0 -842507078.0 -842507083.0 -842507089.0
-1223731942.0 -1223731937.0 -1223731934.0 -1223731934.0 -1223731935.0 -1223731938.0 -1223731939.0 -1223731944.0 -1223731946.0 -1223731945.0 -1223731945.0 -1223731944.0 -1223731944.0 -1223731943.0 -1223731934.0 -1223731911.0 -1223731895.0 -1223731886.0 -1223731885.0 -1223731888.0 -1223731888.0 -1223731887.0 -1223731886.0 -1223731887.0 -1223731889.0 -1223731891.0 -1223731894.0 -1223731894.0 -1223731895.0 -1223731896.0
-1223731994.0 -1223732002.0 -1223732009.0 -1223732014.0 -1223732019.0 -1223732025.0 -1223732029.0 -1223732032.0 -1223732033.0 -1223732024.0 -1223732001.0 -1223731979.0 -1223731967.0 -1223731966.0 -1223731973.0 -1223731981.0 -1223731986.0 -1223731987.0 -1223731987.0 -1223731987.0 -1223731989.0 -1223731990.0 -1223731992.0 -1223731994.0 -1223731999.0 -1223732003.0 -1223732004.0 -1223732007.0 -1223732008.0 -1223732007.0
-1223732020.0 -1223732024.0 -1223732026.0 -1223732033.0 -1223732034.0 -1223732032.0 -1223732028.0 -1223732019.0 -1223732011.0 -1223732002.0 -1223731989.0 -1223731973.0 -1223731959.0 -1223731960.0 -1223731962.0 -1223731960.0 -1223731963.0 -1223731962.0 -1223731961.0 -1223731963.0 -1223731967.0 -1223731971.0 -1223731972.0 -1223731974.0 -1223731974.0 -1223731973.0 -1223731969.0 -1223731965.0 -1223731962.0 -1223731958.0
-1223731972.0 -1223731973.0 -1223731977.0 -1223731984.0 -1223731992.0 -1223731998.0 -1223731999.0 -1223731999.0 -1223732003.0 -1223732010.0 -1223732017.0 -1223732022.0 -1223732024.0 -1223732018.0 -1223732008.0 -1223732005.0 -1223732008.0 -1223732015.0 -1223732022.0 -1223732028.0 -1223732036.0 -1223732036.0 -1223732037.0 -1223732039.0 -1223732040.0 -1223732039.0 -1223732030.0 -1223732021.0 -1223732013.0 -1223732013.0
-1223731955.0 -1223731955.0 -1223731965.0 -1223731968.0 -1223731969.0 -1223731972.0 -1223731978.0 -1223731981.0 -1223731984.0 -1223731981.0 -1223731966.0 -1223731955.0 -1223731959.0 -1223731963.0 -1223731971.0 -1223731978.0 -1223731983.0 -1223731990.0 -1223731993.0 -1223731998.0 -1223732003.0 -1223732008.0 -1223732010.0 -1223732014.0 -1223732011.0 -1223732015.0 -1223732018.0 -1223732018.0 -1223732018.0 -1223732017.0
-1223732017.0 -1223732015.0 -1223732016.0 -1223732017.0 -1223732017.0 -1223732017.0 -1223732013.0 -1223732008.0 -1223732000.0 -1223731992.0 -1223731985.0 -1223731980.0 -1223731962.0 -1223731938.0 -1223731923.0 -1223731917.0 -1223731916.0 -1223731911.0 -1223731909.0 -1223731905.0 -1223731901.0 -1223731899.0 -1223731900.0 -1223731905.0 -1223731908.0 -1223731915.0 -1223731922.0 -1223731930.0 -1223731936.0 -1223731940.0
-842506672.0 -842506669.0 -842506669.0 -842506666.0 -842506662.0 -842506658.0 -842506652.0 -842506648.0 -842506644.0 -842506600.0 -842506588.0 -842506583.0 -842506592.0 -842506597.0 -842506595.0 -842506592.0 -842506591.0 -842506591.0 -842506594.0 -842506598.0 -842506603.0 -842506609.0 -842506617.0 -842506627.0 -842506636.0 -842506643.0 -842506647.0 -842506653.0 -842506659.0 -842506662.0
-842506726.0 -842506727.0 -842506729.0 -842506731.0 -842506734.0 -842506737.0 -842506740.0 -842506745.0 -842506749.0 -842506751.0 -842506735.0 -842506703.0 -842506680.0 -842506673.0 -842506673.0 -842506676.0 -842506681.0 -842506686.0 -842506690.0 -842506693.0 -842506696.0 -842506698.0 -842506701.0 -842506702.0 -842506702.0 -842506700.0 -842506698.0 -842506697.0 -842506698.0 -842506699.0
-842506649.0 -842506654.0 -842506662.0 -842506669.0 -842506675.0 -842506678.0 -842506686.0 -842506691.0 -842506696.0 -842506702.0 -842506696.0 -842506691.0 -842506702.0 -842506713.0 -842506715.0 -842506731.0 -842506734.0 -842506734.0 -842506736.0 -842506736.0 -842506736.0 -842506738.0 -842506740.0 -842506738.0 -842506736.0 -842506733.0 -842506729.0 -842506727.0 -842506725.0 -842506724.0
-842506801.0 -842506821.0 -842506840.0 -842506862.0 -842506883.0 -842506903.0 -842506924.0 -842506950.0 -842506972.0 -842506990.0 -842507003.0 -842507002.0 -842506999.0 -842507002.0 -842507010.0 -842507025.0 -842507039.0 -842507050.0 -842507061.0 -842507065.0 -842507071.0 -842507078.0 -842507086.0 -842507098.0 -842507100.0 -842507094.0 -842507089.0 -842507092.0 -842507093.0 -842507091.0
-842506982.0 -842506989.0 -842506996.0 -842507003.0 -842507011.0 -842507017.0 -842507021.0 -842507020.0 -842507019.0 -842507022.0 -842507026.0 -842507028.0 -842507034.0 -842507035.0 -842507032.0 -842507030.0 -842507029.0 -842507023.0 -842507016.0 -842507007.0 -842507006.0 -842507005.0 -842507002.0 -842506983.0 -842506976.0 -842506972.0 -842506970.0 -842506965.0 -842506961.0 -842506951.0
-1223731963.0 -1223731954.0 -1223731946.0 -1223731950.0 -1223731956.0 -1223731960.0 -1223731960.0 -1223731965.0 -1223731973.0 -1223731978.0 -1223731975.0 -1223731962.0 -1223731942.0 -1223731939.0 -1223731943.0 -1223731948.0 -1223731957.0 -1223731957.0 -1223731968.0 -1223731977.0 -1223731981.0 -1223731988.0 -1223731994.0 -1223732000.0 -1223732007.0 -1223732015.0 -1223732027.0 -1223732043.0 -1223732054.0 -1223732062.0
-842506805.0 -842506793.0 -842506784.0 -842506771.0 -842506763.0 -842506753.0 -842506742.0 -842506732.0 -842506717.0 -842506710.0 -842506712.0 -842506702.0 -842506688.0 -842506674.0 -842506668.0 -842506669.0 -842506678.0 -842506682.0 -842506681.0 -842506684.0 -842506679.0 -842506685.0 -842506690.0 -842506696.0 -842506700.0 -842506709.0 -842506714.0 -842506720.0 -842506726.0 -842506731.0
-842506787.0 -842506788.0 -842506789.0 -842506790.0 -842506793.0 -842506795.0 -842506799.0 -842506803.0 -842506807.0 -842506808.0 -842506808.0 -842506800.0 -842506782.0 -842506766.0 -842506757.0 -842506759.0 -842506766.0 -842506775.0 -842506773.0 -842506777.0 -842506777.0 -842506778.0 -842506783.0 -842506789.0 -842506785.0 -842506787.0 -842506788.0 -842506788.0 -842506790.0 -842506788.0
-842506770.0 -842506771.0 -842506772.0 -842506773.0 -842506774.0 -842506769.0 -842506754.0 -842506754.0 -842506754.0 -842506751.0 -842506750.0 -842506749.0 -842506749.0 -842506749.0 -842506750.0 -842506751.0 -842506752.0 -842506755.0 -842506758.0 -842506760.0 -842506760.0 -842506762.0 -842506763.0 -842506762.0 -842506764.0 -842506764.0 -842506766.0 -842506767.0 -842506768.0 -842506771.0
-842506768.0 -842506765.0 -842506765.0 -842506768.0 -842506774.0 -842506776.0 -842506779.0 -842506772.0 -842506754.0 -842506750.0 -842506743.0 -842506738.0 -842506737.0 -842506738.0 -842506737.0 -842506737.0 -842506737.0 -842506736.0 -842506734.0 -842506733.0 -842506727.0 -842506723.0 -842506720.0 -842506715.0 -842506712.0 -842506713.0 -842506712.0 -842506713.0 -842506715.0 -842506715.0
-842506718.0 -842506717.0 -842506714.0 -842506712.0 -842506710.0 -842506710.0 -842506708.0 -842506708.0 -842506709.0 -842506710.0 -842506714.0 -842506707.0 -842506701.0 -842506703.0 -842506705.0 -842506706.0 -842506716.0 -842506719.0 -842506722.0 -842506724.0 -842506726.0 -842506724.0 -842506720.0 -842506716.0 -842506713.0 -842506705.0 -842506700.0 -842506698.0 -842506694.0 -842506694.0
-842506715.0 -842506716.0 -842506722.0 -842506724.0 -842506727.0 -842506730.0 -842506732.0 -842506735.0 -842506736.0 -842506743.0 -842506750.0 -842506753.0 -842506755.0 -842506755.0 -842506752.0 -842506752.0 -842506755.0 -842506756.0 -842506757.0 -842506756.0 -842506754.0 -842506754.0 -842506754.0 -842506756.0 -842506755.0 -842506755.0 -842506754.0 -842506750.0 -842506745.0 -842506738.0
