0.08669743 0.05748849 0.05715765 0.07325797 0.07389896 0.07397656 0.07648442 0.06911053 0.06015107 0.01279509 -0.008644425 -0.01830658 0.003598277 0.03906939 0.07858822 0.0800809 0.06979947 0.02980343 -0.009056197 -0.03725288 0.003916211 0.02667838 0.01703142 0.03521748 0.05542238 0.0493458 0.04640323 0.09376168 0.1332121 0.1376256 0.1110312 0.03174098 -0.01689541 -0.007513908 -0.01301384 0.002574436 0.02386758 0.03053203 0.0427036 0.01871766 0.001391944 0.01604509 0.01568885 0.02769993 0.03111463 0.04592512 0.05260152 0.0523041
0.07161166 0.03083959 -0.03621966 -0.04815204 -0.02024277 0.01992799 0.06546437 0.08426038 0.025705 -0.01601309 0.000688588 0.03367364 0.05773542 0.04652297 0.008110521 0.02512747 0.02053507 0.001139816 -0.02221049 -0.03751877 -0.03453585 -0.03016958 -0.0434459 -0.03644526 -0.04653012 -0.04937013 -0.04004695 -0.043542 -0.0474066 -0.03133651 -0.01489347 -0.03735912 -0.04391372 -0.03348411 -0.02413229 -0.05451026 -0.05898569 -0.07766967 -0.08694558 -0.0750835 -0.05728764 -0.05088093 -0.0436899 -0.04966535 -0.05280441 -0.05793196 -0.06341422 -0.05428199
0.02988712 0.02147968 0.0186755 0.01043611 0.008090029 0.009530349 0.008369867 0.009162549 -0.002286615 -0.002847598 0.004779228 0.01665377 0.023679 0.03636742 0.03609446 0.03181283 0.02044184 0.008536737 0.006165731 0.01044873 0.01727093 0.01442725 0.01546195 0.01103951 0.01990868 0.03976966 0.03428263 0.02898052 0.01593228 0.01109605 0.01564043 0.02435649 0.03445618 0.03631685 0.02895904 0.008922739 -0.01130568 -0.006745383 0.007126915 0.003840711 0.000687761 -0.002472917 -0.004088056 0.00188611 0.020933 0.0380553 0.05278796 0.05702971
0.03064054 0.01825924 0.00999161 0.005053083 -0.00115719 -0.006039819 -0.00794656 -0.01756699 -0.021242 -0.0282728 -0.007958227 -0.002001594 0.001860961 0.006752382 0.007040011 -0.003337762 -0.01234024 -0.01963468 -0.02292369 -0.0175557 -0.01584499 -0.01337972 -0.01214107 -0.01157069 -0.008752721 0.003122424 0.009593008 0.00377399 -0.01336045 -0.01639495 -0.002728914 -0.01683797 -0.000138411 -0.005577896 0.01075026 0.02478218 0.0462424 0.06534985 0.06739756 0.06156525 0.05055004 0.02780294 0.02487263 0.01793574 0.02147375 0.0221893 0.02369321 0.01432604
0.02445653 0.02491077 0.03348384 0.03418166 0.03251638 0.02651802 0.02562517 0.01428259 -0.005783283 -0.008730784 -0.004486606 0.03169989 0.04087026 0.04284966 0.03205139 0.01289487 0.002410236 -0.007950638 -0.01153614 -0.01028774 0.004241633 0.008533867 0.003264728 0.009698919 0.01745805 0.01700498 0.0307224 0.03911921 0.03893322 0.0319979 0.02413939 0.0183229 0.01377193 0.006033042 0.002106491 -0.000314929 0.01265422 0.03179513 0.04986136 0.05575474 0.04617643 0.03774467 0.01622347 0.01189193 0.00123497 0.01387674 0.03202793 0.04251647
0.1132394 0.1036858 0.1274931 0.1259197 0.08820223 0.0781431 0.07831122 0.07816165 0.09337201 0.09434016 0.09819405 0.1087172 0.1403556 0.08919854 0.05277729 0.05534999 0.05207866 0.04049067 0.04048068 0.03204836 0.02586621 0.03845936 0.01171639 0.03036883 0.02554004 0.03150096 0.04647125 0.05302903 0.04524117 0.0289826 0.04545137 0.04316486 0.05553515 0.0329253 0.02089867 0.0433483 0.06391496 0.08625366 0.09494279 0.06227976 0.07023041 0.04905542 0.02230227 0.003528733 0.03133611 0.03709364 0.03547739 0.03589458
9.033362e-05 0.000905496 -0.001780653 -0.0005196846 0.00143479 0.003569669 0.006463366 0.01056699 0.01395366 0.009012048 0.008296772 0.002748838 0.00234386 0.003652469 0.006070522 0.007667004 0.004854042 0.002385106 0.00332578 0.000681225 0.2064544 0.3569653 0.1117116 -0.07478488 -0.1666916 -0.1790969 -0.1513078 -0.04690969 0.002707719 0.006348116 0.005336309 0.008107685 0.009526026 0.006555482 0.005675853 -0.0009189725 -0.003737761 0.0002350327 -0.001099531 -0.003806566 -0.00538386 -0.001638201 -0.0002230195 -0.00237049 -0.006933575 -0.005894611 -0.009756348 -0.01046235
0.007634251 0.007359376 0.00683626 0.003360287 0.001897126 -0.002828616 -0.007132947 -0.006546989 -0.004405539 -0.003799319 0.001259124 -0.0008736558 -0.003343865 -0.002939089 -0.002349772 -0.003794586 -0.008322758 -0.005504296 -0.003254094 -0.002449247 -0.001636838 0.0009181347 0.002332243 0.003461761 0.01466975 0.6949236 0.5201924 -0.09363021 -0.2501817 -0.3014652 -0.2407129 -0.1738119 -0.09495392 -0.04498066 -0.01115983 0.00465321 0.007800145 0.00683979 0.0006346213 -0.007680976 -0.008913187 -0.009609536 -0.01151611 -0.006658047 -0.0003812014 -0.005342055 -0.004959123 0.001610659
0.02313962 0.02732107 0.0282164 0.02493802 0.0275355 0.015375 0.008634733 0.007803595 0.007396272 0.008200409 0.01669621 0.3134893 0.5013928 0.2689236 -0.1536378 -0.1353806 -0.03700888 -0.006204309 0.02150671 0.02370925 0.02938156 0.03189004 0.03870317 0.03288835 0.02631577 0.01513768 0.007316651 0.002717408 0.002392775 0.006341529 0.01068431 0.01134978 0.0172208 0.01493641 0.01767622 0.01808909 0.01507349 0.01217158 0.01074547 0.01017721 0.01102051 0.009514668 0.01186507 0.01326002 0.01137822 0.01531607 0.01051017 0.005774315
0.02707413 0.02398921 0.02231721 0.01732056 0.02256978 0.023726 0.02345647 0.02167067 0.01948586 0.01153655 0.008453419 0.112555 0.7967989 0.5615451 0.123064 -0.1265269 -0.2641928 -0.2119189 -0.1274935 -0.05227627 0.005037117 0.005307347 -0.005022225 -0.01647184 -0.02546699 -0.02864685 -0.03120097 -0.02573829 -0.01646377 -0.00551828 0.005200905 0.002765798 -0.001064993 -0.00782328 -0.009603079 -0.0003744598 0.003274774 -0.00387929 -0.007218286 -0.009316907 -0.004841321 0.007121358 0.003295258 0.006788773 0.006088754 0.00945394 0.006021979 0.003191625
0.01226572 0.009743196 0.00599006 0.007345675 -0.006789145 -0.01156704 -0.002899548 0.004075327 0.01040863 0.01586136 0.02647537 0.02290731 0.0150093 0.06451009 0.5371916 0.2660125 -0.0004028371 -0.1394722 -0.1635265 -0.1268338 -0.05714606 0.01904058 0.03326616 0.04520338 0.05270985 0.04817101 0.04096694 0.03352164 0.02471831 0.02218141 0.02059371 0.01558943 0.01476232 0.0174213 0.01800192 0.01870907 0.01830595 0.01548379 0.01085186 0.0061764 0.001703773 0.001606078 -0.0009861864 0.003497112 0.005650048 0.006802688 0.01280818 0.01153061
-0.006217082 -0.01003614 -0.01641036 -0.0202065 -0.0156433 -0.01425761 -0.01801323 -0.01811523 -0.007686847 0.005658514 0.009715173 0.01668371 0.2803178 0.3778497 -0.2071046 -0.1964152 -0.02632118 0.005255631 0.01295861 0.01174874 0.008257507 -2.378749e-05 -0.01067092 -0.01213633 -0.007603683 -0.00329314 0.002865201 0.004980036 0.009760574 0.008567372 0.007073642 0.008507346 0.01028675 0.002206317 -0.001940041 -0.01024138 -0.01340368 -0.01265313 -0.01095572 -0.006588719 -0.01162388 -0.01597368 -0.01438945 -0.02182209 -0.019256 -0.01342138 -0.009810437 -0.009822812
0.08332641 0.06884805 0.06607352 0.07928573 0.0835048 0.06338825 0.07302492 0.05665612 0.06315171 0.07633176 0.04377146 0.02651382 0.01423541 0.05276383 0.1002092 0.1012942 0.06755082 0.04434133 0.02486264 0.009078082 -0.4224527 -0.2072963 0.0391206 0.2490155 0.2467457 0.1998394 0.1594528 0.0890557 0.07827225 0.07481405 0.07621759 0.0616158 0.07227217 0.08719382 0.08875944 0.08786663 0.08124541 0.05962735 0.05482502 0.08462443 0.1014035 0.09611496 0.09951185 0.1056971 0.09779704 0.1024977 0.1123668 0.1228723
0.047683 0.03696025 0.04192855 0.05890002 0.07641511 0.1051721 0.1316495 0.128058 0.088546 0.0455514 0.03631787 0.05064986 -0.3352289 -0.339785 -0.007356858 0.1628732 0.2496171 0.256595 0.2120348 0.1329395 0.09740411 0.1008437 0.1105767 0.06489616 0.04377395 0.06092507 0.04334795 0.02230727 -0.001345887 0.0315278 0.1289817 0.1504566 0.1543677 0.1224714 0.06572156 0.04945165 0.02909387 -0.02609923 0.005243598 0.04334158 0.05435965 0.05444794 0.05413697 0.07342062 0.07746045 0.08760929 0.08732165 0.06847624
0.06400099 0.07282876 0.05874474 0.08816605 0.08864707 0.1087654 0.06895633 0.0914719 0.05199131 0.03501645 0.03215246 0.05542674 0.04867012 -0.1952346 -0.03116964 0.07587759 0.182964 0.2059679 0.2014589 0.2113429 0.1568838 0.0835498 0.03686397 0.01769456 0.04826583 0.04807556 0.02251496 0.04304978 0.07295335 0.1121148 0.117679 0.07113526 0.02911 0.03761851 0.06820207 0.07320874 0.075178 0.06886655 0.06890951 0.07408031 0.08336209 0.08068783 0.1005789 0.07137658 0.1238947 0.1116709 0.08953151 0.0833829
0.08877746 0.08081093 0.08468716 0.05901349 0.08686902 0.1076704 0.1193606 0.1100408 0.132506 0.1116218 0.09946867 0.09577926 0.1140737 0.1178431 0.09131869 0.06834259 -0.2020032 -0.06741687 0.09355895 0.1645803 0.203806 0.2231804 0.2401662 0.1702237 0.1182842 0.08843847 0.0482805 0.05045699 0.0403713 0.06610644 0.07512161 0.1020847 0.1141601 0.1277642 0.1419698 0.07946293 0.05097122 0.07982484 0.08833838 0.1070698 0.119646 0.1098283 0.1106414 0.1377452 0.1331573 0.09612056 0.03547399 0.04599027
0.06526086 0.07075065 0.08051758 0.1065011 0.08853432 0.05481733 0.1060796 0.1234405 0.09656429 0.08453351 0.08486857 -0.2789042 -0.3433115 -0.01751308 0.1195216 0.1861779 0.1929141 0.1910821 0.1482505 0.1224146 0.09378213 0.05640276 0.06285728 0.06408697 0.09511079 0.07779885 0.08334877 0.06762791 0.07422069 0.0823051 0.05333576 0.0495043 0.04462839 0.009621074 -0.004430542 0.05733195 0.07169877 0.05106609 0.04637379 0.04105959 0.04686525 0.05104348 0.04957732 0.0425615 0.04230306 0.03517003 0.02965764 0.02886509
0.04230306 0.03517003 0.02965764 0.02886509 0.03820514 0.04282721 0.06334963 0.06228039 0.05478056 0.06519562 0.06207933 0.05717973 0.04963835 0.05501859 0.0570797 0.0557618 -0.3568382 -0.3466469 -0.04136651 0.2143307 0.3214942 0.3192127 0.2748847 0.2184967 0.1654612 0.1460094 0.1170526 0.1157175 0.1262162 0.1336178 0.1500583 0.147366 0.1420008 0.135727 0.1246415 0.1218119 0.1228018 0.1119467 0.1344202 0.1379568 0.1449146 0.1508632 0.1369018 0.146407 0.1482736 0.1160012 0.09955086 0.09256181
-0.0220668 -0.02066633 -0.01789642 -0.0175727 -0.01747374 -0.02734795 -0.03390609 -0.04043527 -0.0429817 -0.02617503 -0.0103385 0.3216915 -0.03898987 -0.1307947 -0.08280359 -0.05306543 -0.04324883 -0.0228122 -0.0314086 -0.04377865 -0.05293449 -0.08357698 -0.09639528 -0.08600872 -0.06807375 -0.05944028 -0.0458104 -0.02503978 -0.01309048 -0.007164798 -0.00808382 -0.01029253 -0.01930196 -0.02055773 -0.01931103 -0.01078639 -0.01037154 -0.01771271 -0.02472237 -0.02419322 -0.02076885 -0.01529288 -0.006398154 -0.005954523 -0.006873307 -0.01820574 -0.02549254 -0.03483348
-0.01123389 0.005630502 0.02027956 0.03016352 0.03635295 0.03255033 0.02443497 0.01377657 0.007027135 -0.005353893 -0.01549379 -0.01571768 -0.001971845 0.01386679 0.03622676 0.4450135 0.579875 0.2802418 -0.08438025 -0.2142669 -0.2452034 -0.2140285 -0.1691731 -0.1204941 -0.07151233 -0.02511113 -0.01455286 -0.0002581863 0.01227289 0.009265634 -0.000184628 -0.01812033 -0.02216215 -0.02134671 -0.02691071 -0.02505105 -0.01708829 -0.008603623 -0.004694869 0.008090224 0.008512876 0.01959568 0.03340993 0.03227612 0.004641945 -0.03125861 -0.04659025 -0.05482262
-0.02551483 -0.02122859 -0.02058471 -0.02141641 -0.02238943 -0.01500231 -0.01590591 -0.02232615 -0.02870166 -0.03874256 -0.04100929 -0.03031405 -0.0159637 0.009654584 0.2889028 0.177285 0.0253758 -0.08168081 -0.04663319 -0.03901568 -0.03829984 0.007603584 0.02543996 0.03401855 0.006311344 0.001598703 -0.001772592 0.01206084 -0.004328974 -0.0146021 -0.01604755 -0.006285531 -0.002473776 -0.002649713 -0.00806422 -0.01913203 -0.02851103 -0.03187096 -0.02089784 -0.01189473 -0.007260703 -0.0164842 -0.02980933 -0.03099109 -0.02555902 -0.03429636 -0.03625576 -0.02986238
-0.1005033 -0.07975154 -0.04363221 -0.0201591 -0.01272998 -0.005901549 -0.01101768 -0.02189704 -0.02962222 -0.03389286 -0.05092941 -0.05730619 -0.04774719 -0.02600924 0.1257638 0.2493254 0.07375207 -0.060869 -0.1389295 -0.1387749 -0.1195873 -0.09597158 -0.07231821 -0.05105647 -0.03600535 -0.02580901 -0.02030855 -0.01066508 -0.007414402 -0.005146395 -0.005824002 -0.009304107 -0.01286646 -0.01981007 -0.01140533 0.004982146 -0.01043396 -0.03636647 -0.03272759 -0.02027071 0.003742831 0.01756358 9.643942e-05 0.001795157 0.005504116 0.003514941 -0.00644857 -0.02048461
0.002168818 0.005810499 0.009281224 0.02408597 0.02355549 0.0191955 0.00593193 -0.007964792 -0.009096545 -0.01174562 -0.01272055 -0.01009204 -0.001980325 0.010881 0.02358731 0.182534 0.1409777 0.01099455 -0.0736995 -0.1061252 -0.08974071 -0.05652406 -0.03456725 -0.01518338 0.007388927 0.01631928 0.02745519 0.04390169 0.05064572 0.04004988 0.0303383 0.02484727 0.01067109 0.003174087 0.002370452 0.003069668 -0.001656079 0.002928147 -0.006193824 -0.008220113 -0.007934003 -0.001913269 0.003761443 0.004251003 0.006436137 0.007781336 0.004199936 -0.003032192
-0.05340813 -0.05003287 -0.01232831 -0.004921208 0.001978689 -0.006004225 -0.01784887 -0.03321638 -0.04477265 -0.06086228 -0.03934002 -0.01963499 -0.009951628 0.05927881 0.6370698 0.1989844 0.06166877 -0.04235715 -0.1076782 -0.1390111 -0.1344583 -0.09589186 -0.08842726 -0.07192617 -0.04392676 -0.004118031 0.02586942 0.009008144 0.01466608 0.05036616 0.04496634 0.04255719 0.0232784 0.03329115 0.03205972 0.0316994 0.04937098 0.04052489 0.01374273 0.0264675 0.02004117 0.03539494 0.03550032 0.03870317 0.02015064 0.03903804 0.03784119 0.04302607
-0.01261393 -0.01043923 -0.00850377 -0.00754085 -0.007125864 -0.005342926 -0.006191243 -0.001680385 -0.00126087 -0.001934167 -0.003611731 -0.002643736 -0.004768094 -0.004398453 -0.004612726 -0.07625277 -0.4698423 -0.2491479 0.1055773 0.187408 0.1340575 0.08704416 0.02992483 -0.002205339 -0.01897024 -0.01597996 -0.01101549 -0.002604855 0.008285592 0.01375041 0.01708258 0.01541935 0.01361201 0.008446913 0.004269432 -0.0001858166 -0.007270791 -0.01056431 -0.01406429 -0.01524873 -0.01974071 -0.0191918 -0.02050852 -0.01291808 -0.01207398 -0.01081073 -0.01256781 -0.01592271
-0.02137416 -0.02292828 -0.02014097 -0.01416654 -0.0110027 -0.009597172 -0.007393765 -0.007182168 -0.00649027 -0.008417546 -0.01067952 -0.01151815 -0.01585747 -0.02041179 -0.02702473 -0.02891739 -0.02728205 -0.3979608 -0.6249201 -0.2150769 0.1080686 0.1892984 0.1724052 0.1485732 0.113298 0.06346911 0.01331452 -0.01367464 -0.01592265 -0.02063441 -0.0224502 -0.02470479 -0.02390131 -0.02119907 -0.02685092 -0.02452167 -0.01987379 -0.01669567 -0.008559475 -0.005274287 -0.008133329 -0.009180067 -0.01109402 -0.0156534 -0.02432751 -0.02490592 -0.02171948 -0.02140581
-0.02001683 -0.01223877 -0.002847388 -0.0002166506 -0.002700199 -0.007934573 -0.05828396 -0.6543826 -0.2335152 0.2214146 0.09910619 0.03534658 -0.004896902 -0.022576 -0.02703479 -0.01796444 -0.01155535 -0.006705123 -0.003344664 0.001065665 0.002648341 0.00486895 0.009770596 0.01386114 0.01505066 0.01533089 0.009576303 0.004030921 0.003795727 -0.0002657332 -0.00145713 -0.004107837 -0.006752925 -0.0049875 -0.003599058 -0.0009524861 0.0007355027 0.003367754 0.007264125 0.009488215 0.01013507 0.01025058 0.007138483 0.00931156 0.00629835 0.004008696 0.00597612 0.006430507
-0.0001347816 0.0004140759 0.00339426 -0.001184583 -0.004704129 -0.003810561 -0.004871659 -0.006209258 -0.009775278 -0.1090932 -0.5448453 0.003096731 0.154792 0.1213559 0.02581571 -0.01329412 -0.001158834 0.01448809 0.01142013 0.003221693 -0.006765382 0.002592792 0.01080334 0.01559487 0.02062672 0.01175992 0.008226183 0.007378112 0.009747544 0.01661624 0.01175343 0.005357927 0.0001339667 -0.004580923 -0.006051274 -0.003177153 3.447278e-05 0.003960683 0.005343596 0.008738626 0.009835568 0.004106078 -0.0005671974 -0.003856439 -0.009390843 -0.007656504 -0.003458455 -0.000594342
0.01460593 0.0141556 0.006767324 0.005484271 0.003923592 0.004399896 0.01030735 0.01779472 0.02356696 0.02824315 0.02744662 0.0278412 0.03074741 0.03186877 0.03262975 0.02960539 0.02148318 0.01633804 -0.7386988 -0.2888939 0.1450222 0.2973217 0.06992549 1.093615e-06 -0.004588717 0.01802481 0.01800595 0.01447024 0.01945277 0.02937795 0.01342025 0.002122677 -0.00801853 -0.01051785 -0.001935924 0.0004481126 0.003246199 0.006447102 0.006713334 0.01572902 0.01738911 0.02212772 0.02664322 0.02560315 0.02255605 0.02379692 0.02021495 0.02387806
0.01548293 0.01950391 0.02016723 0.01526375 0.01303414 0.01133392 0.01354356 0.0150754 0.01432962 0.01956308 0.02146003 0.01372033 -0.217056 -0.5170587 -0.1541097 0.1385922 0.2483977 0.2593344 0.1944903 0.1379789 0.07892735 0.03256256 0.0007738501 -0.001448235 -0.007117345 -0.01079292 0.0006684737 0.006977057 0.01527665 0.01820744 0.01926846 0.02056704 0.02266934 0.03281212 0.03556435 0.03526784 0.02979071 0.02609364 0.01791813 0.001904079 -0.01881404 -0.03736506 -0.05115552 -0.04526352 -0.02635293 -0.001177868 0.02441838 0.056162
