-0.004753897 -0.01769687 0.01423435 0.03834508 0.05024088 0.06095564 0.03837611 -0.02915668 -0.06080579 -0.08159684 -0.07292798 -0.09746117 -0.0674232 -0.0318896 -0.00843406 -0.0478679 -0.07936806 -0.1066032 -0.1386782 -0.1504547 -0.1160351 -0.03936112 0.000677176 0.01375802 -0.01453185 -0.05097282 -0.03299127 0.01221204 0.02899895 0.02981196 0.02613726 0.03719229 0.002248792 -0.01858143 -0.03777627 -0.04381811 -0.04452561 -0.06407274 -0.1127924 -0.143517 -0.1437953 -0.08909575 -0.06792419 -0.0371162 -0.0228512 -0.0240019 -0.02793554 -0.04245235
-0.07092892 -0.1028875 -0.1363364 -0.1486802 -0.1393505 -0.1222239 -0.0947469 -0.07402919 -0.0427844 -0.05896435 -0.07847039 -0.06016552 -0.006633274 0.003568204 0.008459336 0.000692866 -0.0102235 -0.02210578 -0.0295933 -0.0425198 -0.05775312 -0.06847666 -0.06825673 -0.08396212 -0.08593697 -0.07819942 -0.07109752 -0.07099525 -0.05939219 -0.06590176 -0.06888736 -0.05634779 -0.03829967 -0.04590106 -0.05791964 -0.07598279 -0.06602962 -0.0601883 -0.06478884 -0.06097861 -0.06143628 -0.05648021 -0.05770795 -0.0492123 -0.04247954 -0.03855601 -0.04842232 -0.06295926
-0.0412144 -0.04237936 -0.04158786 -0.03684096 -0.04024506 -0.03796919 -0.0377771 -0.03407431 -0.03760122 -0.03626979 -0.03344712 -0.0286887 -0.01641172 -0.01526067 -0.01241914 -0.01416677 -0.01826584 -0.01557144 -0.01774096 -0.01405338 -0.01392033 -0.01810347 -0.02669239 -0.03128467 -0.02773242 -0.01582747 -0.01704199 -0.01447602 -0.02654945 -0.03078958 -0.02127114 -0.01492862 -0.02853172 -0.03274947 -0.03120187 -0.0229797 -0.02061956 -0.01899952 -0.01475684 -0.01841616 -0.0343422 -0.03899408 -0.05649588 -0.04963621 -0.03353187 -0.02326205 -0.01102783 -0.006676348
-0.006676348 -0.0131447 -0.007885833 -0.01646769 -0.01409537 -0.01151015 -0.008367975 -0.005818975 -0.01001823 -0.006840016 -0.0102835 -0.01387327 -0.01503244 -0.01250979 -0.005499801 0.001730107 0.007560901 0.005369763 0.01070655 0.01279213 0.0088273 0.0134443 0.04002055 0.03705659 0.03475641 0.02351394 0.008445292 -0.009480298 -0.01278521 -0.000254765 0.009072746 0.02388836 0.03731879 0.00830947 0.001051646 0.00228393 0.004988583 -0.02017581 -0.05228791 -0.07091785 -0.07278043 -0.03570382 -0.01192125 0.00350451 0.000313123 -0.00243571 -0.003001912 0.006079038
0.01050947 0.006400553 0.008691028 0.02155787 0.02569659 0.03109427 0.02865436 0.01667414 -0.01708861 -0.02655751 -0.02560338 0.004895004 0.02163855 0.01592588 0.01025663 0.0113808 0.008430714 -0.00667277 -0.01653107 -0.01535724 -0.01791548 -0.02110169 -0.009058024 0.000749502 -0.002015737 -0.000922349 -0.001356102 -0.006770718 -0.01316367 -0.008698439 -0.01095159 -0.0135846 -0.001330827 0.000931059 0.000346138 -0.01322349 -0.01632193 -0.02778066 -0.02589701 -0.01963898 -0.005583405 -0.02050309 -0.02002818 -0.01975754 -0.008456871 -0.01215443 0.001097629 0.01459946
-0.04248998 -0.03332146 0.0315883 0.06170758 -0.004595893 -0.02487309 -0.02962195 -0.04038155 -0.03230248 -0.02274431 0.007871202 -0.01710425 0.006883436 0.02970134 0.02520172 0.01713576 0.03177858 0.05352508 0.03627851 0.02675783 0.001301749 -0.005955749 -0.01648702 0.004893482 0.06155894 0.05413578 0.04496698 0.01646584 -0.02002716 -0.02897761 0.006388248 0.005156847 -0.0142345 -0.03931011 -0.09833334 -0.1140789 -0.1286539 -0.13373 -0.1084068 -0.03121997 -0.01570399 -0.02100268 -0.04570585 -0.07178421 -0.09244922 -0.07888836 -0.07994722 -0.09592555
-0.0001362177 -0.009073865 -0.0050586 -0.006205964 -0.004767299 -0.006518189 -0.001811646 -0.004183008 -0.007425212 -0.01142342 -0.01037334 -0.01766001 -0.01738451 -0.01509418 -0.01599583 2.916687e-05 0.003741409 0.001079108 0.008625993 0.01795197 0.2229926 0.3936238 0.1856522 -0.05364358 -0.197511 -0.2635555 -0.2448319 -0.07984699 0.02636209 0.02997424 0.007006105 -0.00240176 -0.005993292 -0.01159542 0.00143216 -0.006183545 -0.002914766 -0.006679059 0.0005704215 0.0001220417 0.0008955835 -0.005481005 -0.009083767 -0.008784473 -0.002229803 0.0108477 0.01489345 0.02126317
0.01470018 0.003364231 0.002587016 -0.004760719 0.001150529 -0.001296825 -0.003236923 -0.001007874 0.005006943 0.01496531 0.01391512 0.01231351 0.0004422601 -0.002346298 -0.007071115 -0.009224074 -0.01257112 -0.0102532 -0.0001653739 -0.006203739 -0.01317578 -0.01707855 -0.02019354 -0.01545962 0.009803873 0.5404881 0.4844308 -0.04183823 -0.3056427 -0.4244617 -0.4186922 -0.3075607 -0.1343323 0.0004810778 0.0811395 0.09689929 0.08072029 0.04775028 0.02387797 0.007212676 0.0001984021 -0.006072675 -0.009901544 -2.280765e-05 0.01019121 0.01214447 0.01833817 0.007832528
0.03358196 0.02761936 0.02064203 0.01766309 0.01611394 0.008617532 0.01020176 0.01511742 0.01188013 0.01438102 0.03817948 0.3214072 0.4912962 0.3607277 -0.1604659 -0.2617098 -0.1004443 -0.03589608 0.01204436 0.0163419 0.009728169 -0.001836148 -0.02303501 -0.02167666 -0.02226597 -0.03110831 -0.03377623 -0.02415063 -0.02899292 -0.02430398 -0.01590491 -0.01417888 -0.01658451 -0.01466937 -0.01602711 -0.01380789 -0.01492214 -0.01349531 -0.01151349 -0.01984117 -0.02684024 -0.02896557 -0.01917802 -0.01639375 -0.0115998 -0.01736933 -0.01809858 -0.01936894
-0.006811077 -0.00824036 -0.001363785 -0.009534646 -0.001043928 -0.0005328249 -0.006418208 -0.002055516 -0.007682826 -0.00636923 -0.01068457 0.1196424 0.5965264 0.508885 0.2205302 -0.1076642 -0.3907975 -0.4672954 -0.4294566 -0.2664894 -0.04909057 0.01935066 0.06275323 0.08528508 0.09007841 0.07439893 0.03869215 0.008839712 -0.01983451 -0.04321627 -0.05365174 -0.04965487 -0.04451841 -0.03384775 -0.01185243 -0.0002972926 0.00429498 -0.007655764 -0.01022305 -0.00631628 -0.006606518 -0.008325545 -0.004973915 -0.01474853 -0.01607038 -0.0177947 -0.007413434 -0.01544263
0.02393078 0.03475827 0.03036445 0.03098128 0.01927691 0.01759604 0.007032145 0.01050768 0.01571334 0.01761269 0.02436993 0.02496073 0.08435241 0.5080616 0.4253955 0.1189622 -0.1693227 -0.2973537 -0.3242336 -0.2619343 -0.1208221 -0.04865862 0.02126076 0.04472158 0.05209592 0.03547329 0.01473732 -0.00106329 -0.0140675 -0.02948767 -0.0307312 -0.02575988 -0.02076573 -0.009126152 -0.01316341 -0.007508782 -0.004195389 -0.01125555 -0.0203982 -0.02570209 -0.02392275 -0.01764655 -0.01171628 -0.01120622 -0.001628388 0.005055905 0.003784302 0.006140136
0.004893937 -2.194805e-05 -0.008017546 -0.003610796 -0.005831711 -0.01031299 -0.008208611 -0.004073559 0.001981658 0.006189069 0.008788339 0.009610819 0.2746528 0.4111279 -0.1914426 -0.3370433 -0.09034564 0.009905081 0.05255027 0.08583836 0.100756 0.08450498 0.04838542 0.0357855 0.01454644 -0.003666945 -0.008942885 -0.003148366 -0.004026437 0.0001592622 0.007686942 0.008352546 0.01196664 0.007167009 0.001568192 4.532295e-05 -0.01726572 -0.01365133 -0.007160585 -0.009930232 -0.003847563 0.0003019438 -0.006928941 0.00287349 0.006988395 0.02358252 0.02112418 0.01951094
-0.03863226 -0.09227096 -0.05711301 -0.02697407 -0.01579897 -0.02901959 -0.02735851 -0.02595825 -0.009605478 -0.00644927 0.01114915 0.01094658 0.01979592 -0.0253375 -0.0331625 -0.009984676 -0.02074987 -0.007282618 0.01041854 0.004647114 0.3921841 0.2649935 0.007161257 -0.1988638 -0.2024505 -0.1694676 -0.09900888 -0.03111101 -0.01071158 0.02968072 0.02941437 -0.02194387 -0.05179015 -0.04377302 -0.03449636 -0.03248465 -0.01178113 -0.01461189 -0.01257995 -0.007689802 -0.02639719 -0.0476108 -0.04825211 -0.02423993 -0.02260061 -0.0388959 -0.06898609 -0.0670045
-0.008396551 0.001979356 0.009355502 -0.007625821 -0.01903664 -0.04068476 -0.01949901 -0.01298779 0.008130219 0.004364324 -0.01798236 -0.04770712 0.3171235 0.3430864 0.1597823 -0.04464722 -0.2151274 -0.2543906 -0.2564231 -0.2292219 -0.1652005 -0.1055002 -0.02271044 0.02885145 0.03426708 0.03183996 -0.001643633 -0.03225729 -0.07189292 -0.08049113 -0.02035746 -0.01269654 -0.02059452 -0.04786552 -0.05401348 -0.03684774 0.006100126 -0.02335815 -0.02288162 -0.02722981 -0.007855428 -0.02021392 -0.02012981 -0.04039323 -0.03871984 -0.03453971 -0.04160406 -0.03066349
-0.04702726 -0.05449004 -0.0366214 -0.02161474 0.02115769 0.0483757 0.0326988 0.04640371 0.03239992 0.0136842 -0.02430308 -0.01894955 0.02048957 0.2598471 0.1498955 -0.009140156 -0.1390699 -0.1511758 -0.1524056 -0.0900976 -0.007551769 0.04751418 0.02472367 -0.03478375 -0.06461667 -0.06478167 -0.07091041 -0.05377901 -0.03257647 0.01965375 -0.003632398 -0.006858376 -0.01989789 -0.01198342 0.001122583 -0.01468186 -0.02637794 -0.02775737 -0.02507732 -0.03467762 -0.04213142 -0.05296728 -0.08070607 -0.08234562 -0.08808604 -0.09099109 -0.03968546 0.009875074
-0.04902067 -0.08270124 -0.0943961 -0.07940628 -0.004168067 0.049855 0.0560211 0.03470388 0.004824781 -0.05363982 -0.07914197 -0.04548453 -0.03886117 0.04103059 0.03833763 0.01242904 0.271856 0.1515361 -0.04584488 -0.1203312 -0.168067 -0.1377588 -0.05599204 -0.02082583 -0.02683754 0.002330196 0.04831581 0.03462958 -0.008408186 0.005612666 -0.0239028 0.01633422 -0.001455272 0.01502134 0.07247292 0.03640826 -0.01100293 -0.05294641 -0.1428155 -0.1243301 -0.08436749 -0.06289358 -0.01350547 0.02967906 0.02811559 0.04753233 0.01670804 0.002107874
-0.1032833 -0.07712696 -0.02749381 0.006508923 -0.002718102 -0.03152737 -0.04011094 -0.023422 -0.05223189 -0.06705792 -0.05623838 0.3249677 0.4299911 0.04453289 -0.1688587 -0.2366199 -0.2014891 -0.1147428 -0.078169 -0.0468578 -0.02776395 -0.02763443 -0.009869425 -0.0137967 -0.01622389 -0.02346068 -0.03084113 -0.03057916 -0.01794365 -0.00127175 -0.003116886 -0.01367991 0.02694379 0.0284058 0.003904722 -0.05210638 -0.02178633 0.01213197 0.01951093 0.01070845 0.002525488 0.003045096 -0.001300545 -0.01168582 -0.01511799 -0.01679958 -0.0114746 -0.003481531
-0.01511799 -0.01679958 -0.0114746 -0.003481531 0.009726546 0.01596402 0.02153977 0.02620325 0.01300559 0.01927918 0.04467821 0.0516726 0.02366349 0.00846952 0.0009363024 -0.02140472 0.3034155 0.2806493 -0.002729053 -0.1704559 -0.177779 -0.1392066 -0.1037099 -0.06311072 -0.01779078 0.002652151 -0.0073066 -0.03761105 -0.03501788 -0.04773713 -0.06572296 -0.07322539 -0.05904611 -0.03246846 -0.0319568 -0.04697752 -0.02252971 -0.02317867 -0.01352922 -0.02253393 -0.004228537 0.001141385 -0.008193487 0.01776538 0.01751666 -0.01316846 -0.02922265 -0.03377621
-0.004417656 -0.01131708 -0.01510283 -0.02202614 -0.01541384 -0.0180655 -0.01957268 -0.01672262 -0.01400741 0.01330493 0.01274163 -0.3835354 0.160043 0.1083129 0.003546609 -0.03318657 -0.03866129 -0.02512308 0.03742435 0.03818007 0.02845053 0.04460201 0.04529646 0.0313632 0.03162931 0.03897402 0.03739069 0.0368872 0.04131382 0.05848936 0.07048662 0.05832176 0.02999201 0.01229938 0.01375863 0.0113787 0.01041239 0.006019484 0.004196601 0.004712302 0.006322007 0.0115952 0.01694602 0.02451136 0.0303978 0.03485405 0.01829427 0.01100348
0.005963226 -0.003963602 -0.001671635 -0.005037053 0.002731685 0.004964091 0.00472452 0.009372342 0.009525438 0.01014819 0.004801616 -0.0009566896 -0.0158975 -0.01633785 -0.03805802 -0.4121629 -0.5327275 -0.3126771 0.03495776 0.2382646 0.2551041 0.2111469 0.1336749 0.05948102 0.01920645 0.00311427 -0.002229997 -0.02341974 -0.01827151 -0.0218571 -0.03265376 -0.03425175 -0.02214783 -0.0007738695 0.0007489345 -0.001594122 -0.007505246 -0.02299454 -0.02879252 -0.02783586 -0.01809028 0.006842152 0.02209007 0.03112652 0.02759701 0.01468566 0.007185509 -0.007279226
0.05174761 0.04783018 0.04754526 0.05721556 0.06194661 0.06273591 0.06057327 0.0561341 0.04682781 0.03354225 0.02360826 0.01748824 0.02029532 0.008462862 -0.2594337 -0.145017 0.02827893 0.132953 0.03224868 0.01128148 -0.01069887 0.01074956 0.02920682 0.02264794 0.0122109 -0.005263232 -0.006486784 -0.0008119697 -0.0004325626 -0.001133226 -0.003511489 0.002535407 -0.004018174 -0.02232943 -0.03333534 -0.03725962 -0.02891026 -0.02726091 -0.01983051 -0.01046812 -0.01016815 -0.007495373 -0.004211418 -0.009799129 -0.01599284 -0.03345507 -0.04873474 -0.03814747
0.01375441 0.01141589 0.008597885 0.01295561 0.009204805 0.001554485 0.007116121 0.002035689 -0.002915302 -0.009370683 -0.02059788 -0.04078894 -0.0335682 -0.01724505 -0.01358293 -0.1490007 -0.2408508 -0.06098789 0.07249237 0.1372909 0.1225838 0.08330625 0.03244648 -0.006567428 -0.0237422 -0.03087518 -0.03123906 -0.02802815 -0.01441736 -0.00814734 -0.01387288 -0.01405302 -0.01535683 -0.01193329 -0.005943994 -0.001940224 0.01301194 -0.01590519 -0.02594374 -0.02217291 -0.02782972 -0.01117576 -0.0319713 -0.03746632 -0.02800348 -0.02835809 -0.02345752 0.002924595
0.001402863 0.01355938 0.02424479 0.02067592 0.01722949 0.02093813 0.01917466 0.01448494 0.02032807 0.02562587 0.013678 -0.0002494422 -0.001486695 -0.007030494 -0.01854488 -0.1521932 -0.1141979 0.01698676 0.07273529 0.08838554 0.09142864 0.06995735 0.05914253 0.04426056 0.01813265 0.005431266 -0.005318089 -0.03842229 -0.04111646 -0.03546917 -0.01527256 0.0007819209 0.02462809 0.02851084 0.02746906 0.02025698 0.002892778 -0.008263839 -0.0006689219 -0.006087155 -0.007280943 0.02344152 0.01481024 0.004993825 0.00947394 0.01380116 0.01281721 0.01316407
0.0415201 0.01696307 0.01215173 0.009892842 0.009007107 -0.01148927 0.006081623 0.01721325 0.01853665 -0.002386131 -0.001473681 -0.02319348 -0.008458132 -0.05220697 -0.5722887 -0.204448 0.01833528 0.1990211 0.2388089 0.188035 0.1163273 0.05844824 -0.02221485 -0.04559583 -0.03193616 5.969917e-05 0.03557788 0.02689752 -0.003218803 0.008147139 0.009750901 0.03151647 0.02837957 0.0003907203 -0.02195942 -0.02017075 0.002398501 0.01993834 0.01620102 0.01989317 0.00184327 -0.02898756 -0.04330339 -0.044671 -0.04992609 -0.03562302 -0.03687195 -0.04663614
0.003591585 0.003499516 0.003408519 0.009218607 0.01476002 0.01384396 0.01824161 0.01919203 0.02257829 0.01939626 0.02233748 0.01966884 0.01693893 0.01002676 0.01145694 -0.06950989 -0.4215208 -0.256255 0.1059071 0.2258998 0.2047058 0.1522142 0.06743284 0.009930789 -0.03436397 -0.036481 -0.02600227 -0.01929655 -0.01993935 -0.01250488 -0.008988347 -0.001585493 0.0009868679 0.00514093 0.01132153 0.01103701 0.02334449 0.02301805 0.01987373 0.02236143 0.009815005 0.01559846 0.005723819 0.00262325 0.00332022 0.006711249 -0.004272053 -0.01337468
0.0006126316 -0.002471477 -0.007346676 -0.001240661 -0.005169479 -0.001165226 -0.002884069 0.006286555 0.003918068 0.003942365 0.004661419 0.004358826 0.009772697 0.01136677 0.006255135 0.01479081 0.01221786 -0.3477407 -0.55901 -0.3073861 0.128291 0.3547374 0.345049 0.2950979 0.1969555 0.08918172 0.001395747 -0.01820954 -0.01825386 -0.008687716 0.003741277 0.01481577 0.01738907 0.02114569 0.01480271 0.01706318 0.01899347 0.01864013 0.01881632 0.02378712 0.03091455 0.02893019 0.02684042 0.01773054 0.01973523 0.01298692 0.01458784 0.01016868
0.01325853 0.007576388 0.0133295 0.0139661 0.01530204 0.004509609 -0.04597799 -0.6123836 -0.4032594 0.213067 0.2721114 0.17225 0.067697 -0.01009235 -0.05221169 -0.06202261 -0.05498519 -0.04379901 -0.02631667 -0.01269798 -0.004449228 0.004498325 0.007569504 0.009601101 0.01549435 0.01306953 0.009368345 0.01387441 0.0110495 0.01315391 0.00745219 -0.00371921 -0.006883474 -0.01016035 -0.007612115 -0.006918141 0.004429999 0.01119986 0.01875133 0.0226805 0.02079117 0.0178434 0.006752466 0.003685275 -0.003954845 0.002238071 0.001799273 0.006109039
0.01067845 0.01148291 0.01210139 0.01600239 0.0130287 0.01486736 0.008514445 0.006954963 0.01538347 -0.1026295 -0.4910473 -0.04822255 0.3018608 0.2863547 0.1199914 -0.02367879 -0.04481165 -0.02506108 -0.01137231 -0.001917479 0.005908272 0.00843586 0.01366909 0.02804918 0.03060659 0.02143095 0.01621123 0.01488696 0.01918086 0.02056118 0.01646 0.006824224 0.006038479 0.01751471 0.01679235 0.008780533 0.004719551 0.004465073 0.008096653 0.0122275 0.01155707 0.01130924 0.0127005 0.01284665 0.005390668 0.004069842 0.003805804 0.0009644807
-0.003366183 -0.001836481 -0.001377201 0.01173322 0.01441944 0.01413713 0.002089011 0.0002951689 0.005714984 -0.00473778 -0.008780723 -0.00558731 0.002383391 0.003824014 0.007377373 0.007936232 0.01401334 0.0184122 -0.6085252 -0.3973699 0.08543412 0.3924915 0.4694821 0.2900036 0.1245421 -0.02733497 -0.05883987 -0.04575531 -0.008518099 0.01115868 0.02754296 0.0414305 0.04271874 0.03374293 0.02525501 0.03139725 0.02354293 0.01607138 0.02047665 0.01885915 0.02607965 0.0240897 0.0289276 0.0265738 0.02399605 0.01954472 0.02321548 0.01971873
0.008864976 0.001434128 0.006189214 0.008106021 0.01755044 0.0177094 0.02153741 0.01846007 0.01032849 0.01550434 0.01164444 0.01195144 -0.2207393 -0.4973208 -0.2244646 0.09350266 0.2272742 0.2808793 0.254279 0.2082082 0.120025 0.03403724 -0.02204446 -0.03943373 -0.0338961 -0.01888063 0.0001296536 0.003739297 0.01183398 0.004671875 0.008766062 0.006454365 -0.006177646 -0.0008824441 0.003224676 0.01180614 0.02445496 0.03087661 0.02204568 -0.002465462 -0.01334207 -0.02328612 -0.01388157 -0.01663434 -0.02078684 -0.01687506 -0.00560328 0.01343033
