-0.000120155 -0.0116732 0.02018317 0.04425321 0.056415 0.0674988 0.04545639 -0.02223514 -0.05451781 -0.0752953 -0.06624691 -0.09018782 -0.06292501 -0.02864036 -0.004678579 -0.044512 -0.07613787 -0.1030343 -0.1347013 -0.1460343 -0.1115719 -0.03438765 0.005759709 0.01633366 -0.01332816 -0.04964341 -0.03197129 0.01310091 0.0307046 0.03225313 0.02894874 0.03976527 0.005197753 -0.01486368 -0.03453112 -0.0399068 -0.0390918 -0.05851533 -0.1075565 -0.1377257 -0.1374452 -0.08247305 -0.06128077 -0.03122462 -0.01760362 -0.01913755 -0.02296872 -0.03721783
-0.06527508 -0.09703742 -0.1308183 -0.1427174 -0.1324968 -0.1156518 -0.088626 -0.06797735 -0.03644354 -0.052775 -0.0726833 -0.05480379 -0.001508781 0.008789496 0.006363319 -0.004436966 -0.01640004 -0.02391611 -0.03642305 -0.05136342 -0.06177039 -0.06105925 -0.07598402 -0.07679147 -0.06911012 -0.06201128 -0.06161548 -0.04977393 -0.05615972 -0.0592231 -0.04658831 -0.02832446 -0.03535771 -0.0473423 -0.06615656 -0.05618715 -0.04993846 -0.0542976 -0.05043205 -0.05092946 -0.04511302 -0.04567951 -0.03770569 -0.03183547 -0.02775976 -0.03690033 -0.05171271 -0.06848768
-0.02675547 -0.02997951 -0.03071462 -0.02944052 -0.02501404 -0.02863844 -0.02615336 -0.02581307 -0.02193344 -0.02545981 -0.02385073 -0.02045453 -0.01545786 -0.00313081 -0.002381718 0.000144279 -0.001614664 -0.005853123 -0.003435881 -0.006477559 -0.003691627 -0.004077704 -0.007768823 -0.01568381 -0.02079965 -0.0175226 -0.005368795 -0.006666729 -0.004208189 -0.0166905 -0.0211978 -0.0120595 -0.006197486 -0.02005776 -0.02433105 -0.0226932 -0.01432648 -0.01179901 -0.01007249 -0.005929425 -0.009889618 -0.01869382 -0.02677889 -0.0313415 -0.04776188 -0.04068394 -0.02515065 -0.01483409
0.001800967 -0.005158244 -0.00034106 -0.009188768 -0.006918149 -0.004288456 -0.001119712 0.001437009 -0.002091253 0.002116201 -0.002141444 -0.006014653 -0.007374275 -0.005121827 0.002054874 0.009678178 0.01584353 0.0137056 0.01797983 0.01954832 0.01555698 0.02014444 0.04657441 0.0439508 0.04182747 0.02981298 0.01421189 -0.003780687 -0.006951591 0.005244105 0.01367797 0.02893536 0.04298554 0.01597957 0.01005339 0.01162811 0.01451731 -0.01077147 -0.04362836 -0.0625276 -0.06397431 -0.02712702 -0.003902776 0.01031467 0.006258436 0.00351061 0.003062085 0.01222865
0.01695313 0.0125142 0.01452867 0.02650394 0.03038096 0.03640789 0.0340854 0.02175934 -0.01233433 -0.02193299 -0.02105118 0.00903745 0.02528529 0.01896038 0.01301785 0.01410904 0.01129846 -0.00347275 -0.01289541 -0.01248764 -0.01504061 -0.01717642 -0.005746848 0.003898023 0.002742752 0.003681134 0.003185163 -0.002206668 -0.008528632 -0.00402372 -0.005616026 -0.007683485 0.004999873 0.007191148 0.006318711 -0.007285299 -0.01017667 -0.02143068 -0.01926685 -0.01292038 0.000871282 -0.01393443 -0.01325764 -0.01287213 -0.001285236 -0.004866298 0.007325777 0.02054029
-0.04349542 -0.0314793 0.0293238 0.05840657 -0.005323391 -0.02596326 -0.03129997 -0.04179463 -0.03268496 -0.02210654 0.007140172 -0.01815434 0.005937394 0.02985978 0.02474016 0.01579886 0.02943872 0.05115934 0.03423538 0.02516274 -0.001313467 -0.007157143 -0.01641511 0.00518467 0.06107535 0.05262192 0.04383019 0.01578471 -0.01981281 -0.02766169 0.009513541 0.006830622 -0.01383396 -0.03973566 -0.09842016 -0.1129877 -0.1261395 -0.1320355 -0.1066931 -0.02966674 -0.01715704 -0.02144673 -0.04541542 -0.07260749 -0.09186899 -0.07872739 -0.08207183 -0.09769715
0.004668341 -0.003436948 0.001734243 0.0006471694 0.002597424 0.002038692 0.005101209 0.004400125 0.004138709 -0.002815237 -0.003593739 -0.01081412 -0.01105895 -0.006420304 -0.00667486 0.005358688 0.006263499 0.002776227 0.008690563 0.01686888 0.2221925 0.3935552 0.1858967 -0.05370253 -0.1977703 -0.2633974 -0.2446442 -0.07898762 0.02956324 0.03378015 0.01215352 0.0010729 -0.005669995 -0.01206431 0.0002691763 -0.006021599 -0.002187073 -0.006352319 -0.001197677 -0.001499354 -0.0005133349 -0.008174811 -0.01119733 -0.01008498 -0.004768869 0.008112162 0.01263051 0.01966584
0.007692778 -0.003965232 -0.005075767 -0.01278993 -0.005562206 -0.003409804 -0.00453599 -0.003200973 0.002693076 0.01237089 0.009741693 0.00739415 -0.00357623 -0.004293433 -0.007263609 -0.008661142 -0.01011032 -0.004357867 0.004322343 -0.002626165 -0.007692988 -0.01099497 -0.01448175 -0.01035715 0.01431297 0.5433031 0.4834489 -0.04645785 -0.2989905 -0.4113021 -0.4037346 -0.2903841 -0.1157211 0.003759042 0.07568602 0.09387861 0.07600036 0.04174172 0.01917787 0.003751572 -0.003478622 -0.01042253 -0.01350824 -0.003005843 0.004232379 0.01111391 0.002350333 0.005480249
0.03404712 0.02849337 0.02170313 0.01837623 0.01685016 0.009750167 0.01028291 0.01478074 0.01161002 0.01432861 0.03836249 0.3214633 0.4961809 0.3662808 -0.141321 -0.2075343 -0.06147801 -0.0007791679 0.0455537 0.04953239 0.04210838 0.02824583 0.005232711 0.0001577645 -0.003753407 -0.01215265 -0.01249494 -0.001418095 -0.005841017 -0.001719455 0.006125498 0.007464861 0.004503015 0.00549608 0.003172379 0.004535664 0.002334488 0.002860962 0.004150279 -0.006140086 -0.01412209 -0.01561346 -0.007427329 -0.006267579 -0.001595457 -0.007384037 -0.00797526 -0.009120793
-0.003367756 -0.006428903 -0.001949958 -0.01109065 -0.002810147 -0.003071931 -0.00923205 -0.004329148 -0.01022243 -0.01129176 -0.01618336 0.1145315 0.5989978 0.5146666 0.2296256 -0.09638527 -0.3734583 -0.4432091 -0.3994886 -0.2415606 -0.03189789 0.03341405 0.07559407 0.09692093 0.09997456 0.0829099 0.04789287 0.01924736 -0.007839644 -0.0316428 -0.04266575 -0.03840566 -0.03340866 -0.0239086 -0.005805594 0.004579966 0.007312588 0.01004947 -0.003341329 -0.006189721 -0.001119701 -0.001381114 -0.001313336 0.003016395 -0.005276264 -0.005724035 -0.00793081 0.001390367
0.02519319 0.03603686 0.02904944 0.0299754 0.03068934 0.01807384 0.01620011 0.006116983 0.01015023 0.01472153 0.01612624 0.02276586 0.0247401 0.08545785 0.5068713 0.4213845 0.1084937 -0.1695564 -0.2901239 -0.3133731 -0.2432236 -0.08726548 -0.01638587 0.05129168 0.07270494 0.07696396 0.05858153 0.03669248 0.02111875 0.00884976 -0.007659351 -0.009863881 -0.006052526 -0.001868758 0.008769848 0.003656486 0.008754294 0.01163576 0.004851846 -0.005180774 -0.01550997 -0.0168915 -0.01170346 -0.003516281 -0.001735493 0.005239503 0.01105742 0.009563784
0.005341794 0.0007166594 -0.00561341 0.0004193738 -0.00183752 -0.006224277 -0.004603881 -0.001615207 0.004036903 0.007087089 0.008610402 0.01058112 0.2750796 0.4124814 -0.202628 -0.3386124 -0.09551993 0.001183008 0.04340187 0.07529047 0.08646878 0.06983033 0.04025183 0.0260969 0.004816573 -0.007436947 -0.01215771 -0.01427271 -0.01572707 -0.01070492 -0.002914943 -0.002436455 -0.001342173 -0.006219654 -0.01118214 -0.01212677 -0.02789734 -0.02314873 -0.01481755 -0.01599524 -0.00952561 -0.006802394 -0.01596497 -0.00520641 -0.0008506184 0.01403801 0.01305941 0.01134412
-0.04476312 -0.09992503 -0.06425314 -0.0328669 -0.02295234 -0.03693701 -0.03580954 -0.03441074 -0.01740387 -0.01320358 0.003060407 0.001853223 0.01263491 -0.03254806 -0.04200178 -0.01853297 -0.02890886 -0.01556692 0.001337925 -0.004730824 0.3824046 0.2530695 -0.007709478 -0.2166174 -0.2187896 -0.182157 -0.1108339 -0.04356733 -0.02326751 0.01694291 0.01656297 -0.03475623 -0.0640973 -0.05546715 -0.04581005 -0.04368341 -0.02260856 -0.02500926 -0.02272601 -0.01788265 -0.03667229 -0.05703259 -0.05719912 -0.03284298 -0.03133876 -0.04731136 -0.07699535 -0.07544454
-0.01093215 -0.0009869168 0.004394809 -0.01306715 -0.0241028 -0.04584988 -0.02467677 -0.01787654 0.00374811 -0.0004903268 -0.02388789 -0.05221758 0.3139053 0.3429013 0.1542194 -0.06073006 -0.232646 -0.2704857 -0.2694656 -0.240879 -0.1768706 -0.1174635 -0.03499672 0.01571867 0.02069714 0.0180624 -0.0153425 -0.04489499 -0.08343586 -0.09178771 -0.03166017 -0.0235017 -0.03063646 -0.05781163 -0.06188495 -0.04518398 -0.002567985 -0.03047024 -0.02958845 -0.03429067 -0.0151917 -0.02722023 -0.02747649 -0.04834666 -0.04594838 -0.03987166 -0.04531448 -0.03435887
-0.05096755 -0.05668312 -0.03787584 -0.02315956 0.01841708 0.04486392 0.02902941 0.04263247 0.02988768 0.01199191 -0.02560662 -0.02053224 0.01942562 0.2617894 0.1506976 -0.009998143 -0.1383344 -0.1488827 -0.1481948 -0.08714042 -0.003996061 0.05258348 0.0291811 -0.03014877 -0.05863454 -0.057629 -0.06427441 -0.04841212 -0.02890744 -0.003794387 0.02133688 -0.0009887139 -0.004258068 -0.01762614 -0.009653336 0.003642318 -0.01208837 -0.02407935 -0.02566719 -0.02322839 -0.0321643 -0.03843586 -0.04785014 -0.07701908 -0.07913026 -0.08444592 -0.08660559 -0.0351716
-0.04388771 -0.07858816 -0.0893974 -0.0744608 0.0003964228 0.0534174 0.05802346 0.0358483 0.005851494 -0.05262444 -0.07828278 -0.0432728 -0.03494982 0.04512155 0.04234934 0.01598265 0.2755294 0.1547915 -0.04275826 -0.117118 -0.1644487 -0.1330022 -0.0503912 -0.01631112 -0.02288863 0.005907234 0.05204576 0.03714837 -0.007062201 0.007962399 -0.02229827 0.01716421 -0.0005555113 0.01587243 0.07318644 0.03561753 -0.01159563 -0.05305862 -0.1416478 -0.1226664 -0.08382777 -0.06339181 -0.01473002 0.02874637 0.0274846 0.04644931 0.01648216 0.003027649
-0.1023026 -0.07387805 -0.0263848 0.006255308 -0.000886125 -0.03322624 -0.04374415 -0.02691405 -0.05356994 -0.06607332 -0.05466925 0.3256871 0.4270267 0.04079657 -0.1677045 -0.2323911 -0.1959812 -0.1096184 -0.07296308 -0.0417896 -0.02475375 -0.0236464 -0.005518634 -0.01047792 -0.01314865 -0.02013408 -0.02761669 -0.02831361 -0.01646225 -0.0002179679 -0.002831995 -0.01299004 0.02873807 0.02987734 0.005413197 -0.04857067 -0.02029293 0.01430613 0.02192402 0.01220165 0.00366564 0.00435741 0.0005319615 -0.009938517 -0.01319819 -0.01423899 -0.01053484 -0.003487483
-0.01319819 -0.01423899 -0.01053484 -0.003487483 0.01137134 0.0171728 0.02237868 0.02690477 0.01472745 0.02175017 0.04560153 0.05196779 0.02348748 0.008278774 0.0008756405 -0.02106225 0.3048463 0.2819982 -0.0003151582 -0.17022 -0.1757231 -0.1347074 -0.09725195 -0.05705882 -0.01132296 0.009092679 -0.003410079 -0.03291272 -0.02963626 -0.04303109 -0.06104057 -0.06793907 -0.05254972 -0.02711341 -0.02608659 -0.04188151 -0.01829713 -0.01681358 -0.007066701 -0.01649449 0.001282824 0.006499856 -0.002766965 0.02297523 0.02299919 -0.007336658 -0.02424461 -0.02884269
-0.004360636 -0.01123454 -0.01493156 -0.02006391 -0.01342073 -0.01791802 -0.01906665 -0.0165317 -0.01429215 0.01573069 0.01724346 -0.3776277 0.165866 0.1068154 0.008100794 -0.02471674 -0.03307455 -0.02036017 0.04220914 0.04277737 0.03139009 0.04960711 0.05030151 0.03543263 0.0359421 0.04163575 0.04062944 0.04431226 0.06097095 0.07263581 0.06004407 0.031975 0.01491655 0.01646379 0.01431675 0.01367366 0.009880375 0.008687075 0.009758068 0.01191917 0.01669621 0.02177221 0.02938962 0.03519732 0.03926197 0.0225684 0.01493202 0.005585277
0.00339061 -0.005866751 -0.003122739 -0.005975818 0.002381472 0.004774225 0.004440168 0.009968325 0.0112904 0.01131285 0.006283188 0.00192913 -0.01434452 -0.01595943 -0.03603098 -0.4100877 -0.5281097 -0.3077814 0.04092961 0.2447345 0.2560059 0.2098389 0.13287 0.06059032 0.02256894 0.008462287 0.004905171 -0.01332793 -0.009807877 -0.01493213 -0.02685342 -0.02983193 -0.01988565 0.0006034831 0.002671148 0.0003742586 -0.006147953 -0.02031127 -0.02539948 -0.02467386 -0.01370632 0.01183172 0.02737935 0.03567918 0.03157941 0.01841956 0.01065859 -0.004087929
0.01956382 0.01583814 0.01575992 0.02716737 0.03282408 0.0342616 0.03248329 0.02844175 0.01949928 0.006799919 -0.0008086472 -0.006449749 -0.003415334 -0.01326369 -0.2800022 -0.1649453 0.00856962 0.1139817 0.01788221 -0.001713321 -0.00457115 -0.02216259 -0.0001823757 0.01981211 0.01324851 0.001309191 -0.01623992 -0.01536291 -0.008867197 -0.00804082 -0.009149695 -0.01078876 -0.004400832 -0.01105225 -0.02783047 -0.03840049 -0.04263277 -0.03476513 -0.03368646 -0.02517039 -0.01553922 -0.01526076 -0.01222093 -0.007812007 -0.01711508 -0.03456396 -0.04997994 -0.03963741
0.02988697 0.02342901 0.02618243 0.02232072 0.01726621 0.02458168 0.01922605 0.01353594 0.005608792 -0.005830158 -0.02648884 -0.02009988 -0.00580251 -0.002705174 -0.1365993 -0.2352473 -0.06049359 0.07754542 0.1387353 0.1205079 0.08327296 0.0341798 -0.003400119 -0.02056743 -0.02818761 -0.02853048 -0.02508233 -0.01082673 -0.00387991 -0.009508926 -0.01039141 -0.01247602 -0.007742033 -0.00144636 0.001617798 0.01570438 -0.0148851 -0.02080016 -0.02482952 -0.01887221 -0.02760621 -0.007447972 -0.01827971 -0.02948935 -0.03496203 -0.02559065 -0.0270123 -0.02591161
-0.002952233 0.005758154 0.01674733 0.01345463 0.009189538 0.01281439 0.01127647 0.009330665 0.01444547 0.0190063 0.00891468 -0.002076973 -0.001541553 -0.003834765 -0.01378615 -0.1475593 -0.1132131 0.01481244 0.06948386 0.08389782 0.08525964 0.06146363 0.05072947 0.03748902 0.01254978 0.0003484074 -0.009458059 -0.04130885 -0.04363776 -0.03852677 -0.01838449 -0.002036941 0.02107847 0.02409651 0.02283064 0.0171734 0.001639542 -0.008138041 -0.0003407116 -0.004929502 -0.002600587 0.02792305 0.0237005 0.0205404 0.01256972 0.01720978 0.02128221 0.0205694
0.04275686 0.01644996 0.01223408 0.01337674 0.01767473 -9.217131e-06 0.01471413 0.02282763 0.0205962 0.001637528 0.003805372 -0.01686233 -0.001520345 -0.04676579 -0.5606975 -0.1888266 0.03973817 0.1947384 0.2062446 0.1568434 0.09258572 0.03412688 -0.04261584 -0.06285178 -0.04808722 -0.01600116 0.02069363 0.0141577 -0.01719403 -0.007367493 -0.006407294 0.01575926 0.01343261 -0.01500601 -0.03855437 -0.03504534 -0.01141814 0.005893696 0.0004316028 0.002890567 -0.0152154 -0.04418382 -0.05750259 -0.05933623 -0.06242155 -0.04831919 -0.05066668 -0.05991165
-0.0007095756 -0.001313419 -0.001439777 0.003654064 0.008613979 0.007432596 0.01219269 0.01371578 0.01754706 0.0148768 0.01874743 0.01590008 0.012752 0.007076554 0.009290797 -0.07152607 -0.4249158 -0.26037 0.109944 0.2261061 0.2003473 0.1451371 0.05808252 0.004347806 -0.03735698 -0.03836716 -0.02839959 -0.0204347 -0.01877905 -0.01225378 -0.009748876 -0.002603355 -0.0001705432 0.00402285 0.0104014 0.01039615 0.02123202 0.0196716 0.01673706 0.01974557 0.00771832 0.01309321 0.003697834 0.001218004 0.00133059 0.00437774 -0.006504401 -0.01363318
0.002420733 -0.0004716526 -0.005993972 -0.000743819 -0.004234604 0.0006309133 -0.0009939257 0.007998332 0.003885963 0.003122682 0.00477169 0.005024746 0.01081956 0.01244733 0.006460206 0.01348057 0.01187953 -0.3467273 -0.5638657 -0.3188387 0.1277305 0.2946463 0.3489688 0.3279657 0.2693839 0.1759664 0.07332408 -0.007113548 -0.02526189 -0.02389988 -0.01396744 -0.002449417 0.008633136 0.01265385 0.01585705 0.008571745 0.01048127 0.01361441 0.01597278 0.01724827 0.02185257 0.02842009 0.02613126 0.02465452 0.01585717 0.01756208 0.01088556 0.01268981
0.01404438 0.008958967 0.01571867 0.01494423 0.01568059 0.005513106 -0.04361165 -0.6124034 -0.3971438 0.2478412 0.2894778 0.1884052 0.08424759 0.007927312 -0.03258616 -0.04454821 -0.03846622 -0.02561619 -0.007573728 0.005784247 0.012539 0.01966304 0.02246315 0.02406961 0.02923496 0.02627257 0.02241209 0.02606975 0.02257082 0.02414853 0.0179504 0.006383323 0.003207062 -0.000245646 0.001491675 0.001664195 0.01268967 0.01884486 0.02574918 0.02933385 0.02711694 0.02377377 0.01339567 0.0110096 0.00359928 0.009549587 0.008972929 0.01361677
0.01263989 0.01292117 0.01229432 0.01642117 0.01344132 0.01502946 0.00785651 0.005395801 0.01374679 -0.1042619 -0.4923274 -0.0484634 0.3051821 0.2864617 0.1196214 -0.02060439 -0.0391193 -0.0216073 -0.008360142 0.002505574 0.0102792 0.01584047 0.0286926 0.03031265 0.02095111 0.01484517 0.01370312 0.01878507 0.0195779 0.01445201 0.003689246 0.003286298 0.01498143 0.01398095 0.006137958 0.00228325 0.002474172 0.006260105 0.009678446 0.007727112 0.005619691 0.006707727 0.007775249 0.002002774 0.0003836609 -0.0009415249 -0.002863335 -8.09162e-05
-0.004943363 -0.002694253 -0.002115191 0.01035303 0.012454 0.01204684 -0.0003628357 -0.003350649 0.001267975 -0.009593328 -0.01311815 -0.009304747 -0.002145585 -0.001324712 0.002134151 0.003273202 0.009894665 0.0152457 -0.6163099 -0.4071409 0.09038994 0.3950589 0.2772553 0.113301 -0.03632626 -0.06459797 -0.05141364 -0.01497523 0.006121635 0.02083113 0.03478515 0.03561585 0.02708987 0.01851836 0.02358169 0.0161324 0.009059228 0.0134321 0.0122953 0.01995949 0.01717942 0.022991 0.02165056 0.0180101 0.01173399 0.0138185 0.01074072 -0.002290939
-0.009279432 -0.01585462 -0.01107516 -0.006990839 0.001836046 0.0007720345 0.003711008 0.000805584 -0.005788418 -0.0007496665 -0.005387165 -0.004049676 -0.2350628 -0.5073656 -0.2323189 0.0916594 0.2346037 0.290711 0.2608736 0.2121695 0.1223849 0.03728824 -0.01757388 -0.034714 -0.03050266 -0.0168338 0.0004705182 0.003966155 0.01249084 0.006051378 0.0110893 0.00833039 -0.005051339 -0.0004011838 0.002978232 0.01055178 0.02335016 0.02999499 0.02124162 -0.003991329 -0.01549886 -0.02416642 -0.01416079 -0.01704213 -0.02194269 -0.0174576 -0.004842669 0.01381903
