0.078605 0.04955557 0.04930413 0.06546387 0.0659266 0.06571233 0.06793026 0.05979541 0.04988823 0.003209916 -0.01715849 -0.02552502 -0.004468626 0.0305675 0.07040571 0.07256799 0.06267659 0.02277568 -0.01584441 -0.04354652 -0.002215644 0.02019037 0.0100232 0.02756315 0.04750544 0.04163641 0.03888748 0.08626897 0.1250047 0.1296319 0.1037548 0.02367494 -0.02600758 -0.01727597 -0.02236482 -0.00692668 0.01384184 0.02104263 0.03433016 0.01061288 -0.006637625 0.00806493 0.007694348 0.01950764 0.02315332 0.03836058 0.04530926 0.04528589
0.06453963 0.02371454 -0.0437673 -0.05670094 -0.02965684 0.009514028 0.05530992 0.07438464 0.01555727 -0.02591243 -0.008576157 0.02299477 0.0458755 0.03448885 0.01857227 -0.002453261 0.01234572 0.007864418 -0.01135379 -0.03548091 -0.05173339 -0.04908929 -0.04415922 -0.05696205 -0.04952551 -0.05932296 -0.06212356 -0.05285173 -0.05649809 -0.06065339 -0.04467526 -0.02789149 -0.04979308 -0.05584412 -0.04542413 -0.03674378 -0.06766161 -0.07234638 -0.09228684 -0.1021053 -0.09015917 -0.07147038 -0.0643831 -0.05768282 -0.06195977 -0.06486171 -0.0704463 -0.07498252
0.01193997 0.01035555 0.001033115 -0.001007137 0.000859647 -0.000108442 0.00103384 -0.01007294 -0.01131148 -0.004011638 0.007878899 0.0149398 0.02773176 0.02764163 0.02332714 0.01145408 -0.000111643 -0.001993243 0.002209242 0.008850173 0.005632964 0.006296619 0.001566426 0.01091558 0.0312244 0.02594203 0.02012812 0.006784055 0.002158627 0.006605028 0.01506742 0.02484235 0.02625662 0.01860606 -0.001645093 -0.02200237 -0.01739946 -0.003437699 -0.006631806 -0.009647413 -0.0139107 -0.007869748 0.01121592 0.02804183 0.04242733 0.04718761 0.03735375 0.02103765
0.02103765 0.008368893 -8.66e-05 -0.004792221 -0.01102982 -0.01676109 -0.01900768 -0.02813737 -0.03109694 -0.03711107 -0.01783483 -0.01167371 -0.007378077 -0.00297505 -0.002660849 -0.01257729 -0.02144476 -0.02894199 -0.03224078 -0.02695464 -0.02605684 -0.02388356 -0.02223598 -0.0213095 -0.01819462 -0.006017895 0.000483155 -0.005675407 -0.02196672 -0.02514298 -0.01229081 -0.02582934 -0.009137332 -0.0151773 0.001165017 0.01476843 0.03597706 0.05516034 0.05643148 0.05059295 0.04101154 0.01805734 0.01432051 0.006698661 0.009554069 0.00931996 0.01062308 0.001311401
0.01137842 0.01150999 0.01989471 0.02072351 0.01902581 0.0129011 0.01181038 0.000156873 -0.0199443 -0.02330013 -0.02010933 0.01584495 0.02499988 0.02706154 0.01598565 -0.003509995 -0.01400867 -0.02373082 -0.0263718 -0.02587561 -0.01166574 -0.006992489 -0.01305897 -0.006867324 0.002383453 0.001260596 0.01465362 0.02304802 0.0223968 0.01465901 0.007895173 0.002872894 -0.002832093 -0.01096816 -0.01475179 -0.0165631 -0.003060863 0.0164111 0.03398291 0.04000302 0.03167799 0.0240387 0.003127503 -0.000640737 -0.01064578 0.002832972 0.02156931 0.03232254
0.1167647 0.1072273 0.1307241 0.1290062 0.09112417 0.0807404 0.08093212 0.08181413 0.09569448 0.09494343 0.1004835 0.1107576 0.1416276 0.09093529 0.05396146 0.0560079 0.05248304 0.04065464 0.04002489 0.02862824 0.02457617 0.0369111 0.01272155 0.03146238 0.02564567 0.03201655 0.04668988 0.05301138 0.04531807 0.02884666 0.04481546 0.04161607 0.05371909 0.03181628 0.02022662 0.04188879 0.06135366 0.0853539 0.09406252 0.06042548 0.06753303 0.04710793 0.02053288 -5.490092e-05 0.02803049 0.03401688 0.03209671 0.03377431
-0.004043254 -0.002254704 -0.00459173 -0.001409749 0.0004378816 0.001295716 0.001737959 0.007841993 0.01530831 0.007977061 0.006464756 0.002617107 0.002586505 0.001467728 0.00148313 0.003038584 0.001089492 5.60111e-05 0.00182239 -0.0006826873 0.2050083 0.3548381 0.1075808 -0.07793579 -0.168743 -0.1826776 -0.1568542 -0.0529505 0.002666192 0.008457751 0.005428897 0.009340412 0.009362684 0.00775897 0.007061854 7.403791e-05 -9.618583e-05 0.003578712 -0.002229007 -0.004856452 -0.001936419 0.005245222 0.006272828 0.003562639 -0.001068951 0.0003431378 -0.002831138 -0.002758542
0.01218063 0.01204381 0.01187013 0.0100961 0.008317956 0.0001986601 -0.004785151 -0.003611367 -0.003157094 -0.004381925 0.002559793 0.0001230693 -0.005035383 -0.003465431 -0.001983025 -0.003804549 -0.008215484 -0.004740989 -0.002926071 -0.002440515 -0.001464652 0.000204558 -0.0003322935 1.392218e-05 0.01072702 0.6932605 0.5238364 -0.09550644 -0.2728224 -0.338757 -0.2817042 -0.2125177 -0.1289838 -0.0635926 -0.02007295 -0.004284829 8.243611e-05 -0.0007478915 -0.008420467 -0.01558213 -0.01553048 -0.01507709 -0.01797319 -0.01403482 -0.001414963 -0.004211693 -0.007864227 -0.01531003
0.0207367 0.02585568 0.02717513 0.02351386 0.02643749 0.01538815 0.007333532 0.005755649 0.005244544 0.005707633 0.01390653 0.310801 0.5091519 0.2842312 -0.138775 -0.1465505 -0.04770862 -0.01552527 0.01575192 0.01943722 0.02528284 0.02758852 0.03339858 0.03390604 0.03186626 0.01886845 0.005847493 -0.003449892 -0.01040053 -0.007316201 -0.002378562 -0.001321681 0.005282282 0.00448887 0.006934307 0.00629979 0.002590926 0.0005055286 0.0006809467 -0.0005463978 -0.0006611368 -0.003232806 0.0002593575 0.002862247 0.00193397 0.006405414 0.002237479 -0.00301768
0.01755814 0.01576873 0.01609209 0.01287408 0.01933939 0.02095684 0.02071635 0.01832099 0.01611681 0.009671021 0.006796685 0.1105824 0.8017846 0.5693567 0.1390278 -0.1080325 -0.2558423 -0.213392 -0.1376348 -0.06035868 0.002805102 0.007227224 -0.002453052 -0.01380032 -0.0233616 -0.02720488 -0.03001003 -0.02457573 -0.01487373 -0.004604461 0.008577619 0.007658618 0.004916393 -0.002239053 -0.01118625 -0.001950663 -0.006317189 -0.008875855 -0.01179733 -0.009210007 0.004521524 0.001299569 0.005002122 0.004236874 0.007814131 0.004350088 0.003083616 -0.006963716
0.006245397 0.00315069 0.003297723 -0.01118339 -0.0164315 -0.007433079 -6.61991e-05 0.005846674 0.00787144 0.01625835 0.01260714 0.002677061 0.05027294 0.5244981 0.2604247 -0.0009946908 -0.1565624 -0.1917245 -0.1556281 -0.08874886 -0.01538356 0.001745229 0.01537955 0.02356946 0.01944189 0.01242191 0.005271958 -0.002570647 -0.004001872 -0.004628513 -0.008595058 -0.008600923 -0.005201521 -0.004880907 -0.005066664 -0.005712649 -0.008374901 -0.01208026 -0.01590109 -0.01835507 -0.01744821 -0.01920764 -0.01318197 -0.01005884 -0.009172334 -0.003257465 -0.004479059 -0.002472458
-0.01886699 -0.02239849 -0.02909408 -0.03371247 -0.03004266 -0.02791595 -0.02951442 -0.0291457 -0.01862547 -0.004555695 0.0004663103 0.006728518 0.2706751 0.3695658 -0.2076564 -0.2074259 -0.03047792 0.003522656 0.01384713 0.01422597 0.008837553 -0.0007567311 -0.0123976 -0.01297202 -0.008121514 -0.005286418 0.0003901139 0.003447683 0.008483529 0.007275576 0.005737836 0.007062395 0.008510545 0.0006381971 -0.003203353 -0.01169198 -0.01600496 -0.01621828 -0.01517675 -0.01090842 -0.01396178 -0.01628312 -0.01312198 -0.02074339 -0.0187018 -0.01320943 -0.009256866 -0.009847002
0.08013067 0.06495751 0.06189779 0.07479134 0.08004773 0.06104318 0.07170007 0.05448531 0.05972406 0.07216048 0.04052513 0.02396093 0.01003249 0.04761322 0.0953234 0.0967604 0.06355915 0.04081462 0.02196647 0.005443697 -0.4278772 -0.2119819 0.03411546 0.2423961 0.2395039 0.1953474 0.1551651 0.08223174 0.07022583 0.0653467 0.06567282 0.05126258 0.06077554 0.07672984 0.07958278 0.07780677 0.07121409 0.04952351 0.04454903 0.07428937 0.09119723 0.0864114 0.09031967 0.09681798 0.0881146 0.09287467 0.1029244 0.1139398
0.04406388 0.0339698 0.03958052 0.05669599 0.07402717 0.1017342 0.1282043 0.1254281 0.08591872 0.041898 0.03132001 0.04451649 -0.3387249 -0.3378227 -0.003043012 0.1688945 0.2526689 0.2600843 0.2179426 0.1396695 0.1037732 0.1064436 0.1155074 0.06899118 0.04714425 0.06377368 0.04428652 0.02210569 -0.001593027 0.03015683 0.1275157 0.1492453 0.1536296 0.1218009 0.06405547 0.04619021 0.02448427 -0.03161764 -0.001050405 0.03754818 0.04902795 0.04863224 0.04877415 0.06894352 0.07255375 0.08204166 0.08143416 0.06279371
0.05743183 0.06553531 0.05159711 0.08194243 0.08165181 0.1014239 0.06211238 0.08453522 0.04457237 0.02745432 0.0247016 0.04699082 0.03945206 -0.2045077 -0.04278616 0.06198728 0.1702694 0.1943764 0.1911053 0.2041403 0.1491148 0.07222211 0.02460834 0.006003862 0.03612562 0.035588 0.01083682 0.03257395 0.06321453 0.1079575 0.06065708 0.01874529 0.02760585 0.05784536 0.06296839 0.06622743 0.0587809 0.05832712 0.06350103 0.07469928 0.07139914 0.09025363 0.06128538 0.1141411 0.1021633 0.07977914 0.07366487 0.06871983
0.07788932 0.06962304 0.07361047 0.04764247 0.0747827 0.09456749 0.1068168 0.09788714 0.1209374 0.1008262 0.08889573 0.08444867 0.101708 0.105819 0.08011563 0.05828362 -0.2116321 -0.07832633 0.08184358 0.1540868 0.1936322 0.2134371 0.2307622 0.1607476 0.1078037 0.07724807 0.03669042 0.03842754 0.02796526 0.05352016 0.06207393 0.08893301 0.1031989 0.116794 0.1291549 0.06864027 0.03897512 0.06717107 0.07634035 0.09493252 0.1074881 0.09816407 0.1003004 0.1273839 0.1224043 0.08394615 0.02263185 0.03315195
0.06061559 0.06382751 0.07428599 0.1010804 0.08323056 0.04978669 0.1008473 0.1175512 0.09040193 0.07840195 0.07889263 -0.2837529 -0.345308 -0.02010007 0.1150688 0.1819148 0.1904555 0.1900389 0.1462444 0.1187732 0.09007429 0.05139953 0.05628872 0.05623316 0.08935436 0.07118281 0.07596731 0.06066903 0.06743442 0.07526056 0.04565468 0.04195516 0.03759937 0.001143438 -0.01448552 0.04705404 0.0642947 0.04337063 0.03850232 0.03350741 0.03968935 0.04390401 0.04236968 0.03507828 0.03455069 0.02727438 0.02150591 0.02075555
0.03455069 0.02727438 0.02150591 0.02075555 0.03134501 0.03567265 0.05600143 0.05518767 0.04737286 0.05769954 0.05622429 0.0515678 0.04379636 0.0495382 0.05170138 0.04983744 -0.3632258 -0.35174 -0.04656833 0.2048109 0.3155806 0.3159503 0.2717462 0.2153447 0.1615048 0.1415651 0.1128212 0.1109687 0.1209676 0.1282511 0.1445633 0.1418636 0.1367278 0.1312396 0.1197506 0.1176616 0.1195024 0.1070018 0.1299462 0.1341483 0.1416817 0.1471977 0.1321489 0.1411256 0.1425718 0.1095616 0.09204181 0.08545544
-0.02570036 -0.02453163 -0.02279833 -0.02266899 -0.02258518 -0.03167357 -0.03676828 -0.04334827 -0.04644191 -0.03063488 -0.01732833 0.3139617 -0.04367348 -0.1339194 -0.08169004 -0.0526235 -0.04036309 -0.02054522 -0.02767262 -0.03984413 -0.04855412 -0.08090888 -0.09325416 -0.08138497 -0.06318048 -0.06065167 -0.05318405 -0.03936977 -0.01993173 -0.007707601 -0.001285544 -0.002262323 -0.006231854 -0.01812967 -0.01828361 -0.01755149 -0.01123246 -0.01279927 -0.02132878 -0.02819689 -0.02684565 -0.024856 -0.01996862 -0.01004284 -0.00872275 -0.009213611 -0.02102772 -0.02900123
-0.01548559 0.001957994 0.01572886 0.02502742 0.03228857 0.02847813 0.01938039 0.008426098 0.001896738 -0.01152014 -0.02228817 -0.02305897 -0.007598156 0.01007517 0.03395612 0.4419999 0.5749021 0.2770873 -0.07765562 -0.1974562 -0.2291543 -0.2004422 -0.1585616 -0.111476 -0.06325132 -0.01592014 -0.005130436 0.008647121 0.01981016 0.01641946 0.007957213 -0.01010992 -0.01690874 -0.01792385 -0.0242196 -0.0227069 -0.01459351 -0.005372752 -0.001251753 0.01098552 0.01052378 0.02212473 0.03740533 0.03643964 0.008837546 -0.0270644 -0.0434913 -0.05328025
-0.05067626 -0.04687921 -0.04650543 -0.04616913 -0.04582407 -0.03673631 -0.03734675 -0.04361355 -0.05032244 -0.06067754 -0.06272288 -0.05232699 -0.03787098 -0.009534074 0.2686494 0.1575082 0.006170642 -0.09809719 -0.06115153 -0.05306987 0.0008135745 0.01840519 0.02609151 0.002047591 -0.006955124 -0.01247571 0.003724792 -0.01050145 -0.02159991 -0.02265401 -0.01162974 -0.007631323 -0.008550211 -0.01401198 -0.02480179 -0.03342403 -0.03713347 -0.02688862 -0.01710087 -0.0133025 -0.02350955 -0.0369225 -0.03786235 -0.02923882 -0.03186931 -0.04115669 -0.04279587 -0.03606664
-0.1180142 -0.1100371 -0.09786115 -0.06032515 -0.03560551 -0.02819434 -0.02120676 -0.02588974 -0.03656053 -0.04434924 -0.04760908 -0.06343673 -0.06972137 -0.06183269 -0.03947949 0.1158056 0.2381276 0.06395716 -0.06282582 -0.1385785 -0.1390854 -0.1212734 -0.09837332 -0.07453685 -0.05411198 -0.04029525 -0.03042666 -0.02487234 -0.01361599 -0.008465691 -0.005934015 -0.005906374 -0.008604511 -0.01150678 -0.01882396 -0.01155815 0.002567067 -0.001190553 -0.03513775 -0.02275565 0.002357029 0.01969346 0.003430931 0.007356659 0.005766413 -0.00340242 -0.01720649 -0.02477
-0.002752662 0.001387996 0.004438038 0.01987009 0.02121441 0.01614052 0.002290764 -0.01050238 -0.01220983 -0.0154632 -0.01702959 -0.01503014 -0.007139769 0.00494654 0.0171833 0.1758005 0.1353853 0.007150516 -0.07464322 -0.1068368 -0.09072724 -0.05601277 -0.03535544 -0.01943134 0.0007456004 0.008806634 0.02020147 0.03715093 0.04396839 0.03272412 0.02295359 0.01776537 0.004145174 -0.002955631 -0.004127956 -0.004768263 -0.01028873 -0.002696099 -0.01295656 -0.01430225 -0.01697171 -0.01056318 -0.004048561 -0.002392058 -0.0007891955 -0.003952322 -0.01143036 -0.02879154
-0.05386245 -0.04834821 -0.0107052 -0.005286152 0.002292163 -0.005251171 -0.01754484 -0.03389158 -0.04702679 -0.06485973 -0.04387896 -0.02356192 -0.01335164 0.05709972 0.6276177 0.176019 0.04274796 -0.05998324 -0.1257124 -0.1561708 -0.1511054 -0.1139604 -0.1065969 -0.0898222 -0.06125059 -0.01994266 0.01149618 -0.004451558 0.002743411 0.03970912 0.03434277 0.03270452 0.01483319 0.02390898 0.02053027 0.02106193 0.03991794 0.03233805 0.007369827 0.02049255 0.01206134 0.02700554 0.02669713 0.02945279 0.01168744 0.03067451 0.02948662 0.03724093
-0.01525121 -0.01286995 -0.008983817 -0.006727312 -0.00655897 -0.006664886 -0.007705814 -0.002187042 -0.003786991 -0.005639242 -0.008429503 -0.008362762 -0.01113953 -0.009464144 -0.008773902 -0.08010079 -0.4644724 -0.2381179 0.07848699 0.16493 0.1186746 0.07063252 0.01214367 -0.01983221 -0.03675639 -0.03386456 -0.02806148 -0.02034057 -0.01091727 -0.002939072 0.002465809 0.0004826658 -0.001083472 -0.004718326 -0.008593832 -0.01351598 -0.0214258 -0.02521168 -0.02860602 -0.02809009 -0.03071655 -0.03219506 -0.03558844 -0.02893248 -0.02786546 -0.02624445 -0.02747043 -0.03000646
-0.01906133 -0.02053558 -0.01882364 -0.01434042 -0.01092113 -0.008748774 -0.00495558 -0.003264719 -0.001399733 -0.003156979 -0.007570568 -0.003286635 -0.00398583 -0.00999927 -0.0170245 -0.0190543 -0.01752936 -0.3888164 -0.6146778 -0.2090847 0.1019205 0.1651628 0.1468755 0.1149134 0.05839952 0.005187702 -0.01914489 -0.02141517 -0.02509521 -0.02372177 -0.02793816 -0.02736031 -0.02217023 -0.0269927 -0.02478689 -0.02099683 -0.01696597 -0.006237357 -0.0003671766 -0.001982747 -0.005778024 -0.009699011 -0.0128036 -0.02085073 -0.02231243 -0.02042279 -0.02137962 -0.02255706
-0.01961854 -0.013558 -0.003393496 -0.001263435 -0.002845386 -0.00656693 -0.0542968 -0.6567737 -0.2423418 0.2218746 0.1162955 0.05148431 0.008171125 -0.01162455 -0.01792777 -0.008605028 -0.002351964 0.001245144 0.003696624 0.007680082 0.00963459 0.01246867 0.01734302 0.02156331 0.02362629 0.0243414 0.01775618 0.01221587 0.01226071 0.008748203 0.0069951 0.00301837 -0.0001563568 0.0009022428 0.0007350725 0.002871247 0.005035533 0.007519739 0.01059679 0.01144441 0.01126578 0.01109076 0.008597931 0.01016085 0.006099397 0.00375992 0.005702926 0.005707988
0.001538258 0.002769149 0.007090888 0.001131556 -0.002950999 -0.001633125 -0.002229223 -0.003100344 -0.006746651 -0.1054048 -0.5403723 -0.00502159 0.1406067 0.1123266 0.02171881 -0.02013791 -0.008836771 0.006200475 0.003650533 -0.003365443 -0.01658114 -0.01125317 -0.001059615 0.00841786 0.01421758 0.0203268 0.009986208 0.005927939 0.005053872 0.008117183 0.01571542 0.01149179 0.004719529 -0.0008149563 -0.005417712 -0.006224088 -0.002628202 0.0001796228 0.003902142 0.006109891 0.01036863 0.01248706 0.006661589 0.001597392 -0.002273598 -0.006720471 -0.003074922 0.001247899
0.007952565 0.006775428 -0.001104355 -0.001712053 -0.002791144 -0.002676023 0.0032003 0.01202983 0.0185738 0.02360529 0.02281615 0.02295486 0.02545593 0.02654859 0.0281106 0.02619977 0.0188218 0.01210524 -0.7417527 -0.301743 0.1097175 0.2690273 0.2564363 0.06431868 -0.006683657 -0.01305967 0.009612692 0.01133586 0.008532812 0.01377751 0.02494872 0.009435641 -0.001367118 -0.01138669 -0.01399431 -0.005652892 -0.001327285 0.00262159 0.003707811 0.002811992 0.01176605 0.01437602 0.01876138 0.02287489 0.02299334 0.02254584 0.02621926 0.02194135
0.02055955 0.02155714 0.02218617 0.01877343 0.01856547 0.0185129 0.02026162 0.02139956 0.02032369 0.02716378 0.03062571 0.02197042 -0.2088696 -0.5083241 -0.1650593 0.1198677 0.2385828 0.2546898 0.1928174 0.1359056 0.07611146 0.02860328 -0.004467594 -0.007002027 -0.01150343 -0.0148985 -0.003763965 0.0002802037 0.008327233 0.01151029 0.01187069 0.01336686 0.01618537 0.02827634 0.03211585 0.0329685 0.02778937 0.02415445 0.0157977 -0.0001326595 -0.020501 -0.03817885 -0.0514819 -0.04599922 -0.0284412 -0.003735125 0.02173285 0.05390507
