57320.0 57320.0 57340.0 57340.0 57350.0 57290.0 57320.0 57250.0 57250.0 57350.0 57360.0 57410.0 57410.0 57370.0 57330.0 57320.0 57330.0 57310.0 57360.0 57390.0 57400.0 57460.0 57460.0 57460.0 57470.0 57470.0 57560.0 57660.0 57740.0 57790.0
57790.0 57810.0 57810.0 57790.0 57730.0 57700.0 57680.0 57670.0 57630.0 57590.0 57550.0 57540.0 57480.0 57450.0 57430.0 57370.0 57350.0 57340.0 57370.0 57420.0 57460.0 57480.0 57510.0 57500.0 57470.0 57520.0 57530.0 57480.0 57440.0 57390.0
56600.0 56520.0 56430.0 56340.0 56260.0 56180.0 56100.0 56010.0 55990.0 55940.0 55910.0 55860.0 55830.0 55800.0 55790.0 55780.0 55740.0 55740.0 55770.0 55810.0 55810.0 55810.0 55810.0 55820.0 55800.0 55800.0 55750.0 55690.0 55640.0 55580.0
55560.0 55550.0 55520.0 55500.0 55480.0 55470.0 55460.0 55410.0 55380.0 55370.0 55330.0 55290.0 55270.0 55240.0 55230.0 55210.0 55160.0 55150.0 55130.0 55070.0 55060.0 55030.0 54990.0 54870.0 54910.0 54910.0 54910.0 54900.0 54900.0 54880.0
54870.0 54850.0 54830.0 54820.0 54820.0 54810.0 54790.0 54780.0 54810.0 54890.0 54990.0 55160.0 55200.0 55160.0 55220.0 55220.0 55270.0 55280.0 55290.0 55320.0 55330.0 55340.0 55350.0 55360.0 55400.0 55420.0 55420.0 55440.0 55480.0 55550.0
73320.0 73380.0 73390.0 73420.0 73370.0 73400.0 73430.0 73430.0 73470.0 73490.0 73610.0 73580.0 73640.0 73670.0 73690.0 73690.0 73690.0 73770.0 73780.0 73790.0 73860.0 73910.0 73970.0 74030.0 74010.0 74080.0 74100.0 74070.0 74120.0 74120.0
252960.0 253030.0 253060.0 253010.0 252950.0 252860.0 252790.0 252740.0 252710.0 252660.0 252640.0 252610.0 252650.0 252700.0 252760.0 252780.0 252770.0 252770.0 252680.0 252600.0 252540.0 252430.0 252320.0 252140.0 252140.0 252150.0 251900.0 251850.0 251770.0 251650.0
251360.0 251340.0 251360.0 251360.0 251380.0 251390.0 251370.0 251380.0 251380.0 251390.0 251390.0 251370.0 251360.0 251340.0 251330.0 251310.0 251230.0 251220.0 251210.0 251150.0 251130.0 251090.0 251090.0 251090.0 251060.0 251060.0 251100.0 251190.0 251180.0 251140.0
245020.0 244980.0 244970.0 244960.0 244960.0 244970.0 244990.0 244910.0 244940.0 245020.0 245030.0 244980.0 245040.0 245290.0 245370.0 245390.0 245400.0 245400.0 245410.0 245400.0 245400.0 245390.0 245380.0 245360.0 245320.0 245290.0 245280.0 245300.0 245320.0 245340.0
245410.0 245420.0 245400.0 245400.0 245400.0 245400.0 245410.0 245400.0 245340.0 245210.0 245120.0 245100.0 245010.0 245020.0 245070.0 245070.0 245110.0 245100.0 245120.0 245130.0 245150.0 245160.0 245190.0 245190.0 245180.0 245180.0 245160.0 245250.0 245240.0 245230.0
245180.0 245200.0 245220.0 245280.0 245300.0 245320.0 245330.0 245410.0 245370.0 245360.0 245340.0 245370.0 245390.0 245420.0 245440.0 245460.0 245480.0 245480.0 245500.0 245510.0 245540.0 245540.0 245570.0 245580.0 245620.0 245630.0 245650.0 245650.0 245670.0 245700.0
245720.0 245730.0 245780.0 245830.0 245910.0 245950.0 245950.0 245810.0 245820.0 245790.0 245820.0 245830.0 245860.0 245900.0 245910.0 245950.0 245980.0 246010.0 246040.0 246070.0 246100.0 246080.0 246040.0 246020.0 246050.0 246010.0 245950.0 245910.0 245890.0 245900.0
54410.0 54430.0 54470.0 54430.0 54460.0 54470.0 54480.0 54480.0 54470.0 54470.0 54490.0 54520.0 54540.0 54550.0 54590.0 54610.0 54600.0 54610.0 54640.0 54670.0 54670.0 54680.0 54680.0 54700.0 54690.0 54700.0 54690.0 54670.0 54650.0 54620.0
54700.0 54720.0 54750.0 54770.0 54770.0 54760.0 54780.0 54810.0 54830.0 54830.0 54830.0 54840.0 54850.0 54840.0 54840.0 54870.0 54880.0 54910.0 54920.0 54950.0 54940.0 54970.0 55000.0 55000.0 55010.0 55020.0 55010.0 55020.0 54990.0 54960.0
54690.0 54640.0 54610.0 54600.0 54590.0 54570.0 54570.0 54590.0 54560.0 54550.0 54510.0 54400.0 54360.0 54300.0 54330.0 54380.0 54500.0 54550.0 54540.0 54590.0 54600.0 54630.0 54660.0 54710.0 54750.0 54790.0 54790.0 54790.0 54820.0 54860.0
54860.0 54840.0 54790.0 54770.0 54760.0 54800.0 54800.0 54780.0 54760.0 54740.0 54740.0 54710.0 54760.0 54740.0 54750.0 54790.0 54810.0 54840.0 54850.0 54910.0 54880.0 54890.0 54860.0 54850.0 54850.0 54870.0 54930.0 54920.0 54890.0 54850.0
54220.0 54180.0 54180.0 54130.0 54090.0 54040.0 53950.0 53880.0 53830.0 53810.0 53750.0 53700.0 53700.0 53670.0 53720.0 53740.0 53780.0 53810.0 53820.0 53870.0 53890.0 53920.0 54030.0 54090.0 54160.0 54250.0 54300.0 54320.0 54340.0 54390.0
54360.0 54380.0 54370.0 54370.0 54390.0 54400.0 54420.0 54410.0 54370.0 54350.0 54350.0 54350.0 54340.0 54310.0 54310.0 54320.0 54350.0 54380.0 54380.0 54400.0 54430.0 54420.0 54410.0 54410.0 54360.0 54370.0 54350.0 54380.0 54320.0 54340.0
251860.0 251850.0 251870.0 251880.0 251860.0 251880.0 251880.0 251850.0 251860.0 251880.0 251880.0 251890.0 251900.0 251920.0 251900.0 251930.0 251950.0 251930.0 251960.0 251970.0 251940.0 251920.0 251920.0 251940.0 251960.0 251980.0 251920.0 251850.0 251830.0 251790.0
251510.0 251500.0 251520.0 251500.0 251500.0 251490.0 251460.0 251460.0 251430.0 251450.0 251420.0 251430.0 251400.0 251420.0 251410.0 251420.0 251400.0 251360.0 251330.0 251300.0 251270.0 251290.0 251300.0 251320.0 251310.0 251290.0 251300.0 251310.0 251290.0 251300.0
251510.0 251540.0 251530.0 251550.0 251570.0 251510.0 251500.0 251500.0 251520.0 251590.0 251570.0 251600.0 251780.0 251810.0 251830.0 251880.0 251910.0 251900.0 251880.0 251870.0 251890.0 251900.0 251880.0 251880.0 251880.0 251850.0 251860.0 251850.0 251860.0 251870.0
250490.0 250510.0 250560.0 250610.0 250750.0 250870.0 250950.0 250950.0 250990.0 250990.0 251220.0 251300.0 251350.0 251330.0 251270.0 251290.0 251260.0 251250.0 251250.0 251290.0 251280.0 251260.0 251250.0 251340.0 251200.0 250990.0 250880.0 250900.0 250820.0 250650.0
248930.0 248880.0 248880.0 248870.0 248850.0 248810.0 248800.0 248860.0 248940.0 248970.0 248990.0 249050.0 249140.0 249200.0 249270.0 249320.0 249330.0 249460.0 249590.0 249730.0 249790.0 249840.0 249950.0 250250.0 250400.0 250480.0 250540.0 250720.0 250850.0 251120.0
71420.0 71410.0 71400.0 71440.0 71500.0 71620.0 71630.0 71640.0 71690.0 71680.0 71750.0 71580.0 71610.0 71600.0 71570.0 71570.0 71580.0 71530.0 71580.0 71580.0 71610.0 71610.0 71620.0 71580.0 71570.0 71570.0 71580.0 71610.0 71570.0 71520.0
256050.0 256150.0 256200.0 256310.0 256370.0 256430.0 256510.0 256590.0 256720.0 256770.0 256750.0 256730.0 256690.0 256680.0 256650.0 256640.0 256580.0 256530.0 256560.0 256520.0 256610.0 256590.0 256560.0 256550.0 256540.0 256490.0 256450.0 256410.0 256380.0 256360.0
254910.0 254880.0 254840.0 254810.0 254740.0 254680.0 254610.0 254550.0 254500.0 254460.0 254430.0 254420.0 254410.0 254430.0 254400.0 254320.0 254260.0 254220.0 254260.0 254230.0 254250.0 254230.0 254150.0 254060.0 254100.0 254100.0 254090.0 254080.0 254020.0 254020.0
252660.0 252600.0 252600.0 252570.0 252540.0 252540.0 252320.0 252320.0 252310.0 252330.0 252320.0 252260.0 252230.0 252200.0 252180.0 252190.0 252170.0 252150.0 252140.0 252120.0 252100.0 252090.0 252090.0 252090.0 252080.0 252070.0 252070.0 252080.0 252080.0 252060.0
252210.0 252280.0 252310.0 252310.0 252290.0 252310.0 252350.0 252360.0 252510.0 252490.0 252530.0 252630.0 252650.0 252650.0 252670.0 252710.0 252730.0 252760.0 252810.0 252840.0 252950.0 253060.0 253140.0 253230.0 253280.0 253310.0 253350.0 253390.0 253390.0 253420.0
253550.0 253540.0 253530.0 253520.0 253510.0 253500.0 253510.0 253530.0 253550.0 253560.0 253570.0 253590.0 253490.0 253500.0 253520.0 253550.0 253640.0 253640.0 253640.0 253650.0 253650.0 253690.0 253690.0 253680.0 253720.0 253750.0 253760.0 253780.0 253780.0 253810.0
254230.0 254230.0 254230.0 254230.0 254240.0 254240.0 254220.0 254220.0 254250.0 254220.0 254310.0 254270.0 254260.0 254230.0 254220.0 254210.0 254190.0 254180.0 254160.0 254150.0 254140.0 254140.0 254110.0 254090.0 254110.0 254100.0 254120.0 254120.0 254120.0 254130.0
