495222695.0 495349925.0 495470626.0 495591875.0 495692615.0 495793584.0 495917162.0 496038623.0 496161609.0 496263763.0 496405125.0 496526652.0 496687465.0 496787934.0 496927919.0 497073496.0 497193735.0 497295624.0 497397688.0 497497934.0 497618336.0 497738820.0 497921396.0 498025630.0 498128826.0 498250615.0 498384570.0 498493578.0 498615744.0 498737056.0 498858536.0 498979138.0 499100352.0 499248094.0 499371919.0 499515608.0 499635804.0 499737576.0 499837900.0 499941053.0 500042088.0 500144157.0 500266493.0 500365627.0 500487090.0 500630855.0 500752117.0 500852728.0 500990116.0
501376941.0 501483057.0 501633833.0 501748110.0 501854357.0 501973376.0 502122101.0 502214654.0 502358298.0 502459252.0 502581540.0 502682669.0 502803120.0 502907503.0 503032110.0 503153709.0 503273656.0 503416392.0 503516907.0 503636758.0 503756938.0 503899600.0 504044856.0 504166756.0 504287883.0 504410667.0 504552382.0 504674811.0 504795418.0 504915718.0 505055614.0 505156035.0 505256836.0 505378085.0 505498853.0 505618911.0 505719749.0 505840663.0 505981495.0 506101559.0 506222325.0 506323729.0 506464888.0 506586774.0 506686745.0 506787907.0 506909362.0 507009772.0 507112048.0
513298926.0 513484158.0 513603847.0 513704439.0 513847852.0 513969363.0 514090153.0 514212529.0 514353115.0 514455768.0 514556740.0 514657802.0 514801153.0 514920911.0 515041341.0 515163941.0 515285063.0 515407652.0 515508735.0 515608201.0 515728436.0 515848841.0 515969387.0 516073163.0 516232689.0 516333709.0 516453825.0 516579780.0 516719106.0 516841877.0 516965773.0 517067599.0 517208705.0 517329263.0 517432723.0 517531810.0 517633108.0 517773433.0 517874814.0 517995598.0 518095042.0 518236077.0 518336360.0 518459100.0 518580672.0 518700725.0 518824588.0 518962822.0 519065613.0
519308434.0 519408553.0 519530063.0 519651130.0 519752693.0 519896357.0 520016887.0 520117436.0 520236829.0 520381641.0 520502883.0 520625130.0 520764790.0 520867564.0 520967490.0 521090476.0 521192877.0 521315833.0 521437654.0 521558852.0 521680713.0 521800460.0 521924290.0 522024911.0 522126055.0 522284461.0 522388204.0 522509154.0 522629686.0 522729340.0 522850785.0 522975708.0 523097656.0 523201494.0 523323888.0 523444875.0 523565780.0 523665777.0 523807787.0 523910365.0 524030977.0 524151486.0 524252324.0 524392134.0 524492358.0 524616765.0 524738635.0 524879931.0 524980711.0
525200505.0 525300514.0 525421664.0 525522797.0 525643645.0 525763395.0 525846770.0 525967326.0 526068457.0 526192641.0 526314579.0 526453596.0 526557667.0 526657725.0 526758699.0 526879087.0 527000530.0 527123914.0 527244661.0 527366661.0 527507864.0 527628540.0 527749560.0 527870563.0 527991552.0 528172470.0 528293702.0 528398770.0 528520600.0 528621406.0 528742473.0 528885683.0 528986143.0 529110460.0 529230757.0 529351067.0 529512911.0 529636514.0 529757120.0 529878361.0 530019530.0 530141092.0 530241347.0 530404679.0 530486154.0 530626941.0 530728937.0 530912124.0 531012513.0
186008242.0 186113407.0 186215493.0 186380049.0 186483718.0 186606106.0 186749073.0 186892617.0 186996544.0 187127263.0 187264090.0 187352983.0 187494504.0 187596139.0 187761848.0 187908058.0 188056007.0 188177732.0 188303622.0 188435452.0 188526185.0 188688836.0 188900536.0 189084153.0 189205858.0 189317643.0 189502593.0 189627732.0 189754833.0 189860350.0 189989984.0 190094804.0 190216748.0 190363065.0 190496398.0 190618185.0 190762245.0 190906842.0 191072573.0 191198392.0 191301725.0 191427744.0 191609281.0 191755747.0 191875677.0 191997114.0 192160067.0 192280737.0 192403442.0
571207582.0 571307947.0 571450273.0 571571684.0 571711220.0 571831647.0 571941410.0 572071211.0 572191735.0 572311626.0 572415900.0 572581572.0 572740985.0 572862114.0 572983981.0 573123702.0 573223808.0 573345612.0 573470136.0 573591961.0 573711967.0 573812437.0 573952755.0 574072380.0 574172465.0 574272197.0 574395866.0 574537542.0 574777367.0 575057083.0 575277495.0 575543705.0 575643198.0 575903515.0 576143163.0 576263121.0 576488324.0 576748356.0 577228144.0 577369166.0 577615103.0 577715131.0 577835224.0 577975662.0 578083203.0 578175614.0 578296360.0 578418841.0 578540630.0
579223560.0 579343141.0 579446948.0 579567632.0 579667736.0 579787619.0 579888212.0 580008646.0 580108696.0 580248205.0 580348515.0 580514735.0 580633708.0 580734166.0 580833716.0 580954155.0 581094399.0 581214477.0 581334344.0 581436392.0 581557407.0 581657107.0 581797998.0 581918211.0 582018450.0 582138037.0 582258403.0 582421168.0 582545565.0 582645474.0 582766093.0 582866248.0 582987001.0 583106947.0 583247392.0 583366974.0 583513725.0 583653649.0 583813102.0 583933602.0 584093379.0 584193503.0 584293901.0 584415540.0 584544617.0 584798091.0 584899857.0 585029252.0 585123836.0
623148761.0 623239701.0 623348723.0 623466943.0 623567459.0 623687097.0 623807411.0 623947466.0 624066966.0 624187703.0 624327108.0 624449975.0 624593749.0 624835872.0 625056386.0 625296926.0 625438563.0 625579203.0 625699203.0 625940506.0 626060664.0 626201464.0 626647888.0 626867692.0 626988481.0 627088457.0 627188451.0 627288718.0 627391474.0 627536642.0 627655991.0 627776717.0 627896027.0 628015993.0 628156131.0 628256396.0 628378386.0 628503123.0 628622612.0 628762834.0 628883352.0 629015137.0 629122764.0 629242848.0 629362825.0 629467921.0 629609663.0 629709717.0 629809653.0
631193724.0 631294140.0 631396825.0 631520414.0 631620102.0 631740306.0 631860874.0 631980737.0 632080878.0 632181972.0 632281605.0 632383982.0 632512531.0 632631958.0 632752115.0 632852563.0 632974741.0 633116244.0 633215917.0 633335964.0 633478877.0 633601128.0 633701442.0 633803906.0 633923516.0 634023567.0 634143675.0 634263931.0 634363694.0 634490668.0 634613480.0 634833766.0 635033773.0 635133679.0 635253760.0 635416517.0 635777643.0 635877137.0 636137463.0 636377267.0 636661738.0 636763519.0 636864368.0 637085193.0 637305908.0 637569688.0 637709895.0 637910856.0 638050783.0
646609865.0 646829465.0 646929427.0 647130146.0 647370648.0 647519994.0 647619207.0 647739229.0 647859480.0 647979146.0 648119614.0 648239334.0 648359353.0 648485431.0 648584770.0 648684961.0 648804896.0 648965337.0 649084805.0 649184807.0 649304781.0 649406137.0 649538862.0 649651125.0 649791211.0 649911510.0 650031191.0 650151513.0 650271186.0 650413932.0 650576566.0 650696497.0 650796685.0 650897163.0 651017440.0 651157149.0 651297085.0 651504972.0 651644711.0 651784145.0 651924479.0 652044673.0 652184163.0 652284632.0 652426814.0 652571410.0 652711552.0 652813121.0 652952736.0
654241193.0 654341219.0 654487547.0 654649219.0 654869484.0 655089771.0 655190210.0 655453099.0 655574763.0 655674783.0 656094901.0 656194952.0 656436577.0 656680087.0 656920412.0 657180212.0 657280779.0 657382737.0 657484478.0 657604597.0 657714313.0 657814650.0 657924668.0 658024763.0 658124655.0 658224619.0 658324920.0 658447479.0 658591484.0 658691537.0 658791795.0 658892216.0 659052095.0 659172476.0 659272086.0 659393838.0 659557956.0 659657639.0 659777923.0 659898091.0 660038379.0 660157909.0 660257922.0 660380947.0 660562692.0 660662652.0 660763106.0 660882988.0 661043575.0
280669479.0 280775528.0 280899276.0 281068726.0 281196607.0 281317610.0 281440000.0 281540310.0 281707462.0 281815055.0 281916459.0 282042386.0 282170553.0 282315603.0 282464818.0 282636233.0 282757265.0 282858727.0 282981964.0 283123191.0 283245799.0 283395229.0 283522820.0 283732467.0 283854230.0 283983873.0 284128509.0 284299648.0 284424451.0 284548705.0 284694771.0 284838831.0 285005572.0 285108622.0 285257251.0 285386283.0 285531523.0 285674597.0 285780448.0 285906475.0 286030835.0 286173266.0 286276159.0 286400581.0 286565730.0 286673429.0 286795614.0 286896811.0 286997994.0
309601980.0 309747146.0 309868177.0 309991258.0 310113300.0 310236670.0 310401680.0 310546774.0 310668116.0 310793601.0 310917783.0 311060339.0 311181568.0 311289845.0 311412598.0 311533470.0 311655622.0 311796947.0 311898563.0 312021245.0 312137468.0 312223992.0 312326374.0 312455657.0 312558374.0 312663693.0 312785278.0 312971089.0 313092367.0 313213764.0 313356583.0 313541520.0 313646505.0 313810506.0 313932535.0 314080620.0 314232121.0 314353547.0 314476682.0 314668600.0 314793412.0 314916819.0 315062970.0 315167535.0 315288133.0 315391651.0 315513421.0 315681686.0 315785334.0
316612200.0 316737427.0 316860043.0 316986286.0 317147654.0 317312473.0 317498446.0 317602437.0 317746792.0 317870683.0 318012442.0 318133736.0 318256230.0 318379964.0 318502241.0 318604529.0 318749690.0 318852786.0 319015257.0 319156658.0 319307482.0 319471617.0 319621226.0 319763521.0 319906281.0 320032438.0 320158481.0 320300071.0 320432534.0 320545738.0 320730828.0 320872859.0 321018107.0 321118649.0 321261594.0 321387416.0 321532041.0 321657833.0 321813621.0 321924357.0 322047938.0 322191490.0 322336609.0 322441970.0 322568598.0 322692602.0 322824593.0 322921974.0 323049162.0
323709521.0 323853106.0 323953467.0 324114853.0 324240455.0 324404112.0 324526811.0 324652964.0 324818397.0 324939254.0 325086367.0 325233524.0 325350344.0 325450347.0 325595470.0 325735616.0 325860001.0 326004776.0 326126858.0 326292572.0 326414438.0 326540939.0 326703621.0 326830992.0 326952954.0 327076062.0 327182720.0 327327824.0 327450970.0 327552834.0 327688797.0 327800686.0 327945334.0 328067831.0 328219593.0 328345563.0 328530680.0 328655735.0 328777978.0 328903721.0 329111423.0 329237578.0 329340640.0 329466536.0 329630328.0 329734604.0 329858775.0 329978425.0 330118975.0
339650250.0 339770555.0 339872735.0 339994441.0 340140530.0 340269684.0 340416846.0 340556421.0 340660226.0 340802587.0 340924434.0 341066593.0 341188011.0 341329656.0 341474818.0 341597770.0 341765351.0 341911715.0 342033655.0 342165079.0 342290710.0 342431776.0 342597734.0 342709577.0 342849235.0 342990793.0 343112567.0 343281509.0 343430890.0 343534586.0 343639060.0 343741233.0 343848764.0 343969286.0 344076686.0 344221799.0 344423630.0 344533321.0 344659339.0 344781477.0 344927637.0 345089781.0 345211677.0 345333375.0 345454431.0 345579993.0 345704366.0 345852953.0 345977460.0
345579993.0 345704366.0 345852953.0 345977460.0 346127620.0 346252783.0 346358059.0 346500016.0 346631344.0 346758541.0 346880982.0 347003712.0 347128243.0 347255079.0 347358526.0 347483802.0 347606274.0 347727634.0 347915570.0 348057569.0 348179068.0 348325399.0 348448482.0 348578612.0 348726477.0 348848946.0 348970342.0 349093093.0 349259791.0 349401701.0 349565661.0 349666255.0 349768446.0 349930484.0 350054639.0 350176131.0 350298088.0 350439854.0 350561048.0 350683114.0 350804384.0 350945691.0 351070067.0 351190052.0 351302294.0 351424956.0 351546780.0 351701847.0 351833191.0
343158686.0 343278121.0 343380926.0 343527859.0 343667894.0 343808183.0 343948178.0 344087942.0 344207831.0 344328199.0 344593383.0 344834561.0 344954203.0 345174196.0 345294625.0 345417418.0 345561159.0 345801146.0 345901774.0 346041157.0 346260996.0 346505948.0 346625700.0 346745586.0 347025806.0 347145422.0 347245417.0 347366693.0 347469653.0 347590358.0 347710584.0 347810670.0 347950373.0 348070143.0 348190222.0 348330109.0 348433905.0 348556696.0 348696903.0 348796910.0 348936711.0 349036914.0 349156807.0 349256730.0 349356916.0 349502781.0 349602654.0 349702857.0 349802909.0
357179457.0 357279687.0 357382485.0 357505774.0 357625436.0 357725484.0 357845515.0 357977644.0 358085123.0 358205201.0 358305503.0 358429687.0 358569706.0 358690066.0 358842528.0 358929985.0 359069794.0 359169809.0 359309899.0 359434175.0 359576784.0 359696812.0 359796942.0 359916652.0 360037115.0 360176655.0 360276739.0 360378610.0 360540491.0 360660719.0 360760839.0 360860533.0 360960970.0 361060554.0 361160520.0 361261204.0 361383634.0 361507252.0 361626981.0 361746801.0 361906929.0 362027578.0 362166977.0 362287403.0 362410160.0 362552535.0 362652694.0 362787706.0 362912917.0
372170941.0 372270885.0 372393910.0 372546708.0 372656808.0 372796985.0 372896745.0 372997363.0 373096745.0 373196762.0 373316750.0 373440625.0 373582100.0 373742672.0 373861824.0 373991770.0 374081794.0 374202134.0 374527160.0 374806944.0 374927796.0 375027386.0 375573388.0 375693443.0 375843190.0 376053709.0 376253936.0 376396709.0 376538954.0 376819329.0 377078860.0 377199125.0 377339363.0 377463739.0 377584686.0 377705083.0 377864687.0 377985175.0 378085331.0 378205328.0 378325377.0 378490661.0 378610413.0 378730738.0 378830658.0 378950457.0 379051519.0 379171097.0 379301356.0
400164993.0 400285779.0 400387145.0 400532955.0 400654671.0 400755900.0 400855929.0 400965931.0 401076318.0 401196604.0 401316989.0 401425690.0 401589178.0 401716844.0 401829199.0 401949526.0 402049491.0 402189199.0 402309647.0 402452657.0 402571528.0 402671506.0 402791544.0 402911814.0 403031524.0 403131444.0 403231490.0 403331458.0 403435499.0 403556985.0 403697182.0 403817457.0 403957131.0 404077579.0 404216933.0 404337132.0 404583213.0 404803133.0 405043118.0 405509516.0 405749180.0 406028871.0 406149401.0 406370572.0 406533451.0 406632784.0 406873429.0 406972872.0 407172753.0
420226605.0 420326576.0 420511515.0 420631336.0 420732163.0 420852375.0 421031901.0 421132423.0 421231819.0 421352152.0 421540585.0 421640757.0 421770922.0 421880844.0 422000797.0 422121616.0 422220806.0 422341460.0 422485556.0 422605616.0 422745152.0 422845396.0 422945288.0 423045776.0 423165428.0 423305167.0 423590877.0 423710991.0 423851087.0 423950938.0 424061488.0 424171173.0 424291567.0 424515968.0 424755985.0 425016288.0 425295985.0 425418973.0 425639770.0 425759901.0 425919898.0 426120274.0 426339825.0 426485691.0 426587816.0 426707703.0 426927947.0 427087971.0 427187720.0
241079139.0 241261316.0 241382352.0 241503790.0 241625546.0 241727586.0 241869040.0 241990452.0 242112480.0 242253918.0 242415083.0 242557842.0 242709004.0 242820787.0 242944101.0 243104692.0 243205112.0 243346615.0 243446618.0 243557915.0 243688360.0 243808914.0 243951927.0 244092655.0 244212630.0 244333795.0 244456415.0 244577743.0 244719011.0 244838772.0 244959505.0 245061378.0 245181912.0 245283683.0 245425116.0 245546740.0 245668639.0 245769417.0 245912425.0 246053139.0 246194197.0 246320349.0 246448765.0 246605644.0 246726839.0 246870144.0 247011924.0 247133069.0 247254072.0
77165400.0 77387554.0 77529664.0 77649391.0 77750214.0 77870400.0 78010817.0 78150701.0 78250931.0 78373520.0 78495639.0 78595576.0 78736530.0 78817220.0 78937926.0 79078227.0 79178321.0 79317950.0 79443464.0 79567172.0 79708218.0 79808669.0 79947966.0 80068357.0 80188810.0 80288643.0 80433812.0 80574806.0 80675389.0 80795415.0 80915581.0 81016460.0 81135364.0 81235738.0 81335382.0 81481228.0 81581616.0 81721979.0 81842114.0 81962489.0 82082904.0 82202465.0 82322804.0 82450613.0 82590516.0 82730321.0 82850594.0 82970206.0 83090530.0
97140179.0 97260561.0 97403467.0 97524719.0 97644710.0 97745901.0 97866741.0 97966988.0 98087580.0 98187702.0 98308650.0 98434682.0 98575800.0 98695915.0 98815751.0 98916192.0 99035641.0 99136528.0 99236511.0 99336460.0 99501613.0 99621414.0 99721150.0 99821616.0 99921112.0 100021111.0 100141188.0 100261141.0 100424962.0 100546361.0 100666213.0 100805989.0 100946517.0 101065937.0 101186164.0 101306112.0 101452613.0 101553705.0 101653796.0 101754126.0 101893624.0 102013453.0 102113497.0 102233517.0 102333810.0 102457462.0 102578180.0 102678603.0 102798887.0
115408882.0 115650919.0 115771923.0 115971503.0 116251694.0 116478641.0 116598896.0 116718636.0 116938466.0 117038496.0 117505189.0 117644146.0 117764483.0 117864692.0 117984169.0 118124511.0 118224509.0 118344730.0 118467789.0 118566842.0 118666863.0 118786813.0 118906885.0 119006882.0 119127083.0 119226979.0 119327305.0 119490641.0 119610103.0 119730407.0 119830150.0 119970559.0 120070656.0 120170426.0 120269991.0 120373810.0 120518698.0 120658396.0 120758826.0 120898709.0 120998741.0 121119193.0 121219211.0 121383949.0 121506942.0 121606978.0 121727130.0 121846830.0 121967236.0
123172862.0 123272717.0 123395414.0 123536839.0 123637401.0 123757629.0 123876946.0 123997421.0 124257371.0 124379189.0 124604924.0 124725443.0 124845680.0 125125480.0 125527545.0 125629905.0 125750602.0 126187575.0 126412797.0 126556205.0 126776096.0 126916336.0 127055694.0 127155958.0 127275829.0 127438829.0 127600926.0 127721159.0 127880961.0 127981237.0 128121374.0 128241000.0 128363987.0 128545522.0 128645907.0 128745643.0 128845676.0 128966113.0 129085819.0 129206576.0 129326126.0 129491888.0 129590839.0 129711495.0 129831806.0 129931856.0 130051637.0 130171801.0 130291187.0
152146382.0 152266281.0 152388644.0 152511648.0 152610958.0 152731394.0 152831593.0 152931924.0 153053714.0 153173881.0 153291643.0 153374962.0 153497749.0 153597433.0 153736983.0 153817144.0 153937500.0 154037166.0 154177141.0 154421575.0 154643424.0 154783940.0 155043193.0 155263187.0 155383946.0 155624730.0 155724958.0 155965145.0 156225441.0 156345147.0 156470459.0 156731191.0 156871177.0 156991196.0 157130909.0 157231671.0 157351218.0 157499935.0 157619731.0 157759831.0 157882415.0 158022908.0 158185608.0 158305190.0 158428852.0 158549150.0 158689133.0 158828952.0 158929971.0
176285808.0 176491139.0 176611643.0 176991589.0 177111238.0 177231664.0 177332627.0 177503712.0 177623498.0 177743956.0 177844342.0 177985112.0 178120915.0 178205663.0 178305790.0 178451662.0 178572504.0 178712159.0 178812179.0 178952481.0 179052121.0 179173344.0 179293563.0 179416472.0 179558786.0 179659456.0 179781363.0 179902042.0 180042206.0 180162208.0 180283198.0 180404987.0 180548741.0 180649562.0 180769970.0 180869613.0 180990805.0 181110972.0 181231323.0 181396686.0 181517797.0 181677495.0 181797214.0 181918994.0 182040825.0 182160987.0 182281827.0 182383576.0 182507635.0
