-1.679341 -1.667884 -1.642108 -1.628648 -1.624738 -1.622101 -1.636505 -1.665322 -1.665615 -1.652503 -1.640012 -1.626436 -1.627372 -1.641947 -1.663486 -1.675594 -1.686354 -1.700995 -1.718207 -1.727141 -1.72493 -1.709593 -1.693904 -1.686893 -1.701513 -1.712839 -1.693756 -1.672996 -1.65981 -1.670082 -1.674379 -1.668416 -1.661217 -1.660017 -1.65797 -1.65703 -1.66404 -1.670723 -1.675374 -1.68614 -1.689372 -1.675747 -1.663581 -1.647548 -1.646852 -1.659209 -1.656557 -1.654665
-1.66122 -1.683165 -1.678279 -1.653312 -1.653042 -1.655833 -1.669232 -1.692303 -1.692294 -1.685163 -1.673449 -1.669068 -1.672739 -1.67567 -1.673341 -1.678012 -1.680157 -1.684555 -1.687425 -1.685489 -1.688378 -1.687655 -1.683104 -1.683138 -1.684563 -1.684652 -1.684212 -1.680363 -1.669219 -1.666038 -1.669172 -1.669591 -1.672779 -1.677323 -1.681317 -1.673032 -1.676426 -1.680052 -1.676293 -1.669885 -1.678156 -1.679937 -1.678524 -1.682886 -1.682919 -1.684237 -1.68139 -1.68161
-1.65625 -1.654441 -1.653797 -1.654343 -1.656007 -1.655757 -1.657074 -1.654652 -1.655023 -1.653628 -1.652002 -1.651022 -1.652549 -1.655824 -1.657425 -1.659778 -1.65972 -1.661165 -1.65954 -1.658225 -1.662322 -1.661725 -1.660688 -1.660776 -1.657648 -1.656876 -1.659296 -1.660039 -1.661686 -1.661839 -1.661383 -1.659338 -1.657554 -1.65778 -1.65906 -1.657826 -1.655843 -1.653103 -1.654097 -1.662679 -1.6637 -1.665475 -1.664856 -1.6671 -1.668726 -1.656543 -1.653364 -1.659992
-1.66723 -1.667587 -1.672172 -1.67161 -1.671563 -1.673018 -1.671748 -1.672271 -1.671657 -1.672344 -1.676469 -1.676612 -1.676986 -1.679557 -1.68296 -1.680529 -1.683082 -1.678168 -1.675866 -1.678079 -1.675184 -1.675176 -1.676275 -1.673884 -1.672054 -1.673278 -1.684754 -1.697856 -1.700961 -1.704426 -1.701624 -1.696069 -1.693297 -1.698346 -1.691899 -1.691885 -1.691277 -1.694126 -1.700042 -1.706093 -1.700524 -1.691482 -1.687146 -1.687846 -1.68852 -1.689654 -1.687802 -1.68129
-1.667737 -1.661328 -1.660713 -1.656817 -1.648068 -1.643247 -1.644727 -1.64022 -1.641841 -1.647453 -1.650275 -1.640217 -1.634873 -1.635784 -1.637243 -1.641499 -1.642102 -1.641472 -1.642208 -1.643638 -1.640116 -1.638916 -1.634843 -1.631229 -1.631551 -1.629637 -1.629359 -1.634117 -1.637254 -1.636625 -1.637009 -1.637188 -1.639463 -1.638645 -1.642134 -1.643309 -1.650176 -1.650196 -1.648172 -1.645488 -1.639463 -1.644951 -1.650258 -1.654464 -1.659496 -1.663708 -1.667663 -1.671325
-1.435495 -1.431234 -1.424612 -1.425247 -1.430809 -1.438652 -1.43022 -1.429487 -1.431978 -1.433032 -1.423643 -1.421589 -1.415365 -1.419155 -1.437541 -1.437925 -1.438177 -1.427802 -1.434127 -1.438892 -1.434484 -1.441916 -1.440807 -1.431519 -1.430931 -1.42284 -1.421094 -1.427243 -1.417249 -1.402092 -1.394769 -1.390551 -1.394039 -1.379757 -1.373458 -1.381375 -1.370812 -1.377799 -1.394231 -1.395612 -1.425847 -1.426684 -1.423358 -1.421945 -1.408429 -1.411344 -1.417435 -1.422723
-0.3308881 -0.3301939 -0.328779 -0.3296754 -0.3295496 -0.3302457 -0.3299447 -0.3273384 -0.3267729 -0.3273198 -0.3279968 -0.3273352 -0.3263432 -0.3245171 -0.3245825 -0.3246497 -0.3247772 -0.3238469 -0.3206693 -0.3186513 -0.271302 -0.1783547 -0.2918315 -0.3159705 -0.3113033 -0.3043967 -0.3119791 -0.322071 -0.3210814 -0.3193643 -0.315819 -0.3142099 -0.313192 -0.312842 -0.3128205 -0.3112364 -0.3118064 -0.3086709 -0.3073106 -0.3067361 -0.3069804 -0.303497 -0.3053316 -0.3064168 -0.3097325 -0.3129359 -0.3157802 -0.3200721
-0.3136463 -0.3130593 -0.3124078 -0.3127744 -0.3130385 -0.3136929 -0.3112351 -0.3134559 -0.3103568 -0.3103986 -0.3081953 -0.3086146 -0.309077 -0.3098668 -0.3116758 -0.312707 -0.3150006 -0.317163 -0.3166954 -0.3171212 -0.3154565 -0.3163187 -0.3149493 -0.3164748 -0.3134508 0.001849061 -0.04370396 -0.2932983 -0.3020871 -0.2865021 -0.2736489 -0.2955276 -0.3098038 -0.312182 -0.311788 -0.30638 -0.3025335 -0.297703 -0.296712 -0.2971885 -0.2956595 -0.2972407 -0.2969303 -0.296943 -0.2948855 -0.2967362 -0.2944478 -0.2937846
-0.8561921 -0.8536153 -0.8535789 -0.8527216 -0.8535753 -0.8537231 -0.8533488 -0.8552191 -0.8577392 -0.8568102 -0.8556199 -0.7630125 -0.6191243 -0.7439634 -0.8475889 -0.8602833 -0.8562691 -0.8553759 -0.8558041 -0.8546079 -0.8547084 -0.8553554 -0.8510692 -0.8485714 -0.8477958 -0.8455935 -0.8451943 -0.8471711 -0.8456576 -0.8466806 -0.847428 -0.8486434 -0.8488023 -0.8501432 -0.8521847 -0.8526474 -0.8532363 -0.85374 -0.8553017 -0.8553298 -0.8565329 -0.858017 -0.8589756 -0.859651 -0.859951 -0.857663 -0.8584269 -0.8594258
-0.8524315 -0.8511828 -0.8523215 -0.8526698 -0.8523122 -0.8523893 -0.8527443 -0.8523973 -0.8497629 -0.8509872 -0.85124 -0.8258428 -0.3655786 -0.4121694 -0.6199949 -0.73655 -0.8220409 -0.8392532 -0.8187276 -0.8376848 -0.8620327 -0.8641544 -0.8642344 -0.8649285 -0.8639578 -0.861661 -0.8599924 -0.8574552 -0.8564158 -0.8567573 -0.8471896 -0.846527 -0.846209 -0.8428665 -0.8408589 -0.8382958 -0.8385569 -0.8404414 -0.8385859 -0.8368295 -0.8400057 -0.8378199 -0.8382962 -0.8380194 -0.8361607 -0.8361612 -0.8328263 -0.8349309
-0.8378757 -0.8405983 -0.8362272 -0.8378792 -0.8368673 -0.8372775 -0.843947 -0.843338 -0.8459238 -0.8408409 -0.839404 -0.8418757 -0.8413795 -0.8320528 -0.4955464 -0.5493897 -0.7268849 -0.8071281 -0.8377004 -0.842546 -0.8532296 -0.8607596 -0.8609055 -0.8559667 -0.8573663 -0.8586364 -0.8588838 -0.8596325 -0.863049 -0.8616766 -0.8609949 -0.8644725 -0.8605626 -0.864324 -0.8640749 -0.862042 -0.8639597 -0.8643566 -0.8665152 -0.8661077 -0.8685346 -0.8670722 -0.8690385 -0.866182 -0.8678858 -0.8652025 -0.8637114 -0.8660482
-0.8698295 -0.868152 -0.8621565 -0.8615761 -0.8567209 -0.858018 -0.8585343 -0.8603417 -0.8624973 -0.8633368 -0.8640397 -0.8642901 -0.7559209 -0.5142919 -0.7996604 -0.8248337 -0.8556397 -0.859136 -0.8586702 -0.8615264 -0.8612068 -0.8637392 -0.8639213 -0.8619683 -0.8638235 -0.8603545 -0.8592884 -0.8570491 -0.8543623 -0.8553892 -0.8517606 -0.8510329 -0.8524245 -0.8498614 -0.8491812 -0.8502582 -0.8471068 -0.8472549 -0.8473998 -0.8459567 -0.849067 -0.8485801 -0.8573522 -0.8651252 -0.8608947 -0.8672293 -0.8683384 -0.8660605
-1.457571 -1.467728 -1.462203 -1.461394 -1.460445 -1.456306 -1.460511 -1.459802 -1.457729 -1.449785 -1.439143 -1.433581 -1.433183 -1.422342 -1.40979 -1.432397 -1.455106 -1.457687 -1.456818 -1.450292 -1.510182 -1.493163 -1.452015 -1.44714 -1.450015 -1.447645 -1.433375 -1.444387 -1.447632 -1.44842 -1.450871 -1.449364 -1.452968 -1.458032 -1.453289 -1.446819 -1.451788 -1.458354 -1.460084 -1.470589 -1.469499 -1.458609 -1.456017 -1.457463 -1.468237 -1.467652 -1.466384 -1.463474
-1.453015 -1.449645 -1.450082 -1.444906 -1.446156 -1.442551 -1.433759 -1.426424 -1.438433 -1.449439 -1.452571 -1.438333 -1.398202 -1.424932 -1.435552 -1.407134 -1.431076 -1.44165 -1.440901 -1.435666 -1.429495 -1.432843 -1.424183 -1.408243 -1.418032 -1.427179 -1.425049 -1.424133 -1.431045 -1.449747 -1.458502 -1.46562 -1.452301 -1.442556 -1.436459 -1.439521 -1.454311 -1.467039 -1.474276 -1.459523 -1.448721 -1.453199 -1.453925 -1.454816 -1.458935 -1.470277 -1.470782 -1.462607
-1.46821 -1.478209 -1.479843 -1.469853 -1.460295 -1.456615 -1.467981 -1.471653 -1.472503 -1.481781 -1.476466 -1.466655 -1.474784 -1.633337 -1.663121 -1.614914 -1.564915 -1.554206 -1.521855 -1.467424 -1.457252 -1.455259 -1.455442 -1.451484 -1.437153 -1.445638 -1.457995 -1.456837 -1.438268 -1.436492 -1.449173 -1.477679 -1.477433 -1.473273 -1.449414 -1.442527 -1.447258 -1.447815 -1.458324 -1.461044 -1.470146 -1.461705 -1.469115 -1.469793 -1.46156 -1.468582 -1.461385 -1.451595
-1.444849 -1.457645 -1.463096 -1.454832 -1.451904 -1.451502 -1.453427 -1.448843 -1.464635 -1.4605 -1.466505 -1.474664 -1.455869 -1.460664 -1.477152 -1.469237 -1.474281 -1.462379 -1.465251 -1.485659 -1.485516 -1.461162 -1.451197 -1.464636 -1.459353 -1.44622 -1.468724 -1.461778 -1.448257 -1.442081 -1.441983 -1.467036 -1.468418 -1.448648 -1.429479 -1.435275 -1.434131 -1.441958 -1.464702 -1.461218 -1.458019 -1.453839 -1.442908 -1.455225 -1.459765 -1.46724 -1.47286 -1.475317
-1.462047 -1.446002 -1.436021 -1.445308 -1.439825 -1.424947 -1.42828 -1.434918 -1.444588 -1.457465 -1.45435 -1.486298 -1.541844 -1.424347 -1.43242 -1.442126 -1.434696 -1.423136 -1.430615 -1.430018 -1.423325 -1.431479 -1.434513 -1.435749 -1.445094 -1.452771 -1.45906 -1.444636 -1.442682 -1.449272 -1.449294 -1.445242 -1.449358 -1.46101 -1.473534 -1.478836 -1.467223 -1.46037 -1.458238 -1.458727 -1.458382 -1.455034 -1.45553 -1.455822 -1.457221 -1.454137 -1.453975 -1.456627
-1.457221 -1.454137 -1.453975 -1.456627 -1.455513 -1.456645 -1.454908 -1.449739 -1.453972 -1.451012 -1.446108 -1.449221 -1.446604 -1.453469 -1.458278 -1.450894 -1.472091 -1.497986 -1.448576 -1.461064 -1.473404 -1.463112 -1.45803 -1.446039 -1.43808 -1.442175 -1.454443 -1.454771 -1.451281 -1.468703 -1.466176 -1.467505 -1.46235 -1.455589 -1.453621 -1.445116 -1.448618 -1.450543 -1.460644 -1.449398 -1.453372 -1.46316 -1.460386 -1.458831 -1.461692 -1.454707 -1.446263 -1.454017
1.187265 1.185654 1.187564 1.187237 1.189639 1.193384 1.19213 1.19621 1.20211 1.209923 1.208069 1.12299 1.213299 1.187642 1.212595 1.21429 1.219233 1.226451 1.221411 1.219454 1.223256 1.209652 1.202805 1.195721 1.188081 1.177842 1.17626 1.172899 1.166968 1.168554 1.1738 1.176794 1.177908 1.178435 1.175864 1.176407 1.181877 1.183014 1.181991 1.180497 1.178088 1.178756 1.180128 1.1824 1.18509 1.189905 1.195191 1.200334
1.18784 1.189582 1.190052 1.193154 1.191776 1.193725 1.188279 1.184905 1.181258 1.173168 1.168664 1.164227 1.164334 1.165142 1.166094 1.107931 1.034807 1.098451 1.149866 1.152195 1.166366 1.169833 1.1766 1.187373 1.189896 1.186594 1.182015 1.183176 1.186051 1.189866 1.193871 1.199811 1.204172 1.20428 1.201955 1.199289 1.195113 1.197856 1.197199 1.200812 1.207098 1.207542 1.216108 1.213624 1.208943 1.211362 1.208703 1.209865
1.17814 1.179876 1.180485 1.178355 1.177862 1.179248 1.17843 1.177791 1.1787 1.178478 1.178586 1.182116 1.182396 1.180577 1.174355 1.182282 1.181228 1.184822 1.193374 1.193143 1.189669 1.188689 1.188465 1.184421 1.182615 1.180582 1.18081 1.18514 1.181174 1.178978 1.180212 1.181492 1.180838 1.185229 1.188007 1.186042 1.186428 1.185322 1.187238 1.18889 1.186258 1.184114 1.185753 1.185184 1.184701 1.18376 1.184933 1.185676
0.7138116 0.707173 0.7061716 0.7070652 0.7081451 0.7037594 0.7036183 0.7057354 0.7070304 0.7096438 0.7154984 0.7116464 0.7067736 0.7077131 0.7264845 0.7305725 0.7089952 0.7084441 0.6994954 0.7016305 0.705225 0.7078787 0.7101932 0.712917 0.7148072 0.7139267 0.713868 0.711618 0.7110191 0.7111526 0.7078571 0.7087611 0.7065057 0.7052256 0.7402401 0.9302338 1.189092 1.415506 1.5527 1.69539 1.980329 2.077106 2.088462 2.088742 2.08978 2.0899 2.090135 2.089712
2.081281 2.079139 2.079555 2.079174 2.079886 2.079113 2.078051 2.07492 2.078132 2.076654 2.074803 2.074919 2.071255 2.069143 2.069635 2.078781 2.0825 2.066113 2.062047 2.056986 2.061277 2.064518 2.064698 2.06822 2.077143 2.0795 2.081298 2.08135 2.080682 2.080582 2.083943 2.084385 2.085617 2.086303 2.087241 2.088009 2.090741 2.091257 2.092514 2.092628 2.086082 2.079137 2.078762 2.075108 2.071891 2.072203 2.074885 2.074661
1.577709 1.572165 1.570274 1.570861 1.566989 1.553978 1.558389 1.561435 1.566236 1.56358 1.567365 1.564627 1.588074 1.577624 1.256773 1.553743 1.554305 1.575531 1.583902 1.582205 1.573452 1.56887 1.58143 1.587275 1.582391 1.583259 1.583224 1.586803 1.590267 1.593899 1.601233 1.59411 1.586189 1.5812 1.583316 1.580237 1.579867 1.575764 1.578366 1.572111 1.57504 1.570051 1.574737 1.576337 1.57583 1.575788 1.583675 1.576022
3.050252 3.048881 3.050376 3.048794 3.049024 3.049931 3.047934 3.049978 3.048749 3.050552 3.047846 3.049677 3.048443 3.051041 3.049116 3.056376 -3.127473 3.088794 3.044961 3.057178 3.054996 3.050618 3.046763 3.04751 3.044908 3.046966 3.048555 3.051337 3.052507 3.052086 3.053185 3.052512 3.054165 3.053579 3.055985 3.056656 3.054676 3.054657 3.05555 3.054312 3.054832 3.055521 3.056776 3.057772 3.05717 3.055545 3.057233 3.058211
3.057632 3.058079 3.059109 3.058054 3.058316 3.056522 3.057435 3.056712 3.058729 3.057848 3.058561 3.059026 3.057221 3.058362 3.059242 3.058366 3.058404 -3.090624 -2.870932 -3.056324 3.098796 3.077456 3.07062 3.063167 3.058225 3.053251 3.049719 3.05365 3.052525 3.053816 3.053567 3.054064 3.056683 3.058051 3.055777 3.058123 3.055954 3.055024 3.056517 3.053683 3.052111 3.052094 3.051484 3.050467 3.052999 3.049931 3.052433 3.051014
-3.043922 -3.046111 -3.047534 -3.048432 -3.047664 -3.049485 -3.041106 -2.443537 -2.59825 -2.808609 -2.891498 -2.902052 -2.902377 -2.905991 -2.905622 -2.906402 -2.908649 -2.909318 -2.90871 -2.90988 -2.909904 -2.909009 -2.909644 -2.908847 -2.909803 -2.910481 -2.90871 -2.912251 -2.910417 -2.912128 -2.910998 -2.91258 -2.912205 -2.912101 -2.913598 -2.912399 -2.914593 -2.913381 -2.912427 -2.911029 -2.912152 -2.910815 -2.913311 -2.912941 -2.912712 -2.910083 -2.911296 -2.910788
-2.901794 -2.901924 -2.903596 -2.90622 -2.906057 -2.907024 -2.90742 -2.907559 -2.906749 -2.885152 -2.629803 -2.860126 -2.889628 -2.89744 -2.904657 -2.909264 -2.912581 -2.911852 -2.909955 -2.907611 -2.907973 -2.909907 -2.908593 -2.908007 -2.90565 -2.906572 -2.906658 -2.905444 -2.904595 -2.901809 -2.900095 -2.899529 -2.899054 -2.897376 -2.896844 -2.898624 -2.899616 -2.899643 -2.898241 -2.898291 -2.899102 -2.899787 -2.898893 -2.898513 -2.897399 -2.896965 -2.898103 -2.898724
-2.890503 -2.893849 -2.893543 -2.896399 -2.900754 -2.902964 -2.902594 -2.903835 -2.904507 -2.905248 -2.908047 -2.911376 -2.91016 -2.908951 -2.908419 -2.909644 -2.908554 -2.910428 -2.516868 -2.574142 -2.753361 -2.823123 -2.89688 -2.910557 -2.906415 -2.899471 -2.901587 -2.905269 -2.9062 -2.9021 -2.895284 -2.89447 -2.895692 -2.89678 -2.897347 -2.898475 -2.89756 -2.899962 -2.898994 -2.904043 -2.904402 -2.906989 -2.906862 -2.91002 -2.90779 -2.908331 -2.908273 -2.907091
-2.417421 -2.419304 -2.421378 -2.424512 -2.426661 -2.42626 -2.4274 -2.42808 -2.426352 -2.427077 -2.424919 -2.424928 -2.392479 -2.256587 -2.401534 -2.429876 -2.412492 -2.401685 -2.413197 -2.418197 -2.426258 -2.429274 -2.425969 -2.424842 -2.42061 -2.41475 -2.414505 -2.40712 -2.409824 -2.407657 -2.409752 -2.407296 -2.407473 -2.405607 -2.401131 -2.395421 -2.388228 -2.382246 -2.375857 -2.376012 -2.376294 -2.376873 -2.381819 -2.385134 -2.388935 -2.394691 -2.397832 -2.396231
