0.04485091 -0.01869398 0.3606155 0.2498635 0.09156787 0.1289957 -0.32539 -0.3187458 -0.2944534 0.008793116 0.1077191 -0.19193 0.3149922 0.2959011 -0.2328775 -0.3337113 -0.4006656 -0.2439388 -0.1793594 0.03085636 0.4490293 0.4660446 0.3846307 -0.02326235 -0.1731371 -0.1425857 0.3149722 0.4777864 -0.09118851 -0.01933523 0.05478535 -0.03931881 -0.2320338 -0.1745414 -0.08717741 0.08367047 -0.1517243 -0.2828399 -0.5377326 -0.2211989 0.2033221 0.4882725 0.1444962 0.2407833 0.013246 -0.01874364 -0.009254535 -0.1208472 -0.1779365 -0.04204915 -0.4903685
-0.04204915 -0.4903685 -0.1500509 0.1026662 0.01820241 0.2147313 0.1855052 0.1824175 0.1547287 -0.1984655 -0.04120215 0.2998628 0.2252628 0.08482612 -0.01664739 0.009007456 -0.1808544 -0.04732318 -0.1168827 -0.1089443 -0.1089112 -0.04745352 -0.001498967 -0.09962076 -0.06352834 0.1929786 0.06514899 0.04037067 0.08572569 -0.1278528 0.05542339 0.1119851 0.1152041 -0.1848692 -0.1177332 -0.09978011 0.2301632 0.01382867 -0.05093377 0.0210668 0.07462197 0.02397516 -0.001148917 0.04518231 -0.02390533 0.08963809 -0.1426683 -0.1365776 0.03450476 0.1084797 0.1922174
-0.05349952 0.02481652 0.001444902 0.04227953 0.01326489 -0.02502132 0.09091896 0.01330395 -0.0384084 0.09254658 0.07841806 0.09314241 0.0967975 0.06700388 0.007519809 0.07912635 -0.03557829 0.006520194 0.02709187 0.02530081 0.003746396 -0.06211374 -0.06466017 0.02642042 0.02199451 0.05975036 0.03158251 -0.04655217 0.02110696 -0.03540682 0.07336184 0.03492668 -0.06701659 -0.04154339 0.001819452 0.148094 0.01360494 0.06273068 0.06323282 -0.1410512 -0.04508762 -0.0996004 -0.04818817 -0.06818882 0.1985843 0.1348597 0.05608938 0.02392648 0.06198039 -0.007061561 0.005535882
0.06198039 -0.007061561 0.005535882 -0.09496702 -0.0433117 0.09132585 0.02741764 0.02635279 -0.01117799 0.02511542 -0.04287061 -0.05333273 0.02834589 0.06979729 0.01406344 0.08462238 -0.003497589 0.007266663 0.1082678 0.01524019 -0.01864903 0.07960001 0.2135376 -0.02422755 -0.01060526 -0.1473346 -0.1265786 -0.0888487 0.05802067 0.1534491 0.05274701 0.2067161 -0.06747405 -0.07865162 -0.08635814 -0.05690687 0.05698452 -0.008676143 -0.2491294 -0.2221361 -0.1797051 0.07973918 0.3268548 0.1982124 0.1681186 -0.05206371 -0.007074839 0.008458485 0.1005979 0.0927518 0.006337999
0.006337999 -0.08376385 0.1340221 0.01846406 0.01394013 0.09732977 -0.07083044 -0.09720078 -0.1777581 -0.02646082 0.01764186 0.2632762 -0.000494818 -0.05184589 0.03585146 -0.07349408 -0.148823 -0.07348163 -0.03865918 -0.05238723 0.02073694 0.09000579 0.005432051 -0.06059321 0.1086066 -0.07296836 -0.05790165 -0.09712958 0.05487721 -0.08050574 -0.02032006 0.0395305 0.05947797 -0.1040283 -0.02733685 -0.03203456 0.0681086 0.04184633 0.1500885 -0.02076771 0.02063162 0.07906014 -0.01257623 0.03527935 0.1759387 0.01320741 0.09266122 0.1293161 0.1197127 0.01788897 -0.02132022
0.1643056 -0.01524771 0.7356596 -0.01196246 -0.6584767 0.2626464 -0.1624082 0.087553 0.09100913 0.09758079 0.3034206 -0.2349191 0.354526 0.1470831 -0.2144244 0.1813876 0.03323171 0.1973682 -0.5099757 -0.09858211 -0.2320831 -0.105646 0.08977267 0.4640909 0.2297527 -0.04547963 -0.05897934 -0.4369198 -0.2036339 0.1342204 0.2056587 -0.1347117 -0.2025042 -0.261569 -0.2346245 -0.1403158 -0.04836213 0.02401808 0.3291228 0.3543296 -0.09527279 -0.05953913 -0.341616 -0.1448678 0.0187705 0.09287012 -0.1011085 0.007522762 0.07513349 0.222395 0.3314337
-0.03888134 -0.0300478 0.0594746 0.06147438 0.2254795 -0.02573572 -0.1003076 -0.07760089 -0.02557769 -0.1338585 -0.09546122 -0.1026695 -0.02988137 0.07786458 0.0466446 0.1673245 -0.08901531 -0.09665 0.0945361 0.1348244 5.053944 -1.084778 -2.314501 -2.151963 -0.9888695 -0.08731085 0.2586464 0.6744763 0.1144491 -0.116887 -0.1638557 -0.118757 -0.1387125 0.02971138 0.06324865 -0.05396766 0.007694238 -0.02381569 0.05349436 0.1262707 -0.02113088 -0.01581724 0.02856709 0.05408826 -0.01207837 0.177388 -0.02016727 -0.03397739 -0.1204863 -0.1486837 0.07774632
0.006853891 0.03257372 0.008660804 0.0550998 -0.08996423 0.0658033 0.08737969 -0.04008409 -0.002010859 0.009732849 0.0142207 0.02036646 0.04736571 -0.0891331 0.06780631 -0.01635743 0.08096083 -0.09202114 -0.03451003 -0.1041486 -0.06565117 0.05015447 0.009247625 0.02022675 0.4013487 3.180785 -1.906181 -2.999917 -2.059257 -0.6862451 0.6554199 1.119921 1.406492 0.6755865 0.2337741 0.01509385 -0.1156939 -0.1591643 -0.2100637 -0.06192265 -0.006140693 -0.1649054 -0.1135048 -0.04776756 -0.02727753 -0.02168239 -0.03658304 -0.1176884 -0.02806723 0.1116933 -0.08106709
-0.009360978 -0.03574093 -0.05748649 0.0598244 0.05342246 -0.05947034 -0.02530139 0.01427401 0.00694099 0.005912136 0.3198584 5.632721 -0.6094635 -2.099326 -1.474442 0.4746222 0.5465156 0.5223985 0.0981165 -0.07276145 -0.1034807 -0.029476 0.03716046 -0.02783599 -0.08518524 -0.0488687 -0.1255041 0.08600086 -0.004943859 0.03666209 -0.003671603 0.03167615 -0.06045201 0.007400944 0.08257326 -0.01879969 0.08952276 0.1002714 -0.04339528 0.1510376 -0.01093664 -0.05939882 -0.04910629 -0.04558947 -0.08290286 -0.02914072 0.009958842 -0.1296829 0.1001107 -0.08499609 0.04022139
0.02527569 -0.01305026 0.04816504 -0.05016478 0.03962555 0.06084488 -0.05792001 -0.07432714 -0.01675244 0.04489643 -0.04061006 4.710512 1.66047 -1.794669 -3.257579 -3.004707 -0.9050253 -0.2753086 1.085482 1.210516 1.018665 0.6048625 0.3012472 -0.04220703 -0.01262548 -0.2338196 -0.3761486 -0.1489991 -0.1662808 -0.1843338 0.004374051 0.1092929 0.08956756 0.064424 0.151639 -0.01270378 -0.07477491 -0.06897484 -0.1018368 0.04568128 -0.0114294 -0.1170602 0.08897338 -0.05666501 -0.002900189 -0.04351388 0.006183919 0.05539894 0.05436812 -0.06766874 0.1948511
0.04374079 0.1645769 0.09338303 0.06729796 -0.132537 0.04117436 0.02408649 -0.002248583 -0.03630476 0.07434521 0.1355075 -0.03760765 2.111691 2.292785 -1.704823 -2.747969 -1.493891 -0.790545 0.4009923 0.686165 0.8979463 0.6527351 0.3015275 0.1511457 -0.04528661 -0.2025127 -0.2874347 -0.1499895 -0.2019905 -0.08258784 -0.05989796 -0.02672956 -0.01189186 0.01999335 0.06556123 -0.05688671 -0.04564169 -0.08852891 0.04422867 -0.1255362 0.1030891 0.06537099 0.129904 0.07374819 -0.05745627 0.06763007 -0.04993092 0.06256875 -0.03320481 -0.07954524 -0.03422592
-0.2109392 -0.1508687 -0.04654125 -0.07286955 0.0291266 -0.04106136 -0.003429142 -0.02194983 0.1450571 0.01083478 0.08511632 6.401733 -2.109034 -1.975093 0.536676 1.027506 0.6009593 0.3285029 0.2230892 -0.02455026 -0.2591064 -0.3328066 -0.0481061 -0.250425 0.04175525 -0.1127438 0.05228243 0.09324106 0.006263934 0.1242272 -0.0967961 -0.08107596 0.02863262 -0.1260013 -0.05432035 -0.180114 0.08696166 0.1017848 -0.04892574 0.0652613 0.07661405 -0.09656203 0.09730712 0.2127766 0.1647563 -0.0386323 -0.06078713 -0.03488054 -0.01367762 -0.00828582 -0.04820071
-0.4702238 -0.3325782 0.4782523 0.06000844 0.09353169 -0.1971083 0.04838677 0.05830785 0.2039541 -0.04391127 0.1275527 0.07138784 -0.04943275 -0.2781076 0.09082948 0.2393916 -0.1534565 0.2103147 -0.06979103 0.01253848 1.722138 -1.550299 -1.770986 -0.3999604 0.3590499 0.1942795 0.4581652 0.3458641 0.1612468 0.3443439 -0.1954385 -0.3337984 -0.1162894 0.1391101 0.03239547 0.1033002 0.01251301 -0.1180284 0.09965608 -0.1285113 -0.2259622 -0.08453335 0.04283351 0.3511147 0.06780465 -0.2808959 -0.2010202 0.07010784 0.1314382 0.802568 0.356672
0.2439581 0.03775828 -0.02191957 -0.08579201 -0.1586373 -0.0009705024 -0.02327324 0.01781099 0.1235823 -0.1861982 -0.1702938 -0.1955354 2.740074 -0.7652637 -1.860572 -1.58626 -0.8576582 -0.1323902 0.07587663 0.3908476 0.5525882 0.7171628 0.695443 0.2616914 0.05451878 -0.1557303 -0.3630095 -0.3746788 -0.2312004 0.04104221 0.2759565 -0.01032913 -0.1636426 -0.1213406 0.03682802 0.280305 0.1112579 -0.1447963 0.07572592 0.03570233 0.1068387 -0.0143114 -0.1473423 -0.02496446 -0.02199861 -0.1407182 0.1339251 0.2059191 0.1960303 0.03541896 -0.08120712
0.02719633 0.1115761 0.2417707 0.330322 0.2314702 -0.09177201 0.1599741 0.02860189 -0.01889029 -0.1123313 -0.07856507 0.03134985 1.007968 0.7447355 -1.212205 -1.491535 -0.4786484 -0.152826 0.1523784 0.6890044 0.4206661 0.1355549 -0.3292021 -0.236371 -0.0481039 -0.1094307 0.05809544 0.1327463 0.2033731 0.3652284 0.05022128 -0.3467358 0.1361582 -0.1996379 0.1762644 0.208256 -0.1188705 0.01611154 -0.001047994 0.1032864 -0.0006133998 -0.1178948 -0.1267075 -0.2200603 0.1512021 -0.1565199 0.1789622 0.5580076 0.475133 -0.3911947 -0.04752692
-0.6081449 0.07231849 -0.1540868 0.1800106 0.7411429 0.07824937 -0.06477211 -0.2118315 -0.3644333 -0.5959585 0.409009 0.1418671 0.5327627 0.2485853 -0.2772232 0.2563262 -0.2349571 -1.062788 -0.9372773 -0.2028766 -0.07941346 0.5838494 0.4476452 0.1616467 0.2157211 0.1311319 0.1691989 -0.4607098 -0.08163423 0.08109514 0.2450903 0.05170748 0.05799788 0.2438093 0.4790121 -0.3366433 -0.4337755 -0.2642141 -0.2111536 0.2692874 0.2113422 0.2729497 0.4979395 0.1204359 -0.04419616 0.3129105 -0.3592617 0.3367917 0.2154642 -0.3326905 0.1709458
0.05250083 0.3020831 0.4241292 0.2155688 -0.1375553 -0.1613061 0.0997081 0.1119847 -0.09499379 0.08538749 0.1269142 4.512078 -1.387082 -2.570793 -1.241456 -0.2208437 0.6461331 0.4839538 0.2423949 0.3136207 -0.02108634 -0.002029182 0.2398273 -0.05296732 -0.09712168 -0.02690069 -0.05797416 0.04613958 0.05499595 0.0846018 -0.05139041 -0.08655069 0.5436144 -0.09004835 -0.1248124 -0.2132962 0.3726963 0.1574964 -0.0006742917 -0.04013623 0.006050267 -0.02136305 -0.08124442 -0.125464 2.770475e-05 0.02465002 0.03911952 0.05983198 0.1467787 0.01961568 0.04722394
2.770475e-05 0.02465002 0.03911952 0.05983198 0.1467787 0.01961568 0.04722394 0.04489098 -0.01480924 0.1901205 0.1421829 -0.009635485 -0.3172039 0.08774512 -0.2616657 -0.06231276 3.196998 -1.218581 -1.8103 -0.5048248 0.2423205 0.4242063 0.3045982 0.3698502 0.2997429 0.1174663 -0.2001232 -0.03678268 0.07027578 -0.09342676 -0.2233467 0.007709986 0.2290201 0.1575491 -0.06586719 0.005825278 0.2583054 0.09227355 -0.03837576 0.1904574 0.2448778 0.008389307 0.03463314 0.2363506 -0.005072628 -0.0262098 -0.2435989 -0.04309373 0.08194558 0.02183234 0.1440518
0.04241245 -0.07903496 0.03622232 0.02289915 0.08559717 -0.1137829 -0.02233279 -0.111101 0.104009 0.005286495 -0.02839912 2.117941 1.770738 -0.5071278 -0.4299445 -0.02923993 -0.0439043 0.2713832 0.05155477 0.008405087 0.02747673 0.05861535 -0.01034199 -0.1125306 0.06108893 0.02152536 -0.08680742 -0.07600082 0.01064125 0.1267887 0.05066504 -0.2566599 -0.1678934 0.0007188602 0.0008927635 0.02793488 -0.08634811 -0.1217096 -0.1139147 -0.07518201 0.03713505 0.1071474 0.1021582 -0.01928454 0.02498471 -0.01103645 -0.2376816 -0.1173716 -0.2383839 -0.008568511 -0.1685389
0.001990561 0.07532039 -0.02598913 0.163123 0.0144878 -0.05982278 0.08276549 -0.05306016 -0.06615916 0.08072267 -0.06620741 -0.08516765 0.0411421 -0.03877388 -5.16271 1.31754 2.564923 2.049289 0.8571171 -0.3333595 -0.5239503 -0.7718877 -0.5511127 -0.1727458 -0.1018452 -0.1513115 -0.1421538 0.117011 -0.04630085 -0.06558279 -0.1067921 0.1164425 0.1469676 0.04959658 -0.05690406 -0.1090774 -0.1986435 -0.06348514 0.20663 0.2018039 0.1939952 0.1617285 0.05805827 -0.03613486 -0.08536709 -0.03354943 -0.1178005 0.1022113 0.05182138 -0.1631908 -0.05277912
-0.04764061 -0.02946645 -0.05351431 0.1587419 0.06197291 0.01172695 -0.01058064 -0.1301043 -0.168097 -0.1017342 -0.05359437 -0.06992122 -0.08104894 -0.178731 -0.8087191 1.48963 0.9146051 0.05207682 -0.1148544 -0.07824817 0.1202945 0.2559006 -0.05475694 -0.05959899 -0.06174526 -0.2084367 0.08474159 0.08419646 0.03383194 -0.1553158 -0.01591199 -0.02548258 -0.0005654736 -0.157999 -0.08830349 0.007337378 0.06187113 0.03565876 0.05049848 0.02612579 -0.008891523 0.000633599 0.08458956 -0.08072168 -0.05956133 -0.1743018 -0.1024284 0.260828 0.2312025 0.07933174 -0.2119029
0.05358823 -0.0472059 0.05647093 0.07430834 -0.000799683 0.01103028 -0.001667402 -0.1380834 -0.150048 -0.06570849 -0.150005 -0.01624056 0.121156 0.1550013 0.05874846 -3.356555 1.018258 1.422127 0.9329411 -0.06450754 -0.2458064 -0.3765216 -0.3001089 -0.2311876 -0.09046629 0.004308385 0.01267853 0.1286761 0.1878278 0.03527338 -0.01982913 -0.06253743 -0.06043782 -0.02019961 0.09809503 -0.0740658 0.05528084 -0.2311077 0.006335642 -0.0567217 0.03638032 -0.1624984 -0.05857328 -0.03926011 -0.08280111 -0.06451066 0.04183415 -0.06476335 -0.08319339 -5.995961 0.9556333
0.06150356 0.02533936 0.08498593 0.04100515 0.09237428 -0.003386675 0.059632 0.01455393 -0.07324701 -0.05816984 -0.02353141 -0.03987294 0.01852707 -0.0566369 -2.170357 1.047276 0.912577 0.3076364 -0.1268318 -0.003173883 -0.1663227 -0.06659259 -0.2389632 -0.3017585 -0.1047019 -0.2024562 0.02796525 0.07018522 0.185479 0.2698414 0.1660113 0.1164959 0.0002767248 -0.05560689 -0.05904758 -0.04732919 0.0556496 0.009064585 -0.08794852 0.004928667 0.1432964 -0.1485765 -0.003103722 -0.002200608 0.09583773 -0.05780181 -0.132131 -0.06225623 0.08988886 -0.1391943 -0.1167919
-0.1475395 0.09151213 -0.4388984 0.2248966 0.05078782 -0.2670952 0.1141719 0.04504838 0.1242185 -0.06572321 0.03403471 -0.09923644 -0.01751532 -0.6783357 -2.920739 3.090005 1.84785 0.01831525 -0.05182503 -0.3827606 -0.3626138 -0.3115508 -0.495142 -0.09127343 0.07807326 0.2948482 0.1579991 -0.2679312 -0.4493429 0.05758828 0.2257385 0.1612755 -0.01092797 -0.09586639 -0.2649041 0.3113263 0.1602632 0.07205998 0.02866854 -0.05598078 -0.03537482 -0.2952372 0.08079556 0.05002028 0.08840688 -0.002271682 -0.04103718 -0.02587239 0.1558029 0.05440642 0.05870053
0.04572021 -0.05921474 -0.02317982 0.01442433 -0.05123447 0.07025909 -0.0841462 0.08095032 0.02850545 -0.08027135 0.0179125 0.02028304 -0.04391545 -0.1322696 0.001059774 -3.191451 0.2676598 2.311046 1.587417 0.5507756 -0.1739013 -0.2795775 -0.4828779 -0.6690047 -0.4389731 -0.2353561 0.177472 -0.06075802 0.1181511 0.01195685 -0.06423457 0.09864125 -0.02768825 -0.03789376 0.0116159 0.001765911 0.06357092 0.01650656 0.0903415 -0.02711227 -0.09599705 -0.1188865 -0.0303494 -0.1085329 -0.001416231 -0.09375554 -0.07245713 -0.1439795 -0.07427302 -0.05688497 0.02276088
0.0325231 0.1217418 -0.007660661 0.08663996 0.0202006 -0.05319121 -0.01999385 0.1004531 0.03963077 -0.01557971 -0.1533564 -0.006422513 0.06201337 -0.0003618337 0.03787828 0.09909695 -0.05852855 -6.078316 -0.4000283 3.28723 2.541135 1.046353 0.08572595 -0.1797748 -0.6461023 -0.8211985 -0.6360279 -0.3256059 -0.08748934 -0.006939634 0.144062 0.1914445 0.1417515 0.04799592 -0.03211078 -0.006871212 0.009946812 -0.07566749 0.07079181 0.1009887 0.04738944 -0.07213902 -0.02339143 -0.01137708 -0.1040203 -0.06648669 -0.1335986 0.01052461 -0.02540158 0.0665983 0.07905113
0.04003473 -0.1127041 0.1006556 -0.01107456 0.005156725 0.01612663 -1.461828 0.3980485 3.22303 2.073826 -0.7348613 -0.9553939 -0.7178922 -0.4875006 -0.2492539 -0.1038498 0.06208476 0.2030444 0.06804962 0.1553728 0.007996188 -0.06783872 0.08656521 -0.0700106 -0.02337867 -0.04720665 -0.04072361 0.07028306 0.05567762 -0.03884882 0.04780014 -0.08988898 -0.1287089 0.05544984 -0.01889866 0.02992054 0.04055112 0.03886851 0.1621544 -0.07351542 -0.008469046 -0.1237246 -0.1568213 -0.01590534 -0.03403808 0.04305909 0.07394644 -0.06555192 0.003246637 0.1305512 -0.04781437
0.06132289 -0.06079708 0.01595321 -0.04025052 -0.07079571 0.01537636 0.02595852 -0.008964242 -0.1035322 -3.915628 -2.817979 2.866536 0.3117256 -0.5012228 -0.5141483 -0.3813225 0.04437257 0.05801262 0.03170414 -0.03205135 -0.05926071 0.009878572 -0.01043871 0.02404675 -0.02494359 -0.1862249 0.04678547 0.05302406 0.05332769 0.09269971 -0.06608776 -0.1475004 -0.007810808 0.01769584 0.05038394 -0.03019072 -0.05056925 0.03902309 -0.03978498 -0.07647443 -0.06771887 -0.005263225 -0.08339868 -0.05791767 -0.03443259 0.02053121 0.06991113 0.01534694 -0.114126 0.005077144 -0.05930413
-0.04935041 0.189511 0.04439742 0.06685093 0.05316265 -0.07275195 -0.08351582 -0.05168232 -0.1025414 -0.0423306 -0.0006321091 -0.004619184 0.02303021 0.09947741 -0.1401434 0.04313216 0.1814572 0.1191387 -4.646223 3.241599 3.198297 1.245218 0.02653493 -1.222929 -1.186788 -0.5454387 0.08433262 0.08802174 0.1062052 0.1657953 -0.02600134 0.08569966 -0.01973716 -0.2002592 0.08582284 0.04759635 -0.02043557 0.02918733 0.07157174 -0.1370323 0.004997353 0.02903938 -0.04305673 -0.0788141 -0.08891637 -0.1111563 -0.04626343 -0.08107318 -0.1022131 0.05117957 0.005305222
-3.998261e-05 -0.08385297 0.06327538 -0.08514041 -0.02790122 0.03453573 -0.1086637 -0.09826471 -0.1116315 0.1110012 -0.08500532 -0.1150141 -6.160251 1.53453 2.896802 2.493926 1.038789 0.1604467 -0.5322162 -0.5982417 -0.7625097 -0.6184239 -0.329508 -0.009595364 0.08040722 0.1042552 0.1051307 0.1114881 0.05564052 -0.1111918 0.009138443 -0.1374431 -0.09459107 0.04075501 0.09046555 0.08030422 0.1364913 -0.05447879 -0.1591652 -0.1567423 -0.1561946 -0.05187482 0.09091953 -0.04867959 -0.0002448157 0.1538054 0.09964262 0.0910309 0.006272517 0.008670398 -0.07125033
