180.0 157.0 241.0 265.0 251.0 263.0 251.0 188.0 197.0 208.0 237.0 236.0 274.0 259.0 220.0 181.0 181.0 151.0 112.0 104.0 119.0 136.0 156.0 175.0 174.0 141.0 114.0 176.0 238.0 221.0 189.0 187.0 193.0 197.0 229.0 220.0 230.0 227.0 190.0 185.0 158.0 149.0 198.0 199.0 230.0 229.0 213.0 214.0 223.0
173.0 143.0 211.0 240.0 225.0 230.0 223.0 189.0 165.0 151.0 199.0 226.0 230.0 200.0 205.0 194.0 214.0 199.0 194.0 180.0 179.0 207.0 202.0 201.0 200.0 206.0 203.0 203.0 214.0 205.0 232.0 246.0 248.0 237.0 222.0 219.0 211.0 216.0 236.0 194.0 201.0 215.0 223.0 198.0 211.0 219.0 202.0 203.0 203.0
219.0 222.0 218.0 217.0 214.0 210.0 224.0 206.0 214.0 217.0 221.0 222.0 219.0 207.0 210.0 199.0 197.0 210.0 208.0 211.0 193.0 207.0 190.0 205.0 222.0 206.0 207.0 201.0 193.0 199.0 215.0 208.0 212.0 200.0 201.0 202.0 208.0 222.0 199.0 178.0 182.0 176.0 181.0 170.0 188.0 222.0 222.0 206.0 198.0
192.0 182.0 182.0 182.0 181.0 181.0 172.0 173.0 178.0 172.0 167.0 179.0 167.0 162.0 168.0 150.0 165.0 174.0 167.0 165.0 171.0 178.0 161.0 169.0 174.0 143.0 131.0 115.0 118.0 126.0 121.0 148.0 143.0 121.0 126.0 134.0 146.0 146.0 138.0 119.0 110.0 113.0 132.0 159.0 152.0 144.0 133.0 145.0 154.0
176.0 185.0 199.0 185.0 204.0 211.0 197.0 208.0 189.0 199.0 192.0 210.0 231.0 233.0 224.0 226.0 216.0 204.0 204.0 207.0 192.0 196.0 209.0 201.0 215.0 220.0 206.0 225.0 215.0 212.0 215.0 213.0 211.0 202.0 200.0 201.0 190.0 194.0 180.0 197.0 191.0 211.0 202.0 187.0 186.0 180.0 165.0 170.0 169.0
136.0 149.0 151.0 186.0 149.0 115.0 112.0 158.0 174.0 146.0 145.0 189.0 149.0 230.0 164.0 119.0 138.0 142.0 166.0 153.0 144.0 151.0 150.0 124.0 146.0 179.0 163.0 183.0 196.0 158.0 188.0 227.0 232.0 204.0 216.0 206.0 231.0 221.0 263.0 238.0 216.0 220.0 170.0 175.0 166.0 195.0 220.0 199.0 192.0
211.0 231.0 221.0 258.0 226.0 212.0 239.0 205.0 242.0 218.0 247.0 207.0 199.0 241.0 215.0 230.0 197.0 248.0 252.0 209.0 244.0 358.0 348.0 136.0 142.0 185.0 199.0 211.0 240.0 247.0 233.0 220.0 257.0 222.0 241.0 258.0 243.0 222.0 233.0 215.0 191.0 176.0 223.0 249.0 277.0 279.0 233.0 244.0 206.0
232.0 215.0 238.0 214.0 251.0 235.0 211.0 226.0 225.0 234.0 220.0 228.0 219.0 232.0 207.0 201.0 193.0 205.0 233.0 204.0 237.0 200.0 196.0 194.0 234.0 436.0 431.0 159.0 56.0 53.0 191.0 273.0 203.0 227.0 224.0 219.0 264.0 242.0 248.0 245.0 231.0 238.0 229.0 243.0 269.0 243.0 258.0 246.0 234.0
233.0 229.0 248.0 236.0 226.0 217.0 204.0 227.0 203.0 201.0 205.0 237.0 475.0 321.0 102.0 162.0 236.0 225.0 231.0 232.0 247.0 261.0 238.0 246.0 267.0 236.0 251.0 253.0 218.0 234.0 243.0 222.0 239.0 233.0 231.0 232.0 245.0 237.0 225.0 237.0 233.0 212.0 220.0 260.0 239.0 248.0 216.0 240.0 214.0
245.0 223.0 253.0 228.0 249.0 233.0 217.0 244.0 237.0 249.0 236.0 296.0 475.0 437.0 269.0 104.0 87.0 53.0 335.0 289.0 269.0 233.0 248.0 257.0 216.0 215.0 272.0 216.0 260.0 234.0 234.0 219.0 248.0 239.0 261.0 259.0 250.0 258.0 256.0 266.0 267.0 275.0 271.0 255.0 248.0 301.0 262.0 292.0 310.0
284.0 267.0 232.0 235.0 243.0 271.0 278.0 256.0 246.0 264.0 171.0 347.0 280.0 173.0 158.0 197.0 291.0 253.0 239.0 242.0 254.0 235.0 234.0 247.0 223.0 226.0 241.0 249.0 232.0 244.0 219.0 247.0 222.0 248.0 232.0 238.0 219.0 226.0 215.0 212.0 197.0 203.0 222.0 232.0 217.0 233.0 221.0 199.0 198.0
226.0 230.0 216.0 239.0 234.0 208.0 203.0 240.0 201.0 243.0 243.0 350.0 316.0 72.0 307.0 224.0 223.0 244.0 237.0 205.0 240.0 227.0 208.0 247.0 230.0 214.0 245.0 225.0 247.0 246.0 254.0 264.0 251.0 268.0 250.0 240.0 262.0 253.0 229.0 217.0 230.0 205.0 217.0 243.0 279.0 300.0 270.0 249.0 250.0
156.0 191.0 197.0 174.0 181.0 185.0 161.0 187.0 189.0 211.0 201.0 221.0 221.0 295.0 279.0 160.0 188.0 190.0 188.0 176.0 255.0 186.0 210.0 243.0 222.0 257.0 225.0 198.0 213.0 179.0 184.0 186.0 176.0 189.0 199.0 209.0 182.0 168.0 181.0 155.0 169.0 200.0 204.0 178.0 166.0 169.0 188.0 213.0 242.0
207.0 193.0 178.0 205.0 196.0 214.0 235.0 270.0 216.0 171.0 190.0 198.0 312.0 374.0 246.0 273.0 279.0 255.0 257.0 258.0 281.0 255.0 269.0 268.0 240.0 241.0 221.0 255.0 210.0 196.0 214.0 190.0 184.0 218.0 264.0 244.0 255.0 212.0 164.0 170.0 184.0 230.0 198.0 213.0 196.0 225.0 222.0 195.0 207.0
185.0 155.0 169.0 206.0 244.0 179.0 203.0 138.0 134.0 122.0 179.0 175.0 20.0 68.0 39.0 180.0 117.0 122.0 271.0 244.0 186.0 178.0 160.0 199.0 218.0 156.0 178.0 188.0 238.0 257.0 211.0 131.0 140.0 145.0 213.0 212.0 184.0 196.0 173.0 187.0 154.0 153.0 160.0 124.0 226.0 158.0 157.0 203.0 218.0
205.0 166.0 167.0 200.0 198.0 192.0 187.0 189.0 175.0 153.0 203.0 136.0 217.0 241.0 88.0 186.0 108.0 195.0 174.0 144.0 114.0 206.0 274.0 230.0 183.0 185.0 231.0 138.0 139.0 213.0 187.0 259.0 147.0 173.0 229.0 263.0 176.0 176.0 216.0 160.0 196.0 193.0 181.0 237.0 201.0 193.0 177.0 92.0 149.0
160.0 228.0 210.0 215.0 180.0 224.0 249.0 213.0 173.0 171.0 184.0 144.0 156.0 285.0 211.0 221.0 250.0 247.0 209.0 235.0 240.0 197.0 225.0 212.0 211.0 197.0 190.0 180.0 265.0 237.0 183.0 195.0 213.0 166.0 108.0 132.0 161.0 169.0 166.0 189.0 169.0 164.0 183.0 179.0 170.0 175.0 173.0 176.0 169.0
175.0 173.0 176.0 169.0 174.0 173.0 179.0 185.0 171.0 187.0 195.0 207.0 183.0 193.0 169.0 191.0 91.0 210.0 106.0 187.0 188.0 219.0 218.0 210.0 223.0 208.0 186.0 151.0 175.0 181.0 149.0 149.0 149.0 164.0 169.0 151.0 165.0 193.0 183.0 168.0 167.0 155.0 189.0 158.0 146.0 191.0 172.0 147.0 166.0
267.0 248.0 244.0 244.0 241.0 256.0 232.0 241.0 281.0 270.0 294.0 179.0 475.0 264.0 259.0 253.0 232.0 289.0 276.0 299.0 299.0 318.0 344.0 297.0 294.0 270.0 247.0 236.0 245.0 231.0 211.0 231.0 222.0 208.0 216.0 223.0 229.0 222.0 231.0 230.0 215.0 240.0 227.0 247.0 245.0 234.0 229.0 219.0 231.0
252.0 234.0 229.0 265.0 265.0 256.0 237.0 207.0 235.0 224.0 201.0 196.0 232.0 208.0 240.0 231.0 364.0 156.0 242.0 341.0 306.0 292.0 213.0 236.0 224.0 264.0 250.0 230.0 275.0 269.0 265.0 291.0 309.0 307.0 274.0 265.0 256.0 290.0 292.0 280.0 275.0 319.0 326.0 339.0 309.0 291.0 316.0 336.0 327.0
207.0 222.0 227.0 239.0 235.0 247.0 235.0 227.0 220.0 221.0 210.0 233.0 220.0 212.0 146.0 295.0 251.0 223.0 269.0 243.0 268.0 258.0 252.0 248.0 222.0 238.0 224.0 233.0 273.0 251.0 249.0 241.0 250.0 256.0 260.0 263.0 240.0 252.0 256.0 254.0 274.0 262.0 258.0 270.0 258.0 286.0 276.0 253.0 258.0
243.0 231.0 245.0 260.0 249.0 238.0 235.0 222.0 236.0 235.0 214.0 219.0 228.0 215.0 262.0 243.0 361.0 279.0 216.0 219.0 227.0 270.0 237.0 205.0 222.0 232.0 244.0 232.0 240.0 232.0 248.0 235.0 226.0 228.0 225.0 225.0 169.0 235.0 193.0 222.0 214.0 238.0 196.0 241.0 256.0 261.0 257.0 265.0 263.0
207.0 212.0 223.0 218.0 219.0 209.0 211.0 202.0 213.0 215.0 215.0 208.0 219.0 192.0 175.0 262.0 190.0 190.0 161.0 174.0 224.0 172.0 210.0 213.0 221.0 228.0 210.0 211.0 241.0 241.0 226.0 239.0 250.0 229.0 234.0 234.0 243.0 235.0 218.0 222.0 224.0 221.0 190.0 210.0 208.0 200.0 212.0 203.0 191.0
212.0 243.0 223.0 235.0 172.0 190.0 185.0 185.0 158.0 210.0 164.0 229.0 194.0 95.0 58.0 456.0 260.0 175.0 227.0 212.0 207.0 208.0 155.0 202.0 213.0 233.0 240.0 212.0 230.0 237.0 236.0 262.0 184.0 180.0 222.0 206.0 230.0 221.0 220.0 194.0 222.0 193.0 213.0 224.0 202.0 239.0 196.0 222.0 197.0
201.0 220.0 196.0 217.0 192.0 195.0 189.0 193.0 197.0 214.0 181.0 202.0 218.0 199.0 195.0 15.0 272.0 254.0 226.0 231.0 235.0 232.0 187.0 202.0 169.0 186.0 190.0 190.0 192.0 198.0 207.0 209.0 197.0 194.0 211.0 222.0 209.0 224.0 215.0 230.0 196.0 210.0 209.0 215.0 193.0 209.0 211.0 213.0 188.0
228.0 213.0 230.0 217.0 227.0 204.0 207.0 228.0 216.0 227.0 221.0 241.0 215.0 216.0 207.0 232.0 219.0 198.0 15.0 475.0 351.0 159.0 145.0 205.0 243.0 221.0 241.0 192.0 223.0 212.0 213.0 220.0 206.0 201.0 218.0 198.0 206.0 211.0 221.0 225.0 210.0 203.0 220.0 212.0 204.0 198.0 215.0 211.0 222.0
208.0 199.0 198.0 187.0 194.0 184.0 177.0 15.0 475.0 447.0 230.0 220.0 185.0 186.0 184.0 214.0 190.0 187.0 213.0 185.0 204.0 185.0 184.0 205.0 196.0 199.0 185.0 199.0 179.0 187.0 192.0 203.0 186.0 182.0 187.0 181.0 189.0 193.0 174.0 196.0 194.0 187.0 198.0 182.0 207.0 189.0 204.0 179.0 202.0
204.0 212.0 227.0 200.0 203.0 197.0 182.0 194.0 195.0 203.0 15.0 475.0 325.0 176.0 176.0 176.0 202.0 186.0 190.0 176.0 191.0 203.0 189.0 185.0 182.0 209.0 185.0 184.0 183.0 204.0 189.0 214.0 216.0 202.0 201.0 215.0 221.0 225.0 211.0 212.0 206.0 204.0 195.0 192.0 197.0 212.0 195.0 213.0 205.0
220.0 248.0 224.0 220.0 230.0 206.0 213.0 223.0 219.0 207.0 193.0 188.0 210.0 189.0 205.0 231.0 210.0 209.0 211.0 15.0 475.0 342.0 171.0 199.0 156.0 207.0 217.0 203.0 223.0 212.0 210.0 227.0 227.0 225.0 222.0 218.0 237.0 210.0 233.0 210.0 201.0 214.0 210.0 200.0 185.0 180.0 184.0 202.0 180.0
224.0 197.0 225.0 213.0 198.0 198.0 186.0 197.0 220.0 200.0 181.0 290.0 289.0 275.0 198.0 246.0 206.0 216.0 182.0 214.0 198.0 191.0 184.0 219.0 229.0 224.0 248.0 231.0 244.0 227.0 239.0 244.0 233.0 248.0 250.0 249.0 294.0 262.0 265.0 274.0 256.0 237.0 258.0 218.0 235.0 233.0 235.0 230.0 239.0
