54580.0 54590.0 54610.0 54610.0 54640.0 54640.0 54660.0 54680.0 54680.0 54700.0 54710.0 54730.0 54750.0 54750.0 54780.0 54820.0 54830.0 54860.0 54860.0 54880.0 54870.0 54890.0 54920.0 54920.0 54940.0 54940.0 54960.0 54980.0 54990.0 55010.0 55010.0 55040.0 55040.0 55060.0 55080.0 55070.0 55090.0 55110.0 55110.0 55130.0 55140.0 55160.0 55160.0 55180.0 55180.0 55200.0 55210.0 55210.0 55230.0 55230.0 55250.0 55270.0 55270.0 55290.0
55270.0 55270.0 55290.0 55290.0 55310.0 55300.0 55320.0 55330.0 55320.0 55340.0 55340.0 55370.0 55390.0 55380.0 55390.0 55390.0 55410.0 55430.0 55440.0 55450.0 55460.0 55470.0 55460.0 55460.0 55460.0 55470.0 55480.0 55480.0 55490.0 55490.0 55510.0 55520.0 55520.0 55530.0 55530.0 55550.0 55550.0 55570.0 55580.0 55590.0 55610.0 55620.0 55630.0 55650.0 55650.0 55660.0 55690.0 55690.0 55710.0 55710.0 55720.0 55730.0 55720.0 55730.0
55920.0 55910.0 55900.0 55900.0 55900.0 55890.0 55890.0 55890.0 55890.0 55890.0 55890.0 55890.0 55880.0 55880.0 55880.0 55880.0 55880.0 55880.0 55880.0 55880.0 55880.0 55880.0 55890.0 55890.0 55890.0 55890.0 55890.0 55900.0 55900.0 55900.0 55900.0 55900.0 55900.0 55900.0 55910.0 55910.0 55910.0 55910.0 55910.0 55920.0 55930.0 55930.0 55940.0 55940.0 55950.0 55950.0 55950.0 55940.0 55940.0 55930.0 55920.0 55920.0 55920.0 55910.0
55920.0 55920.0 55910.0 55920.0 55910.0 55910.0 55910.0 55910.0 55910.0 55910.0 55910.0 55910.0 55900.0 55900.0 55900.0 55900.0 55910.0 55910.0 55920.0 55920.0 55920.0 55930.0 55940.0 55940.0 55950.0 55950.0 55940.0 55940.0 55940.0 55940.0 55940.0 55940.0 55930.0 55920.0 55910.0 55900.0 55900.0 55900.0 55900.0 55900.0 55890.0 55890.0 55890.0 55890.0 55890.0 55880.0 55860.0 55860.0 55850.0 55850.0 55840.0 55840.0 55830.0 55830.0
55830.0 55830.0 55830.0 55830.0 55830.0 55830.0 55830.0 55830.0 55820.0 55820.0 55810.0 55810.0 55810.0 55810.0 55810.0 55810.0 55820.0 55820.0 55830.0 55830.0 55840.0 55850.0 55850.0 55850.0 55850.0 55850.0 55850.0 55850.0 55850.0 55850.0 55850.0 55850.0 55860.0 55850.0 55850.0 55850.0 55840.0 55840.0 55840.0 55840.0 55840.0 55840.0 55830.0 55830.0 55830.0 55830.0 55830.0 55840.0 55840.0 55850.0 55850.0 55860.0 55870.0 55880.0
69560.0 69550.0 69540.0 69550.0 69550.0 69550.0 69550.0 69550.0 69530.0 69530.0 69520.0 69520.0 69530.0 69530.0 69540.0 69550.0 69560.0 69570.0 69590.0 69590.0 69610.0 69630.0 69660.0 69660.0 69690.0 69700.0 69700.0 69710.0 69720.0 69720.0 69740.0 69740.0 69760.0 69790.0 69810.0 69840.0 69870.0 69880.0 69900.0 69920.0 69920.0 69940.0 69960.0 69980.0 69990.0 70000.0 70010.0 70020.0 70030.0 70030.0 70050.0 70070.0 70070.0 70090.0
250920.0 250930.0 250920.0 250930.0 250930.0 250930.0 250940.0 250940.0 250950.0 250960.0 250950.0 250960.0 250970.0 250970.0 250980.0 250990.0 250990.0 251000.0 251010.0 251020.0 251030.0 251050.0 251080.0 251080.0 251100.0 251120.0 251140.0 251140.0 251150.0 251170.0 251180.0 251190.0 251200.0 251190.0 251190.0 251190.0 251180.0 251130.0 251110.0 251100.0 251080.0 251050.0 251000.0 250940.0 250900.0 250870.0 250850.0 250850.0 250870.0 250880.0 250880.0 250890.0 250900.0 250910.0
250910.0 250910.0 250920.0 250920.0 250920.0 250920.0 250930.0 250930.0 250940.0 250940.0 250940.0 250940.0 250940.0 250940.0 250940.0 250940.0 250940.0 250940.0 250940.0 250950.0 250950.0 250950.0 250950.0 250950.0 250950.0 250980.0 250940.0 250890.0 250900.0 250920.0 250930.0 250930.0 250930.0 250930.0 250930.0 250930.0 250930.0 250920.0 250920.0 250920.0 250920.0 250920.0 250920.0 250930.0 250930.0 250940.0 250950.0 250950.0 250960.0 250960.0 250960.0 250950.0 250910.0 250790.0
249470.0 249470.0 249470.0 249470.0 249460.0 249460.0 249460.0 249460.0 249450.0 249450.0 249450.0 249450.0 249470.0 249450.0 249430.0 249460.0 249460.0 249460.0 249450.0 249450.0 249450.0 249450.0 249450.0 249480.0 249490.0 249510.0 249510.0 249530.0 249530.0 249540.0 249540.0 249540.0 249530.0 249520.0 249520.0 249510.0 249500.0 249490.0 249480.0 249470.0 249470.0 249460.0 249450.0 249450.0 249440.0 249430.0 249430.0 249430.0 249430.0 249430.0 249430.0 249430.0 249430.0 249430.0
249440.0 249440.0 249440.0 249440.0 249440.0 249440.0 249440.0 249440.0 249440.0 249440.0 249440.0 249440.0 249450.0 249400.0 249320.0 249280.0 249270.0 249260.0 249240.0 249200.0 249180.0 249170.0 249190.0 249200.0 249220.0 249240.0 249260.0 249270.0 249290.0 249300.0 249320.0 249340.0 249370.0 249370.0 249390.0 249410.0 249410.0 249420.0 249430.0 249430.0 249430.0 249440.0 249440.0 249440.0 249450.0 249450.0 249450.0 249440.0 249440.0 249440.0 249440.0 249440.0 249440.0 249450.0
249430.0 249430.0 249430.0 249440.0 249440.0 249440.0 249440.0 249440.0 249440.0 249440.0 249440.0 249440.0 249440.0 249460.0 249440.0 249400.0 249350.0 249340.0 249340.0 249350.0 249370.0 249390.0 249400.0 249410.0 249410.0 249420.0 249420.0 249420.0 249420.0 249420.0 249420.0 249420.0 249420.0 249420.0 249420.0 249420.0 249420.0 249420.0 249420.0 249420.0 249420.0 249420.0 249430.0 249430.0 249440.0 249440.0 249440.0 249440.0 249440.0 249440.0 249440.0 249440.0 249440.0 249440.0
249450.0 249450.0 249450.0 249450.0 249450.0 249450.0 249450.0 249450.0 249450.0 249450.0 249450.0 249460.0 249460.0 249480.0 249420.0 249360.0 249360.0 249360.0 249370.0 249380.0 249390.0 249390.0 249400.0 249400.0 249400.0 249410.0 249410.0 249410.0 249410.0 249420.0 249420.0 249420.0 249430.0 249430.0 249430.0 249440.0 249440.0 249440.0 249450.0 249450.0 249450.0 249440.0 249430.0 249400.0 249370.0 249330.0 249270.0 249220.0 249200.0 249190.0 249200.0 249220.0 249230.0 249230.0
48570.0 48570.0 48570.0 48570.0 48570.0 48570.0 48560.0 48560.0 48560.0 48550.0 48550.0 48540.0 48530.0 48520.0 48510.0 48510.0 48500.0 48510.0 48520.0 48520.0 48550.0 48560.0 48550.0 48560.0 48560.0 48550.0 48530.0 48520.0 48510.0 48510.0 48510.0 48520.0 48520.0 48530.0 48540.0 48540.0 48550.0 48540.0 48540.0 48540.0 48550.0 48560.0 48560.0 48560.0 48560.0 48550.0 48550.0 48550.0 48550.0 48540.0 48520.0 48510.0 48510.0 48510.0
48520.0 48530.0 48540.0 48540.0 48540.0 48540.0 48540.0 48540.0 48540.0 48540.0 48550.0 48560.0 48580.0 48590.0 48580.0 48580.0 48580.0 48570.0 48570.0 48550.0 48550.0 48540.0 48530.0 48530.0 48530.0 48530.0 48540.0 48550.0 48550.0 48550.0 48550.0 48540.0 48550.0 48550.0 48540.0 48530.0 48520.0 48520.0 48520.0 48530.0 48530.0 48540.0 48550.0 48550.0 48550.0 48540.0 48530.0 48510.0 48500.0 48510.0 48520.0 48540.0 48570.0 48580.0
48590.0 48590.0 48580.0 48580.0 48570.0 48550.0 48530.0 48530.0 48530.0 48540.0 48540.0 48540.0 48530.0 48530.0 48500.0 48460.0 48400.0 48360.0 48330.0 48280.0 48270.0 48280.0 48300.0 48320.0 48340.0 48340.0 48350.0 48350.0 48360.0 48360.0 48360.0 48360.0 48370.0 48380.0 48390.0 48410.0 48420.0 48420.0 48430.0 48430.0 48440.0 48450.0 48460.0 48470.0 48480.0 48480.0 48480.0 48470.0 48460.0 48450.0 48450.0 48440.0 48440.0 48450.0
48450.0 48440.0 48430.0 48430.0 48430.0 48430.0 48430.0 48440.0 48440.0 48440.0 48440.0 48440.0 48440.0 48440.0 48430.0 48420.0 48410.0 48420.0 48420.0 48410.0 48400.0 48410.0 48420.0 48420.0 48410.0 48410.0 48410.0 48420.0 48430.0 48440.0 48450.0 48450.0 48460.0 48460.0 48470.0 48480.0 48490.0 48500.0 48510.0 48520.0 48510.0 48500.0 48500.0 48490.0 48490.0 48490.0 48480.0 48470.0 48470.0 48480.0 48490.0 48500.0 48500.0 48500.0
48510.0 48500.0 48500.0 48490.0 48480.0 48470.0 48460.0 48460.0 48450.0 48450.0 48450.0 48460.0 48440.0 48390.0 48360.0 48350.0 48340.0 48330.0 48320.0 48320.0 48320.0 48320.0 48320.0 48330.0 48340.0 48340.0 48350.0 48350.0 48350.0 48350.0 48350.0 48360.0 48370.0 48390.0 48400.0 48420.0 48440.0 48450.0 48450.0 48460.0 48460.0 48460.0 48460.0 48460.0 48460.0 48460.0 48470.0 48470.0 48470.0 48460.0 48460.0 48460.0 48460.0 48470.0
48460.0 48470.0 48470.0 48470.0 48460.0 48460.0 48460.0 48460.0 48470.0 48470.0 48470.0 48460.0 48460.0 48450.0 48450.0 48450.0 48460.0 48480.0 48470.0 48460.0 48470.0 48460.0 48460.0 48450.0 48450.0 48460.0 48460.0 48470.0 48490.0 48500.0 48510.0 48520.0 48530.0 48540.0 48550.0 48560.0 48560.0 48560.0 48560.0 48550.0 48550.0 48550.0 48550.0 48550.0 48540.0 48540.0 48530.0 48520.0 48520.0 48520.0 48510.0 48510.0 48510.0 48500.0
253880.0 253870.0 253870.0 253870.0 253860.0 253850.0 253850.0 253840.0 253830.0 253810.0 253800.0 253800.0 253770.0 253760.0 253770.0 253770.0 253770.0 253750.0 253730.0 253710.0 253700.0 253690.0 253680.0 253680.0 253680.0 253670.0 253660.0 253640.0 253640.0 253630.0 253620.0 253610.0 253600.0 253590.0 253570.0 253570.0 253560.0 253560.0 253560.0 253560.0 253560.0 253560.0 253550.0 253540.0 253540.0 253520.0 253520.0 253500.0 253490.0 253490.0 253490.0 253490.0 253490.0 253500.0
253390.0 253380.0 253390.0 253380.0 253370.0 253370.0 253370.0 253360.0 253360.0 253350.0 253340.0 253340.0 253330.0 253320.0 253320.0 253310.0 253320.0 253290.0 253250.0 253240.0 253230.0 253230.0 253240.0 253260.0 253280.0 253280.0 253280.0 253260.0 253250.0 253230.0 253210.0 253200.0 253190.0 253180.0 253170.0 253170.0 253160.0 253160.0 253150.0 253150.0 253140.0 253140.0 253140.0 253140.0 253140.0 253140.0 253140.0 253140.0 253140.0 253130.0 253130.0 253130.0 253130.0 253140.0
252950.0 252950.0 252950.0 252950.0 252950.0 252950.0 252950.0 252950.0 252950.0 252950.0 252950.0 252960.0 252960.0 252970.0 252970.0 252990.0 252990.0 253000.0 253000.0 253000.0 252990.0 253000.0 253000.0 253020.0 253020.0 253020.0 253030.0 253030.0 253030.0 253030.0 253030.0 253030.0 253030.0 253020.0 253020.0 253020.0 253010.0 253010.0 253010.0 253020.0 253020.0 253020.0 253020.0 253010.0 253020.0 253020.0 253010.0 253010.0 253010.0 253010.0 253010.0 253010.0 253010.0 253010.0
252000.0 251990.0 251990.0 251990.0 251980.0 251990.0 251990.0 251990.0 251990.0 251990.0 251990.0 251990.0 251990.0 251990.0 251990.0 252000.0 252010.0 252010.0 252010.0 252010.0 252010.0 252010.0 252010.0 252010.0 252010.0 252010.0 252000.0 252000.0 252000.0 251990.0 251990.0 251990.0 251990.0 251990.0 251990.0 252000.0 252000.0 252010.0 252010.0 252010.0 252010.0 252010.0 252000.0 252000.0 252000.0 251990.0 251990.0 251990.0 251970.0 251940.0 251920.0 251910.0 251900.0 251900.0
251370.0 251360.0 251360.0 251350.0 251340.0 251330.0 251330.0 251320.0 251310.0 251300.0 251280.0 251270.0 251260.0 251260.0 251260.0 251260.0 251260.0 251250.0 251250.0 251240.0 251240.0 251240.0 251230.0 251230.0 251210.0 251210.0 251190.0 251170.0 251170.0 251150.0 251140.0 251130.0 251120.0 251120.0 251110.0 251110.0 251110.0 251110.0 251100.0 251100.0 251100.0 251100.0 251110.0 251110.0 251110.0 251110.0 251110.0 251120.0 251120.0 251120.0 251120.0 251120.0 251120.0 251120.0
70450.0 70450.0 70450.0 70460.0 70470.0 70480.0 70500.0 70510.0 70520.0 70540.0 70550.0 70560.0 70560.0 70570.0 70580.0 70540.0 70520.0 70540.0 70560.0 70570.0 70570.0 70570.0 70570.0 70570.0 70570.0 70560.0 70550.0 70550.0 70550.0 70550.0 70550.0 70550.0 70550.0 70550.0 70550.0 70550.0 70550.0 70550.0 70550.0 70550.0 70560.0 70560.0 70560.0 70560.0 70550.0 70550.0 70550.0 70560.0 70560.0 70560.0 70550.0 70550.0 70540.0 70540.0
257120.0 257100.0 257100.0 257090.0 257080.0 257080.0 257070.0 257060.0 257050.0 257040.0 257040.0 257030.0 257030.0 257030.0 257030.0 257030.0 257060.0 257070.0 257060.0 257050.0 257050.0 257040.0 257040.0 257040.0 257030.0 257030.0 257030.0 257030.0 257020.0 257010.0 257010.0 257000.0 257000.0 257000.0 257000.0 257000.0 257000.0 257000.0 257000.0 257000.0 257000.0 257000.0 257000.0 257000.0 256990.0 256990.0 256980.0 256980.0 256970.0 256970.0 256970.0 256960.0 256960.0 256960.0
256250.0 256240.0 256240.0 256230.0 256220.0 256230.0 256220.0 256220.0 256210.0 256210.0 256200.0 256190.0 256190.0 256180.0 256170.0 256170.0 256160.0 256170.0 256180.0 256170.0 256140.0 256160.0 256170.0 256160.0 256160.0 256140.0 256140.0 256120.0 256120.0 256110.0 256090.0 256080.0 256070.0 256070.0 256060.0 256050.0 256040.0 256030.0 256030.0 256020.0 256020.0 256010.0 255990.0 255990.0 255980.0 255980.0 255970.0 255970.0 255960.0 255960.0 255960.0 255950.0 255950.0 255940.0
255350.0 255340.0 255330.0 255330.0 255330.0 255310.0 255310.0 255310.0 255320.0 255260.0 255190.0 255200.0 255210.0 255200.0 255180.0 255180.0 255150.0 255150.0 255120.0 255100.0 255090.0 255070.0 255060.0 255040.0 255040.0 255020.0 255020.0 255000.0 254980.0 254980.0 254960.0 254960.0 254950.0 254930.0 254930.0 254920.0 254920.0 254910.0 254910.0 254900.0 254890.0 254890.0 254880.0 254880.0 254870.0 254860.0 254860.0 254850.0 254860.0 254850.0 254850.0 254840.0 254830.0 254830.0
254800.0 254800.0 254790.0 254780.0 254780.0 254770.0 254770.0 254760.0 254760.0 254750.0 254740.0 254770.0 254730.0 254740.0 254750.0 254710.0 254710.0 254660.0 254660.0 254650.0 254640.0 254630.0 254620.0 254620.0 254610.0 254600.0 254600.0 254590.0 254580.0 254580.0 254580.0 254580.0 254570.0 254570.0 254570.0 254560.0 254550.0 254550.0 254550.0 254550.0 254550.0 254550.0 254550.0 254550.0 254550.0 254550.0 254550.0 254550.0 254550.0 254560.0 254560.0 254560.0 254560.0 254560.0
254070.0 254070.0 254070.0 254070.0 254070.0 254070.0 254070.0 254070.0 254070.0 254070.0 254070.0 254070.0 254070.0 254080.0 254080.0 254070.0 254080.0 254070.0 254070.0 254100.0 253970.0 253970.0 253990.0 254010.0 254040.0 254040.0 254040.0 254020.0 254020.0 254020.0 254020.0 254020.0 254020.0 254030.0 254030.0 254030.0 254030.0 254030.0 254040.0 254040.0 254040.0 254040.0 254050.0 254050.0 254050.0 254050.0 254060.0 254060.0 254060.0 254060.0 254070.0 254070.0 254070.0 254070.0
253550.0 253550.0 253550.0 253560.0 253560.0 253550.0 253550.0 253550.0 253550.0 253550.0 253550.0 253580.0 253580.0 253580.0 253580.0 253600.0 253610.0 253600.0 253590.0 253580.0 253580.0 253570.0 253570.0 253560.0 253550.0 253540.0 253540.0 253530.0 253530.0 253530.0 253530.0 253520.0 253520.0 253520.0 253530.0 253530.0 253530.0 253530.0 253530.0 253530.0 253530.0 253540.0 253540.0 253540.0 253540.0 253540.0 253540.0 253540.0 253540.0 253530.0 253530.0 253520.0 253520.0 253520.0
