201.0 247.0 239.0 259.0 265.0 256.0 255.0 232.0 212.0 244.0 260.0 307.0 280.0 237.0 184.0 186.0 181.0 196.0 186.0 175.0 165.0 162.0 169.0 201.0 204.0 170.0 175.0 186.0 170.0 211.0 172.0 173.0 189.0 222.0 211.0 216.0 201.0 192.0 183.0 186.0 202.0 174.0 168.0 206.0 212.0 225.0 182.0 176.0 207.0
174.0 180.0 227.0 235.0 222.0 207.0 185.0 149.0 160.0 190.0 193.0 187.0 173.0 163.0 153.0 166.0 150.0 147.0 140.0 139.0 148.0 145.0 147.0 157.0 167.0 160.0 160.0 162.0 150.0 166.0 180.0 182.0 164.0 175.0 171.0 160.0 149.0 162.0 157.0 156.0 155.0 162.0 161.0 147.0 146.0 139.0 144.0 134.0 144.0
197.0 194.0 191.0 190.0 192.0 190.0 189.0 199.0 194.0 200.0 203.0 196.0 189.0 197.0 187.0 195.0 196.0 190.0 194.0 184.0 187.0 182.0 200.0 192.0 184.0 189.0 185.0 194.0 198.0 188.0 188.0 199.0 188.0 197.0 199.0 212.0 206.0 204.0 196.0 186.0 186.0 188.0 186.0 185.0 183.0 203.0 198.0 184.0 193.0
185.0 180.0 178.0 182.0 179.0 176.0 183.0 190.0 179.0 171.0 179.0 174.0 167.0 167.0 162.0 168.0 173.0 171.0 174.0 164.0 161.0 156.0 166.0 162.0 164.0 158.0 135.0 138.0 130.0 120.0 146.0 145.0 155.0 147.0 140.0 153.0 134.0 142.0 145.0 145.0 124.0 132.0 135.0 148.0 157.0 154.0 151.0 149.0 164.0
179.0 202.0 176.0 178.0 191.0 202.0 193.0 207.0 228.0 213.0 206.0 195.0 204.0 219.0 221.0 213.0 209.0 205.0 203.0 201.0 201.0 205.0 201.0 219.0 221.0 216.0 235.0 225.0 231.0 213.0 206.0 215.0 216.0 217.0 217.0 226.0 238.0 217.0 220.0 218.0 232.0 240.0 250.0 248.0 240.0 231.0 230.0 209.0 202.0
214.0 200.0 211.0 165.0 181.0 236.0 170.0 226.0 204.0 219.0 224.0 211.0 243.0 189.0 215.0 198.0 187.0 172.0 206.0 206.0 190.0 186.0 174.0 219.0 175.0 190.0 189.0 213.0 215.0 216.0 224.0 247.0 217.0 248.0 212.0 278.0 274.0 237.0 269.0 259.0 217.0 229.0 154.0 184.0 223.0 202.0 227.0 223.0 205.0
246.0 219.0 232.0 189.0 211.0 222.0 204.0 243.0 198.0 226.0 203.0 244.0 257.0 205.0 230.0 219.0 255.0 207.0 197.0 245.0 208.0 15.0 308.0 278.0 209.0 190.0 246.0 251.0 208.0 201.0 203.0 232.0 204.0 242.0 220.0 212.0 228.0 203.0 283.0 241.0 195.0 190.0 230.0 267.0 261.0 250.0 252.0 230.0 256.0
222.0 237.0 219.0 235.0 207.0 214.0 248.0 217.0 232.0 222.0 246.0 236.0 239.0 231.0 245.0 253.0 244.0 227.0 203.0 226.0 205.0 230.0 245.0 234.0 205.0 15.0 435.0 346.0 251.0 188.0 289.0 226.0 268.0 229.0 230.0 257.0 229.0 263.0 265.0 251.0 275.0 257.0 273.0 258.0 237.0 270.0 254.0 257.0 279.0
246.0 241.0 230.0 247.0 260.0 267.0 278.0 268.0 281.0 272.0 271.0 243.0 15.0 303.0 264.0 260.0 219.0 264.0 252.0 259.0 247.0 231.0 260.0 261.0 230.0 268.0 253.0 244.0 279.0 262.0 253.0 271.0 261.0 268.0 263.0 268.0 238.0 255.0 260.0 243.0 253.0 264.0 258.0 211.0 230.0 225.0 259.0 241.0 262.0
239.0 272.0 234.0 256.0 244.0 257.0 272.0 252.0 270.0 252.0 267.0 207.0 22.0 475.0 475.0 422.0 345.0 116.0 296.0 348.0 211.0 244.0 213.0 200.0 252.0 252.0 206.0 250.0 214.0 224.0 241.0 265.0 235.0 256.0 243.0 239.0 261.0 245.0 249.0 255.0 251.0 242.0 258.0 282.0 290.0 252.0 279.0 275.0 242.0
271.0 282.0 323.0 282.0 263.0 262.0 263.0 265.0 287.0 270.0 15.0 475.0 387.0 314.0 204.0 223.0 259.0 239.0 231.0 230.0 236.0 240.0 249.0 231.0 258.0 242.0 240.0 234.0 235.0 243.0 246.0 226.0 259.0 223.0 239.0 231.0 248.0 234.0 251.0 235.0 266.0 245.0 234.0 231.0 233.0 227.0 233.0 272.0 253.0
218.0 230.0 238.0 232.0 236.0 257.0 250.0 204.0 237.0 205.0 189.0 15.0 434.0 187.0 320.0 231.0 230.0 210.0 208.0 254.0 211.0 226.0 248.0 207.0 220.0 257.0 219.0 255.0 231.0 233.0 237.0 222.0 234.0 228.0 241.0 254.0 233.0 242.0 256.0 234.0 208.0 248.0 217.0 288.0 292.0 236.0 241.0 262.0 252.0
245.0 200.0 215.0 211.0 253.0 202.0 238.0 217.0 246.0 250.0 276.0 270.0 280.0 284.0 312.0 247.0 213.0 220.0 243.0 218.0 246.0 251.0 234.0 291.0 281.0 266.0 274.0 232.0 213.0 224.0 254.0 239.0 217.0 208.0 244.0 244.0 222.0 235.0 194.0 190.0 252.0 254.0 247.0 248.0 218.0 254.0 247.0 255.0 269.0
215.0 228.0 228.0 234.0 242.0 250.0 255.0 255.0 223.0 228.0 206.0 251.0 301.0 329.0 197.0 354.0 294.0 305.0 340.0 332.0 302.0 274.0 230.0 320.0 294.0 242.0 258.0 271.0 290.0 282.0 220.0 183.0 222.0 270.0 277.0 289.0 263.0 223.0 250.0 187.0 210.0 239.0 251.0 223.0 255.0 247.0 244.0 243.0 257.0
236.0 217.0 215.0 233.0 219.0 272.0 174.0 233.0 200.0 213.0 205.0 230.0 89.0 38.0 145.0 285.0 164.0 210.0 297.0 261.0 187.0 226.0 224.0 250.0 244.0 266.0 209.0 253.0 262.0 235.0 207.0 183.0 193.0 183.0 223.0 236.0 232.0 222.0 198.0 176.0 185.0 183.0 175.0 197.0 188.0 220.0 234.0 217.0 231.0
252.0 258.0 251.0 259.0 196.0 213.0 207.0 215.0 193.0 287.0 185.0 210.0 218.0 207.0 147.0 235.0 156.0 230.0 270.0 222.0 193.0 268.0 226.0 254.0 208.0 244.0 249.0 176.0 256.0 257.0 295.0 278.0 176.0 198.0 211.0 218.0 238.0 256.0 220.0 285.0 238.0 242.0 263.0 253.0 210.0 217.0 184.0 221.0 172.0
228.0 241.0 248.0 184.0 271.0 289.0 238.0 234.0 259.0 231.0 204.0 149.0 173.0 462.0 314.0 269.0 288.0 287.0 266.0 244.0 280.0 293.0 234.0 268.0 243.0 260.0 226.0 261.0 290.0 216.0 250.0 243.0 207.0 212.0 219.0 174.0 203.0 201.0 214.0 198.0 222.0 219.0 221.0 218.0 226.0 214.0 222.0 236.0 228.0
214.0 222.0 236.0 228.0 230.0 225.0 213.0 236.0 228.0 223.0 251.0 228.0 285.0 232.0 218.0 244.0 225.0 356.0 241.0 258.0 235.0 266.0 273.0 259.0 258.0 254.0 235.0 234.0 227.0 240.0 184.0 217.0 225.0 214.0 234.0 227.0 247.0 268.0 234.0 261.0 198.0 261.0 234.0 215.0 225.0 218.0 212.0 241.0 255.0
204.0 203.0 216.0 214.0 227.0 223.0 244.0 242.0 234.0 253.0 254.0 222.0 336.0 173.0 213.0 211.0 227.0 265.0 290.0 251.0 289.0 250.0 225.0 271.0 265.0 246.0 248.0 239.0 218.0 219.0 224.0 208.0 205.0 203.0 196.0 238.0 222.0 228.0 226.0 224.0 224.0 217.0 241.0 217.0 216.0 210.0 214.0 230.0 232.0
264.0 263.0 295.0 254.0 261.0 266.0 259.0 288.0 239.0 226.0 239.0 243.0 214.0 233.0 210.0 231.0 363.0 189.0 221.0 221.0 296.0 224.0 250.0 236.0 255.0 214.0 218.0 257.0 244.0 260.0 273.0 275.0 285.0 266.0 287.0 275.0 272.0 251.0 253.0 280.0 314.0 268.0 283.0 256.0 263.0 301.0 282.0 265.0 273.0
260.0 245.0 248.0 224.0 235.0 234.0 242.0 249.0 259.0 255.0 255.0 239.0 255.0 265.0 143.0 311.0 244.0 220.0 230.0 270.0 252.0 255.0 232.0 239.0 252.0 241.0 247.0 231.0 224.0 221.0 221.0 231.0 234.0 215.0 224.0 232.0 246.0 228.0 225.0 236.0 226.0 230.0 221.0 219.0 236.0 200.0 206.0 224.0 227.0
246.0 241.0 219.0 207.0 214.0 219.0 205.0 227.0 228.0 225.0 244.0 256.0 252.0 241.0 204.0 225.0 224.0 196.0 184.0 226.0 232.0 197.0 235.0 250.0 239.0 243.0 235.0 244.0 241.0 240.0 227.0 231.0 234.0 236.0 225.0 233.0 208.0 177.0 243.0 225.0 248.0 227.0 214.0 276.0 260.0 266.0 263.0 251.0 261.0
243.0 241.0 223.0 232.0 226.0 240.0 234.0 257.0 247.0 240.0 246.0 244.0 221.0 248.0 165.0 305.0 235.0 227.0 232.0 242.0 202.0 242.0 213.0 236.0 245.0 245.0 259.0 256.0 236.0 247.0 256.0 244.0 236.0 256.0 264.0 264.0 268.0 276.0 260.0 238.0 234.0 223.0 245.0 225.0 233.0 245.0 229.0 233.0 239.0
203.0 187.0 165.0 172.0 157.0 120.0 164.0 166.0 174.0 140.0 162.0 178.0 216.0 95.0 67.0 464.0 56.0 179.0 183.0 197.0 176.0 133.0 208.0 203.0 172.0 160.0 182.0 186.0 188.0 195.0 201.0 200.0 195.0 169.0 186.0 184.0 181.0 163.0 162.0 157.0 144.0 183.0 159.0 179.0 200.0 133.0 198.0 162.0 177.0
220.0 196.0 216.0 199.0 231.0 214.0 237.0 224.0 229.0 196.0 241.0 212.0 205.0 218.0 218.0 348.0 217.0 157.0 105.0 148.0 181.0 191.0 226.0 198.0 236.0 204.0 216.0 231.0 232.0 230.0 209.0 213.0 219.0 233.0 214.0 210.0 218.0 201.0 212.0 200.0 230.0 223.0 222.0 221.0 249.0 220.0 226.0 225.0 255.0
210.0 226.0 214.0 219.0 214.0 227.0 231.0 207.0 222.0 215.0 211.0 202.0 217.0 221.0 237.0 204.0 228.0 239.0 438.0 275.0 156.0 73.0 115.0 169.0 187.0 222.0 202.0 229.0 212.0 211.0 227.0 215.0 219.0 246.0 229.0 239.0 243.0 224.0 215.0 219.0 220.0 218.0 213.0 220.0 222.0 242.0 211.0 221.0 211.0
194.0 195.0 200.0 208.0 210.0 213.0 219.0 149.0 454.0 241.0 197.0 182.0 220.0 212.0 212.0 198.0 219.0 223.0 205.0 232.0 204.0 236.0 225.0 205.0 213.0 200.0 223.0 193.0 221.0 211.0 203.0 198.0 204.0 213.0 197.0 210.0 197.0 196.0 213.0 207.0 204.0 209.0 205.0 214.0 185.0 204.0 201.0 215.0 200.0
215.0 209.0 188.0 206.0 206.0 215.0 224.0 205.0 213.0 206.0 379.0 393.0 143.0 174.0 248.0 234.0 210.0 210.0 214.0 229.0 213.0 193.0 200.0 209.0 222.0 206.0 221.0 217.0 222.0 202.0 228.0 202.0 205.0 229.0 240.0 217.0 211.0 204.0 223.0 224.0 227.0 223.0 236.0 249.0 237.0 221.0 242.0 209.0 227.0
279.0 248.0 268.0 260.0 234.0 254.0 249.0 235.0 238.0 249.0 247.0 252.0 214.0 252.0 232.0 212.0 223.0 232.0 222.0 369.0 363.0 174.0 119.0 251.0 220.0 208.0 217.0 259.0 225.0 231.0 234.0 243.0 255.0 256.0 241.0 238.0 216.0 239.0 229.0 241.0 250.0 235.0 221.0 226.0 244.0 239.0 238.0 223.0 245.0
229.0 244.0 211.0 207.0 224.0 225.0 237.0 219.0 211.0 220.0 256.0 325.0 241.0 96.0 75.0 132.0 210.0 213.0 236.0 201.0 223.0 240.0 240.0 227.0 234.0 242.0 250.0 239.0 241.0 242.0 240.0 239.0 237.0 240.0 265.0 282.0 261.0 310.0 323.0 292.0 306.0 322.0 286.0 306.0 269.0 266.0 264.0 286.0 275.0
