495220000.0 495419000.0 495622000.0 495824000.0 496026000.0 496228000.0 496413000.0 496614000.0 496815000.0 497017000.0 497218000.0 497419000.0 497620000.0 497825000.0 498008000.0 498209000.0 498410000.0 498611000.0 498814000.0 499017000.0 499221000.0 499424000.0 499606000.0 499811000.0 500013000.0 500216000.0 500418000.0 500620000.0 500823000.0 501026000.0
501206000.0 501428000.0 501631000.0 501833000.0 502033000.0 502234000.0 502436000.0 502638000.0 502820000.0 503022000.0 503224000.0 503424000.0 503624000.0 503824000.0 504027000.0 504227000.0 504428000.0 504631000.0 504831000.0 505030000.0 505232000.0 505433000.0 505634000.0 505835000.0 506035000.0 506236000.0 506437000.0 506638000.0 506840000.0 507043000.0
513235000.0 513440000.0 513641000.0 513824000.0 514026000.0 514227000.0 514428000.0 514629000.0 514831000.0 515031000.0 515232000.0 515432000.0 515634000.0 515833000.0 516034000.0 516236000.0 516436000.0 516639000.0 516838000.0 517041000.0 517243000.0 517444000.0 517645000.0 517826000.0 518027000.0 518227000.0 518429000.0 518630000.0 518831000.0 519034000.0
519235000.0 519439000.0 519641000.0 519842000.0 520044000.0 520227000.0 520431000.0 520634000.0 520834000.0 521035000.0 521235000.0 521437000.0 521639000.0 521840000.0 522042000.0 522244000.0 522444000.0 522647000.0 522829000.0 523034000.0 523237000.0 523442000.0 523643000.0 523827000.0 524028000.0 524229000.0 524429000.0 524631000.0 524837000.0 525037000.0
525238000.0 525439000.0 525641000.0 525842000.0 526043000.0 526245000.0 526432000.0 526633000.0 526836000.0 527041000.0 527241000.0 527441000.0 527643000.0 527844000.0 528026000.0 528227000.0 528429000.0 528631000.0 528832000.0 529033000.0 529238000.0 529440000.0 529644000.0 529846000.0 530029000.0 530231000.0 530433000.0 530635000.0 530837000.0 531038000.0
186260000.0 186447000.0 186655000.0 186858000.0 187047000.0 187254000.0 187441000.0 187645000.0 187853000.0 188055000.0 188258000.0 188461000.0 188645000.0 188856000.0 189059000.0 189261000.0 189446000.0 189657000.0 189863000.0 190047000.0 190255000.0 190461000.0 190664000.0 190851000.0 191058000.0 191250000.0 191455000.0 191661000.0 191862000.0 192045000.0
571245000.0 571447000.0 571649000.0 571849000.0 572049000.0 572248000.0 572435000.0 572636000.0 572837000.0 573039000.0 573239000.0 573447000.0 573649000.0 573849000.0 574050000.0 574249000.0 574454000.0 574635000.0 575035000.0 575234000.0 575439000.0 575640000.0 575841000.0 576240000.0 576444000.0 576646000.0 577448000.0 577632000.0 577833000.0 578033000.0
579241000.0 579444000.0 579645000.0 579845000.0 580046000.0 580246000.0 580450000.0 580651000.0 580831000.0 581052000.0 581252000.0 581434000.0 581635000.0 581836000.0 582035000.0 582235000.0 582438000.0 582640000.0 582841000.0 583042000.0 583243000.0 583450000.0 583650000.0 583850000.0 584050000.0 584250000.0 584453000.0 584652000.0 585037000.0 585646000.0
623239000.0 623443000.0 623644000.0 623844000.0 624044000.0 624244000.0 624447000.0 625051000.0 625252000.0 625635000.0 625835000.0 626236000.0 626643000.0 626843000.0 627044000.0 627243000.0 627448000.0 627631000.0 627850000.0 628051000.0 628250000.0 628436000.0 628637000.0 628837000.0 629037000.0 629237000.0 629440000.0 629642000.0 629842000.0 630042000.0
631045000.0 631245000.0 631450000.0 631632000.0 631832000.0 632052000.0 632234000.0 632437000.0 632639000.0 632840000.0 633042000.0 633243000.0 633450000.0 633651000.0 633851000.0 634053000.0 634253000.0 634457000.0 634638000.0 634839000.0 635040000.0 635239000.0 635442000.0 635642000.0 635843000.0 636042000.0 636242000.0 636647000.0 637052000.0 637253000.0
646446000.0 646647000.0 646847000.0 647454000.0 647637000.0 647837000.0 648037000.0 648237000.0 648441000.0 648643000.0 648845000.0 649044000.0 649244000.0 649448000.0 649648000.0 649848000.0 650049000.0 650248000.0 650452000.0 650654000.0 650854000.0 651055000.0 651254000.0 651439000.0 651642000.0 651842000.0 652042000.0 652242000.0 652445000.0 652646000.0
654256000.0 654441000.0 654847000.0 655047000.0 655652000.0 656052000.0 656455000.0 656638000.0 656838000.0 657038000.0 657238000.0 657441000.0 657642000.0 657842000.0 658042000.0 658242000.0 658445000.0 658649000.0 658849000.0 659050000.0 659249000.0 659453000.0 659655000.0 659855000.0 660056000.0 660255000.0 660440000.0 660640000.0 660841000.0 661041000.0
280569000.0 280753000.0 280961000.0 281166000.0 281368000.0 281551000.0 281758000.0 281967000.0 282158000.0 282363000.0 282551000.0 282754000.0 282959000.0 283161000.0 283351000.0 283559000.0 283761000.0 283951000.0 284155000.0 284359000.0 284567000.0 284753000.0 284959000.0 285165000.0 285353000.0 285558000.0 285760000.0 285966000.0 286150000.0 286356000.0
309566000.0 309754000.0 309960000.0 310163000.0 310349000.0 310552000.0 310759000.0 310946000.0 311148000.0 311352000.0 311554000.0 311756000.0 311959000.0 312162000.0 312350000.0 312557000.0 312762000.0 312948000.0 313150000.0 313354000.0 313560000.0 313745000.0 313947000.0 314156000.0 314360000.0 314547000.0 314750000.0 314958000.0 315165000.0 315350000.0
316564000.0 316748000.0 316955000.0 317159000.0 317362000.0 317547000.0 317752000.0 317959000.0 318161000.0 318351000.0 318553000.0 318758000.0 318962000.0 319165000.0 319348000.0 319556000.0 319761000.0 319966000.0 320155000.0 320359000.0 320561000.0 320769000.0 320952000.0 321159000.0 321362000.0 321553000.0 321758000.0 321960000.0 322163000.0 322367000.0
323552000.0 323757000.0 323959000.0 324162000.0 324345000.0 324551000.0 324754000.0 324956000.0 325161000.0 325362000.0 325566000.0 325754000.0 325957000.0 326165000.0 326350000.0 326555000.0 326763000.0 326968000.0 327152000.0 327356000.0 327560000.0 327747000.0 327950000.0 328156000.0 328361000.0 328552000.0 328756000.0 328960000.0 329163000.0 329354000.0
339560000.0 339764000.0 339966000.0 340152000.0 340360000.0 340566000.0 340749000.0 340953000.0 341154000.0 341359000.0 341565000.0 341750000.0 341961000.0 342164000.0 342351000.0 342554000.0 342762000.0 342965000.0 343168000.0 343356000.0 343543000.0 343752000.0 343960000.0 344146000.0 344349000.0 344552000.0 344758000.0 344963000.0 345166000.0 345350000.0
345555000.0 345757000.0 345962000.0 346150000.0 346356000.0 346560000.0 346748000.0 346952000.0 347159000.0 347346000.0 347550000.0 347755000.0 347961000.0 348166000.0 348351000.0 348557000.0 348744000.0 348948000.0 349152000.0 349355000.0 349557000.0 349761000.0 349963000.0 350168000.0 350350000.0 350554000.0 350756000.0 350960000.0 351164000.0 351348000.0
343247000.0 343435000.0 343638000.0 343838000.0 344038000.0 344238000.0 344442000.0 344643000.0 344844000.0 345244000.0 345448000.0 345631000.0 346051000.0 346434000.0 346635000.0 347036000.0 347235000.0 347438000.0 347640000.0 347840000.0 348040000.0 348240000.0 348444000.0 348646000.0 348827000.0 349047000.0 349246000.0 349430000.0 349632000.0 349833000.0
357229000.0 357434000.0 357635000.0 357835000.0 358035000.0 358235000.0 358439000.0 358640000.0 358840000.0 359040000.0 359240000.0 359444000.0 359646000.0 359846000.0 360046000.0 360246000.0 360429000.0 360630000.0 360850000.0 361030000.0 361230000.0 361433000.0 361637000.0 361837000.0 362037000.0 362237000.0 362440000.0 362642000.0 362843000.0 363043000.0
372234000.0 372438000.0 372639000.0 372840000.0 373040000.0 373240000.0 373442000.0 373644000.0 373845000.0 374044000.0 374244000.0 374447000.0 375230000.0 375837000.0 376440000.0 376842000.0 377041000.0 377241000.0 377446000.0 377647000.0 377847000.0 378048000.0 378247000.0 378450000.0 378633000.0 378834000.0 379034000.0 379235000.0 379437000.0 379639000.0
400240000.0 400446000.0 400629000.0 400831000.0 401051000.0 401231000.0 401456000.0 401637000.0 401837000.0 402037000.0 402237000.0 402439000.0 402639000.0 402839000.0 403039000.0 403239000.0 403443000.0 403645000.0 403844000.0 404044000.0 404244000.0 404447000.0 404631000.0 405030000.0 405434000.0 405636000.0 406037000.0 406439000.0 406643000.0 406843000.0
420234000.0 420438000.0 420639000.0 420839000.0 421039000.0 421240000.0 421444000.0 421648000.0 421848000.0 422048000.0 422248000.0 422432000.0 422633000.0 422833000.0 423033000.0 423253000.0 423438000.0 423638000.0 423839000.0 424039000.0 424238000.0 424441000.0 424643000.0 425043000.0 425243000.0 425446000.0 425627000.0 426047000.0 426247000.0 426452000.0
241055000.0 241256000.0 241459000.0 241661000.0 241864000.0 242066000.0 242269000.0 242452000.0 242654000.0 242857000.0 243062000.0 243263000.0 243464000.0 243667000.0 243867000.0 244067000.0 244268000.0 244451000.0 244654000.0 244854000.0 245056000.0 245262000.0 245464000.0 245666000.0 245869000.0 246051000.0 246256000.0 246460000.0 246663000.0 246865000.0
77033000.0 77233000.0 77435000.0 77617000.0 77838000.0 78018000.0 78218000.0 78421000.0 78624000.0 78825000.0 79026000.0 79228000.0 79432000.0 79635000.0 79816000.0 80015000.0 80216000.0 80421000.0 80622000.0 80823000.0 81023000.0 81223000.0 81426000.0 81628000.0 81830000.0 82029000.0 82231000.0 82434000.0 82635000.0 82836000.0
97228000.0 97431000.0 97632000.0 97833000.0 98036000.0 98237000.0 98422000.0 98623000.0 98824000.0 99023000.0 99224000.0 99427000.0 99629000.0 99828000.0 100029000.0 100229000.0 100434000.0 100635000.0 100835000.0 101035000.0 101235000.0 101439000.0 101621000.0 101821000.0 102021000.0 102221000.0 102423000.0 102626000.0 102826000.0 103026000.0
115638000.0 116020000.0 116219000.0 116424000.0 116627000.0 116826000.0 117434000.0 117634000.0 117834000.0 118034000.0 118234000.0 118436000.0 118636000.0 118836000.0 119036000.0 119236000.0 119440000.0 119640000.0 119839000.0 120020000.0 120220000.0 120426000.0 120628000.0 120828000.0 121028000.0 121229000.0 121432000.0 121634000.0 121836000.0 122036000.0
123223000.0 123426000.0 123627000.0 123827000.0 124027000.0 124227000.0 124632000.0 124833000.0 125233000.0 125436000.0 125837000.0 126421000.0 126623000.0 126824000.0 127024000.0 127223000.0 127426000.0 127629000.0 127829000.0 128029000.0 128228000.0 128431000.0 128633000.0 128833000.0 129034000.0 129233000.0 129437000.0 129619000.0 129839000.0 130019000.0
152236000.0 152440000.0 152642000.0 152843000.0 153043000.0 153243000.0 153446000.0 153647000.0 153847000.0 154047000.0 154451000.0 154652000.0 155052000.0 155252000.0 155635000.0 155835000.0 156841000.0 157041000.0 157241000.0 157447000.0 157649000.0 157850000.0 158051000.0 158250000.0 158655000.0 158855000.0 159055000.0 159255000.0 159438000.0 159840000.0
176244000.0 176427000.0 176831000.0 177031000.0 177231000.0 177436000.0 177638000.0 177839000.0 178040000.0 178241000.0 178444000.0 178644000.0 178844000.0 179044000.0 179226000.0 179448000.0 179631000.0 179833000.0 180035000.0 180235000.0 180437000.0 180639000.0 180839000.0 181040000.0 181241000.0 181427000.0 181627000.0 181827000.0 182030000.0 182231000.0
