-1.536304 -1.525181 -1.500425 -1.487407 -1.483802 -1.481673 -1.496254 -1.525068 -1.525436 -1.512415 -1.500527 -1.487185 -1.488853 -1.504007 -1.526157 -1.538207 -1.549039 -1.563692 -1.580869 -1.589981 -1.58841 -1.573814 -1.558584 -1.551764 -1.566517 -1.577802 -1.559024 -1.538717 -1.526091 -1.53659 -1.540976 -1.535196 -1.527748 -1.526593 -1.52482 -1.524524 -1.531833 -1.538616 -1.543338 -1.554378 -1.557964 -1.545119 -1.533207 -1.517874 -1.517752 -1.530474 -1.528026 -1.52627
-1.534363 -1.556432 -1.551545 -1.52686 -1.528121 -1.531384 -1.545432 -1.569071 -1.569651 -1.562553 -1.551109 -1.54762 -1.552496 -1.555801 -1.553839 -1.553864 -1.559107 -1.56146 -1.565923 -1.568909 -1.567241 -1.570592 -1.570331 -1.566127 -1.566728 -1.568891 -1.569403 -1.569307 -1.565875 -1.555001 -1.552231 -1.556053 -1.557107 -1.56049 -1.565252 -1.569394 -1.561589 -1.565398 -1.569291 -1.565898 -1.560009 -1.568892 -1.571003 -1.56997 -1.575133 -1.575507 -1.577028 -1.574452
-1.577028 -1.574452 -1.574949 -1.578796 -1.574536 -1.569109 -1.570177 -1.568989 -1.566828 -1.566643 -1.568599 -1.572965 -1.573109 -1.578743 -1.577678 -1.565151 -1.561505 -1.56771 -1.570001 -1.57347 -1.569647 -1.568642 -1.569963 -1.574619 -1.57591 -1.576464 -1.574311 -1.574582 -1.582187 -1.58263 -1.583287 -1.582071 -1.580968 -1.578676 -1.580002 -1.580059 -1.580313 -1.578555 -1.582014 -1.582037 -1.580902 -1.578135 -1.57276 -1.568914 -1.564989 -1.563572 -1.564829 -1.566843
-1.565469 -1.56579 -1.566722 -1.568761 -1.568833 -1.570538 -1.568364 -1.569132 -1.568181 -1.566953 -1.566423 -1.568255 -1.572058 -1.574011 -1.576738 -1.576968 -1.578709 -1.577489 -1.576498 -1.581065 -1.580891 -1.580272 -1.580609 -1.578012 -1.577611 -1.580484 -1.58162 -1.583743 -1.584531 -1.584566 -1.583148 -1.581763 -1.582229 -1.583789 -1.582981 -1.581398 -1.57902 -1.580454 -1.589363 -1.590619 -1.592228 -1.594731 -1.596701 -1.58513 -1.582349 -1.589479 -1.593679 -1.597658
-1.597658 -1.598238 -1.603132 -1.602852 -1.603112 -1.604888 -1.604202 -1.605175 -1.604772 -1.605878 -1.610423 -1.610784 -1.611439 -1.614293 -1.618002 -1.615901 -1.618767 -1.61411 -1.612315 -1.614877 -1.612307 -1.612603 -1.614251 -1.612065 -1.610421 -1.611881 -1.623632 -1.636993 -1.640331 -1.644169 -1.641791 -1.63664 -1.634226 -1.639896 -1.63364 -1.633924 -1.633639 -1.6365 -1.642228 -1.648279 -1.643058 -1.63459 -1.630589 -1.631557 -1.632461 -1.633836 -1.632207 -1.626012
-1.391663 -1.389251 -1.385924 -1.381175 -1.378477 -1.37836 -1.377774 -1.389914 -1.398633 -1.399509 -1.397802 -1.39062 -1.389582 -1.388608 -1.388264 -1.387999 -1.385653 -1.38247 -1.381921 -1.383478 -1.385211 -1.386609 -1.619294 -1.56178 -1.407066 -1.412319 -1.422907 -1.428192 -1.42523 -1.415504 -1.404757 -1.394077 -1.3861 -1.386412 -1.391301 -1.39524 -1.399189 -1.400865 -1.405828 -1.408056 -1.409211 -1.416144 -1.418278 -1.415432 -1.414356 -1.408383 -1.411248 -1.409207
-1.429565 -1.428519 -1.434668 -1.447444 -1.450837 -1.444287 -1.44841 -1.449242 -1.444051 -1.437402 -1.451032 -1.449804 -1.449702 -1.449775 -1.450416 -1.449053 -1.432245 -1.417703 -1.417521 -1.421761 -1.422325 -1.428574 -1.437571 -1.442692 -1.451039 -1.454644 -1.453292 -1.452637 -1.454157 -1.456407 -1.454509 -1.469729 -1.482069 -1.442856 -1.43634 -1.425507 -1.417649 -1.414446 -1.418534 -1.425854 -1.43303 -1.439584 -1.440944 -1.449747 -1.450325 -1.451529 -1.45931 -1.462765
-1.478287 -1.469888 -1.468678 -1.469502 -1.466312 -1.454994 -1.448205 -1.447162 -1.456315 -1.463741 -1.461742 -1.454079 -1.451823 -1.453691 -1.460217 -1.461541 -1.463497 -1.464691 -1.458948 -1.456706 -1.461158 -1.471189 -1.474136 -1.481637 -1.488084 -1.494858 -1.497198 -1.496107 -1.48951 -1.485549 -1.485417 -1.535764 -1.654799 -1.576842 -1.512946 -1.480962 -1.464963 -1.46609 -1.465202 -1.460693 -1.463287 -1.468177 -1.471855 -1.477253 -1.48042 -1.487708 -1.487052 -1.483566
-1.483866 -1.484384 -1.484801 -1.49007 -1.496054 -1.496628 -1.499681 -1.502893 -1.499133 -1.497832 -1.497755 -1.500176 -1.501033 -1.497572 -1.499607 -1.506534 -1.505522 -1.501225 -1.508002 -1.504873 -1.498708 -1.4949 -1.494502 -1.495848 -1.493497 -1.494064 -1.499031 -1.496866 -1.684436 -1.715542 -1.60332 -1.527914 -1.50847 -1.502458 -1.503267 -1.506346 -1.508023 -1.50774 -1.498712 -1.489814 -1.485904 -1.478253 -1.477725 -1.478805 -1.482625 -1.492694 -1.496277 -1.495407
-1.629008 -1.630317 -1.649191 -1.657046 -1.668643 -1.67336 -1.683161 -1.671183 -1.662703 -1.65554 -1.637428 -1.638665 -1.633154 -1.62073 -1.614706 -1.618565 -1.652304 -1.661465 -1.657997 -1.646437 -1.64229 -1.638479 -1.650792 -1.634533 -1.512695 -1.459288 -1.543867 -1.606438 -1.574768 -1.564943 -1.586696 -1.605269 -1.583437 -1.591162 -1.664335 -1.658122 -1.655518 -1.648182 -1.653776 -1.658529 -1.667062 -1.670315 -1.66966 -1.655804 -1.66856 -1.687307 -1.690424 -1.678985
-1.662254 -1.663577 -1.662576 -1.659542 -1.659539 -1.661355 -1.652469 -1.654213 -1.655734 -1.659686 -1.661068 -1.658076 -1.664855 -1.668939 -1.66346 -1.658467 -1.654066 -1.645654 -1.653294 -1.64583 -1.634498 -1.645948 -1.656766 -1.653863 -1.654918 -1.649342 -1.494967 -1.512637 -1.63917 -1.662451 -1.684563 -1.685532 -1.663559 -1.669202 -1.670223 -1.660645 -1.669177 -1.675069 -1.67884 -1.688839 -1.69636 -1.687219 -1.675512 -1.676601 -1.67451 -1.670376 -1.669679 -1.677197
-1.719668 -1.719658 -1.721368 -1.727253 -1.726918 -1.728444 -1.72258 -1.722654 -1.722803 -1.718819 -1.70956 -1.684095 -1.686403 -1.67318 -1.681445 -1.782791 -1.906744 -2.15438 -2.280123 -2.358078 -2.325074 -2.12256 -2.037566 -2.001357 -2.020514 -2.053372 -2.060354 -2.046506 -2.059411 -2.084087 -2.116977 -2.117626 -2.106112 -2.076456 -2.073666 -2.070645 -2.072916 -2.073994 -2.064822 -2.043191 -2.05806 -2.048104 -2.053716 -2.050581 -2.051267 -2.060623 -2.063074 -2.071216
-1.621319 -1.623782 -1.627679 -1.627799 -1.627002 -1.619108 -1.597359 -1.59297 -1.591308 -1.623232 -1.675207 -1.66022 -1.650316 -1.555507 -1.455689 -1.315484 -1.331998 -1.401072 -1.458996 -1.473585 -1.478457 -1.499876 -1.556099 -1.627138 -1.648835 -1.668088 -1.634831 -1.615497 -1.612088 -1.624719 -1.604881 -1.599513 -1.615783 -1.647586 -1.633212 -1.600101 -1.598063 -1.593445 -1.593317 -1.593 -1.589686 -1.590655 -1.593284 -1.592968 -1.592545 -1.589811 -1.58438 -1.572471
