3.96214 3.75185 3.481859 3.28028 3.071788 2.785637 2.391458 2.049299 1.741966 1.46151 1.183301 0.8973712 0.7857043 0.7529374 0.9234012 1.178896 1.426868 1.54362 1.532577 1.416003 1.214401 1.085304 1.128582 1.385087 1.959884 2.248828 2.573256 2.87558 3.084339 3.188955 3.258466 3.252727 3.172525 2.946788 2.513743 2.00324 1.270576 0.3970122 -0.1033052 -0.3191898 -0.3415914 -0.2270653 -0.08931164 0.1361394 0.3582661 0.5314462 0.6400381 0.7520804 0.8994021 1.111283 1.276895 1.37122 1.471983 1.463135 1.351135 1.139378 0.8652303 0.557429 0.3702317 0.1523054
0.557429 0.3702317 0.1523054 -0.03920218 -0.1142202 0.01788028 0.3796793 0.860862 1.151506 1.297654 1.243592 1.041412 0.8121652 0.6491749 0.6403262 0.6235182 0.4733629 0.1632176 -0.2719011 -0.715301 -1.235314 -1.640593 -2.037858 -2.422616 -2.739898 -3.068362 -3.175223 -3.231804 -3.274151 -3.326826 -3.355753 -3.349374 -3.327436 -3.295889 -3.272782 -3.249703 -3.239257 -3.235179 -3.245441 -3.355051 -3.501449 -3.74682 -3.890864 -4.114684 -4.250736 -4.502501 -4.709065 -4.758166 -4.760367 -4.595387 -4.441722 -4.285233 -4.137005 -4.037657 -4.045402 -4.094671 -4.112876 -4.126896 -4.108987 -4.082254
-4.112876 -4.126896 -4.108987 -4.082254 -4.014092 -3.965983 -3.852365 -3.727879 -3.569664 -3.460153 -3.255271 -3.063963 -2.929413 -2.762164 -2.59369 -2.518948 -2.451781 -2.411328 -2.357831 -2.293115 -2.293142 -2.248386 -2.222245 -2.105449 -2.035844 -1.904368 -1.803429 -1.702712 -1.579778 -1.469909 -1.333364 -1.172994 -1.061579 -0.8487664 -0.7160124 -0.6239902 -0.5755777 -0.5696394 -0.5489795 -0.5312525 -0.4702184 -0.3338839 -0.1515228 0.1364011 0.3781568 0.6505252 0.9248304 1.14723 1.325266 1.475161 1.628539 1.792444 1.990902 2.143924 2.258118 2.269114 2.149656 2.017142 1.839787 1.696263
2.017142 1.839787 1.696263 1.512854 1.429721 1.341314 1.308791 1.30286 1.308817 1.33086 1.366024 1.409122 1.491716 1.594714 1.708912 1.837579 1.944636 1.975535 1.953009 1.863631 1.73957 1.663005 1.605588 1.599391 1.620909 1.657947 1.690869 1.708742 1.734716 1.781869 1.795772 1.747156 1.646318 1.534222 1.395761 1.31646 1.264976 1.263502 1.24716 1.187786 1.046823 0.8412092 0.6758887 0.5538962 0.6001431 0.7259402 0.7987288 0.8759949 0.9738519 1.049996 1.199789 1.322098 1.439416 1.547811 1.539046 1.435963 1.140301 0.845449 0.4749203 0.1595329
0.4749203 0.1595329 -0.1546609 -0.3448545 -0.6085366 -0.7911071 -0.899397 -0.9415551 -0.9527436 -0.9432719 -0.8987611 -0.7848531 -0.7462377 -0.738633 -0.7961308 -0.8420583 -0.9230297 -1.020496 -1.074588 -1.085752 -1.034829 -0.9449651 -0.7850148 -0.6334096 -0.4727198 -0.3272525 -0.1919539 -0.06329701 0.06179634 0.1508114 0.2373591 0.3279269 0.393633 0.4402124 0.580039 0.7771627 0.9878282 1.287317 1.525324 1.789742 2.026323 2.283448 2.434861 2.593355 2.652174 2.58375 2.462744 2.151666 1.395042 1.088265 0.7993557 0.6687219 0.5317611 0.4121714 0.355667 0.2879156 0.2670116 0.2545187 0.245705 0.2184504
1.975807 2.193614 2.376336 2.587129 2.770323 2.924359 2.983967 2.893869 2.656988 2.220384 1.819151 1.317451 0.9508175 0.7863991 0.7337821 0.8210001 0.9302815 1.137314 1.230466 1.320694 1.229611 1.094844 0.7880034 0.5471256 0.2752038 0.1406112 -0.1594146 -0.8064528 -2.152945 -3.578192 -5.087299 -5.813757 -5.827201 -5.140143 -4.29599 -3.21315 -2.093349 -1.004132 -0.2773355 0.3852079 0.8283231 1.067067 1.159454 1.084888 0.867175 0.5695451 0.4018935 0.2181833 0.2390354 0.2247418 0.2632076 0.1662856 0.127117 0.02955255 0.07221624 0.1160318 0.3877616 0.624211 0.9968916 1.40846
-3.379229 -3.31914 -3.107225 -2.927789 -2.787796 -2.583452 -2.323164 -1.994582 -1.618277 -1.296595 -1.001081 -0.8356745 -0.8266888 -0.8010935 -0.8242993 -0.7366489 -0.6674718 -0.472161 -0.2986948 0.004232447 0.3791172 0.5921177 0.7443883 0.8035503 0.7591804 0.4719827 0.05563374 -0.5285671 -0.9468918 -1.46926 -1.734359 -1.955286 -1.995354 -1.946045 -1.746625 -1.518589 -1.198717 -1.161534 -1.765387 -2.504451 -3.203139 -3.359766 -2.877527 -2.374218 -1.721096 -1.183871 -0.8242419 -0.5956648 -0.5166104 -0.5406394 -0.6473956 -0.6969346 -0.7272877 -0.6906683 -0.5821937 -0.2825493 0.0309931 0.3007353 0.5505236 0.8053585
0.3293462 0.71233 1.105739 1.524255 1.827696 2.087907 2.323051 2.54648 2.812215 2.866092 2.926449 2.806752 2.780931 2.620663 2.687834 2.661463 2.690865 2.659031 2.698841 2.58954 2.590148 2.667034 2.775274 2.891508 2.917384 2.990736 3.077138 3.228737 3.426438 3.596308 3.683495 3.794488 3.854896 4.003306 4.157277 4.402799 3.96116 2.053444 1.187413 0.8634947 0.8487833 1.051734 1.489705 1.835557 2.140018 2.32186 2.524083 2.564314 2.66285 2.625901 2.60506 2.51193 2.373566 2.068321 1.885239 1.668428 1.535986 1.455391 1.511818 1.633256
-1.279167 -1.528488 -1.765895 -2.121579 -2.407894 -2.586203 -2.685236 -2.769635 -2.794291 -2.772849 -2.682343 -2.521125 -2.372236 -2.216965 -2.055504 -1.957578 -1.927633 -1.912696 -2.042496 -2.1188 -2.309619 -2.387356 -2.511413 -2.552687 -2.627628 -2.648882 -2.64717 -2.529609 -2.462107 -2.400094 -2.457104 -2.518357 -2.598361 -3.055106 -4.536232 -6.043149 -6.070149 -5.791484 -5.293462 -4.816165 -4.23772 -3.818492 -3.360699 -3.102182 -2.772525 -2.449544 -2.062231 -1.564237 -1.203184 -0.7753109 -0.4385621 -0.211037 -0.09608906 -0.0934545 -0.257356 -0.3645381 -0.5057501 -0.5185289 -0.5110703 -0.4895746
3.448611 3.693247 4.00296 4.16152 4.212818 4.194907 4.084839 4.047747 4.097249 4.354389 4.687436 5.018126 5.602333 5.944095 6.224375 6.282067 6.183745 5.956363 5.533838 4.797497 4.183435 3.153553 2.432903 1.423244 0.325457 0.4218341 0.6335025 0.6959212 0.9866648 1.565593 2.732101 5.616583 6.784943 7.170195 6.969921 6.17077 4.51887 2.082067 0.293023 -0.9338388 -1.435751 -1.329823 -0.8383515 -0.7421584 -0.7067233 -0.6505553 -0.6093079 -0.4719356 -0.3302347 0.001999827 0.2250313 0.492677 0.6646075 0.6414517 0.5034554 0.2390036 -0.306168 -0.7537254 -1.158571 -1.411919
-1.587025 -1.369058 -0.9721209 -0.7273442 -0.401812 -0.194848 -0.05970263 -0.003852148 -0.03429886 -0.1095235 -0.1365772 -0.1885121 -0.2237587 -0.3308783 -0.4240448 -0.5430495 -0.5653394 -0.5867221 -0.5091145 -0.3953705 -0.1994844 0.03641545 0.3389744 0.4106141 0.239144 -0.05663404 -0.487098 -0.8556288 -1.391368 -1.587897 -1.633499 -1.423386 -0.4261429 0.6946727 1.218422 1.21648 0.8032658 0.1412898 -0.3114654 -0.7112626 -0.7448824 -0.6012309 -0.4027568 -0.2744102 -0.3493962 -0.9616017 -1.441929 -1.682587 -1.780864 -1.68779 -1.296689 -0.9099379 -0.5794954 -0.3510539 -0.1889276 -0.01325124 0.09822942 0.2058802 0.3120233 0.8596549
-1.004784 -0.6176357 -0.2611118 0.3073038 0.8666475 1.522694 2.116594 2.880114 3.843752 4.433863 4.998683 5.478383 5.598339 6.237678 6.388233 6.403882 6.277213 5.833169 4.9243 4.365942 4.032513 4.430648 4.996325 5.725785 6.697404 7.896434 9.240282 10.03165 10.21477 10.09014 9.797067 9.309236 8.54975 7.841682 7.033743 6.298751 5.480975 4.657318 3.845617 3.295507 2.814064 2.571692 2.437096 2.42241 2.51492 2.713377 2.949118 3.105621 3.199304 3.19555 3.064695 2.996338 3.058111 3.212296 3.392369 3.61724 3.82311 3.922582 4.061368 4.183568
-2.693538 -2.696667 -2.74776 -2.810129 -2.864087 -2.931787 -3.023593 -3.066265 -3.054822 -2.948076 -2.850212 -2.652005 -1.982173 -1.072925 0.2985427 1.562359 3.098153 4.045506 7.329124 11.73929 14.16987 14.65892 13.55328 11.91063 9.509491 6.663016 5.220086 3.864368 3.625047 3.971467 4.536684 5.545836 6.334615 6.783064 6.632982 5.983593 4.741641 2.974401 1.705343 0.4696058 -0.1767673 -0.330889 -0.302599 -0.2913295 -0.3810212 -0.8622326 -1.472324 -2.195488 -2.411382 -2.52924 -2.57517 -2.629775 -2.826315 -3.056544 -3.260121 -3.366823 -3.502918 -3.642993 -3.857227 -4.085992
