261.0 257.0 196.0 181.0 190.0 192.0 215.0 278.0 268.0 241.0 211.0 199.0 197.0 216.0 238.0 260.0 274.0 295.0 324.0 306.0 343.0 301.0 275.0 238.0 272.0 312.0 302.0 267.0 261.0 262.0 267.0 266.0 227.0 236.0 243.0 231.0 248.0 236.0 260.0 297.0 261.0 280.0 249.0 217.0 200.0 192.0 239.0 250.0 217.0
286.0 276.0 237.0 228.0 246.0 262.0 286.0 329.0 256.0 277.0 272.0 266.0 255.0 278.0 262.0 244.0 263.0 279.0 259.0 271.0 272.0 280.0 308.0 293.0 290.0 321.0 286.0 301.0 315.0 275.0 290.0 280.0 318.0 276.0 295.0 305.0 339.0 303.0 294.0 303.0 285.0 291.0 303.0 332.0 305.0 291.0 313.0 316.0 298.0
321.0 327.0 342.0 330.0 295.0 312.0 305.0 294.0 286.0 286.0 289.0 328.0 317.0 301.0 309.0 279.0 291.0 315.0 306.0 304.0 306.0 295.0 303.0 314.0 306.0 305.0 314.0 298.0 309.0 324.0 305.0 313.0 306.0 283.0 280.0 291.0 283.0 278.0 280.0 292.0 270.0 275.0 271.0 260.0 268.0 267.0 273.0 268.0 296.0
278.0 269.0 277.0 275.0 276.0 283.0 278.0 275.0 272.0 266.0 277.0 266.0 281.0 286.0 283.0 273.0 278.0 281.0 279.0 277.0 277.0 265.0 275.0 280.0 279.0 274.0 277.0 270.0 295.0 279.0 278.0 278.0 284.0 288.0 274.0 259.0 269.0 272.0 268.0 273.0 277.0 275.0 278.0 303.0 303.0 259.0 290.0 291.0 303.0
300.0 314.0 312.0 318.0 297.0 314.0 302.0 292.0 307.0 333.0 327.0 321.0 344.0 325.0 319.0 334.0 317.0 317.0 322.0 311.0 304.0 284.0 307.0 294.0 314.0 342.0 354.0 350.0 327.0 343.0 325.0 297.0 340.0 334.0 339.0 322.0 335.0 341.0 375.0 370.0 374.0 349.0 324.0 350.0 351.0 372.0 356.0 354.0 337.0
310.0 286.0 290.0 301.0 296.0 308.0 315.0 316.0 338.0 341.0 326.0 291.0 305.0 317.0 320.0 313.0 323.0 306.0 303.0 295.0 297.0 299.0 314.0 470.0 470.0 225.0 308.0 290.0 353.0 353.0 344.0 319.0 318.0 316.0 312.0 341.0 338.0 335.0 329.0 333.0 328.0 337.0 358.0 349.0 315.0 316.0 314.0 331.0 329.0
324.0 340.0 372.0 356.0 375.0 364.0 366.0 380.0 334.0 392.0 381.0 356.0 365.0 344.0 350.0 299.0 286.0 310.0 334.0 326.0 337.0 364.0 360.0 364.0 342.0 340.0 350.0 338.0 357.0 351.0 268.0 484.0 276.0 270.0 323.0 335.0 326.0 296.0 314.0 308.0 308.0 340.0 328.0 333.0 344.0 324.0 322.0 359.0 353.0
323.0 335.0 331.0 332.0 303.0 301.0 305.0 320.0 330.0 319.0 288.0 288.0 314.0 320.0 323.0 300.0 312.0 292.0 282.0 294.0 299.0 306.0 297.0 312.0 334.0 342.0 361.0 367.0 332.0 320.0 324.0 242.0 377.0 338.0 252.0 262.0 299.0 319.0 285.0 271.0 291.0 299.0 311.0 309.0 320.0 318.0 318.0 291.0 299.0
346.0 352.0 342.0 351.0 364.0 343.0 355.0 351.0 341.0 332.0 341.0 346.0 336.0 344.0 337.0 366.0 349.0 335.0 366.0 350.0 328.0 337.0 334.0 333.0 334.0 345.0 348.0 349.0 337.0 487.0 490.0 245.0 257.0 323.0 331.0 337.0 347.0 349.0 369.0 339.0 295.0 307.0 296.0 304.0 302.0 324.0 315.0 340.0 326.0
309.0 331.0 349.0 345.0 375.0 328.0 341.0 335.0 373.0 312.0 287.0 323.0 296.0 276.0 293.0 313.0 339.0 361.0 364.0 329.0 340.0 317.0 281.0 328.0 457.0 15.0 51.0 148.0 236.0 257.0 360.0 312.0 266.0 211.0 275.0 354.0 395.0 302.0 286.0 287.0 292.0 319.0 354.0 343.0 355.0 343.0 359.0 411.0 371.0
315.0 299.0 317.0 302.0 316.0 308.0 301.0 280.0 320.0 298.0 322.0 319.0 289.0 322.0 261.0 263.0 294.0 287.0 331.0 319.0 307.0 352.0 367.0 317.0 337.0 319.0 271.0 75.0 424.0 396.0 343.0 399.0 291.0 312.0 357.0 358.0 340.0 355.0 359.0 368.0 366.0 379.0 358.0 331.0 328.0 327.0 326.0 314.0 365.0
408.0 369.0 392.0 411.0 389.0 405.0 437.0 414.0 437.0 377.0 350.0 399.0 338.0 500.0 311.0 404.0 453.0 197.0 500.0 498.0 195.0 220.0 324.0 301.0 368.0 330.0 355.0 373.0 500.0 416.0 396.0 364.0 360.0 373.0 372.0 403.0 372.0 305.0 329.0 337.0 295.0 346.0 299.0 357.0 304.0 356.0 363.0 361.0 340.0
362.0 373.0 391.0 384.0 379.0 379.0 336.0 343.0 342.0 283.0 296.0 414.0 301.0 346.0 146.0 42.0 70.0 296.0 499.0 329.0 128.0 304.0 333.0 479.0 258.0 500.0 500.0 500.0 500.0 500.0 500.0 500.0 491.0 384.0 493.0 500.0 442.0 434.0 418.0 405.0 412.0 373.0 378.0 386.0 380.0 405.0 400.0 386.0 372.0
