180.0 157.0 241.0 265.0 251.0 263.0 251.0 188.0 197.0 208.0 237.0 236.0 274.0 259.0 220.0 181.0 181.0 151.0 112.0 104.0 119.0 136.0 156.0 175.0 174.0 141.0 114.0 176.0 238.0 221.0 189.0 187.0 193.0 197.0 229.0 220.0 230.0 227.0 190.0 185.0 158.0 149.0 198.0 199.0 230.0 229.0 213.0 214.0 223.0
173.0 143.0 211.0 240.0 225.0 230.0 223.0 189.0 165.0 151.0 199.0 226.0 230.0 200.0 205.0 194.0 214.0 199.0 194.0 180.0 179.0 207.0 202.0 201.0 200.0 206.0 203.0 203.0 214.0 205.0 232.0 246.0 248.0 237.0 222.0 219.0 211.0 216.0 236.0 194.0 201.0 215.0 223.0 198.0 211.0 219.0 202.0 203.0 203.0
194.0 203.0 197.0 195.0 222.0 220.0 222.0 202.0 205.0 219.0 205.0 201.0 220.0 207.0 193.0 211.0 226.0 217.0 209.0 216.0 215.0 222.0 216.0 205.0 205.0 203.0 207.0 213.0 214.0 193.0 193.0 190.0 187.0 189.0 193.0 193.0 188.0 189.0 188.0 180.0 177.0 177.0 190.0 196.0 207.0 220.0 223.0 220.0 211.0
219.0 222.0 218.0 217.0 214.0 210.0 224.0 206.0 214.0 217.0 221.0 222.0 219.0 207.0 210.0 199.0 197.0 210.0 208.0 211.0 193.0 207.0 190.0 205.0 222.0 206.0 207.0 201.0 193.0 199.0 215.0 208.0 212.0 200.0 201.0 202.0 208.0 222.0 199.0 178.0 182.0 176.0 181.0 170.0 188.0 222.0 222.0 206.0 198.0
192.0 182.0 182.0 182.0 181.0 181.0 172.0 173.0 178.0 172.0 167.0 179.0 167.0 162.0 168.0 150.0 165.0 174.0 167.0 165.0 171.0 178.0 161.0 169.0 174.0 143.0 131.0 115.0 118.0 126.0 121.0 148.0 143.0 121.0 126.0 134.0 146.0 146.0 138.0 119.0 110.0 113.0 132.0 159.0 152.0 144.0 133.0 145.0 154.0
172.0 182.0 184.0 216.0 223.0 245.0 236.0 236.0 206.0 221.0 203.0 230.0 227.0 232.0 228.0 232.0 228.0 242.0 235.0 240.0 209.0 212.0 103.0 48.0 306.0 347.0 292.0 293.0 274.0 233.0 216.0 217.0 235.0 251.0 265.0 257.0 247.0 249.0 231.0 226.0 220.0 236.0 222.0 214.0 215.0 203.0 219.0 225.0 207.0
268.0 244.0 224.0 207.0 219.0 226.0 210.0 225.0 249.0 207.0 223.0 227.0 237.0 228.0 212.0 257.0 260.0 271.0 267.0 260.0 263.0 247.0 218.0 209.0 207.0 214.0 203.0 218.0 205.0 196.0 396.0 37.0 143.0 216.0 174.0 230.0 242.0 261.0 283.0 266.0 258.0 261.0 242.0 243.0 207.0 222.0 218.0 215.0 204.0
209.0 222.0 217.0 211.0 230.0 247.0 274.0 252.0 219.0 234.0 250.0 250.0 255.0 220.0 224.0 213.0 212.0 211.0 231.0 221.0 207.0 196.0 202.0 183.0 168.0 163.0 162.0 170.0 177.0 182.0 189.0 40.0 84.0 104.0 220.0 237.0 256.0 222.0 211.0 226.0 235.0 223.0 221.0 226.0 199.0 192.0 183.0 183.0 200.0
241.0 241.0 239.0 232.0 221.0 236.0 221.0 216.0 229.0 231.0 232.0 224.0 235.0 227.0 237.0 205.0 225.0 246.0 220.0 205.0 239.0 251.0 239.0 260.0 247.0 243.0 236.0 240.0 248.0 78.0 73.0 245.0 288.0 272.0 248.0 234.0 225.0 210.0 214.0 230.0 252.0 272.0 257.0 277.0 293.0 283.0 287.0 257.0 242.0
245.0 233.0 185.0 189.0 152.0 116.0 120.0 189.0 184.0 211.0 231.0 202.0 244.0 247.0 264.0 235.0 178.0 158.0 150.0 170.0 209.0 218.0 236.0 15.0 34.0 128.0 125.0 486.0 250.0 211.0 329.0 345.0 231.0 206.0 324.0 272.0 159.0 185.0 211.0 234.0 204.0 192.0 184.0 181.0 178.0 233.0 208.0 170.0 127.0
215.0 241.0 227.0 229.0 243.0 223.0 237.0 240.0 246.0 245.0 230.0 230.0 261.0 234.0 241.0 220.0 220.0 270.0 256.0 255.0 339.0 329.0 237.0 258.0 248.0 235.0 78.0 500.0 262.0 217.0 213.0 179.0 229.0 285.0 222.0 267.0 280.0 238.0 225.0 239.0 211.0 178.0 207.0 249.0 221.0 227.0 232.0 233.0 208.0
152.0 150.0 156.0 140.0 139.0 149.0 158.0 179.0 162.0 136.0 174.0 205.0 263.0 204.0 23.0 34.0 109.0 15.0 25.0 39.0 242.0 301.0 255.0 178.0 194.0 203.0 209.0 161.0 70.0 65.0 126.0 194.0 179.0 193.0 174.0 184.0 221.0 209.0 255.0 206.0 184.0 212.0 224.0 201.0 179.0 173.0 178.0 190.0 213.0
225.0 206.0 231.0 219.0 224.0 218.0 294.0 294.0 251.0 130.0 25.0 62.0 203.0 260.0 500.0 500.0 500.0 500.0 490.0 470.0 245.0 353.0 247.0 205.0 19.0 121.0 66.0 234.0 295.0 251.0 204.0 307.0 268.0 201.0 128.0 191.0 321.0 270.0 229.0 247.0 247.0 253.0 250.0 244.0 215.0 265.0 257.0 262.0 245.0
