0.078605 0.04955557 0.04930413 0.06546387 0.0659266 0.06571233 0.06793026 0.05979541 0.04988823 0.003209916 -0.01715849 -0.02552502 -0.004468626 0.0305675 0.07040571 0.07256799 0.06267659 0.02277568 -0.01584441 -0.04354652 -0.002215644 0.02019037 0.0100232 0.02756315 0.04750544 0.04163641 0.03888748 0.08626897 0.1250047 0.1296319 0.1037548 0.02367494 -0.02600758 -0.01727597 -0.02236482 -0.00692668 0.01384184 0.02104263 0.03433016 0.01061288 -0.006637625 0.00806493 0.007694348 0.01950764 0.02315332 0.03836058 0.04530926 0.04528589
0.06453963 0.02371454 -0.0437673 -0.05670094 -0.02965684 0.009514028 0.05530992 0.07438464 0.01555727 -0.02591243 -0.008576157 0.02299477 0.0458755 0.03448885 0.01857227 -0.002453261 0.01234572 0.007864418 -0.01135379 -0.03548091 -0.05173339 -0.04908929 -0.04415922 -0.05696205 -0.04952551 -0.05932296 -0.06212356 -0.05285173 -0.05649809 -0.06065339 -0.04467526 -0.02789149 -0.04979308 -0.05584412 -0.04542413 -0.03674378 -0.06766161 -0.07234638 -0.09228684 -0.1021053 -0.09015917 -0.07147038 -0.0643831 -0.05768282 -0.06195977 -0.06486171 -0.0704463 -0.07498252
-0.0704463 -0.07498252 -0.06512844 -0.07311761 -0.07944929 -0.07643323 -0.07028136 -0.06659339 -0.07222255 -0.0727502 -0.06570868 -0.05697178 -0.03889899 -0.03273553 -0.05033787 -0.06361225 -0.05594651 -0.04515627 -0.05589904 -0.05043295 -0.04834976 -0.04547612 -0.04483362 -0.04518783 -0.04669192 -0.04896824 -0.04426746 -0.02055046 -0.007269227 -0.009511737 -0.01459343 -0.02264429 -0.03157181 -0.04432349 -0.04491724 -0.03924179 -0.03710316 -0.02962737 -0.02217894 -0.01401099 -0.01703817 -0.02103739 -0.01557987 -0.008754354 0.01384634 0.03182928 0.03269886 0.01996281
0.01193997 0.01035555 0.001033115 -0.001007137 0.000859647 -0.000108442 0.00103384 -0.01007294 -0.01131148 -0.004011638 0.007878899 0.0149398 0.02773176 0.02764163 0.02332714 0.01145408 -0.000111643 -0.001993243 0.002209242 0.008850173 0.005632964 0.006296619 0.001566426 0.01091558 0.0312244 0.02594203 0.02012812 0.006784055 0.002158627 0.006605028 0.01506742 0.02484235 0.02625662 0.01860606 -0.001645093 -0.02200237 -0.01739946 -0.003437699 -0.006631806 -0.009647413 -0.0139107 -0.007869748 0.01121592 0.02804183 0.04242733 0.04718761 0.03735375 0.02103765
0.02103765 0.008368893 -8.66e-05 -0.004792221 -0.01102982 -0.01676109 -0.01900768 -0.02813737 -0.03109694 -0.03711107 -0.01783483 -0.01167371 -0.007378077 -0.00297505 -0.002660849 -0.01257729 -0.02144476 -0.02894199 -0.03224078 -0.02695464 -0.02605684 -0.02388356 -0.02223598 -0.0213095 -0.01819462 -0.006017895 0.000483155 -0.005675407 -0.02196672 -0.02514298 -0.01229081 -0.02582934 -0.009137332 -0.0151773 0.001165017 0.01476843 0.03597706 0.05516034 0.05643148 0.05059295 0.04101154 0.01805734 0.01432051 0.006698661 0.009554069 0.00931996 0.01062308 0.001311401
0.01241031 0.008994186 0.007166119 0.0363497 0.0619447 0.08306502 0.0960315 0.06825627 0.02620897 -0.000815155 -0.02441344 -0.02423437 -0.010664 0.003590939 0.0151254 0.02443928 0.03347788 0.0397233 0.03301331 0.005935172 -0.02375325 -0.000836814 0.5056282 0.3355711 0.0146382 -0.1522763 -0.2063179 -0.2040383 -0.1681625 -0.140817 -0.1119937 -0.07644016 -0.03482711 -0.005703947 0.01961918 0.02493807 0.02492113 0.003813189 -0.01182723 -0.02202815 -0.02200119 -0.001965337 0.00250282 -0.01177994 -0.04382076 -0.05484654 -0.04509737 -0.04300516
-0.08624396 -0.06784742 -0.06454854 -0.0662371 -0.06600292 -0.0812367 -0.07312823 -0.0589685 -0.02825281 -0.02156216 -0.02521235 -0.03351017 -0.04242161 -0.03248249 -0.03260387 -0.04386679 -0.03561462 -0.02676196 -0.01676457 0.0171067 0.04156621 0.04992069 0.0433022 0.008901825 -0.02191841 -0.04303256 -0.05718866 -0.06201962 -0.06280094 -0.06018079 -0.05837629 0.3197563 0.1998134 -0.03677746 -0.1016353 -0.1242348 -0.08354285 -0.02869338 7.22e-05 0.01174544 0.003681798 -0.006649935 -0.0247226 -0.03656905 -0.04489335 -0.04366007 -0.03377932 -0.01880852
-0.06328963 -0.05560755 -0.0413874 -0.02515356 -0.01274591 -0.00848952 0.000646844 0.03278258 0.06013772 0.05325258 0.03806247 0.01175258 0.003218286 0.02049176 0.03397813 0.0358675 0.02499616 0.01170613 -0.002697241 0.008952818 0.02192623 0.01852469 7.98e-05 0.01414115 0.02272062 0.03120097 0.04053329 0.0394544 0.03337089 0.03348309 0.0419519 -0.01712097 0.003244874 0.01326472 -0.009395812 -0.0141172 0.008419779 0.04888776 0.03619523 0.03448746 0.05511288 0.06493939 0.07534306 0.07823949 0.06947093 0.05741174 0.03501352 0.01480542
0.001000924 -0.00092268 0.000115396 -0.01384917 -0.02988227 -0.04687788 -0.05226793 -0.05395298 -0.05776129 -0.05921471 -0.04841486 -0.0353415 -0.03403062 -0.02882133 -0.02516109 -0.0271131 -0.03248987 -0.03350507 -0.03052157 -0.04188722 -0.04994588 -0.04867546 -0.04687762 -0.03455808 -0.02985253 -0.03155603 -0.03236065 -0.03388317 -0.1459572 -0.1252287 -0.1344331 -0.1292229 -0.09558418 -0.07408755 -0.07000133 -0.06848542 -0.06177675 -0.06168073 -0.05369782 -0.05002228 -0.04832384 -0.02384495 -0.004478409 0.01563698 0.02524979 0.02656876 0.003105322 -0.009595201
0.01666463 0.04502382 0.07155722 0.07526033 0.07625411 0.05075611 0.004789838 0.004587415 0.01830164 0.03814864 0.06606793 0.09145736 0.1013962 0.1280558 0.1391619 0.1313481 0.05681336 0.01237923 -0.0254304 -0.02028774 -0.01012581 -0.003055607 -0.06988684 -0.05860263 -0.07857508 -0.1376985 -0.1018763 0.1693018 0.312291 0.366784 0.2118488 0.02714293 -0.1121155 -0.07584647 0.002281434 -0.01451159 -0.03067831 -0.02601307 -0.04179366 -0.05874297 -0.03395429 -0.01259335 0.008209615 0.04935563 0.07038677 0.05788851 -0.007346919 -0.03492704
-0.04765682 -0.03790393 -0.0347321 -0.02857781 -0.001549488 -0.004211714 -0.008153541 -0.01380419 -0.002755157 0.00059617 -0.007448301 -0.01008245 -0.000834246 -0.01356058 -0.02773765 -0.03104262 -0.06067751 -0.04116485 0.02562577 0.02986747 0.04498391 0.05408868 0.008644513 -0.04457884 -0.06396135 -0.08426993 -0.07925247 -0.02949475 0.0895611 0.09336986 0.0302821 -0.02784402 -0.04716409 -0.02601538 -0.02254965 0.02064858 0.05594496 0.01230339 -0.005834101 -0.03397737 -0.06777611 -0.07257703 -0.04456071 -0.02391621 -0.01286793 -0.0102431 -0.007880678 -0.01258336
-0.05840139 -0.05751429 -0.06298499 -0.0576904 -0.05495258 -0.04368449 -0.0102334 0.02994937 0.04722353 0.03213134 0.01935228 0.05188727 0.07451926 0.1071407 0.1937825 0.140238 -0.1433201 -0.1393493 0.006722146 0.000387368 0.1072102 0.1652959 0.1182388 0.1540823 0.1637024 0.11769 0.1406986 0.1355381 0.1220082 0.1072521 0.1014206 0.05150981 0.06337249 0.04310096 0.02324476 0.02201753 0.009842861 0.01507624 0.04472988 0.04007871 0.07484604 0.04793393 0.01053437 0.02439001 0.03406633 0.05473899 0.04452224 0.05246529
-0.04339072 -0.04058462 -0.03460317 -0.04066888 -0.05583334 -0.07177219 -0.06365104 -0.04498665 -0.07906877 -0.1711665 -0.1133501 -0.1128415 0.006097913 0.104991 0.1111112 0.2226287 0.3693031 0.3140326 0.2062584 0.1122536 -0.04277507 -0.07590885 -0.06434494 -0.02954291 -0.01173158 0.08156794 0.2076059 0.2168822 0.1654845 0.08974315 0.04693415 -0.02611858 -0.05234202 -0.01047681 0.06326775 0.04495153 -0.0247302 -0.07240368 -0.06660321 -0.04047729 -0.03082564 -0.03526739 -0.04217816 -0.06538167 -0.04199932 -0.03702481 -0.04315903 -0.07279041
