495220000.0 495419000.0 495622000.0 495824000.0 496026000.0 496228000.0 496413000.0 496614000.0 496815000.0 497017000.0 497218000.0 497419000.0 497620000.0 497825000.0 498008000.0 498209000.0 498410000.0 498611000.0 498814000.0 499017000.0 499221000.0 499424000.0 499606000.0 499811000.0 500013000.0 500216000.0 500418000.0 500620000.0 500823000.0 501026000.0
501206000.0 501428000.0 501631000.0 501833000.0 502033000.0 502234000.0 502436000.0 502638000.0 502820000.0 503022000.0 503224000.0 503424000.0 503624000.0 503824000.0 504027000.0 504227000.0 504428000.0 504631000.0 504831000.0 505030000.0 505232000.0 505433000.0 505634000.0 505835000.0 506035000.0 506236000.0 506437000.0 506638000.0 506840000.0 507043000.0
507227000.0 507430000.0 507632000.0 507834000.0 508037000.0 508240000.0 508441000.0 508625000.0 508827000.0 509030000.0 509233000.0 509434000.0 509635000.0 509839000.0 510044000.0 510226000.0 510447000.0 510630000.0 510834000.0 511036000.0 511239000.0 511442000.0 511643000.0 511828000.0 512029000.0 512230000.0 512431000.0 512631000.0 512833000.0 513034000.0
513235000.0 513440000.0 513641000.0 513824000.0 514026000.0 514227000.0 514428000.0 514629000.0 514831000.0 515031000.0 515232000.0 515432000.0 515634000.0 515833000.0 516034000.0 516236000.0 516436000.0 516639000.0 516838000.0 517041000.0 517243000.0 517444000.0 517645000.0 517826000.0 518027000.0 518227000.0 518429000.0 518630000.0 518831000.0 519034000.0
519235000.0 519439000.0 519641000.0 519842000.0 520044000.0 520227000.0 520431000.0 520634000.0 520834000.0 521035000.0 521235000.0 521437000.0 521639000.0 521840000.0 522042000.0 522244000.0 522444000.0 522647000.0 522829000.0 523034000.0 523237000.0 523442000.0 523643000.0 523827000.0 524028000.0 524229000.0 524429000.0 524631000.0 524837000.0 525037000.0
667214000.0 667415000.0 667616000.0 667818000.0 668017000.0 668218000.0 668419000.0 668620000.0 668820000.0 669021000.0 669224000.0 669426000.0 669626000.0 669826000.0 670027000.0 670230000.0 670433000.0 670634000.0 670835000.0 671019000.0 671221000.0 671421000.0 671624000.0 671825000.0 672026000.0 672227000.0 672428000.0 672632000.0 672834000.0 673035000.0
682225000.0 682426000.0 682628000.0 682828000.0 683030000.0 683231000.0 683433000.0 683633000.0 683816000.0 684019000.0 684220000.0 684421000.0 684621000.0 684824000.0 685026000.0 685227000.0 685428000.0 685629000.0 685829000.0 686032000.0 686231000.0 686433000.0 686614000.0 686815000.0 687018000.0 687221000.0 687422000.0 687623000.0 687823000.0 688025000.0
691821000.0 692024000.0 692224000.0 692425000.0 692626000.0 692826000.0 693027000.0 693227000.0 693427000.0 693630000.0 693830000.0 694014000.0 694216000.0 694420000.0 694621000.0 694822000.0 695023000.0 695223000.0 695424000.0 695626000.0 695828000.0 696030000.0 696232000.0 696415000.0 696617000.0 696818000.0 697021000.0 697223000.0 697424000.0 697626000.0
703223000.0 703425000.0 703626000.0 703831000.0 704031000.0 704216000.0 704419000.0 704640000.0 704822000.0 705026000.0 705227000.0 705430000.0 705633000.0 705814000.0 706018000.0 706221000.0 706421000.0 706625000.0 706826000.0 707028000.0 707228000.0 707429000.0 707631000.0 707833000.0 708017000.0 708219000.0 708420000.0 708621000.0 708821000.0 709021000.0
1050226000.0 1050429000.0 1050631000.0 1050833000.0 1051017000.0 1051220000.0 1051426000.0 1051629000.0 1051832000.0 1052020000.0 1052224000.0 1052427000.0 1052634000.0 1052821000.0 1053027000.0 1053230000.0 1053432000.0 1053635000.0 1053838000.0 1054039000.0 1054242000.0 1054429000.0 1054634000.0 1054838000.0 1055029000.0 1055233000.0 1055437000.0 1055624000.0 1055829000.0 1056033000.0
1060220000.0 1060424000.0 1060628000.0 1060830000.0 1061040000.0 1061224000.0 1061426000.0 1061629000.0 1062021000.0 1062228000.0 1062435000.0 1062641000.0 1062823000.0 1063028000.0 1063232000.0 1063434000.0 1063621000.0 1063827000.0 1064033000.0 1064235000.0 1064421000.0 1064625000.0 1064833000.0 1065218000.0 1065421000.0 1065625000.0 1065832000.0 1066038000.0 1066223000.0 1066426000.0
1081648000.0 1081851000.0 1082037000.0 1082245000.0 1082448000.0 1082638000.0 1083638000.0 1083840000.0 1084042000.0 1084246000.0 1084452000.0 1084637000.0 1084840000.0 1085044000.0 1085251000.0 1085435000.0 1085638000.0 1085843000.0 1086046000.0 1086234000.0 1086439000.0 1086642000.0 1086845000.0 1087048000.0 1087255000.0 1087438000.0 1087641000.0 1087843000.0 1088048000.0 1088253000.0
1124250000.0 1124434000.0 1124637000.0 1124839000.0 1125044000.0 1125246000.0 1125449000.0 1125651000.0 1125835000.0 1126037000.0 1126245000.0 1126452000.0 1126636000.0 1126844000.0 1127034000.0 1127239000.0 1127442000.0 1127644000.0 1127847000.0 1128049000.0 1128251000.0 1128435000.0 1128639000.0 1128850000.0 1129036000.0 1129245000.0 1129451000.0 1129634000.0 1129841000.0 1130045000.0
