26382.0 26470.0 26612.0 26669.0 26690.0 26707.0 26624.0 26465.0 26450.0 26499.0 26583.0 26656.0 26698.0 26653.0 26561.0 26454.0 26392.0 26325.0 26236.0 26156.0 26124.0 26104.0 26198.0 26267.0 26347.0 26281.0 26193.0 26230.0 26342.0 26487.0 26460.0 26422.0 26410.0 26443.0 26482.0 26489.0 26501.0 26506.0 26476.0 26428.0 26408.0 26348.0 26321.0 26389.0 26469.0 26561.0 26574.0 26500.0 26509.0 26523.0 26551.0 26556.0 26397.0 26350.0
26556.0 26397.0 26350.0 26448.0 26532.0 26529.0 26516.0 26476.0 26367.0 26307.0 26320.0 26386.0 26426.0 26436.0 26408.0 26401.0 26414.0 26405.0 26371.0 26355.0 26336.0 26352.0 26333.0 26333.0 26341.0 26363.0 26348.0 26346.0 26352.0 26357.0 26395.0 26437.0 26455.0 26431.0 26439.0 26415.0 26399.0 26363.0 26407.0 26412.0 26372.0 26386.0 26418.0 26411.0 26370.0 26377.0 26365.0 26353.0 26358.0 26349.0 26378.0 26356.0 26349.0 26379.0
26349.0 26378.0 26356.0 26349.0 26379.0 26405.0 26403.0 26413.0 26434.0 26424.0 26405.0 26408.0 26379.0 26367.0 26414.0 26467.0 26479.0 26449.0 26441.0 26424.0 26422.0 26434.0 26448.0 26427.0 26420.0 26404.0 26417.0 26423.0 26426.0 26390.0 26384.0 26381.0 26390.0 26398.0 26413.0 26407.0 26414.0 26407.0 26417.0 26412.0 26410.0 26403.0 26432.0 26450.0 26482.0 26507.0 26512.0 26525.0 26518.0 26513.0 26524.0 26527.0 26521.0 26517.0
26513.0 26524.0 26527.0 26521.0 26517.0 26507.0 26503.0 26514.0 26514.0 26518.0 26533.0 26540.0 26535.0 26528.0 26503.0 26500.0 26492.0 26486.0 26487.0 26497.0 26491.0 26473.0 26479.0 26486.0 26483.0 26510.0 26507.0 26493.0 26489.0 26480.0 26479.0 26481.0 26500.0 26503.0 26496.0 26495.0 26502.0 26513.0 26529.0 26523.0 26474.0 26468.0 26458.0 26458.0 26449.0 26439.0 26498.0 26527.0 26489.0 26472.0 26461.0 26446.0 26432.0 26420.0
26446.0 26432.0 26420.0 26423.0 26422.0 26420.0 26416.0 26413.0 26423.0 26403.0 26394.0 26391.0 26392.0 26377.0 26358.0 26372.0 26357.0 26385.0 26397.0 26386.0 26402.0 26402.0 26399.0 26409.0 26425.0 26403.0 26352.0 26303.0 26263.0 26249.0 26235.0 26256.0 26285.0 26299.0 26267.0 26265.0 26300.0 26305.0 26310.0 26307.0 26271.0 26238.0 26239.0 26269.0 26323.0 26337.0 26326.0 26320.0 26322.0 26343.0 26377.0 26407.0 26459.0 26484.0
27249.0 27241.0 27265.0 27285.0 27323.0 27333.0 27335.0 27335.0 27283.0 27222.0 27227.0 27233.0 27270.0 27282.0 27284.0 27290.0 27298.0 27311.0 27337.0 27340.0 27338.0 27333.0 27337.0 26746.0 25849.0 26982.0 27272.0 27203.0 27179.0 27156.0 27179.0 27229.0 27282.0 27331.0 27366.0 27362.0 27342.0 27322.0 27316.0 27311.0 27285.0 27268.0 27272.0 27246.0 27228.0 27232.0 27239.0 27268.0 27273.0 27265.0 27303.0 27324.0 27313.0 27317.0
27329.0 27308.0 27260.0 27197.0 27224.0 27228.0 27207.0 27208.0 27263.0 27247.0 27204.0 27224.0 27227.0 27223.0 27229.0 27271.0 27351.0 27424.0 27419.0 27400.0 27393.0 27355.0 27304.0 27275.0 27242.0 27225.0 27234.0 27239.0 27229.0 27224.0 27226.0 27167.0 27042.0 27249.0 27317.0 27363.0 27409.0 27422.0 27450.0 27451.0 27400.0 27372.0 27330.0 27317.0 27304.0 27269.0 27262.0 27262.0 27214.0 27201.0 27194.0 27187.0 27220.0 27265.0
27205.0 27242.0 27232.0 27240.0 27289.0 27341.0 27379.0 27364.0 27302.0 27285.0 27331.0 27352.0 27366.0 27339.0 27310.0 27307.0 27303.0 27299.0 27348.0 27345.0 27326.0 27282.0 27268.0 27232.0 27187.0 27165.0 27125.0 27146.0 27155.0 27201.0 27207.0 27237.0 26383.0 26418.0 26916.0 27198.0 27319.0 27350.0 27339.0 27344.0 27379.0 27369.0 27350.0 27328.0 27309.0 27293.0 27249.0 27239.0 27259.0 27274.0 27294.0 27287.0 27301.0 27318.0
27338.0 27341.0 27340.0 27311.0 27279.0 27278.0 27262.0 27246.0 27271.0 27277.0 27279.0 27271.0 27272.0 27279.0 27279.0 27264.0 27239.0 27259.0 27268.0 27235.0 27267.0 27302.0 27319.0 27312.0 27324.0 27324.0 27337.0 27310.0 27304.0 27222.0 26244.0 26136.0 26711.0 27108.0 27236.0 27294.0 27292.0 27285.0 27269.0 27262.0 27276.0 27334.0 27380.0 27403.0 27434.0 27448.0 27452.0 27445.0 27395.0 27359.0 27351.0 27382.0 27406.0 27425.0
26838.0 26814.0 26728.0 26671.0 26619.0 26575.0 26519.0 26574.0 26638.0 26672.0 26765.0 26784.0 26771.0 26842.0 26895.0 26901.0 26865.0 26799.0 26716.0 26664.0 26637.0 26673.0 26748.0 26773.0 26806.0 26690.0 26783.0 27432.0 27842.0 27546.0 27026.0 27111.0 27210.0 27208.0 27082.0 27078.0 27201.0 26460.0 26475.0 26522.0 26522.0 26539.0 26507.0 26472.0 26427.0 26416.0 26457.0 26500.0 26420.0 26333.0 26334.0 26399.0 26489.0 26566.0
26536.0 26542.0 26539.0 26555.0 26578.0 26557.0 26585.0 26610.0 26593.0 26591.0 26582.0 26567.0 26589.0 26554.0 26529.0 26549.0 26593.0 26592.0 26665.0 26631.0 26626.0 26713.0 26693.0 26618.0 26616.0 26624.0 26610.0 26848.0 27607.0 27171.0 26848.0 26616.0 26492.0 26439.0 26566.0 26598.0 26549.0 26609.0 26587.0 26551.0 26518.0 26493.0 26434.0 26421.0 26481.0 26530.0 26528.0 26546.0 26563.0 26559.0 26513.0 26481.0 26408.0 26634.0
26321.0 26328.0 26309.0 26285.0 26285.0 26279.0 26313.0 26313.0 26313.0 26324.0 26518.0 26571.0 26603.0 26313.0 25507.0 24926.0 23734.0 23050.0 22633.0 22849.0 23847.0 24354.0 24613.0 24680.0 24536.0 24378.0 24401.0 24445.0 24377.0 24232.0 24048.0 24038.0 24106.0 24280.0 24294.0 24313.0 24301.0 24295.0 24348.0 24472.0 24403.0 24441.0 24436.0 24421.0 24444.0 24388.0 24383.0 24338.0 24329.0 24365.0 24380.0 24444.0 24467.0 24278.0
27029.0 27026.0 27000.0 26995.0 26996.0 27038.0 27156.0 27202.0 27182.0 27272.0 26768.0 26741.0 26877.0 26883.0 27520.0 28182.0 28869.0 28786.0 28308.0 27978.0 27892.0 27859.0 27735.0 27413.0 27111.0 26898.0 26862.0 26814.0 26995.0 27094.0 27049.0 27041.0 27147.0 27451.0 27305.0 27174.0 27281.0 27436.0 27450.0 27467.0 27475.0 27479.0 27506.0 27507.0 27497.0 27493.0 27497.0 27499.0 27534.0 27634.0 27529.0 27504.0 27540.0 27514.0
