-0.004753897 -0.01769687 0.01423435 0.03834508 0.05024088 0.06095564 0.03837611 -0.02915668 -0.06080579 -0.08159684 -0.07292798 -0.09746117 -0.0674232 -0.0318896 -0.00843406 -0.0478679 -0.07936806 -0.1066032 -0.1386782 -0.1504547 -0.1160351 -0.03936112 0.000677176 0.01375802 -0.01453185 -0.05097282 -0.03299127 0.01221204 0.02899895 0.02981196 0.02613726 0.03719229 0.002248792 -0.01858143 -0.03777627 -0.04381811 -0.04452561 -0.06407274 -0.1127924 -0.143517 -0.1437953 -0.08909575 -0.06792419 -0.0371162 -0.0228512 -0.0240019 -0.02793554 -0.04245235
-0.07092892 -0.1028875 -0.1363364 -0.1486802 -0.1393505 -0.1222239 -0.0947469 -0.07402919 -0.0427844 -0.05896435 -0.07847039 -0.06016552 -0.006633274 0.003568204 0.008459336 0.000692866 -0.0102235 -0.02210578 -0.0295933 -0.0425198 -0.05775312 -0.06847666 -0.06825673 -0.08396212 -0.08593697 -0.07819942 -0.07109752 -0.07099525 -0.05939219 -0.06590176 -0.06888736 -0.05634779 -0.03829967 -0.04590106 -0.05791964 -0.07598279 -0.06602962 -0.0601883 -0.06478884 -0.06097861 -0.06143628 -0.05648021 -0.05770795 -0.0492123 -0.04247954 -0.03855601 -0.04842232 -0.06295926
-0.04842232 -0.06295926 -0.0791574 -0.07800955 -0.07023571 -0.04216389 -0.03138468 -0.01724997 -0.02673611 -0.01612593 -0.01374775 -0.02179514 -0.0322591 -0.01486319 -0.01357981 -0.01948737 -0.03748219 -0.06620453 -0.05951332 -0.04847626 -0.04483525 -0.0402655 -0.03854716 -0.03999712 -0.03945712 -0.04009581 -0.0382748 -0.03488793 -0.0402025 -0.0406856 -0.03985811 -0.04288089 -0.03842139 -0.02997313 -0.02313876 -0.02484189 -0.02831918 -0.03248333 -0.03402004 -0.04001434 -0.03620675 -0.02773234 -0.02973684 -0.03413076 -0.03649422 -0.03979402 -0.03310538 -0.03780665
-0.0412144 -0.04237936 -0.04158786 -0.03684096 -0.04024506 -0.03796919 -0.0377771 -0.03407431 -0.03760122 -0.03626979 -0.03344712 -0.0286887 -0.01641172 -0.01526067 -0.01241914 -0.01416677 -0.01826584 -0.01557144 -0.01774096 -0.01405338 -0.01392033 -0.01810347 -0.02669239 -0.03128467 -0.02773242 -0.01582747 -0.01704199 -0.01447602 -0.02654945 -0.03078958 -0.02127114 -0.01492862 -0.02853172 -0.03274947 -0.03120187 -0.0229797 -0.02061956 -0.01899952 -0.01475684 -0.01841616 -0.0343422 -0.03899408 -0.05649588 -0.04963621 -0.03353187 -0.02326205 -0.01102783 -0.006676348
-0.006676348 -0.0131447 -0.007885833 -0.01646769 -0.01409537 -0.01151015 -0.008367975 -0.005818975 -0.01001823 -0.006840016 -0.0102835 -0.01387327 -0.01503244 -0.01250979 -0.005499801 0.001730107 0.007560901 0.005369763 0.01070655 0.01279213 0.0088273 0.0134443 0.04002055 0.03705659 0.03475641 0.02351394 0.008445292 -0.009480298 -0.01278521 -0.000254765 0.009072746 0.02388836 0.03731879 0.00830947 0.001051646 0.00228393 0.004988583 -0.02017581 -0.05228791 -0.07091785 -0.07278043 -0.03570382 -0.01192125 0.00350451 0.000313123 -0.00243571 -0.003001912 0.006079038
-0.03123871 -0.03625055 -0.04987852 -0.04863178 -0.03974038 -0.02421318 -0.02522955 -0.02453272 -0.02404068 -0.004681871 -0.001392537 -0.008656471 -0.02533576 -0.03846893 -0.05262052 -0.0555329 -0.05444932 -0.04600728 -0.03942898 -0.04065106 -0.0449128 -0.07896836 -0.5000083 -0.420683 -0.06054568 0.1984707 0.3073122 0.2971278 0.2095962 0.1101144 0.019726 -0.03943038 -0.07683048 -0.07515229 -0.05914888 -0.04558276 -0.02406977 -0.02122012 -0.02145036 -0.02200582 -0.01405384 -0.00807759 -0.01668993 -0.01440295 -0.01357017 -0.01623543 -0.01043373 -0.02367066
-0.01077446 0.005501933 0.0153997 -0.002160591 -0.01058243 -0.03735284 -0.03508279 -0.03224714 -0.0284446 -0.03078544 -0.031953 -0.03192915 -0.01652012 0.001856833 0.01082974 0.005509145 -0.000598644 -0.01526161 -0.03617596 -0.04013854 -0.05359681 -0.04911988 -0.03820686 -0.02520593 -0.007631144 0.01906818 0.02704567 0.01718154 0.01616644 0.008214526 -0.007480116 0.3270515 0.236792 0.03350386 -0.06594168 -0.1381712 -0.1469124 -0.06337287 -0.009165519 0.03383813 0.07246126 0.07533898 0.05051375 0.001261401 -0.02452524 -0.02389475 -0.02305125 -0.02999023
-0.03433511 -0.03222467 -0.02269227 -0.01625584 -0.0243671 -0.02558203 -0.03265809 -0.0253955 -0.01977815 -0.01997647 -0.01750839 0.01038188 0.01288461 -0.001681685 -0.04321526 -0.05799813 -0.06825358 -0.07107196 -0.06052327 -0.06300128 -0.06388142 -0.04668519 -0.01752702 0.002411106 0.008500526 0.006104289 -0.008346207 -0.02154441 -0.03801212 -0.04092197 -0.03463099 -0.04661912 0.008333337 0.05589039 0.0823429 0.08384932 0.0570448 -0.000934274 -0.01601301 -0.0083107 -0.01710766 -0.03225859 -0.02355953 -0.01148594 -0.01687126 -0.01533347 0.000556022 0.004601491
-0.02448887 -0.036332 -0.05095638 -0.05345664 -0.04680432 -0.04178289 -0.03207504 -0.02950018 -0.03105474 -0.02915796 -0.03337432 -0.03899644 -0.03894756 -0.04020269 -0.04184274 -0.04175534 -0.04400531 -0.03723119 -0.03493065 -0.05356044 -0.06032331 -0.05395895 -0.04217249 -0.03500825 -0.03899521 -0.04307737 -0.03830777 -0.02780017 -0.0450678 -0.01380113 0.000622517 0.01099159 0.01251329 0.000894064 -0.009942084 -0.02734769 -0.03893601 -0.03389398 -0.01220975 0.007258897 0.009321838 -0.01152528 -0.008674012 -0.01603048 -0.01630068 -0.01923037 -0.01295549 -0.01369305
-0.0804984 -0.07745327 -0.05908429 -0.05061997 -0.03372677 -0.04991424 -0.07052473 -0.07786614 -0.06224035 -0.04822171 0.002405162 0.01642958 -0.003225098 -0.022955 -0.03616048 -0.03678325 -0.05730929 -0.07467953 -0.07911541 -0.06478533 -0.03839743 -0.01948392 -0.1082893 -0.4110097 -0.5294746 -0.3685648 -0.1032839 0.3523597 0.5819052 0.5144222 0.3369967 0.08824789 -0.1437591 -0.1895718 -0.1620851 -0.1378519 -0.04429153 -0.01791471 -0.006140689 -0.03136843 -0.07034063 -0.1007155 -0.1120842 -0.1175871 -0.1121862 -0.09647221 -0.08907268 -0.08639844
-0.05486729 -0.04551222 -0.03907179 -0.0428996 -0.04599548 -0.0481572 -0.06074609 -0.06900692 -0.06946174 -0.06642798 -0.06827286 -0.0673744 -0.05982111 -0.04860963 -0.03871949 -0.02639085 -0.05493017 -0.08758551 -0.1215488 -0.1401911 -0.139999 -0.1060298 -0.09425477 -0.0891509 -0.07803772 -0.05603437 -0.2474498 -0.04519021 0.08435437 0.0955795 0.072519 0.03725722 0.02841905 0.03017166 0.0066366 -0.04073887 -0.05056057 -0.04642375 -0.03517605 -0.02201994 -0.02525684 -0.02886219 -0.01294111 0.005222713 -0.004301619 -0.02261291 -0.03713567 -0.05433874
-0.04014293 -0.01848711 0.005713147 0.01859028 0.0189348 0.03549854 0.04331191 0.05073581 0.0238308 -0.0047544 -0.02629334 -0.05780689 -0.06141128 -0.07174309 -0.06495877 -0.0310236 -0.0566265 0.02544863 -0.07298404 -0.1041913 -0.01855766 0.1650396 0.2021952 0.1665438 0.0416333 -0.04106534 0.03076583 0.1023858 0.08160105 0.05499059 -0.02418977 -0.06474907 -0.01108804 0.08378516 0.08628412 0.06703316 0.03606281 0.03732915 0.06280369 0.0532548 0.01400061 -0.01321375 -0.03386981 -0.01291542 0.005739339 -0.02514638 -0.05266505 -0.06322222
-0.0211408 -0.01835244 -0.02491001 -0.0182701 -0.01024148 -0.02693097 -0.03271826 -0.03696679 -0.05366665 -0.129131 -0.1598748 -0.2387445 -0.01900543 0.1469601 0.1062762 0.1813379 0.1267695 0.1248165 0.1440172 0.1423115 0.05813469 0.01318055 -0.03809549 -0.03030011 -0.02192435 -0.000360199 0.03613792 0.05741565 0.04081229 0.03888536 0.08730316 0.09985014 0.1052501 0.1200946 0.1206239 0.09209697 0.02087181 0.01643407 0.05259968 0.1023182 0.1353488 0.1485261 0.154997 0.1405305 0.1243579 0.09234742 0.03225986 -0.03646197
