-0.01854457 -0.1624432 0.1194307 0.2305954 -0.05821173 0.01721892 0.006183012 -0.01084052 -0.1285449 -0.3826869 -0.03018648 -0.008704089 0.3466993 0.2881112 0.1817508 -0.03064852 -0.1372969 -0.6004403 -0.2837505 0.1743777 0.2454276 0.2611352 -0.1341659 0.2250047 0.1206063 -0.1591833 0.05312186 0.5652314 0.3765826 -0.1319615 -0.4831341 -0.5726965 -0.06928813 0.03751964 0.1014637 0.1067872 0.2994094 0.04304582 0.1070641 -0.3133362 -0.1343113 0.2337496 -0.03843064 0.2996893 0.04361891 0.1634701 0.1044408 -0.1105368 0.04901305 -0.09437755 -0.5711996
-0.09437755 -0.5711996 -0.3418148 0.1676407 0.2282996 0.3038615 0.2730749 -0.03942968 -0.5364807 -0.3488357 0.3296615 0.2952962 0.07265165 -0.1277991 -0.1803303 -0.05333879 0.03784318 -0.1190186 -0.1590566 -0.219743 0.04778978 0.05354673 -0.01294741 -0.09291396 0.1544245 -0.1304972 0.01857705 0.1735175 -0.1439517 0.1043187 0.1110481 0.02704347 -0.216752 0.03370939 0.1338316 -0.05895182 -0.2644327 -0.03545362 -0.08825505 -0.04121864 0.1246179 0.1520225 0.02641702 0.1046582 0.05085584 -0.06737845 0.03970874 -0.03294009 -0.01551286 -0.08807359 -0.01116951
0.03970874 -0.03294009 -0.01551286 -0.08807359 -0.01116951 0.06198706 0.05616478 -0.1285154 -0.01029606 0.04201454 0.01769879 0.2041665 0.1446543 -0.08504854 -0.06541339 -0.04922438 0.09071368 0.05535881 -0.07254359 0.005956784 0.09412957 -0.01167615 0.03522068 0.03963639 -0.005574575 0.04214123 -0.05090607 0.07242117 0.2209598 0.0451568 -0.03587433 -0.004815813 -0.0561332 -0.108553 0.01711703 0.03622367 0.02698532 0.01433055 0.09563163 0.07884622 0.008101548 0.009886312 0.003639444 0.03152671 0.1294739 0.2011177 0.09257369 -0.08963988 -0.08909411 -0.0561646 -0.03645128
-0.0561646 -0.03645128 -0.0272903 -0.06482832 0.000674035 0.03408546 0.003444023 -0.04307325 0.06982682 0.1221773 0.1038701 0.05382534 0.09440552 -0.03610161 -0.09303953 -0.0722045 -0.09825648 0.03087475 0.05300371 -0.007172605 0.01980063 -0.02893637 -0.02024784 0.07028984 0.06950855 -0.03776533 -0.03992073 -0.06456067 -0.07975188 0.08187086 0.01035997 0.1094985 -0.07014873 -0.1510329 -0.2215827 -0.2049779 0.1348237 0.07535484 -0.01802624 0.05003269 -0.006756577 0.01160962 0.09535069 0.2117922 0.06782414 0.1580673 0.01225166 -0.07012358 -0.1149774 -0.1429793 -0.05520722
-0.1149774 -0.1429793 -0.05520722 -0.01105707 -0.003638163 -0.0799222 0.01916147 -0.02854091 -0.1061031 0.02370318 0.147818 0.001300354 0.06278116 0.03223052 0.02028055 -0.1258115 -0.04651462 -0.07242256 0.001542841 0.02205467 0.0203327 0.08280385 -0.1030723 0.02567284 0.06618649 0.1327828 0.02397876 -0.04641755 -0.126573 0.0585129 0.03917126 -0.1062194 0.1813972 -0.08659197 0.06977573 0.1310679 0.1753574 0.192393 0.1391828 0.01518835 -0.03664787 -0.1900019 -0.1159533 0.008211956 -0.07214753 0.01928424 0.1384287 -0.08196358 -0.02807771 -0.02765149 0.06602915
-0.1438645 -0.000590379 0.01537004 0.2432497 0.1997912 0.1722584 0.01249324 -0.290066 -0.2456029 -0.1831583 -0.1169498 0.09401917 0.2004436 0.1726694 0.06977001 0.08024782 0.1082547 -0.04979079 -0.1143088 -0.283768 -0.2026608 1.281145 2.019421 -1.863411 -2.07739 -0.8101631 -0.2055314 0.2171063 0.3149478 0.2936549 0.3830722 0.3508871 0.1608502 0.1942814 -0.04010783 -0.03550729 -0.1218339 -0.06448258 -0.09562235 0.08935084 0.01700257 0.03861756 -0.1584883 -0.1973549 -0.05197974 0.08139532 -0.01662345 0.2099914 0.2029284 0.09137436 0.07844535
0.1886562 -0.03473608 -0.00345459 -0.1297921 0.06442361 0.1345773 0.08437433 0.2135703 0.05589264 -0.08414108 0.02977212 -0.0532466 0.1475713 -0.06535689 -0.05147886 0.1605713 0.03061515 0.2101036 0.3376533 0.1096255 -0.0448523 -0.06135575 -0.3419541 -0.2074291 -0.09087904 -0.1038858 -0.03561607 0.01028318 0.03239041 0.01699077 1.209497 -2.201816 -1.494383 -0.4070157 0.06844383 0.2705772 0.2235862 0.3084865 0.1411625 0.1736512 -0.09297439 -0.1105401 -0.1115401 -0.09792317 -0.02416488 -0.000901631 0.170599 0.1324198 -0.02517757 0.04393681 -0.01479757
0.1138791 0.006849754 0.2048153 0.1422191 0.06640039 0.04412059 0.1610766 0.3364084 0.103966 -0.1082535 -0.1429579 -0.1485982 0.004984361 0.3001937 0.0200711 0.001875315 -0.1320212 -0.1684724 0.03137412 0.07347921 0.1243567 -0.02877058 0.06928209 0.09006376 0.09420507 0.04598371 0.01358945 0.07758258 -0.04585734 0.04618113 0.05849522 -1.784356 0.5932922 -0.1821525 -0.05727869 -0.09591747 0.2248781 0.1708644 -0.04497874 0.1018939 0.1829958 0.1257057 0.09027175 -0.009495902 -0.07348847 0.0164025 -0.272293 -0.05188749 0.03979984 0.02898906 0.1456633
-0.01009174 -0.01559069 -0.02569629 -0.1248103 -0.1152803 -0.03555223 -0.0183327 -0.02923893 0.01962155 -0.000881278 0.0942398 0.09015913 -0.03880979 0.08975675 0.07826779 -0.03690698 -0.04110975 0.0760717 0.01631371 -0.1172151 -0.09000158 0.007814297 -0.002023548 0.1346646 0.03632111 0.04250876 -0.005594539 -0.01242501 -0.02674884 0.2928037 0.1860221 -0.1398828 0.2751807 0.2746575 0.1800152 -0.04159445 0.02118205 0.1195317 0.0176992 0.02259739 0.1316613 -0.01412768 0.1484999 0.1875961 0.1785141 -0.006209877 -0.02860515 -0.2100741 -0.08809764 0.05381341 0.03756652
0.0589513 0.2286405 0.03937172 -0.09714649 -0.2146815 -0.1948972 0.1906993 0.1698024 0.3376912 0.1002306 0.1070417 0.1866502 0.135554 -0.1720277 -0.09995217 -0.2202474 -0.3812 -0.3107363 0.1569079 0.07447586 -0.2100561 -0.9871958 1.890148 -0.6297532 -2.249811 2.601345 1.612247 0.4908056 -0.07802374 -1.703494 -1.678355 -0.09669954 0.4675225 0.2166215 -0.02762029 -0.06013178 0.000796369 -0.2528237 0.03438521 0.2823158 0.2147564 0.1317246 0.3362328 0.08781946 -0.3177275 -0.4649245 -0.1596896 -0.1767296 -0.0471619 0.169539 -0.2228764
0.3579696 0.06994735 -0.01151298 0.1139041 0.1862787 -0.1915964 0.000720029 0.1351616 0.04095756 0.01047838 -0.03137648 0.01796448 0.01863434 -0.09014506 -0.1350774 0.07513521 0.2817448 0.3764722 0.12878 0.1583961 0.04186058 -0.480583 -0.5229174 -0.000917492 -0.5347417 2.015408 1.179756 0.5786942 -0.2321933 -0.7666763 -0.2467737 0.08509475 0.1460023 0.3023866 -0.1492068 -0.401228 -0.1877183 -0.1982398 -0.2255295 0.07709184 0.3246122 0.08571623 0.06596529 0.09998934 -0.09340265 -0.01091771 0.09872457 0.1521281 -0.1273225 -0.4590024 -0.1375697
0.09507828 -0.01708165 -0.03850801 0.006185183 0.09671921 0.05337177 0.2393788 0.2475266 -0.01426402 0.07931944 0.08835749 0.2959242 0.1050347 1.19635 -2.065415 -3.122936 2.059371 -1.23086 0.7948139 0.9353535 0.305993 -0.180922 -0.4564629 0.3261348 -0.3595477 0.2879229 -0.10855 -0.1999638 -0.03936572 -0.1154416 -0.2860798 0.4091885 -0.6698777 -0.02594047 0.06244082 -0.1337537 -0.08065856 0.3808255 -0.01681717 0.03688554 -0.2008501 0.08869278 -0.002181827 0.09325583 0.07705922 0.1064859 0.09733354 0.1308473 0.006797735 0.09329832 0.05041678
0.06225567 -0.06452111 0.1040804 -0.02927475 -0.1379318 -0.05848363 0.1127912 0.1673842 -0.8605873 1.234692 0.09038682 0.5132263 1.034086 -0.3522134 -0.3936391 1.384537 0.5450743 -0.759186 -0.5539595 -1.358408 -0.4704471 -0.3158917 0.3747584 -0.6909955 0.7889584 0.9653542 0.2317093 -0.1607456 -0.5804828 -0.2366723 -0.507173 -0.4952601 -0.06544338 0.4563939 0.3227217 -0.3784792 -0.3630204 -0.01472803 0.1505687 0.1804351 -0.01714657 -0.03009957 -0.130729 0.02423179 0.2191087 -0.005895254 -0.08163291 0.04064976 0.1531056 0.0834666 -0.1051224
