57320.0 57320.0 57340.0 57340.0 57350.0 57290.0 57320.0 57250.0 57250.0 57350.0 57360.0 57410.0 57410.0 57370.0 57330.0 57320.0 57330.0 57310.0 57360.0 57390.0 57400.0 57460.0 57460.0 57460.0 57470.0 57470.0 57560.0 57660.0 57740.0 57790.0
57790.0 57810.0 57810.0 57790.0 57730.0 57700.0 57680.0 57670.0 57630.0 57590.0 57550.0 57540.0 57480.0 57450.0 57430.0 57370.0 57350.0 57340.0 57370.0 57420.0 57460.0 57480.0 57510.0 57500.0 57470.0 57520.0 57530.0 57480.0 57440.0 57390.0
57400.0 57390.0 57380.0 57460.0 57460.0 57550.0 57580.0 57580.0 57550.0 57500.0 57520.0 57470.0 57480.0 57460.0 57520.0 57480.0 57520.0 57440.0 57420.0 57330.0 57270.0 57230.0 57200.0 57150.0 57090.0 57040.0 57000.0 56900.0 56830.0 56660.0
56600.0 56520.0 56430.0 56340.0 56260.0 56180.0 56100.0 56010.0 55990.0 55940.0 55910.0 55860.0 55830.0 55800.0 55790.0 55780.0 55740.0 55740.0 55770.0 55810.0 55810.0 55810.0 55810.0 55820.0 55800.0 55800.0 55750.0 55690.0 55640.0 55580.0
55560.0 55550.0 55520.0 55500.0 55480.0 55470.0 55460.0 55410.0 55380.0 55370.0 55330.0 55290.0 55270.0 55240.0 55230.0 55210.0 55160.0 55150.0 55130.0 55070.0 55060.0 55030.0 54990.0 54870.0 54910.0 54910.0 54910.0 54900.0 54900.0 54880.0
54130.0 54120.0 54120.0 54120.0 54140.0 54110.0 54100.0 54090.0 54110.0 54100.0 54100.0 54130.0 54170.0 54200.0 54240.0 54170.0 54140.0 54160.0 54160.0 54200.0 54210.0 54250.0 54280.0 54320.0 54340.0 54400.0 54420.0 54450.0 54470.0 54510.0
54840.0 54780.0 54810.0 54780.0 54780.0 54750.0 54760.0 54700.0 54690.0 54690.0 54660.0 54620.0 54610.0 54600.0 54590.0 54580.0 54580.0 54560.0 54550.0 54550.0 54580.0 54610.0 54580.0 54520.0 54480.0 54470.0 54480.0 54460.0 54440.0 54430.0
54390.0 54440.0 54440.0 54480.0 54480.0 54480.0 54510.0 54560.0 54590.0 54600.0 54610.0 54600.0 54630.0 54600.0 54570.0 54550.0 54510.0 54470.0 54430.0 54440.0 54400.0 54370.0 54330.0 54300.0 54280.0 54260.0 54290.0 54260.0 54260.0 54220.0
53900.0 53910.0 53910.0 53870.0 53880.0 53920.0 53910.0 53940.0 53950.0 53980.0 54000.0 54020.0 54050.0 54100.0 54140.0 54160.0 54190.0 54190.0 54280.0 54310.0 54280.0 54260.0 54220.0 54140.0 54150.0 54130.0 54150.0 54150.0 54160.0 54160.0
57810.0 57750.0 57720.0 57690.0 57670.0 57640.0 57600.0 57570.0 57540.0 57530.0 57530.0 57500.0 57470.0 57450.0 57410.0 57390.0 57350.0 57330.0 57370.0 57420.0 57410.0 57380.0 57350.0 57290.0 57170.0 57160.0 57120.0 57080.0 57090.0 57050.0
56960.0 57020.0 57030.0 57070.0 57070.0 57060.0 57070.0 57030.0 57010.0 56990.0 56960.0 56920.0 56900.0 56910.0 56960.0 56940.0 56920.0 56910.0 56910.0 56930.0 56930.0 56940.0 56940.0 56880.0 56850.0 56830.0 56830.0 56830.0 56820.0 56800.0
56060.0 56040.0 56030.0 56000.0 56010.0 55970.0 55790.0 55760.0 55710.0 55680.0 55750.0 55720.0 55750.0 55670.0 55510.0 55390.0 55310.0 55270.0 55220.0 55180.0 55190.0 55090.0 55050.0 55040.0 55020.0 54950.0 54920.0 54920.0 54870.0 54880.0
53630.0 53570.0 53570.0 53530.0 53530.0 53490.0 53460.0 53440.0 53430.0 53410.0 53380.0 53330.0 53240.0 53060.0 53050.0 53090.0 53180.0 53320.0 53510.0 53670.0 53820.0 54030.0 54310.0 54600.0 54980.0 55290.0 55620.0 55920.0 56250.0 56550.0
