332.0 300.0 281.0 248.0 258.0 259.0 265.0 310.0 322.0 295.0 278.0 258.0 261.0 277.0 299.0 295.0 313.0 351.0 383.0 427.0 392.0 408.0 367.0 354.0 324.0 366.0 390.0 323.0 283.0 243.0 308.0 317.0 348.0 314.0 310.0 322.0 298.0 312.0 329.0 280.0 341.0 361.0 332.0 308.0 286.0 287.0 310.0 315.0 307.0
359.0 380.0 291.0 288.0 302.0 296.0 316.0 358.0 402.0 329.0 292.0 303.0 337.0 333.0 318.0 318.0 309.0 310.0 328.0 321.0 337.0 339.0 349.0 349.0 336.0 327.0 371.0 347.0 336.0 341.0 297.0 324.0 321.0 347.0 331.0 328.0 318.0 335.0 312.0 342.0 338.0 312.0 319.0 330.0 324.0 324.0 320.0 325.0 329.0
327.0 306.0 328.0 350.0 348.0 316.0 327.0 326.0 324.0 306.0 318.0 306.0 311.0 354.0 330.0 311.0 291.0 323.0 331.0 339.0 327.0 324.0 316.0 328.0 335.0 338.0 319.0 321.0 323.0 333.0 333.0 327.0 325.0 336.0 342.0 331.0 334.0 338.0 327.0 326.0 340.0 325.0 314.0 316.0 312.0 316.0 321.0 338.0 314.0
317.0 332.0 325.0 329.0 325.0 326.0 314.0 319.0 315.0 318.0 303.0 331.0 326.0 326.0 330.0 338.0 336.0 328.0 327.0 335.0 347.0 341.0 327.0 321.0 309.0 332.0 331.0 341.0 322.0 340.0 334.0 330.0 317.0 317.0 336.0 338.0 335.0 314.0 338.0 342.0 324.0 335.0 329.0 321.0 307.0 305.0 308.0 353.0 333.0
338.0 331.0 330.0 321.0 344.0 327.0 341.0 345.0 336.0 329.0 331.0 337.0 338.0 352.0 345.0 345.0 336.0 330.0 327.0 335.0 330.0 345.0 315.0 332.0 321.0 355.0 368.0 360.0 392.0 378.0 379.0 407.0 378.0 422.0 387.0 364.0 374.0 369.0 350.0 364.0 364.0 343.0 354.0 347.0 370.0 359.0 363.0 371.0 368.0
369.0 371.0 353.0 334.0 328.0 339.0 336.0 365.0 411.0 416.0 413.0 413.0 378.0 374.0 365.0 364.0 354.0 348.0 354.0 359.0 363.0 357.0 15.0 360.0 406.0 470.0 434.0 419.0 438.0 434.0 378.0 364.0 330.0 319.0 335.0 328.0 350.0 358.0 363.0 366.0 375.0 358.0 353.0 351.0 370.0 368.0 360.0 356.0 369.0
338.0 365.0 395.0 399.0 357.0 382.0 392.0 339.0 347.0 397.0 381.0 393.0 390.0 398.0 383.0 341.0 317.0 320.0 300.0 310.0 309.0 317.0 332.0 342.0 368.0 354.0 342.0 363.0 350.0 352.0 268.0 467.0 345.0 273.0 311.0 284.0 302.0 302.0 274.0 336.0 346.0 353.0 368.0 354.0 360.0 373.0 362.0 368.0 376.0
366.0 378.0 390.0 365.0 351.0 334.0 329.0 355.0 390.0 390.0 377.0 376.0 337.0 338.0 341.0 351.0 350.0 355.0 325.0 347.0 356.0 372.0 368.0 396.0 405.0 410.0 415.0 388.0 388.0 380.0 385.0 487.0 467.0 360.0 351.0 382.0 349.0 335.0 386.0 362.0 346.0 347.0 340.0 351.0 355.0 354.0 374.0 372.0 373.0
342.0 326.0 343.0 369.0 361.0 375.0 376.0 374.0 364.0 371.0 375.0 370.0 372.0 354.0 371.0 373.0 377.0 362.0 374.0 373.0 361.0 353.0 368.0 354.0 356.0 328.0 340.0 364.0 349.0 417.0 477.0 276.0 281.0 313.0 337.0 354.0 366.0 376.0 367.0 378.0 348.0 330.0 352.0 316.0 311.0 299.0 305.0 332.0 343.0
377.0 416.0 440.0 448.0 479.0 479.0 479.0 468.0 442.0 437.0 429.0 428.0 387.0 342.0 337.0 361.0 423.0 415.0 439.0 440.0 398.0 403.0 403.0 201.0 15.0 428.0 249.0 144.0 423.0 433.0 383.0 436.0 405.0 359.0 292.0 332.0 466.0 358.0 400.0 370.0 416.0 410.0 410.0 421.0 384.0 324.0 369.0 450.0 459.0
393.0 397.0 403.0 408.0 368.0 390.0 377.0 392.0 369.0 395.0 379.0 386.0 404.0 421.0 432.0 382.0 380.0 357.0 382.0 351.0 324.0 416.0 446.0 408.0 379.0 442.0 68.0 165.0 462.0 439.0 391.0 424.0 391.0 361.0 406.0 369.0 354.0 391.0 416.0 414.0 458.0 452.0 395.0 375.0 379.0 377.0 359.0 384.0 384.0
434.0 485.0 459.0 498.0 500.0 495.0 481.0 497.0 484.0 500.0 441.0 364.0 379.0 487.0 500.0 500.0 237.0 353.0 411.0 404.0 266.0 355.0 251.0 371.0 417.0 338.0 357.0 416.0 422.0 399.0 414.0 403.0 381.0 445.0 421.0 427.0 413.0 391.0 334.0 388.0 399.0 397.0 380.0 400.0 421.0 397.0 396.0 352.0 380.0
406.0 411.0 418.0 446.0 427.0 416.0 370.0 368.0 419.0 402.0 500.0 500.0 500.0 459.0 43.0 142.0 33.0 228.0 500.0 389.0 369.0 317.0 364.0 471.0 500.0 461.0 356.0 439.0 461.0 408.0 445.0 495.0 477.0 500.0 500.0 381.0 440.0 430.0 425.0 395.0 393.0 379.0 375.0 385.0 400.0 380.0 381.0 353.0 329.0
