495266.0 495410.0 495531.0 495632.0 495733.0 495856.0 495977.0 496121.0 496232.0 496365.0 496486.0 496606.0 496747.0 496868.0 497029.0 497153.0 497255.0 497356.0 497477.0 497630.0 497739.0 497921.0 498025.0 498129.0 498250.0 498389.0 498513.0 498636.0 498757.0 498899.0 499018.0 499140.0 499308.0 499432.0 499554.0 499677.0 499791.0 499878.0 499982.0 500084.0 500184.0 500306.0 500406.0 500570.0 500692.0 500793.0 500914.0 501035.0 501156.0 501337.0 501439.0
501337.0 501439.0 501564.0 501727.0 501873.0 502013.0 502154.0 502276.0 502398.0 502500.0 502641.0 502742.0 502887.0 503012.0 503133.0 503253.0 503416.0 503519.0 503639.0 503759.0 503922.0 504064.0 504166.0 504288.0 504410.0 504552.0 504674.0 504795.0 504915.0 505055.0 505176.0 505317.0 505458.0 505578.0 505679.0 505800.0 505941.0 506040.0 506181.0 506284.0 506424.0 506545.0 506646.0 506766.0 507009.0 507091.0 507217.0 507338.0 507462.0 507641.0 507725.0
507217.0 507338.0 507462.0 507641.0 507725.0 507844.0 507927.0 508086.0 508187.0 508290.0 508411.0 508554.0 508675.0 508776.0 508920.0 509061.0 509203.0 509325.0 509447.0 509589.0 509691.0 509811.0 509932.0 510033.0 510155.0 510257.0 510377.0 510498.0 510662.0 510803.0 510907.0 511008.0 511129.0 511252.0 511373.0 511515.0 511635.0 511757.0 511880.0 512003.0 512144.0 512285.0 512405.0 512525.0 512686.0 512807.0 512931.0 513032.0 513196.0 513299.0 513503.0
513299.0 513503.0 513623.0 513744.0 513868.0 513988.0 514109.0 514252.0 514375.0 514476.0 514596.0 514678.0 514821.0 514941.0 515083.0 515203.0 515327.0 515447.0 515547.0 515688.0 515808.0 515929.0 516030.0 516152.0 516293.0 516433.0 516557.0 516679.0 516819.0 516925.0 517067.0 517188.0 517328.0 517411.0 517512.0 517611.0 517753.0 517854.0 517974.0 518075.0 518195.0 518316.0 518439.0 518559.0 518698.0 518804.0 518925.0 519065.0 519206.0 519327.0 519408.0
519206.0 519327.0 519408.0 519549.0 519670.0 519772.0 519915.0 520036.0 520117.0 520237.0 520381.0 520522.0 520664.0 520785.0 520887.0 520987.0 521113.0 521213.0 521357.0 521457.0 521578.0 521700.0 521842.0 521959.0 522044.0 522166.0 522307.0 522468.0 522608.0 522709.0 522831.0 522954.0 523097.0 523221.0 523343.0 523465.0 523585.0 523706.0 523828.0 523950.0 524070.0 524191.0 524332.0 524432.0 524555.0 524656.0 524799.0 524919.0 525020.0 525140.0 525240.0
667271.0 667391.0 667513.0 667636.0 667757.0 667880.0 668020.0 668158.0 668286.0 668428.0 668549.0 668670.0 668770.0 668872.0 668992.0 669093.0 669193.0 669335.0 669435.0 669556.0 669678.0 669798.0 669918.0 670039.0 670181.0 670302.0 670413.0 670563.0 670785.0 670898.0 670988.0 671121.0 671242.0 671373.0 671494.0 671626.0 671777.0 671898.0 672018.0 672139.0 672320.0 672440.0 672562.0 672704.0 672824.0 672945.0 673105.0 673228.0 673368.0 673492.0 673632.0
682327.0 682440.0 682561.0 682682.0 682802.0 682904.0 683068.0 683208.0 683335.0 683456.0 683596.0 683697.0 683818.0 683919.0 684061.0 684202.0 684363.0 684506.0 684628.0 684770.0 684911.0 685033.0 685154.0 685275.0 685395.0 685496.0 685616.0 685721.0 685832.0 685943.0 686063.0 686165.0 686286.0 686388.0 686528.0 686669.0 686809.0 686931.0 687052.0 687173.0 687334.0 687474.0 687596.0 687753.0 687855.0 687937.0 688076.0 688178.0 688320.0 688440.0 688543.0
691723.0 691844.0 691965.0 692066.0 692189.0 692309.0 692411.0 692534.0 692653.0 692753.0 692854.0 692994.0 693099.0 693199.0 693340.0 693459.0 693582.0 693684.0 693805.0 693947.0 694069.0 694211.0 694390.0 694492.0 694592.0 694713.0 694834.0 694957.0 695037.0 695180.0 695301.0 695442.0 695583.0 695725.0 695845.0 695967.0 696109.0 696291.0 696452.0 696614.0 696737.0 696859.0 697002.0 697122.0 697226.0 697346.0 697467.0 697631.0 697754.0 697895.0 698016.0
703243.0 703344.0 703445.0 703566.0 703709.0 703853.0 703974.0 704075.0 704195.0 704298.0 704421.0 704561.0 704704.0 704825.0 704946.0 705107.0 705207.0 705330.0 705412.0 705552.0 705635.0 705736.0 705856.0 705977.0 706078.0 706201.0 706322.0 706444.0 706524.0 706685.0 706786.0 706928.0 707051.0 707150.0 707271.0 707391.0 707536.0 707657.0 707760.0 707880.0 708001.0 708183.0 708363.0 708467.0 708588.0 708708.0 708828.0 708968.0 709069.0 709210.0 709352.0
1050220.0 1050365.0 1050672.0 1050793.0 1050917.0 1051065.0 1051187.0 1051332.0 1051616.0 1051777.0 1051904.0 1052050.0 1052172.0 1052294.0 1052396.0 1052518.0 1052627.0 1052751.0 1053119.0 1053261.0 1053403.0 1053525.0 1053647.0 1053751.0 1053872.0 1053994.0 1054136.0 1054278.0 1054402.0 1054542.0 1054646.0 1054773.0 1054917.0 1055106.0 1055310.0 1055513.0 1055657.0 1055780.0 1055903.0 1056045.0 1056152.0 1056275.0 1056437.0 1056579.0 1056683.0 1056806.0 1056916.0 1057021.0 1057169.0 1057293.0 1057439.0
1060311.0 1060434.0 1060536.0 1060658.0 1060780.0 1060930.0 1061097.0 1061224.0 1061365.0 1061520.0 1061631.0 1061741.0 1061847.0 1062066.0 1062189.0 1062341.0 1062466.0 1062609.0 1062792.0 1062913.0 1063038.0 1063181.0 1063303.0 1063404.0 1063527.0 1063652.0 1063837.0 1064002.0 1064124.0 1064245.0 1064371.0 1064493.0 1064784.0 1064929.0 1065097.0 1065209.0 1065299.0 1065447.0 1065597.0 1065712.0 1065875.0 1065998.0 1066125.0 1066227.0 1066369.0 1066472.0 1066637.0 1066758.0 1067728.0 1067855.0 1067997.0
1081739.0 1081861.0 1081989.0 1082133.0 1082255.0 1082378.0 1082521.0 1082671.0 1082812.0 1083078.0 1083491.0 1083599.0 1083733.0 1083874.0 1084016.0 1084138.0 1084286.0 1084413.0 1084535.0 1084651.0 1084813.0 1084959.0 1085124.0 1085246.0 1085374.0 1085537.0 1085742.0 1085865.0 1085965.0 1086088.0 1086236.0 1086340.0 1086462.0 1086564.0 1086665.0 1086768.0 1086888.0 1087010.0 1087152.0 1087325.0 1087446.0 1087587.0 1087708.0 1087851.0 1088010.0 1088164.0 1088266.0 1088387.0 1088531.0 1088676.0 1088817.0
1124242.0 1124424.0 1124546.0 1124668.0 1124789.0 1124892.0 1125076.0 1125238.0 1125380.0 1125522.0 1125664.0 1125806.0 1125968.0 1126111.0 1126235.0 1126381.0 1126546.0 1126649.0 1126797.0 1126923.0 1127046.0 1127158.0 1127304.0 1127527.0 1127684.0 1127826.0 1128013.0 1128140.0 1128264.0 1128427.0 1128591.0 1128717.0 1128839.0 1128962.0 1129133.0 1129256.0 1129403.0 1129624.0 1129729.0 1129871.0 1130016.0 1130134.0 1130264.0 1130390.0 1130538.0 1130645.0 1130793.0 1131107.0 1131269.0 1131423.0 1131569.0
