9.0 17.0 19.0 21.0 42.0 55.0 55.0 52.0 36.0 36.0 45.0 48.0 36.0 7.0 20.0 26.0 23.0 34.0 23.0 8.0 20.0 35.0 31.0 39.0 34.0 25.0 12.0 8.0 12.0 13.0
19.0 22.0 16.0 5.0 26.0 42.0 42.0 48.0 51.0 48.0 40.0 25.0 17.0 13.0 13.0 11.0 11.0 14.0 20.0 22.0 25.0 19.0 14.0 17.0 21.0 24.0 26.0 29.0 22.0 20.0
22.0 20.0 27.0 27.0 41.0 33.0 43.0 32.0 37.0 30.0 31.0 23.0 30.0 20.0 26.0 19.0 26.0 28.0 29.0 21.0 25.0 19.0 36.0 26.0 34.0 29.0 29.0 28.0 27.0 12.0
12.0 5.0 5.0 9.0 11.0 13.0 15.0 16.0 17.0 20.0 23.0 17.0 13.0 15.0 8.0 9.0 9.0 18.0 14.0 15.0 18.0 23.0 23.0 16.0 16.0 12.0 3.0 7.0 15.0 19.0
19.0 26.0 22.0 20.0 30.0 16.0 17.0 14.0 16.0 17.0 13.0 8.0 8.0 7.0 5.0 15.0 15.0 19.0 15.0 24.0 26.0 35.0 34.0 44.0 24.0 17.0 5.0 2.0 1.0 2.0
13.0 13.0 16.0 22.0 17.0 15.0 12.0 20.0 6.0 2.0 10.0 11.0 23.0 19.0 37.0 105.0 137.0 56.0 23.0 49.0 67.0 58.0 33.0 29.0 34.0 21.0 26.0 21.0 20.0 31.0
24.0 34.0 27.0 19.0 28.0 39.0 31.0 35.0 39.0 33.0 36.0 38.0 40.0 31.0 25.0 30.0 31.0 27.0 24.0 18.0 15.0 56.0 39.0 3.0 16.0 29.0 19.0 15.0 24.0 22.0
15.0 14.0 24.0 30.0 31.0 21.0 14.0 13.0 21.0 10.0 7.0 5.0 1.0 9.0 14.0 6.0 9.0 10.0 13.0 60.0 50.0 44.0 25.0 18.0 19.0 17.0 24.0 24.0 34.0 28.0
18.0 15.0 20.0 25.0 19.0 11.0 9.0 2.0 11.0 7.0 11.0 15.0 19.0 17.0 27.0 34.0 27.0 37.0 70.0 56.0 33.0 29.0 31.0 35.0 44.0 44.0 56.0 43.0 34.0 25.0
31.0 23.0 18.0 12.0 8.0 8.0 19.0 28.0 27.0 15.0 6.0 30.0 50.0 57.0 55.0 41.0 17.0 39.0 119.0 121.0 38.0 77.0 150.0 115.0 85.0 70.0 56.0 53.0 50.0 45.0
50.0 38.0 34.0 25.0 23.0 18.0 16.0 20.0 12.0 8.0 11.0 24.0 18.0 25.0 32.0 51.0 58.0 87.0 94.0 70.0 35.0 17.0 13.0 16.0 15.0 15.0 22.0 19.0 44.0 41.0
13.0 20.0 37.0 49.0 65.0 65.0 54.0 41.0 38.0 6.0 52.0 90.0 106.0 74.0 57.0 27.0 1.0 29.0 53.0 69.0 72.0 72.0 71.0 58.0 70.0 66.0 68.0 62.0 63.0 55.0
56.0 54.0 43.0 37.0 27.0 34.0 26.0 56.0 85.0 126.0 129.0 107.0 67.0 5.0 78.0 92.0 88.0 67.0 52.0 37.0 46.0 57.0 73.0 84.0 79.0 91.0 103.0 122.0 102.0 109.0
