201.0 247.0 239.0 259.0 265.0 256.0 255.0 232.0 212.0 244.0 260.0 307.0 280.0 237.0 184.0 186.0 181.0 196.0 186.0 175.0 165.0 162.0 169.0 201.0 204.0 170.0 175.0 186.0 170.0 211.0 172.0 173.0 189.0 222.0 211.0 216.0 201.0 192.0 183.0 186.0 202.0 174.0 168.0 206.0 212.0 225.0 182.0 176.0 207.0
174.0 180.0 227.0 235.0 222.0 207.0 185.0 149.0 160.0 190.0 193.0 187.0 173.0 163.0 153.0 166.0 150.0 147.0 140.0 139.0 148.0 145.0 147.0 157.0 167.0 160.0 160.0 162.0 150.0 166.0 180.0 182.0 164.0 175.0 171.0 160.0 149.0 162.0 157.0 156.0 155.0 162.0 161.0 147.0 146.0 139.0 144.0 134.0 144.0
138.0 153.0 152.0 151.0 156.0 170.0 150.0 165.0 156.0 152.0 153.0 146.0 143.0 136.0 143.0 163.0 181.0 164.0 170.0 163.0 163.0 168.0 171.0 164.0 161.0 159.0 160.0 162.0 151.0 141.0 147.0 150.0 155.0 162.0 155.0 150.0 154.0 149.0 150.0 145.0 151.0 156.0 160.0 180.0 178.0 180.0 185.0 192.0 194.0
197.0 194.0 191.0 190.0 192.0 190.0 189.0 199.0 194.0 200.0 203.0 196.0 189.0 197.0 187.0 195.0 196.0 190.0 194.0 184.0 187.0 182.0 200.0 192.0 184.0 189.0 185.0 194.0 198.0 188.0 188.0 199.0 188.0 197.0 199.0 212.0 206.0 204.0 196.0 186.0 186.0 188.0 186.0 185.0 183.0 203.0 198.0 184.0 193.0
185.0 180.0 178.0 182.0 179.0 176.0 183.0 190.0 179.0 171.0 179.0 174.0 167.0 167.0 162.0 168.0 173.0 171.0 174.0 164.0 161.0 156.0 166.0 162.0 164.0 158.0 135.0 138.0 130.0 120.0 146.0 145.0 155.0 147.0 140.0 153.0 134.0 142.0 145.0 145.0 124.0 132.0 135.0 148.0 157.0 154.0 151.0 149.0 164.0
190.0 186.0 200.0 189.0 220.0 196.0 208.0 209.0 206.0 182.0 200.0 203.0 218.0 204.0 207.0 211.0 210.0 215.0 223.0 218.0 237.0 230.0 103.0 41.0 296.0 293.0 228.0 239.0 239.0 223.0 211.0 207.0 220.0 233.0 221.0 208.0 211.0 209.0 224.0 207.0 206.0 193.0 174.0 177.0 182.0 204.0 208.0 201.0 216.0
194.0 190.0 164.0 183.0 196.0 180.0 176.0 184.0 198.0 186.0 190.0 192.0 177.0 188.0 192.0 198.0 234.0 237.0 213.0 217.0 214.0 194.0 193.0 178.0 165.0 167.0 187.0 171.0 176.0 180.0 15.0 93.0 307.0 222.0 211.0 218.0 234.0 238.0 223.0 198.0 203.0 193.0 214.0 205.0 204.0 184.0 196.0 166.0 161.0
194.0 190.0 189.0 198.0 216.0 235.0 220.0 194.0 188.0 193.0 222.0 223.0 209.0 208.0 202.0 216.0 206.0 217.0 229.0 209.0 211.0 193.0 187.0 179.0 170.0 173.0 178.0 193.0 202.0 207.0 206.0 275.0 15.0 132.0 206.0 247.0 243.0 242.0 229.0 244.0 234.0 231.0 216.0 199.0 210.0 204.0 184.0 203.0 209.0
197.0 204.0 203.0 188.0 197.0 182.0 182.0 183.0 185.0 194.0 183.0 180.0 178.0 189.0 168.0 174.0 169.0 175.0 166.0 192.0 199.0 200.0 197.0 177.0 187.0 200.0 187.0 172.0 185.0 23.0 32.0 224.0 227.0 204.0 203.0 190.0 188.0 193.0 188.0 184.0 206.0 219.0 233.0 233.0 226.0 225.0 218.0 205.0 207.0
227.0 182.0 171.0 153.0 149.0 159.0 158.0 209.0 205.0 194.0 200.0 199.0 201.0 232.0 216.0 208.0 183.0 175.0 169.0 183.0 200.0 198.0 186.0 421.0 245.0 474.0 485.0 184.0 81.0 19.0 122.0 225.0 319.0 407.0 333.0 282.0 149.0 185.0 187.0 195.0 197.0 186.0 162.0 153.0 171.0 165.0 170.0 124.0 136.0
183.0 176.0 177.0 178.0 177.0 182.0 187.0 195.0 180.0 181.0 177.0 177.0 178.0 169.0 161.0 194.0 198.0 210.0 187.0 229.0 243.0 199.0 240.0 230.0 233.0 241.0 499.0 495.0 121.0 124.0 166.0 147.0 207.0 206.0 216.0 193.0 210.0 213.0 194.0 190.0 172.0 172.0 189.0 176.0 181.0 177.0 188.0 196.0 179.0
154.0 158.0 164.0 167.0 160.0 163.0 168.0 162.0 166.0 161.0 182.0 255.0 271.0 187.0 154.0 127.0 15.0 434.0 48.0 36.0 231.0 317.0 373.0 390.0 250.0 260.0 239.0 226.0 167.0 188.0 156.0 175.0 271.0 238.0 278.0 240.0 218.0 298.0 267.0 274.0 329.0 246.0 274.0 246.0 278.0 245.0 242.0 271.0 243.0
132.0 149.0 125.0 136.0 137.0 161.0 177.0 200.0 202.0 271.0 124.0 218.0 128.0 123.0 419.0 249.0 360.0 441.0 488.0 384.0 500.0 405.0 488.0 282.0 161.0 163.0 66.0 269.0 284.0 343.0 222.0 331.0 336.0 197.0 98.0 141.0 331.0 301.0 280.0 257.0 244.0 244.0 242.0 242.0 266.0 244.0 248.0 261.0 276.0
