54580.0 54590.0 54610.0 54610.0 54640.0 54640.0 54660.0 54680.0 54680.0 54700.0 54710.0 54730.0 54750.0 54750.0 54780.0 54820.0 54830.0 54860.0 54860.0 54880.0 54870.0 54890.0 54920.0 54920.0 54940.0 54940.0 54960.0 54980.0 54990.0 55010.0 55010.0 55040.0 55040.0 55060.0 55080.0 55070.0 55090.0 55110.0 55110.0 55130.0 55140.0 55160.0 55160.0 55180.0 55180.0 55200.0 55210.0 55210.0 55230.0 55230.0 55250.0 55270.0 55270.0 55290.0
55270.0 55270.0 55290.0 55290.0 55310.0 55300.0 55320.0 55330.0 55320.0 55340.0 55340.0 55370.0 55390.0 55380.0 55390.0 55390.0 55410.0 55430.0 55440.0 55450.0 55460.0 55470.0 55460.0 55460.0 55460.0 55470.0 55480.0 55480.0 55490.0 55490.0 55510.0 55520.0 55520.0 55530.0 55530.0 55550.0 55550.0 55570.0 55580.0 55590.0 55610.0 55620.0 55630.0 55650.0 55650.0 55660.0 55690.0 55690.0 55710.0 55710.0 55720.0 55730.0 55720.0 55730.0
55710.0 55720.0 55730.0 55720.0 55730.0 55730.0 55740.0 55740.0 55760.0 55780.0 55790.0 55800.0 55810.0 55820.0 55820.0 55830.0 55830.0 55830.0 55840.0 55840.0 55850.0 55850.0 55860.0 55860.0 55870.0 55880.0 55880.0 55900.0 55900.0 55910.0 55920.0 55930.0 55940.0 55940.0 55960.0 55960.0 55970.0 55970.0 55980.0 55990.0 55990.0 55990.0 55990.0 55990.0 55990.0 55980.0 55960.0 55950.0 55940.0 55920.0 55910.0 55900.0 55900.0 55900.0
55920.0 55910.0 55900.0 55900.0 55900.0 55890.0 55890.0 55890.0 55890.0 55890.0 55890.0 55890.0 55880.0 55880.0 55880.0 55880.0 55880.0 55880.0 55880.0 55880.0 55880.0 55880.0 55890.0 55890.0 55890.0 55890.0 55890.0 55900.0 55900.0 55900.0 55900.0 55900.0 55900.0 55900.0 55910.0 55910.0 55910.0 55910.0 55910.0 55920.0 55930.0 55930.0 55940.0 55940.0 55950.0 55950.0 55950.0 55940.0 55940.0 55930.0 55920.0 55920.0 55920.0 55910.0
55920.0 55920.0 55910.0 55920.0 55910.0 55910.0 55910.0 55910.0 55910.0 55910.0 55910.0 55910.0 55900.0 55900.0 55900.0 55900.0 55910.0 55910.0 55920.0 55920.0 55920.0 55930.0 55940.0 55940.0 55950.0 55950.0 55940.0 55940.0 55940.0 55940.0 55940.0 55940.0 55930.0 55920.0 55910.0 55900.0 55900.0 55900.0 55900.0 55900.0 55890.0 55890.0 55890.0 55890.0 55890.0 55880.0 55860.0 55860.0 55850.0 55850.0 55840.0 55840.0 55830.0 55830.0
55580.0 55580.0 55580.0 55580.0 55570.0 55560.0 55550.0 55540.0 55530.0 55520.0 55520.0 55510.0 55510.0 55520.0 55520.0 55520.0 55520.0 55520.0 55530.0 55530.0 55530.0 55530.0 55530.0 55550.0 55540.0 55470.0 55430.0 55410.0 55410.0 55420.0 55440.0 55460.0 55480.0 55490.0 55510.0 55510.0 55510.0 55510.0 55510.0 55520.0 55520.0 55530.0 55540.0 55550.0 55560.0 55570.0 55580.0 55590.0 55590.0 55590.0 55590.0 55590.0 55590.0 55590.0
55610.0 55610.0 55610.0 55610.0 55620.0 55620.0 55620.0 55630.0 55630.0 55630.0 55630.0 55620.0 55620.0 55620.0 55620.0 55630.0 55630.0 55640.0 55640.0 55640.0 55640.0 55650.0 55650.0 55650.0 55660.0 55660.0 55660.0 55660.0 55660.0 55660.0 55650.0 55670.0 55680.0 55680.0 55680.0 55680.0 55670.0 55650.0 55640.0 55620.0 55620.0 55610.0 55600.0 55590.0 55580.0 55580.0 55580.0 55580.0 55580.0 55590.0 55590.0 55590.0 55590.0 55590.0
55620.0 55630.0 55620.0 55620.0 55620.0 55620.0 55620.0 55630.0 55630.0 55630.0 55630.0 55630.0 55630.0 55630.0 55630.0 55640.0 55640.0 55650.0 55650.0 55650.0 55660.0 55660.0 55660.0 55660.0 55670.0 55670.0 55660.0 55660.0 55650.0 55650.0 55650.0 55650.0 55670.0 55700.0 55700.0 55680.0 55650.0 55630.0 55620.0 55610.0 55600.0 55600.0 55600.0 55600.0 55600.0 55600.0 55610.0 55620.0 55620.0 55620.0 55610.0 55600.0 55600.0 55600.0
55520.0 55520.0 55520.0 55530.0 55530.0 55530.0 55530.0 55540.0 55540.0 55550.0 55550.0 55550.0 55550.0 55560.0 55560.0 55560.0 55560.0 55570.0 55570.0 55570.0 55570.0 55570.0 55570.0 55570.0 55580.0 55580.0 55580.0 55580.0 55580.0 55590.0 55620.0 55640.0 55660.0 55660.0 55660.0 55650.0 55640.0 55640.0 55630.0 55630.0 55620.0 55620.0 55620.0 55610.0 55600.0 55600.0 55590.0 55590.0 55590.0 55590.0 55590.0 55590.0 55590.0 55590.0
59200.0 59200.0 59200.0 59200.0 59210.0 59210.0 59220.0 59210.0 59210.0 59200.0 59200.0 59200.0 59200.0 59200.0 59210.0 59210.0 59210.0 59210.0 59210.0 59210.0 59220.0 59210.0 59190.0 59170.0 59170.0 59180.0 59230.0 59260.0 59280.0 59280.0 59270.0 59280.0 59280.0 59260.0 59240.0 59210.0 59180.0 59130.0 59130.0 59130.0 59110.0 59090.0 59080.0 59060.0 59040.0 59040.0 59030.0 59010.0 59010.0 58990.0 59000.0 58990.0 58990.0 58980.0
58790.0 58800.0 58790.0 58800.0 58800.0 58800.0 58800.0 58800.0 58790.0 58790.0 58780.0 58780.0 58770.0 58770.0 58760.0 58760.0 58760.0 58760.0 58760.0 58750.0 58730.0 58730.0 58700.0 58680.0 58660.0 58650.0 58650.0 58630.0 58620.0 58610.0 58610.0 58610.0 58620.0 58620.0 58620.0 58610.0 58590.0 58570.0 58570.0 58560.0 58560.0 58550.0 58540.0 58540.0 58530.0 58530.0 58540.0 58530.0 58540.0 58530.0 58520.0 58520.0 58500.0 58440.0
57810.0 57790.0 57790.0 57770.0 57760.0 57750.0 57730.0 57720.0 57710.0 57700.0 57670.0 57650.0 57640.0 57610.0 57600.0 57600.0 57650.0 57700.0 57740.0 57760.0 57770.0 57740.0 57700.0 57670.0 57630.0 57610.0 57580.0 57550.0 57540.0 57520.0 57510.0 57510.0 57500.0 57490.0 57460.0 57440.0 57410.0 57390.0 57380.0 57370.0 57370.0 57370.0 57360.0 57340.0 57340.0 57330.0 57320.0 57320.0 57320.0 57320.0 57310.0 57300.0 57290.0 57280.0
56400.0 56390.0 56370.0 56370.0 56350.0 56340.0 56330.0 56310.0 56300.0 56290.0 56290.0 56260.0 56250.0 56230.0 56210.0 56200.0 56160.0 56100.0 56020.0 55960.0 55950.0 55980.0 56020.0 56080.0 56200.0 56300.0 56420.0 56530.0 56600.0 56690.0 56820.0 56980.0 57170.0 57360.0 57550.0 57780.0 58000.0 58150.0 58350.0 58590.0 58790.0 58990.0 59150.0 59290.0 59430.0 59570.0 59710.0 59840.0 59980.0 60240.0 60480.0 60590.0 60690.0 60770.0
