2140.0 2150.0 2170.0 2170.0 2200.0 2200.0 2220.0 2240.0 2240.0 2260.0 2270.0 2290.0 2310.0 2310.0 2340.0 2380.0 2390.0 2420.0 2420.0 2440.0 2430.0 2450.0 2480.0 2480.0 2500.0 2500.0 2520.0 2540.0 2550.0 2570.0 2570.0 2600.0 2600.0 2620.0 2640.0 2630.0 2650.0 2670.0 2670.0 2690.0 2700.0 2720.0 2720.0 2740.0 2740.0 2760.0 2770.0 2770.0 2790.0 2790.0 2810.0 2830.0 2830.0 2850.0
2830.0 2830.0 2850.0 2850.0 2870.0 2860.0 2880.0 2890.0 2880.0 2900.0 2900.0 2930.0 2950.0 2940.0 2950.0 2950.0 2970.0 2990.0 3000.0 3010.0 3020.0 3030.0 3020.0 3020.0 3020.0 3030.0 3040.0 3040.0 3050.0 3050.0 3070.0 3080.0 3080.0 3090.0 3090.0 3110.0 3110.0 3130.0 3140.0 3150.0 3170.0 3180.0 3190.0 3210.0 3210.0 3220.0 3250.0 3250.0 3270.0 3270.0 3280.0 3290.0 3280.0 3290.0
3270.0 3280.0 3290.0 3280.0 3290.0 3290.0 3300.0 3300.0 3320.0 3340.0 3350.0 3360.0 3370.0 3380.0 3380.0 3390.0 3390.0 3390.0 3400.0 3400.0 3410.0 3410.0 3420.0 3420.0 3430.0 3440.0 3440.0 3460.0 3460.0 3470.0 3480.0 3490.0 3500.0 3500.0 3520.0 3520.0 3530.0 3530.0 3540.0 3550.0 3550.0 3550.0 3550.0 3550.0 3550.0 3540.0 3520.0 3510.0 3500.0 3480.0 3470.0 3460.0 3460.0 3460.0
3480.0 3470.0 3460.0 3460.0 3460.0 3450.0 3450.0 3450.0 3450.0 3450.0 3450.0 3450.0 3440.0 3440.0 3440.0 3440.0 3440.0 3440.0 3440.0 3440.0 3440.0 3440.0 3450.0 3450.0 3450.0 3450.0 3450.0 3460.0 3460.0 3460.0 3460.0 3460.0 3460.0 3460.0 3470.0 3470.0 3470.0 3470.0 3470.0 3480.0 3490.0 3490.0 3500.0 3500.0 3510.0 3510.0 3510.0 3500.0 3500.0 3490.0 3480.0 3480.0 3480.0 3470.0
3480.0 3480.0 3470.0 3480.0 3470.0 3470.0 3470.0 3470.0 3470.0 3470.0 3470.0 3470.0 3460.0 3460.0 3460.0 3460.0 3470.0 3470.0 3480.0 3480.0 3480.0 3490.0 3500.0 3500.0 3510.0 3510.0 3500.0 3500.0 3500.0 3500.0 3500.0 3500.0 3490.0 3480.0 3470.0 3460.0 3460.0 3460.0 3460.0 3460.0 3450.0 3450.0 3450.0 3450.0 3450.0 3440.0 3420.0 3420.0 3410.0 3410.0 3400.0 3400.0 3390.0 3390.0
1260.0 1260.0 1260.0 1260.0 1250.0 1240.0 1230.0 1220.0 1210.0 1200.0 1200.0 1190.0 1190.0 1200.0 1200.0 1200.0 1200.0 1200.0 1210.0 1210.0 1210.0 1210.0 1210.0 1230.0 1220.0 1150.0 1110.0 1090.0 1090.0 1100.0 1120.0 1140.0 1160.0 1170.0 1190.0 1190.0 1190.0 1190.0 1190.0 1200.0 1200.0 1210.0 1220.0 1230.0 1240.0 1250.0 1260.0 1270.0 1270.0 1270.0 1270.0 1270.0 1270.0 1270.0
1290.0 1290.0 1290.0 1290.0 1300.0 1300.0 1300.0 1310.0 1310.0 1310.0 1310.0 1300.0 1300.0 1300.0 1300.0 1310.0 1310.0 1320.0 1320.0 1320.0 1320.0 1330.0 1330.0 1330.0 1340.0 1340.0 1340.0 1340.0 1340.0 1340.0 1330.0 1350.0 1360.0 1360.0 1360.0 1360.0 1350.0 1330.0 1320.0 1300.0 1300.0 1290.0 1280.0 1270.0 1260.0 1260.0 1260.0 1260.0 1260.0 1270.0 1270.0 1270.0 1270.0 1270.0
1300.0 1310.0 1300.0 1300.0 1300.0 1300.0 1300.0 1310.0 1310.0 1310.0 1310.0 1310.0 1310.0 1310.0 1310.0 1320.0 1320.0 1330.0 1330.0 1330.0 1340.0 1340.0 1340.0 1340.0 1350.0 1350.0 1340.0 1340.0 1330.0 1330.0 1330.0 1330.0 1350.0 1380.0 1380.0 1360.0 1330.0 1310.0 1300.0 1290.0 1280.0 1280.0 1280.0 1280.0 1280.0 1280.0 1290.0 1300.0 1300.0 1300.0 1290.0 1280.0 1280.0 1280.0
1200.0 1200.0 1200.0 1210.0 1210.0 1210.0 1210.0 1220.0 1220.0 1230.0 1230.0 1230.0 1230.0 1240.0 1240.0 1240.0 1240.0 1250.0 1250.0 1250.0 1250.0 1250.0 1250.0 1250.0 1260.0 1260.0 1260.0 1260.0 1260.0 1270.0 1300.0 1320.0 1340.0 1340.0 1340.0 1330.0 1320.0 1320.0 1310.0 1310.0 1300.0 1300.0 1300.0 1290.0 1280.0 1280.0 1270.0 1270.0 1270.0 1270.0 1270.0 1270.0 1270.0 1270.0
1830.0 1830.0 1830.0 1830.0 1840.0 1840.0 1850.0 1840.0 1840.0 1830.0 1830.0 1830.0 1830.0 1830.0 1840.0 1840.0 1840.0 1840.0 1840.0 1840.0 1850.0 1840.0 1820.0 1800.0 1800.0 1810.0 1860.0 1890.0 1910.0 1910.0 1900.0 1910.0 1910.0 1890.0 1870.0 1840.0 1810.0 1760.0 1760.0 1760.0 1740.0 1720.0 1710.0 1690.0 1670.0 1670.0 1660.0 1640.0 1640.0 1620.0 1630.0 1620.0 1620.0 1610.0
1420.0 1430.0 1420.0 1430.0 1430.0 1430.0 1430.0 1430.0 1420.0 1420.0 1410.0 1410.0 1400.0 1400.0 1390.0 1390.0 1390.0 1390.0 1390.0 1380.0 1360.0 1360.0 1330.0 1310.0 1290.0 1280.0 1280.0 1260.0 1250.0 1240.0 1240.0 1240.0 1250.0 1250.0 1250.0 1240.0 1220.0 1200.0 1200.0 1190.0 1190.0 1180.0 1170.0 1170.0 1160.0 1160.0 1170.0 1160.0 1170.0 1160.0 1150.0 1150.0 1130.0 1070.0
440.0 420.0 420.0 400.0 390.0 380.0 360.0 350.0 340.0 330.0 300.0 280.0 270.0 240.0 230.0 230.0 280.0 330.0 370.0 390.0 400.0 370.0 330.0 300.0 260.0 240.0 210.0 180.0 170.0 150.0 140.0 140.0 130.0 120.0 90.0 70.0 40.0 20.0 10.0 0.0 0.0 0.0 -10.0 -30.0 -30.0 -40.0 -50.0 -50.0 -50.0 -50.0 -60.0 -70.0 -80.0 -90.0
-970.0 -980.0 -1000.0 -1000.0 -1020.0 -1030.0 -1040.0 -1060.0 -1070.0 -1080.0 -1080.0 -1110.0 -1120.0 -1140.0 -1160.0 -1170.0 -1210.0 -1270.0 -1350.0 -1410.0 -1420.0 -1390.0 -1350.0 -1290.0 -1170.0 -1070.0 -950.0 -840.0 -770.0 -680.0 -550.0 -390.0 -200.0 -10.0 180.0 410.0 630.0 780.0 980.0 1220.0 1420.0 1620.0 1780.0 1920.0 2060.0 2200.0 2340.0 2470.0 2610.0 2870.0 3110.0 3220.0 3320.0 3400.0
