-1.679341 -1.667884 -1.642108 -1.628648 -1.624738 -1.622101 -1.636505 -1.665322 -1.665615 -1.652503 -1.640012 -1.626436 -1.627372 -1.641947 -1.663486 -1.675594 -1.686354 -1.700995 -1.718207 -1.727141 -1.72493 -1.709593 -1.693904 -1.686893 -1.701513 -1.712839 -1.693756 -1.672996 -1.65981 -1.670082 -1.674379 -1.668416 -1.661217 -1.660017 -1.65797 -1.65703 -1.66404 -1.670723 -1.675374 -1.68614 -1.689372 -1.675747 -1.663581 -1.647548 -1.646852 -1.659209 -1.656557 -1.654665
-1.66122 -1.683165 -1.678279 -1.653312 -1.653042 -1.655833 -1.669232 -1.692303 -1.692294 -1.685163 -1.673449 -1.669068 -1.672739 -1.67567 -1.673341 -1.678012 -1.680157 -1.684555 -1.687425 -1.685489 -1.688378 -1.687655 -1.683104 -1.683138 -1.684563 -1.684652 -1.684212 -1.680363 -1.669219 -1.666038 -1.669172 -1.669591 -1.672779 -1.677323 -1.681317 -1.673032 -1.676426 -1.680052 -1.676293 -1.669885 -1.678156 -1.679937 -1.678524 -1.682886 -1.682919 -1.684237 -1.68139 -1.68161
-1.684237 -1.68139 -1.68161 -1.684929 -1.680327 -1.674293 -1.674973 -1.67304 -1.670705 -1.669975 -1.671507 -1.675521 -1.675385 -1.68053 -1.679127 -1.666293 -1.662165 -1.664933 -1.667565 -1.669639 -1.672702 -1.668503 -1.667154 -1.668288 -1.672564 -1.673621 -1.673943 -1.671481 -1.671122 -1.678259 -1.678401 -1.678864 -1.677319 -1.67592 -1.673306 -1.674306 -1.674021 -1.673854 -1.671683 -1.674842 -1.674495 -1.672845 -1.669639 -1.663875 -1.65964 -1.655413 -1.653731 -1.654719
-1.65625 -1.654441 -1.653797 -1.654343 -1.656007 -1.655757 -1.657074 -1.654652 -1.655023 -1.653628 -1.652002 -1.651022 -1.652549 -1.655824 -1.657425 -1.659778 -1.65972 -1.661165 -1.65954 -1.658225 -1.662322 -1.661725 -1.660688 -1.660776 -1.657648 -1.656876 -1.659296 -1.660039 -1.661686 -1.661839 -1.661383 -1.659338 -1.657554 -1.65778 -1.65906 -1.657826 -1.655843 -1.653103 -1.654097 -1.662679 -1.6637 -1.665475 -1.664856 -1.6671 -1.668726 -1.656543 -1.653364 -1.659992
-1.66723 -1.667587 -1.672172 -1.67161 -1.671563 -1.673018 -1.671748 -1.672271 -1.671657 -1.672344 -1.676469 -1.676612 -1.676986 -1.679557 -1.68296 -1.680529 -1.683082 -1.678168 -1.675866 -1.678079 -1.675184 -1.675176 -1.676275 -1.673884 -1.672054 -1.673278 -1.684754 -1.697856 -1.700961 -1.704426 -1.701624 -1.696069 -1.693297 -1.698346 -1.691899 -1.691885 -1.691277 -1.694126 -1.700042 -1.706093 -1.700524 -1.691482 -1.687146 -1.687846 -1.68852 -1.689654 -1.687802 -1.68129
-1.53014 -1.527237 -1.523547 -1.518068 -1.514538 -1.513673 -1.51249 -1.524005 -1.532157 -1.532224 -1.530067 -1.522507 -1.521223 -1.520044 -1.519361 -1.518752 -1.515997 -1.512045 -1.510962 -1.512065 -1.513332 -1.514597 -1.750387 -1.691187 -1.529855 -1.530935 -1.538373 -1.543509 -1.542062 -1.534305 -1.525249 -1.515628 -1.507788 -1.507278 -1.511052 -1.51403 -1.516727 -1.51761 -1.522016 -1.523777 -1.524302 -1.530568 -1.532584 -1.529226 -1.527713 -1.521545 -1.523973 -1.521859
-1.515808 -1.514104 -1.519837 -1.532559 -1.53575 -1.529299 -1.533169 -1.533605 -1.527978 -1.521038 -1.534274 -1.532545 -1.531954 -1.531378 -1.531488 -1.529635 -1.512578 -1.497917 -1.49752 -1.501472 -1.501836 -1.507555 -1.515971 -1.520684 -1.528663 -1.531671 -1.530068 -1.529217 -1.530358 -1.532377 -1.530393 -1.544905 -1.559723 -1.522708 -1.515538 -1.504117 -1.49606 -1.49655 -1.491691 -1.495026 -1.502523 -1.508991 -1.51495 -1.515831 -1.524224 -1.524621 -1.525576 -1.533059
-1.53914 -1.530475 -1.528808 -1.529185 -1.525535 -1.513845 -1.506856 -1.505297 -1.513911 -1.52098 -1.518665 -1.510422 -1.507757 -1.509271 -1.515455 -1.516337 -1.517804 -1.518805 -1.512712 -1.510073 -1.514071 -1.523364 -1.525615 -1.532583 -1.538755 -1.54505 -1.547055 -1.545749 -1.538929 -1.53455 -1.533885 -1.583733 -1.702449 -1.624458 -1.560432 -1.527971 -1.511374 -1.511681 -1.510136 -1.504706 -1.506927 -1.511415 -1.514624 -1.518627 -1.521081 -1.528223 -1.527429 -1.52368
-1.511077 -1.511412 -1.511593 -1.516557 -1.522218 -1.522395 -1.52507 -1.527959 -1.524011 -1.522469 -1.522222 -1.524315 -1.5247 -1.520798 -1.522472 -1.528972 -1.527563 -1.5229 -1.529502 -1.526138 -1.519863 -1.51525 -1.514556 -1.515623 -1.512911 -1.513289 -1.517924 -1.515568 -1.702837 -1.733569 -1.621266 -1.545851 -1.525972 -1.519521 -1.520156 -1.523094 -1.524704 -1.524146 -1.514862 -1.505759 -1.501232 -1.493191 -1.492288 -1.492857 -1.496277 -1.506094 -1.509289 -1.508068
-1.600377 -1.60166 -1.628365 -1.640064 -1.645016 -1.655243 -1.643342 -1.634738 -1.609167 -1.61055 -1.605339 -1.593132 -1.587323 -1.591347 -1.601185 -1.614486 -1.625623 -1.635107 -1.611796 -1.625002 -1.608783 -1.471355 -1.417844 -1.500983 -1.565996 -1.540749 -1.533092 -1.550784 -1.564571 -1.540855 -1.548792 -1.665216 -1.659389 -1.655911 -1.648282 -1.653785 -1.658737 -1.667682 -1.671118 -1.670408 -1.656511 -1.668602 -1.68667 -1.689586 -1.678145 -1.663502 -1.647228 -1.639271
-1.650322 -1.651356 -1.64993 -1.646563 -1.646008 -1.647505 -1.638551 -1.640074 -1.641457 -1.645253 -1.646517 -1.643214 -1.649681 -1.642432 -1.638119 -1.629648 -1.637098 -1.629561 -1.617775 -1.62842 -1.639136 -1.636213 -1.637068 -1.631155 -1.479227 -1.493935 -1.617566 -1.641041 -1.663592 -1.664582 -1.642395 -1.648312 -1.638844 -1.647016 -1.65282 -1.65656 -1.666372 -1.67403 -1.664959 -1.653846 -1.651722 -1.647569 -1.646826 -1.654418 -1.661025 -1.671563 -1.634701 -1.649608
-1.688698 -1.68843 -1.690035 -1.695718 -1.695375 -1.696747 -1.690833 -1.690836 -1.691128 -1.687274 -1.678113 -1.641608 -1.649676 -1.750395 -1.876462 -2.122652 -2.249905 -2.328953 -2.295407 -2.093795 -2.0088 -1.972139 -1.991444 -2.023767 -2.03049 -2.016792 -2.029461 -2.054072 -2.087011 -2.08783 -2.075943 -2.045655 -2.043186 -2.039903 -2.042025 -2.043057 -2.033717 -2.012069 -2.025899 -2.015681 -2.021404 -2.018022 -2.018592 -2.027934 -2.030415 -2.03847 -2.03266 -2.030819
-1.564678 -1.567125 -1.570968 -1.570996 -1.570315 -1.562388 -1.540534 -1.535906 -1.534159 -1.566227 -1.617301 -1.603105 -1.592906 -1.498356 -1.399288 -1.257737 -1.274045 -1.342624 -1.400258 -1.415143 -1.420932 -1.442557 -1.498757 -1.569613 -1.591198 -1.612137 -1.578515 -1.558869 -1.555313 -1.567303 -1.547031 -1.493805 -1.50997 -1.541618 -1.527464 -1.494843 -1.493089 -1.487995 -1.487542 -1.486612 -1.482635 -1.483266 -1.4855 -1.484812 -1.483975 -1.481297 -1.476124 -1.464563
