20559.0 20559.0 20559.0 20559.0 12673.0 8641.0 6753.0 6559.0 6372.0 6629.0 6500.0 6415.0 6415.0 6415.0 6415.0 6415.0 6415.0 6415.0 6415.0 6415.0 6415.0 6100.0 6100.0 7286.0 8108.0 8108.0 8108.0 8108.0 8108.0 8108.0
8108.0 8108.0 8108.0 8108.0 8108.0 17754.0 22325.0 23987.0 24566.0 25307.0 25883.0 25883.0 25883.0 25883.0 25883.0 25883.0 25883.0 25883.0 25883.0 25883.0 25883.0 25883.0 25883.0 25883.0 25883.0 25883.0 25883.0 25883.0 25883.0 25883.0
25883.0 25883.0 25883.0 25883.0 24128.0 23771.0 21684.0 21684.0 20724.0 20724.0 18715.0 18715.0 17569.0 17569.0 17569.0 17569.0 17569.0 17569.0 17330.0 17330.0 17330.0 17330.0 17026.0 17026.0 17415.0 17161.0 17526.0 17526.0 17526.0 17526.0
17526.0 17526.0 17526.0 17526.0 17526.0 17526.0 17526.0 17526.0 17526.0 17526.0 17526.0 17526.0 17526.0 17526.0 17526.0 17526.0 17526.0 17526.0 17526.0 17526.0 17526.0 17526.0 17526.0 17526.0 17526.0 17526.0 17526.0 17526.0 17526.0 17526.0
17526.0 17526.0 17526.0 17526.0 26080.0 26080.0 26080.0 26080.0 26080.0 26080.0 26080.0 26080.0 26080.0 26080.0 26080.0 26080.0 26080.0 26080.0 26080.0 26080.0 20996.0 16647.0 15580.0 14523.0 14114.0 14114.0 14114.0 14114.0 14114.0 14114.0
23042.0 23042.0 23042.0 23042.0 23042.0 23042.0 23042.0 23042.0 23042.0 23042.0 23042.0 23042.0 23042.0 23042.0 27823.0 31620.0 31849.0 32089.0 32089.0 3955.0 10441.0 12644.0 13204.0 13204.0 14460.0 14460.0 14460.0 14460.0 14460.0 15360.0
974.0 33711.0 33711.0 33711.0 33711.0 27932.0 27932.0 25557.0 23822.0 22683.0 21205.0 20769.0 19914.0 21048.0 21048.0 24876.0 27139.0 28008.0 28008.0 28008.0 28008.0 3411.0 4432.0 4432.0 4432.0 34391.0 34391.0 34391.0 34391.0 34391.0
19702.0 19702.0 19702.0 19296.0 19272.0 19272.0 19272.0 19272.0 19272.0 19272.0 19272.0 19272.0 19272.0 19272.0 19272.0 19272.0 19272.0 19272.0 19272.0 30672.0 31472.0 32238.0 32238.0 32238.0 32238.0 32238.0 32238.0 32238.0 34887.0 34887.0
3344.0 3344.0 3344.0 3344.0 3344.0 3344.0 3344.0 3344.0 3344.0 3344.0 3344.0 3344.0 3344.0 3344.0 32848.0 28990.0 28990.0 27656.0 31377.0 30951.0 30252.0 28525.0 26451.0 24749.0 23116.0 22174.0 20710.0 20320.0 19619.0 19619.0
11369.0 11369.0 11369.0 11369.0 11369.0 11369.0 11369.0 11369.0 11369.0 11369.0 11369.0 6827.0 1988.0 1284.0 339.0 35733.0 35225.0 29631.0 25328.0 25386.0 25512.0 1885.0 4912.0 5259.0 5492.0 5224.0 4856.0 5243.0 5614.0 7897.0
30145.0 30000.0 29162.0 28123.0 28123.0 28123.0 28123.0 28123.0 28123.0 28123.0 28123.0 28123.0 28123.0 27099.0 27323.0 28323.0 27584.0 25938.0 25496.0 25440.0 25576.0 25576.0 25576.0 25576.0 25576.0 25576.0 25576.0 25576.0 17343.0 14230.0
27838.0 27838.0 23436.0 20402.0 18098.0 16044.0 15313.0 15597.0 15603.0 15603.0 17988.0 18454.0 19335.0 19189.0 18828.0 18828.0 18828.0 18828.0 10471.0 4224.0 1733.0 509.0 868.0 882.0 1458.0 2319.0 2346.0 2721.0 3320.0 4129.0
23326.0 23183.0 22833.0 22594.0 22086.0 20721.0 20721.0 20987.0 21131.0 22235.0 22424.0 22398.0 22326.0 22326.0 12372.0 8779.0 8129.0 8520.0 9191.0 9877.0 9916.0 6815.0 4352.0 3503.0 3863.0 4670.0 4931.0 5448.0 5377.0 5952.0
