495222695.0 495349925.0 495470626.0 495591875.0 495692615.0 495793584.0 495917162.0 496038623.0 496161609.0 496263763.0 496405125.0 496526652.0 496687465.0 496787934.0 496927919.0 497073496.0 497193735.0 497295624.0 497397688.0 497497934.0 497618336.0 497738820.0 497921396.0 498025630.0 498128826.0 498250615.0 498384570.0 498493578.0 498615744.0 498737056.0 498858536.0 498979138.0 499100352.0 499248094.0 499371919.0 499515608.0 499635804.0 499737576.0 499837900.0 499941053.0 500042088.0 500144157.0 500266493.0 500365627.0 500487090.0 500630855.0 500752117.0 500852728.0 500990116.0
501376941.0 501483057.0 501633833.0 501748110.0 501854357.0 501973376.0 502122101.0 502214654.0 502358298.0 502459252.0 502581540.0 502682669.0 502803120.0 502907503.0 503032110.0 503153709.0 503273656.0 503416392.0 503516907.0 503636758.0 503756938.0 503899600.0 504044856.0 504166756.0 504287883.0 504410667.0 504552382.0 504674811.0 504795418.0 504915718.0 505055614.0 505156035.0 505256836.0 505378085.0 505498853.0 505618911.0 505719749.0 505840663.0 505981495.0 506101559.0 506222325.0 506323729.0 506464888.0 506586774.0 506686745.0 506787907.0 506909362.0 507009772.0 507112048.0
507238115.0 507358514.0 507482881.0 507644623.0 507746090.0 507846320.0 507965503.0 508069815.0 508170210.0 508270699.0 508392290.0 508514507.0 508655311.0 508755775.0 508880108.0 508981172.0 509102121.0 509385875.0 509508473.0 509629575.0 509750657.0 509852334.0 509973741.0 510074158.0 510195674.0 510297561.0 510438002.0 510561920.0 510683351.0 510806403.0 510927894.0 511029552.0 511150717.0 511271842.0 511413572.0 511535586.0 511656106.0 511777379.0 511902465.0 512044675.0 512165186.0 512305406.0 512425548.0 512565870.0 512686500.0 512807540.0 512911793.0 513032241.0 513177061.0
513298926.0 513484158.0 513603847.0 513704439.0 513847852.0 513969363.0 514090153.0 514212529.0 514353115.0 514455768.0 514556740.0 514657802.0 514801153.0 514920911.0 515041341.0 515163941.0 515285063.0 515407652.0 515508735.0 515608201.0 515728436.0 515848841.0 515969387.0 516073163.0 516232689.0 516333709.0 516453825.0 516579780.0 516719106.0 516841877.0 516965773.0 517067599.0 517208705.0 517329263.0 517432723.0 517531810.0 517633108.0 517773433.0 517874814.0 517995598.0 518095042.0 518236077.0 518336360.0 518459100.0 518580672.0 518700725.0 518824588.0 518962822.0 519065613.0
519308434.0 519408553.0 519530063.0 519651130.0 519752693.0 519896357.0 520016887.0 520117436.0 520236829.0 520381641.0 520502883.0 520625130.0 520764790.0 520867564.0 520967490.0 521090476.0 521192877.0 521315833.0 521437654.0 521558852.0 521680713.0 521800460.0 521924290.0 522024911.0 522126055.0 522284461.0 522388204.0 522509154.0 522629686.0 522729340.0 522850785.0 522975708.0 523097656.0 523201494.0 523323888.0 523444875.0 523565780.0 523665777.0 523807787.0 523910365.0 524030977.0 524151486.0 524252324.0 524392134.0 524492358.0 524616765.0 524738635.0 524879931.0 524980711.0
667190894.0 667311891.0 667432066.0 667573387.0 667697586.0 667797593.0 667939663.0 668060568.0 668179880.0 668306152.0 668449731.0 668589758.0 668690161.0 668790346.0 668893198.0 669013628.0 669113616.0 669215110.0 669355687.0 669455662.0 669576676.0 669718400.0 669818939.0 669939115.0 670061064.0 670181592.0 670302486.0 670402533.0 670563434.0 670684622.0 670785644.0 670888129.0 670988033.0 671109442.0 671233287.0 671353852.0 671474401.0 671595560.0 671717070.0 671878766.0 671998643.0 672119850.0 672269768.0 672400335.0 672522800.0 672642627.0 672764123.0 672905764.0 673025421.0
682317899.0 682428494.0 682541136.0 682662129.0 682783140.0 682883882.0 683004778.0 683168083.0 683314614.0 683436076.0 683556409.0 683677809.0 683797605.0 683898673.0 684021867.0 684162489.0 684263751.0 684446172.0 684588893.0 684709805.0 684851277.0 684971531.0 685093597.0 685229723.0 685334894.0 685436573.0 685556597.0 685659402.0 685761477.0 685862101.0 685983640.0 686103515.0 686206150.0 686327713.0 686427880.0 686568710.0 686729846.0 686851059.0 686971750.0 687113819.0 687233454.0 687375673.0 687495879.0 687616713.0 687736372.0 687837177.0 687937641.0 688059360.0 688178773.0
691804496.0 691925685.0 692026656.0 692149326.0 692249564.0 692370710.0 692471329.0 692613831.0 692714119.0 692814593.0 692954468.0 693055163.0 693159284.0 693279740.0 693399920.0 693538653.0 693624849.0 693744654.0 693865846.0 694006462.0 694090469.0 694211507.0 694372488.0 694492566.0 694592522.0 694713350.0 694813538.0 694935546.0 695037804.0 695180510.0 695280892.0 695422054.0 695562751.0 695684854.0 695826509.0 695947734.0 696069316.0 696229451.0 696352940.0 696493709.0 696655703.0 696778377.0 696899762.0 697021719.0 697142167.0 697246390.0 697367631.0 697507644.0 697652835.0
703263446.0 703364515.0 703465659.0 703586088.0 703749160.0 703874806.0 703994428.0 704095511.0 704195761.0 704318257.0 704461770.0 704601938.0 704724640.0 704845619.0 704985762.0 705087120.0 705188207.0 705310867.0 705411908.0 705533196.0 705635334.0 705735880.0 705836908.0 705958062.0 706058315.0 706201554.0 706321921.0 706424369.0 706524615.0 706666102.0 706786145.0 706927768.0 707009131.0 707110828.0 707211755.0 707311591.0 707455634.0 707555914.0 707677439.0 707780706.0 707900808.0 708042399.0 708182840.0 708324627.0 708424868.0 708548446.0 708648121.0 708768734.0 708908498.0
1050303083.0 1050467634.0 1050591336.0 1050712841.0 1050817321.0 1050978410.0 1051107131.0 1051227568.0 1051351884.0 1051475064.0 1051656499.0 1051798479.0 1051945531.0 1052091465.0 1052193457.0 1052315065.0 1052542057.0 1052649362.0 1052771916.0 1052874974.0 1053119674.0 1053261744.0 1053383938.0 1053505519.0 1053627835.0 1053731040.0 1053832835.0 1053954227.0 1054055737.0 1054197294.0 1054360989.0 1054462939.0 1054566160.0 1054689871.0 1054813160.0 1054937194.0 1055106656.0 1055291351.0 1055432060.0 1055636924.0 1055760339.0 1055883170.0 1056004637.0 1056131821.0 1056253437.0 1056397377.0 1056519896.0 1056641599.0 1056745091.0
1060210157.0 1060332700.0 1060454769.0 1060555810.0 1060677829.0 1060800764.0 1060970543.0 1061123749.0 1061245107.0 1061365585.0 1061507178.0 1061631469.0 1061732072.0 1061834151.0 1062046867.0 1062182756.0 1062300673.0 1062445780.0 1062589402.0 1062752539.0 1062893215.0 1063016678.0 1063140348.0 1063242834.0 1063364435.0 1063465688.0 1063591761.0 1063775910.0 1063901625.0 1064042800.0 1064164469.0 1064310938.0 1064412590.0 1064534492.0 1064681745.0 1064807580.0 1064951113.0 1065097475.0 1065199581.0 1065299343.0 1065447707.0 1065587838.0 1065712359.0 1065835227.0 1065978142.0 1066105174.0 1066207720.0 1066348746.0 1066452057.0
1081679159.0 1081820403.0 1081943719.0 1082071431.0 1082194918.0 1082317035.0 1082438035.0 1082585487.0 1082711825.0 1082833529.0 1083100405.0 1083632086.0 1083753618.0 1083915629.0 1084036832.0 1084165625.0 1084279320.0 1084405536.0 1084530057.0 1084632211.0 1084754753.0 1085061295.0 1085185049.0 1085307731.0 1085436057.0 1085618210.0 1085784080.0 1085904783.0 1086026347.0 1086149580.0 1086279574.0 1086380905.0 1086503794.0 1086604297.0 1086706652.0 1086808338.0 1086949718.0 1087070815.0 1087193717.0 1087385163.0 1087506131.0 1087628616.0 1087749451.0 1087912086.0 1088081802.0 1088204783.0 1088306799.0 1088429586.0 1088595140.0
1124221825.0 1124404689.0 1124506205.0 1124647651.0 1124748897.0 1124870926.0 1125017037.0 1125174824.0 1125319939.0 1125461781.0 1125603804.0 1125745752.0 1125887786.0 1126029272.0 1126172823.0 1126297585.0 1126423665.0 1126546660.0 1126692778.0 1126818595.0 1126944484.0 1127067737.0 1127178056.0 1127344872.0 1127527746.0 1127669132.0 1127811073.0 1127974444.0 1128120612.0 1128242836.0 1128407187.0 1128549703.0 1128696832.0 1128819847.0 1128942743.0 1129092572.0 1129226177.0 1129361585.0 1129524106.0 1129664822.0 1129769737.0 1129914286.0 1130057486.0 1130182066.0 1130307067.0 1130431881.0 1130560357.0 1130665148.0 1130834099.0
