-1223734318.0 -1223734316.0 -1223734314.0 -1223734309.0 -1223734298.0 -1223734284.0 -1223734273.0 -1223734261.0 -1223734253.0 -1223734243.0 -1223734233.0 -1223734221.0 -1223734214.0 -1223734215.0 -1223734219.0 -1223734225.0 -1223734231.0 -1223734240.0 -1223734245.0 -1223734246.0 -1223734243.0 -1223734234.0 -1223734226.0 -1223734214.0 -1223734204.0 -1223734197.0 -1223734193.0 -1223734191.0 -1223734188.0 -1223734184.0
-1223734179.0 -1223734172.0 -1223734168.0 -1223734169.0 -1223734173.0 -1223734183.0 -1223734194.0 -1223734208.0 -1223734221.0 -1223734237.0 -1223734251.0 -1223734259.0 -1223734265.0 -1223734267.0 -1223734268.0 -1223734270.0 -1223734272.0 -1223734275.0 -1223734280.0 -1223734285.0 -1223734289.0 -1223734296.0 -1223734301.0 -1223734304.0 -1223734308.0 -1223734314.0 -1223734323.0 -1223734331.0 -1223734337.0 -1223734345.0
-1223734350.0 -1223734352.0 -1223734357.0 -1223734364.0 -1223734372.0 -1223734377.0 -1223734381.0 -1223734384.0 -1223734386.0 -1223734386.0 -1223734382.0 -1223734380.0 -1223734379.0 -1223734377.0 -1223734374.0 -1223734374.0 -1223734372.0 -1223734371.0 -1223734368.0 -1223734366.0 -1223734364.0 -1223734363.0 -1223734363.0 -1223734362.0 -1223734362.0 -1223734362.0 -1223734362.0 -1223734364.0 -1223734363.0 -1223734362.0
-1223734361.0 -1223734361.0 -1223734362.0 -1223734364.0 -1223734366.0 -1223734369.0 -1223734373.0 -1223734378.0 -1223734382.0 -1223734388.0 -1223734393.0 -1223734397.0 -1223734398.0 -1223734400.0 -1223734399.0 -1223734399.0 -1223734399.0 -1223734400.0 -1223734399.0 -1223734397.0 -1223734397.0 -1223734397.0 -1223734396.0 -1223734396.0 -1223734393.0 -1223734391.0 -1223734393.0 -1223734394.0 -1223734396.0 -1223734400.0
-1223734402.0 -1223734404.0 -1223734404.0 -1223734403.0 -1223734406.0 -1223734406.0 -1223734407.0 -1223734409.0 -1223734410.0 -1223734413.0 -1223734415.0 -1223734417.0 -1223734418.0 -1223734418.0 -1223734416.0 -1223734414.0 -1223734412.0 -1223734408.0 -1223734404.0 -1223734399.0 -1223734394.0 -1223734386.0 -1223734377.0 -1223734370.0 -1223734363.0 -1223734360.0 -1223734359.0 -1223734359.0 -1223734360.0 -1223734360.0
-1223734694.0 -1223734694.0 -1223734696.0 -1223734700.0 -1223734703.0 -1223734704.0 -1223734704.0 -1223734704.0 -1223734702.0 -1223734701.0 -1223734703.0 -1223734704.0 -1223734706.0 -1223734708.0 -1223734715.0 -1223734733.0 -1223734756.0 -1223734760.0 -1223734751.0 -1223734738.0 -1223734726.0 -1223734718.0 -1223734712.0 -1223734708.0 -1223734704.0 -1223734701.0 -1223734697.0 -1223734695.0 -1223734692.0 -1223734689.0
-1223734660.0 -1223734668.0 -1223734673.0 -1223734675.0 -1223734677.0 -1223734683.0 -1223734685.0 -1223734690.0 -1223734696.0 -1223734700.0 -1223734702.0 -1223734705.0 -1223734707.0 -1223734712.0 -1223734718.0 -1223734726.0 -1223734733.0 -1223734739.0 -1223734744.0 -1223734748.0 -1223734743.0 -1223734728.0 -1223734719.0 -1223734718.0 -1223734721.0 -1223734728.0 -1223734731.0 -1223734732.0 -1223734729.0 -1223734727.0
-1223734732.0 -1223734733.0 -1223734736.0 -1223734736.0 -1223734737.0 -1223734737.0 -1223734737.0 -1223734735.0 -1223734730.0 -1223734727.0 -1223734725.0 -1223734726.0 -1223734725.0 -1223734726.0 -1223734728.0 -1223734728.0 -1223734728.0 -1223734728.0 -1223734728.0 -1223734733.0 -1223734739.0 -1223734743.0 -1223734742.0 -1223734738.0 -1223734733.0 -1223734728.0 -1223734721.0 -1223734715.0 -1223734707.0 -1223734702.0
-1223734644.0 -1223734641.0 -1223734636.0 -1223734634.0 -1223734633.0 -1223734633.0 -1223734633.0 -1223734633.0 -1223734634.0 -1223734635.0 -1223734637.0 -1223734640.0 -1223734644.0 -1223734648.0 -1223734654.0 -1223734662.0 -1223734668.0 -1223734677.0 -1223734688.0 -1223734700.0 -1223734708.0 -1223734714.0 -1223734720.0 -1223734727.0 -1223734734.0 -1223734740.0 -1223734744.0 -1223734747.0 -1223734749.0 -1223734751.0
-1223734503.0 -1223734498.0 -1223734494.0 -1223734492.0 -1223734491.0 -1223734490.0 -1223734491.0 -1223734495.0 -1223734500.0 -1223734501.0 -1223734500.0 -1223734502.0 -1223734502.0 -1223734501.0 -1223734503.0 -1223734506.0 -1223734508.0 -1223734508.0 -1223734519.0 -1223734550.0 -1223734581.0 -1223734590.0 -1223734571.0 -1223734537.0 -1223734511.0 -1223734492.0 -1223734479.0 -1223734469.0 -1223734457.0 -1223734446.0
-1223734403.0 -1223734411.0 -1223734420.0 -1223734425.0 -1223734432.0 -1223734436.0 -1223734441.0 -1223734447.0 -1223734456.0 -1223734458.0 -1223734461.0 -1223734462.0 -1223734465.0 -1223734471.0 -1223734477.0 -1223734489.0 -1223734504.0 -1223734527.0 -1223734551.0 -1223734568.0 -1223734577.0 -1223734582.0 -1223734582.0 -1223734579.0 -1223734578.0 -1223734575.0 -1223734570.0 -1223734565.0 -1223734555.0 -1223734545.0
-1223734544.0 -1223734545.0 -1223734549.0 -1223734550.0 -1223734548.0 -1223734546.0 -1223734500.0 -1223734496.0 -1223734491.0 -1223734493.0 -1223734495.0 -1223734497.0 -1223734507.0 -1223734509.0 -1223734511.0 -1223734505.0 -1223734506.0 -1223734505.0 -1223734502.0 -1223734500.0 -1223734503.0 -1223734504.0 -1223734500.0 -1223734497.0 -1223734490.0 -1223734479.0 -1223734471.0 -1223734461.0 -1223734450.0 -1223734439.0
-1223734976.0 -1223734987.0 -1223734993.0 -1223735000.0 -1223735003.0 -1223735006.0 -1223735009.0 -1223735017.0 -1223735030.0 -1223735056.0 -1223735081.0 -1223735100.0 -1223735112.0 -1223735112.0 -1223735094.0 -1223735073.0 -1223735049.0 -1223735030.0 -1223735015.0 -1223735005.0 -1223734992.0 -1223734980.0 -1223734969.0 -1223734957.0 -1223734941.0 -1223734920.0 -1223734897.0 -1223734868.0 -1223734846.0 -1223734820.0
