-0.000120155 -0.0116732 0.02018317 0.04425321 0.056415 0.0674988 0.04545639 -0.02223514 -0.05451781 -0.0752953 -0.06624691 -0.09018782 -0.06292501 -0.02864036 -0.004678579 -0.044512 -0.07613787 -0.1030343 -0.1347013 -0.1460343 -0.1164555 -0.03438765 0.005759709 0.01753083 -0.01129091 -0.04964341 -0.03197129 0.01310091 0.0307046 0.03225313 0.02894874 0.03976527 0.005197753 -0.01486368 -0.03453112 -0.0399068 -0.0390918 -0.05851533 -0.1045779 -0.1316597 -0.1374452 -0.09055349 -0.06128077 -0.03122462 -0.01670823 -0.01970164 -0.02296872 -0.03721783 -0.05486726 -0.06527508 -0.09703742
-0.06527508 -0.09703742 -0.1308183 -0.1427174 -0.1324968 -0.1156518 -0.088626 -0.06797735 -0.03644354 -0.0512026 -0.0726833 -0.05480379 -0.001508781 0.008789496 0.01390646 0.006363319 -0.004516477 -0.01640004 -0.02391611 -0.03642305 -0.05136342 -0.06177039 -0.06105925 -0.07598402 -0.07679147 -0.07117731 -0.06201128 -0.06161548 -0.04977393 -0.05615972 -0.0592231 -0.04658831 -0.02832446 -0.03535771 -0.0473423 -0.06615656 -0.05618715 -0.04993846 -0.0542976 -0.05043205 -0.05092946 -0.04511302 -0.04567951 -0.03770569 -0.03183547 -0.02775976 -0.03690033 -0.05171271 -0.06865142 -0.06820431 -0.05988495
-0.03690033 -0.05171271 -0.06865142 -0.06820431 -0.05988495 -0.03110461 -0.02036216 -0.006489981 -0.01644042 -0.005695807 -0.002478657 -0.01110989 -0.02210769 -0.004647481 -0.002863743 -0.008341614 -0.02668221 -0.04119428 -0.05498195 -0.0478117 -0.03654453 -0.03292104 -0.02813597 -0.02798997 -0.02906091 -0.02796785 -0.02763696 -0.02534341 -0.02230962 -0.02760481 -0.02832395 -0.02783714 -0.03110071 -0.02675385 -0.01771849 -0.01088047 -0.01323136 -0.01631922 -0.02048523 -0.02275092 -0.02834007 -0.02403832 -0.01549769 -0.01797432 -0.02269213 -0.02465915 -0.02851023 -0.02247778 -0.02675547 -0.02997951 -0.03071462
-0.02997951 -0.03071462 -0.02944052 -0.02501404 -0.02863844 -0.02615336 -0.02581307 -0.02193344 -0.02545981 -0.02385073 -0.02045453 -0.01545786 -0.00313081 -0.002381718 0.000144279 -0.001614664 -0.005853123 -0.003435881 -0.006477559 -0.003691627 -0.004077704 -0.007768823 -0.01568381 -0.02079965 -0.0175226 -0.005368795 -0.006666729 -0.004208189 -0.0166905 -0.0211978 -0.0120595 -0.006197486 -0.02005776 -0.02433105 -0.0226932 -0.01432648 -0.01179901 -0.01007249 -0.005929425 -0.009889618 -0.01869382 -0.02433571 -0.0313415 -0.04776188 -0.04068394 -0.02515065 -0.01483409 -0.002402346 0.001800967 -0.005158244 -0.00208014
0.001800967 -0.005158244 -0.00208014 -0.009188768 -0.006918149 -0.004288456 -0.001119712 0.001437009 -0.002091253 0.002116201 -0.00064522 -0.006014653 -0.007374275 -0.005121827 0.002054874 0.009678178 0.01584353 0.0137056 0.01590215 0.01954832 0.01555698 0.02014444 0.04417002 0.04622756 0.04454336 0.02981298 0.01421189 -0.003780687 -0.006951591 0.005244105 0.01367797 0.02893536 0.04298554 0.02827775 0.01597957 0.01114015 0.01162811 0.01451731 -0.01077147 -0.04362836 -0.0625276 -0.06397431 -0.02712702 -0.004901635 0.01031467 0.006258436 0.00351061 0.003062085 0.01222865 0.0160566 0.01695313
-0.02224537 -0.02701733 -0.04072975 -0.03954244 -0.0350489 -0.0179455 -0.01476341 -0.01528276 -0.01516666 0.004397532 0.006978128 -0.000689869 -0.01528405 -0.0307273 -0.04586893 -0.04841169 -0.04650363 -0.03732922 -0.0304084 -0.03279476 -0.03756276 -0.07125382 -0.4935325 -0.4193968 -0.06029866 0.193374 0.2927848 0.2810522 0.09286375 0.002264398 -0.05168875 -0.09187856 -0.08825289 -0.07315243 -0.05907187 -0.0376213 -0.03424349 -0.03410268 -0.03446282 -0.02764607 -0.02013983 -0.02791412 -0.02561062 -0.02413647 -0.02588962 -0.02067221 -0.03436994 -0.03248375 -0.02791052 -0.02840012 -0.02385732
0.01091903 0.02039061 0.004348501 -0.00355769 -0.03106308 -0.02916621 -0.02676668 -0.02288377 -0.02408497 -0.02417573 -0.02590721 -0.01071972 0.008179318 0.01832561 0.01373119 0.005898492 -0.008680471 -0.02876098 -0.03184711 -0.0465338 -0.04169432 -0.02967358 -0.01766967 -0.000451035 0.02673366 0.03481269 0.02493923 0.02279799 0.0148976 -0.000203005 0.3356558 0.245637 0.0389617 -0.06532125 -0.1373009 -0.1431194 -0.1082204 -0.05738945 -0.003197247 0.03811288 0.07652041 0.07966004 0.05448414 0.006375524 -0.01892516 -0.01748325 -0.01803218 -0.02375983 -0.01620461 -0.02753131 -0.02589931
-0.02713044 -0.0256923 -0.01622999 -0.009714532 -0.01765949 -0.01825525 -0.02460878 -0.01790698 -0.01267333 -0.01222129 -0.009448723 0.0174686 0.01968875 0.005080923 -0.03593244 -0.05040916 -0.05936138 -0.06400303 -0.05318402 -0.05625447 -0.05713931 -0.04415892 -0.01078287 0.009459994 0.01591068 0.01408784 6.65e-05 -0.01401695 -0.02771382 -0.03280718 -0.02708465 -0.0403871 0.0137147 0.06047018 0.08636811 0.08854052 0.06334932 0.007287275 -0.008112853 -0.001046282 -0.009061024 -0.02408632 -0.01705157 -0.005655611 -0.01142409 -0.009849419 0.006028696 0.01002684 0.008186116 -0.006680966 -0.005868522
-0.01259244 -0.02679553 -0.04086103 -0.04242345 -0.03589469 -0.03182691 -0.0218365 -0.01908039 -0.02066563 -0.01910932 -0.02385512 -0.02965472 -0.02976375 -0.03114421 -0.0346266 -0.03087001 -0.03364856 -0.02684132 -0.02474158 -0.04269207 -0.04930384 -0.05133345 -0.04222075 -0.03086801 -0.02384999 -0.0290355 -0.03195989 -0.02743817 -0.01824246 -0.03474393 -0.002162767 0.01088761 0.01958555 0.02257255 0.01188758 0.00013116 -0.01713272 -0.02811211 -0.02222099 -4.69e-05 0.01904928 0.02095633 -1.52e-05 0.002781618 -0.003368519 -0.005074713 -0.008103576 -0.002602303 -0.003632427 -0.005796452 -0.01849135
-0.08146033 -0.07905561 -0.0522144 -0.03483415 -0.05078503 -0.06989092 -0.07934528 -0.06278735 0.001322492 0.01616734 -0.000703995 -0.02041486 -0.03456179 -0.03539547 -0.03325116 -0.04028351 -0.05360963 -0.07069662 -0.037012 -0.01781184 0.03761039 -0.107166 -0.4108837 -0.5477031 -0.3684943 -0.100736 0.3491118 0.571058 0.5017202 0.320906 0.07042129 -0.1561963 -0.1988343 -0.1626561 -0.1350021 -0.04680411 -0.02193812 -0.007516487 -0.03339718 -0.07317755 -0.1029328 -0.1140739 -0.1200732 -0.1132666 -0.0971126 -0.090271 -0.08854418 -0.0712791 0.000271414 0.03678415 0.02801695
-0.05712183 -0.04430175 -0.03804772 -0.04195682 -0.04456227 -0.04736847 -0.06013663 -0.06623296 -0.06725411 -0.06441534 -0.0661894 -0.06453912 -0.0562527 -0.03555251 -0.02486786 -0.05423935 -0.08695745 -0.1196619 -0.1390563 -0.1393221 -0.1054236 -0.09370606 -0.08960755 -0.07976726 -0.05736216 -0.2641916 -0.04828367 0.08574568 0.09592999 0.0704712 0.0340573 0.02388109 0.00065246 -0.04676519 -0.05618866 -0.05168942 -0.04017269 -0.02727129 -0.02921111 -0.03210604 -0.01826821 -0.000339164 -0.009338435 -0.02694278 -0.04237235 -0.0602576 -0.07825162 -0.08124838 0.008387942 -0.01771893 -0.02298806
-0.03803859 -0.01593305 0.007608613 0.02090793 0.02197578 0.03834708 0.04670419 0.0556417 0.02994066 -0.021095 -0.05194487 -0.05706269 -0.06722345 -0.05947258 -0.02486236 -0.0505845 0.0317732 -0.06882018 -0.1010295 -0.01563775 0.1691191 0.2080949 0.1722276 0.04495535 -0.03480447 0.03580918 0.105576 0.08950586 0.0584168 -0.01571934 -0.06251837 -0.008613875 0.08643624 0.0891627 0.06976686 0.03744461 0.03756621 0.06276695 0.0542961 0.01578327 -0.007464497 -0.032146 -0.010832 0.007912917 -0.02343834 -0.05163454 -0.06261814 -0.0682533 -0.06582191 -0.03372126 0.01187989
-0.01818856 -0.01232031 -0.0203197 -0.01435038 -0.006083202 -0.02099809 -0.02875673 -0.03242046 -0.04943309 -0.1245707 -0.1543398 -0.2308616 -0.01210385 0.1542194 0.1157739 0.1877693 0.1315534 0.1299989 0.1505908 0.1486256 0.06304581 0.01408558 -0.03923927 -0.02957165 -0.02091577 0.001647603 0.03813181 0.05333455 0.04286071 0.03827626 0.08740991 0.1040319 0.1091246 0.123772 0.1236058 0.09458654 0.02847001 0.02085936 0.05568629 0.1041956 0.140469 0.1533535 0.1583983 0.1432702 0.1270696 0.09531612 0.03594856 -0.08059733 -0.1034569 -0.06090633 -0.02572005
