-95.0 -95.0 -95.0 -95.0 -95.0 -95.0 -95.0 -95.0 -95.0 -95.0 -95.0 -95.0 -95.0 -95.0 -95.0 -95.0 -95.0 -95.0 -95.0 -95.0 -95.0 -95.0 -95.0 -95.0 -95.0 -95.0 -95.0 -95.0 -95.0 -95.0 -95.0 -95.0 -95.0 -95.0 -95.0 -95.0 -95.0 -95.0 -95.0 -95.0 -95.0 -95.0 -95.0 -95.0 -95.0 -95.0 -95.0 -95.0 -95.0 -95.0 -95.0 -95.0 -95.0 -95.0 -95.0 -95.0 -95.0 -95.0 -95.0 -95.0
-95.0 -95.0 -95.0 -95.0 -95.0 -95.0 -95.0 -95.0 -95.0 -95.0 -95.0 -95.0 -95.0 -95.0 -95.0 -95.0 -95.0 -95.0 -95.0 -95.0 -95.0 -95.0 -95.0 -95.0 -95.0 -95.0 -95.0 -95.0 -95.0 -95.0 -95.0 -95.0 -95.0 -95.0 -95.0 -95.0 -95.0 -95.0 -95.0 -95.0 -95.0 -95.0 -95.0 -95.0 -95.0 -95.0 -95.0 -95.0 -95.0 -95.0 -95.0 -95.0 -95.0 -95.0 -95.0 -95.0 -95.0 -95.0 -95.0 -95.0
-95.0 -95.0 -95.0 -95.0 -95.0 -95.0 -95.0 -95.0 -95.0 -95.0 -95.0 -95.0 -95.0 -95.0 -95.0 -95.0 -95.0 -95.0 -95.0 -95.0 -95.0 -95.0 -95.0 -95.0 -95.0 -95.0 -95.0 -95.0 -95.0 -95.0 -95.0 -95.0 -95.0 -95.0 -95.0 -95.0 -95.0 -95.0 -95.0 -95.0 -95.0 -95.0 -95.0 -95.0 -95.0 -95.0 -95.0 -95.0 -95.0 -95.0 -95.0 -95.0 -95.0 -95.0 -95.0 -95.0 -95.0 -95.0 -95.0 -95.0
-95.0 -95.0 -95.0 -95.0 -95.0 -95.0 -95.0 -95.0 -95.0 -95.0 -95.0 -95.0 -95.0 -95.0 -95.0 -95.0 -95.0 -95.0 -95.0 -95.0 -95.0 -95.0 -95.0 -95.0 -95.0 -95.0 -95.0 -95.0 -95.0 -95.0 -95.0 -95.0 -95.0 -95.0 -95.0 -95.0 -95.0 -95.0 -95.0 -95.0 -95.0 -95.0 -95.0 -95.0 -95.0 -95.0 -95.0 -95.0 -95.0 -95.0 -95.0 -95.0 -95.0 -95.0 -95.0 -95.0 -95.0 -95.0 -95.0 -95.0
-95.0 -95.0 -95.0 -95.0 -95.0 -95.0 -95.0 -95.0 -95.0 -95.0 -95.0 -95.0 -95.0 -95.0 -95.0 -95.0 -95.0 -95.0 -95.0 -95.0 -95.0 -95.0 -95.0 -95.0 -95.0 -95.0 -95.0 -95.0 -95.0 -95.0 -95.0 -95.0 -95.0 -95.0 -95.0 -95.0 -95.0 -95.0 -95.0 -95.0 -95.0 -95.0 -95.0 -95.0 -95.0 -95.0 -95.0 -95.0 -95.0 -95.0 -95.0 -95.0 -95.0 -95.0 -95.0 -95.0 -95.0 -95.0 -95.0 -95.0
-87.0 -87.0 -87.0 -87.0 -87.0 -87.0 -87.0 -87.0 -87.0 -87.0 -87.0 -87.0 -87.0 -87.0 -87.0 -87.0 -87.0 -87.0 -87.0 -87.0 -87.0 -87.0 -87.0 -87.0 -87.0 -87.0 -87.0 -87.0 -87.0 -87.0 -87.0 -87.0 -87.0 -87.0 -87.0 -87.0 -87.0 -87.0 -87.0 -87.0 -87.0 -87.0 -87.0 -87.0 -87.0 -87.0 -87.0 -87.0 -87.0 -87.0 -87.0 -87.0 -87.0 -87.0 -87.0 -87.0 -87.0 -87.0 -87.0 -87.0
-87.0 -87.0 -87.0 -87.0 -87.0 -87.0 -87.0 -87.0 -87.0 -87.0 -87.0 -87.0 -87.0 -87.0 -87.0 -87.0 -87.0 -87.0 -87.0 -87.0 -87.0 -87.0 -87.0 -87.0 -87.0 -87.0 -87.0 -87.0 -87.0 -87.0 -87.0 -87.0 -87.0 -87.0 -87.0 -87.0 -87.0 -87.0 -87.0 -87.0 -87.0 -87.0 -87.0 -87.0 -87.0 -87.0 -87.0 -87.0 -87.0 -87.0 -87.0 -87.0 -87.0 -87.0 -87.0 -87.0 -87.0 -87.0 -87.0 -87.0
-87.0 -87.0 -87.0 -87.0 -87.0 -87.0 -87.0 -87.0 -87.0 -87.0 -87.0 -87.0 -87.0 -87.0 -87.0 -87.0 -87.0 -87.0 -87.0 -87.0 -87.0 -87.0 -87.0 -87.0 -87.0 -87.0 -87.0 -87.0 -87.0 -87.0 -87.0 -87.0 -87.0 -87.0 -87.0 -87.0 -87.0 -87.0 -87.0 -87.0 -87.0 -87.0 -87.0 -87.0 -87.0 -87.0 -87.0 -87.0 -87.0 -87.0 -87.0 -87.0 -87.0 -87.0 -87.0 -87.0 -87.0 -87.0 -87.0 -87.0
-87.0 -87.0 -87.0 -87.0 -87.0 -87.0 -87.0 -87.0 -87.0 -87.0 -87.0 -87.0 -87.0 -87.0 -87.0 -87.0 -87.0 -87.0 -87.0 -87.0 -87.0 -87.0 -87.0 -87.0 -87.0 -87.0 -87.0 -87.0 -87.0 -87.0 -87.0 -87.0 -87.0 -87.0 -87.0 -87.0 -87.0 -87.0 -87.0 -87.0 -87.0 -87.0 -87.0 -87.0 -87.0 -87.0 -87.0 -87.0 -87.0 -87.0 -87.0 -87.0 -87.0 -87.0 -87.0 -87.0 -87.0 -87.0 -87.0 -87.0
-91.0 -91.0 -91.0 -91.0 -91.0 -91.0 -91.0 -91.0 -91.0 -91.0 -91.0 -91.0 -91.0 -91.0 -91.0 -91.0 -91.0 -91.0 -91.0 -91.0 -91.0 -91.0 -91.0 -91.0 -91.0 -91.0 -91.0 -91.0 -91.0 -91.0 -91.0 -91.0 -91.0 -91.0 -91.0 -91.0 -91.0 -91.0 -91.0 -91.0 -91.0 -94.0 -94.0 -94.0 -94.0 -94.0 -94.0 -94.0 -94.0 -94.0 -94.0 -94.0 -94.0 -94.0 -94.0 -94.0 -94.0 -94.0 -94.0 -94.0
-94.0 -94.0 -94.0 -94.0 -94.0 -94.0 -94.0 -94.0 -94.0 -94.0 -94.0 -94.0 -94.0 -94.0 -94.0 -94.0 -94.0 -94.0 -94.0 -94.0 -94.0 -94.0 -94.0 -94.0 -94.0 -94.0 -94.0 -94.0 -94.0 -94.0 -94.0 -94.0 -94.0 -94.0 -94.0 -94.0 -94.0 -94.0 -94.0 -94.0 -94.0 -94.0 -94.0 -94.0 -94.0 -94.0 -94.0 -94.0 -94.0 -94.0 -94.0 -94.0 -94.0 -94.0 -94.0 -94.0 -94.0 -94.0 -94.0 -94.0
-94.0 -94.0 -94.0 -94.0 -94.0 -94.0 -94.0 -94.0 -94.0 -94.0 -94.0 -94.0 -94.0 -94.0 -94.0 -94.0 -94.0 -94.0 -94.0 -94.0 -103.0 -109.0 -114.0 -116.0 -116.0 -116.0 -116.0 -116.0 -116.0 -116.0 -116.0 -116.0 -116.0 -116.0 -116.0 -116.0 -116.0 -116.0 -116.0 -116.0 -116.0 -116.0 -116.0 -116.0 -116.0 -116.0 -116.0 -116.0 -116.0 -116.0 -116.0 -116.0 -116.0 -116.0 -116.0 -116.0 -116.0 -116.0 -116.0 -116.0
-88.0 -88.0 -88.0 -88.0 -88.0 -88.0 -88.0 -88.0 -88.0 -88.0 -88.0 -88.0 -88.0 -88.0 -88.0 -88.0 -88.0 -88.0 -88.0 -88.0 -87.0 -87.0 -87.0 -87.0 -87.0 -87.0 -87.0 -87.0 -87.0 -87.0 -87.0 -87.0 -87.0 -87.0 -87.0 -87.0 -87.0 -87.0 -87.0 -85.0 -85.0 -85.0 -85.0 -85.0 -85.0 -85.0 -85.0 -85.0 -85.0 -85.0 -85.0 -85.0 -85.0 -85.0 -85.0 -85.0 -85.0 -85.0 -85.0 -85.0
