476418687.0 476418690.0 476418693.0 476418698.0 476418702.0 476418707.0 476418714.0 476418720.0 476418723.0 476418726.0 476418730.0 476418735.0 476418740.0 476418741.0 476418739.0 476418736.0 476418734.0 476418731.0 476418729.0 476418730.0 476418733.0 476418736.0 476418737.0 476418738.0 476418738.0 476418737.0 476418736.0 476418735.0 476418735.0 476418734.0
476418734.0 476418736.0 476418738.0 476418738.0 476418736.0 476418733.0 476418733.0 476418731.0 476418728.0 476418727.0 476418727.0 476418727.0 476418729.0 476418732.0 476418735.0 476418737.0 476418739.0 476418741.0 476418741.0 476418740.0 476418739.0 476418738.0 476418738.0 476418738.0 476418737.0 476418736.0 476418734.0 476418728.0 476418726.0 476418723.0
476418726.0 476418723.0 476418719.0 476418717.0 476418711.0 476418707.0 476418701.0 476418696.0 476418689.0 476418685.0 476418676.0 476418672.0 476418667.0 476418665.0 476418661.0 476418659.0 476418656.0 476418653.0 476418650.0 476418649.0 476418645.0 476418643.0 476418638.0 476418635.0 476418630.0 476418626.0 476418621.0 476418617.0 476418615.0 476418613.0
476418613.0 476418613.0 476418613.0 476418615.0 476418616.0 476418616.0 476418617.0 476418618.0 476418618.0 476418619.0 476418621.0 476418624.0 476418626.0 476418629.0 476418630.0 476418632.0 476418633.0 476418636.0 476418639.0 476418642.0 476418648.0 476418652.0 476418656.0 476418659.0 476418663.0 476418665.0 476418666.0 476418667.0 476418670.0 476418674.0
476418674.0 476418679.0 476418684.0 476418687.0 476418692.0 476418695.0 476418698.0 476418700.0 476418702.0 476418704.0 476418706.0 476418707.0 476418707.0 476418708.0 476418707.0 476418705.0 476418704.0 476418701.0 476418698.0 476418695.0 476418690.0 476418684.0 476418679.0 476418674.0 476418671.0 476418669.0 476418669.0 476418668.0 476418668.0 476418667.0
476418804.0 476418801.0 476418799.0 476418796.0 476418794.0 476418796.0 476418797.0 476418801.0 476418801.0 476418801.0 476418802.0 476418803.0 476418807.0 476418809.0 476418813.0 476418830.0 476418849.0 476418857.0 476418854.0 476418848.0 476418838.0 476418829.0 476418824.0 476418819.0 476418814.0 476418810.0 476418805.0 476418800.0 476418797.0 476418791.0
476418845.0 476418847.0 476418844.0 476418841.0 476418836.0 476418832.0 476418826.0 476418822.0 476418817.0 476418812.0 476418806.0 476418800.0 476418793.0 476418790.0 476418788.0 476418789.0 476418791.0 476418792.0 476418791.0 476418789.0 476418790.0 476418793.0 476418796.0 476418797.0 476418795.0 476418794.0 476418791.0 476418789.0 476418784.0 476418780.0
476418735.0 476418733.0 476418729.0 476418724.0 476418718.0 476418714.0 476418712.0 476418709.0 476418706.0 476418705.0 476418705.0 476418705.0 476418705.0 476418705.0 476418705.0 476418704.0 476418704.0 476418703.0 476418703.0 476418713.0 476418720.0 476418727.0 476418731.0 476418733.0 476418736.0 476418739.0 476418741.0 476418744.0 476418749.0 476418754.0
476418818.0 476418821.0 476418824.0 476418829.0 476418832.0 476418835.0 476418836.0 476418837.0 476418838.0 476418838.0 476418839.0 476418840.0 476418842.0 476418842.0 476418842.0 476418842.0 476418840.0 476418840.0 476418850.0 476418855.0 476418856.0 476418857.0 476418855.0 476418851.0 476418844.0 476418837.0 476418827.0 476418820.0 476418806.0 476418801.0
476418754.0 476418752.0 476418750.0 476418748.0 476418748.0 476418747.0 476418744.0 476418739.0 476418736.0 476418734.0 476418735.0 476418741.0 476418750.0 476418761.0 476418771.0 476418779.0 476418788.0 476418786.0 476418778.0 476418773.0 476418773.0 476418782.0 476418797.0 476418808.0 476418816.0 476418824.0 476418832.0 476418837.0 476418842.0 476418844.0
476418828.0 476418831.0 476418832.0 476418832.0 476418833.0 476418834.0 476418833.0 476418834.0 476418834.0 476418835.0 476418834.0 476418830.0 476418829.0 476418831.0 476418835.0 476418839.0 476418839.0 476418835.0 476418830.0 476418827.0 476418826.0 476418825.0 476418823.0 476418821.0 476418823.0 476418824.0 476418824.0 476418822.0 476418818.0 476418816.0
476418846.0 476418842.0 476418836.0 476418827.0 476418804.0 476418782.0 476418753.0 476418746.0 476418739.0 476418740.0 476418730.0 476418714.0 476418696.0 476418684.0 476418674.0 476418674.0 476418675.0 476418681.0 476418692.0 476418705.0 476418718.0 476418732.0 476418744.0 476418755.0 476418767.0 476418777.0 476418788.0 476418798.0 476418807.0 476418813.0
476418905.0 476418900.0 476418894.0 476418890.0 476418886.0 476418881.0 476418877.0 476418868.0 476418855.0 476418839.0 476418823.0 476418809.0 476418800.0 476418800.0 476418808.0 476418815.0 476418818.0 476418818.0 476418815.0 476418812.0 476418810.0 476418818.0 476418829.0 476418842.0 476418852.0 476418861.0 476418873.0 476418884.0 476418895.0 476418903.0
