0.08669743 0.05748849 0.05715765 0.07325797 0.07389896 0.07397656 0.07648442 0.06911053 0.06015107 0.01279509 -0.008644425 -0.01830658 0.003598277 0.03906939 0.07858822 0.0800809 0.06979947 0.02980343 -0.009056197 -0.03725288 0.001900194 0.02667838 0.01703142 0.03074833 0.05441029 0.0493458 0.04640323 0.09376168 0.1332121 0.1376256 0.1110312 0.03174098 -0.01689541 -0.007513908 -0.01301384 0.002574436 0.02386758 0.03053203 0.04245264 0.0218262 0.001391944 0.01368396 0.01568885 0.02769993 0.03067417 0.04466147 0.05260152 0.0523041 0.05302909 0.07161166 0.03083959
0.07161166 0.03083959 -0.03621966 -0.04815204 -0.02024277 0.01992799 0.06546437 0.08426038 0.025705 -0.01272126 0.000688588 0.03367364 0.05773542 0.04652297 0.02961887 0.008110521 0.02630297 0.02053507 0.001139816 -0.02221049 -0.03751877 -0.03453585 -0.03016958 -0.0434459 -0.03644526 -0.04527935 -0.04937013 -0.04004695 -0.043542 -0.0474066 -0.03133651 -0.01489347 -0.03735912 -0.04391372 -0.03348411 -0.02413229 -0.05451026 -0.05898569 -0.07766967 -0.08694558 -0.0750835 -0.05728764 -0.05088093 -0.0436899 -0.04966535 -0.05280441 -0.05793196 -0.06341422 -0.05388131 -0.06188495 -0.06805387
-0.05793196 -0.06341422 -0.05388131 -0.06188495 -0.06805387 -0.06490327 -0.05983934 -0.05679573 -0.06089306 -0.06127335 -0.05596736 -0.04587048 -0.02759497 -0.02361691 -0.04126192 -0.0533108 -0.04653594 -0.03707772 -0.03759987 -0.04784258 -0.04240482 -0.04066616 -0.037951 -0.03723534 -0.03807791 -0.0397733 -0.04160112 -0.03694468 -0.01399533 0.000289897 -0.002115449 -0.007804022 -0.01543223 -0.02370734 -0.03736824 -0.0375785 -0.0303446 -0.02980346 -0.02253158 -0.01302203 -0.005874833 -0.009480126 -0.01219973 -0.006453247 0.000363265 0.02304123 0.0407535 0.04129963 0.02988712 0.02147968 0.0186755
0.02147968 0.0186755 0.01043611 0.008090029 0.009530349 0.008369867 0.009162549 -0.002286615 -0.002847598 0.004779228 0.01665377 0.023679 0.03636742 0.03609446 0.03181283 0.02044184 0.008536737 0.006165731 0.01044873 0.01727093 0.01442725 0.01546195 0.01103951 0.01990868 0.03976966 0.03428263 0.02898052 0.01593228 0.01109605 0.01564043 0.02435649 0.03445618 0.03631685 0.02895904 0.008922739 -0.01130568 -0.006745383 0.007126915 0.003840711 0.000687761 -0.002472917 -0.004674943 0.00188611 0.020933 0.0380553 0.05278796 0.05702971 0.04658923 0.03064054 0.01825924 0.01134681
0.03064054 0.01825924 0.01134681 0.005053083 -0.00115719 -0.006039819 -0.00794656 -0.01756699 -0.021242 -0.0282728 -0.01121859 -0.002001594 0.001860961 0.006752382 0.007040011 -0.003337762 -0.01234024 -0.01963468 -0.02301008 -0.0175557 -0.01584499 -0.01337972 -0.01056109 -0.01287833 -0.01049478 0.003122424 0.009593008 0.00377399 -0.01336045 -0.01639495 -0.002728914 -0.01683797 -0.000138411 0.00134372 -0.005577896 0.008129304 0.02478218 0.0462424 0.06534985 0.06739756 0.06156525 0.05055004 0.02780294 0.02567746 0.01793574 0.02147375 0.0221893 0.02369321 0.01432604 0.01615486 0.02445653
0.02671949 0.0224369 0.02013771 0.04895478 0.07173584 0.09188291 0.1075189 0.07954184 0.03707934 0.009477041 -0.01332818 -0.01273128 -0.000895367 0.01508655 0.02743052 0.03719434 0.04658389 0.05261473 0.04566364 0.01911255 -0.01057695 0.01157632 0.5223867 0.3588743 0.03722243 -0.1281617 -0.1801144 -0.1770969 -0.1131056 -0.08401639 -0.05203167 -0.007696077 0.02094665 0.04450412 0.05186569 0.05103316 0.0274034 0.0111611 0.001223891 0.001099522 0.02145705 0.02481933 0.01101286 -0.02093397 -0.03242144 -0.02254752 -0.0204677 -0.01070583 0.02040569 0.03461763 0.04643008
-0.05220624 -0.04890305 -0.05286852 -0.05314732 -0.06668784 -0.05887531 -0.04577402 -0.01474033 -0.009069884 -0.01388759 -0.02175563 -0.02974129 -0.01824895 -0.0188902 -0.03075544 -0.02262762 -0.01397418 -0.004244444 0.02935422 0.05320216 0.0604687 0.0527783 0.01995697 -0.009742529 -0.03048052 -0.04444224 -0.04916852 -0.04944647 -0.04616369 -0.0440626 0.3341614 0.2130934 -0.02643095 -0.096761 -0.1195097 -0.07675271 -0.04885964 -0.02277325 0.006036173 0.01800029 0.01042931 0.000751441 -0.01642267 -0.02756191 -0.03532053 -0.0350625 -0.02315573 -0.008826628 0.00134924 0.002643103 0.000801114
-0.05242619 -0.04400251 -0.0297244 -0.01408084 -0.003704508 0.000149962 0.009494935 0.04148876 0.0686045 0.06142442 0.04602128 0.01904584 0.01062545 0.02825213 0.04213771 0.04422005 0.03337264 0.01902522 0.004011897 0.01612419 0.02914671 0.02754274 0.005902681 0.01747578 0.0274947 0.03538913 0.04425005 0.04308993 0.03974387 0.03748827 0.04586378 -0.01412791 0.003199836 0.01362863 -0.007899652 -0.01309208 0.008718242 0.04828757 0.03554744 0.03408676 0.05451049 0.06452368 0.07596776 0.0789176 0.07004662 0.05797674 0.03536723 0.01413219 0.01094349 0.02084932 0.02708526
0.01019523 0.005716007 0.006299128 -0.007078693 -0.02218329 -0.03815563 -0.04322658 -0.0448598 -0.04901239 -0.05054054 -0.03978584 -0.0274639 -0.02674821 -0.02188336 -0.01920797 -0.02111673 -0.02646315 -0.02734635 -0.02622098 -0.03526719 -0.04297375 -0.04633584 -0.04204546 -0.03891882 -0.0262356 -0.02111355 -0.02451741 -0.02618841 -0.02668995 -0.139774 -0.1244274 -0.1292878 -0.1238591 -0.0898472 -0.06809977 -0.06401398 -0.06264337 -0.05611616 -0.05627934 -0.04845384 -0.04504654 -0.04257445 -0.01789674 0.002144913 0.020504 0.03243537 0.03150982 0.008208215 -0.004511132 -0.002960568 -0.002081477
0.02523551 0.05254307 0.08188113 0.08337733 0.05813537 0.01570935 0.01226924 0.02650142 0.07373952 0.0989554 0.1067627 0.1361322 0.1477138 0.1401275 0.1301901 0.1045153 0.06491751 0.02119182 -0.00168094 0.004369578 0.02159878 -0.0622398 -0.05103477 -0.07357349 -0.1306182 -0.09798541 0.1675983 0.3020965 0.3524577 0.2029898 0.02397244 -0.1064589 -0.06418175 0.01612322 0.000306241 -0.016279 -0.01126232 -0.02633596 -0.04281317 -0.0178152 0.00308579 0.02431432 0.06740519 0.08764224 0.07455099 0.008643481 -0.01858693 -0.03793491 -0.05001651 -0.0342916 -0.04755236
-0.04381624 -0.02699928 -0.02444084 -0.01872924 0.008640629 0.006438629 0.002526269 -0.003842554 0.007540626 0.0110839 0.00306374 -0.0002858 0.008387637 -0.01819398 -0.02160924 -0.05097174 -0.03125019 0.0352554 0.04112356 0.05569583 0.06356187 0.01784989 -0.03527375 -0.05441058 -0.07529312 -0.09690123 -0.01939064 0.09925044 0.1020226 0.03790178 -0.01997543 -0.03867188 -0.01273343 0.03054726 0.06540089 0.02104813 0.003018338 -0.02459456 -0.05941559 -0.06374062 -0.03448695 -0.01409206 -0.003377099 -0.001010081 0.005451723 -0.002122427 -0.000372022 0.007152573 0.03213472 0.003964081 -0.03485266
-0.04690433 -0.04689215 -0.05272147 -0.04732116 -0.04426363 -0.03294422 0.00107895 0.04141865 0.05552316 0.02857567 0.06086337 0.08304098 0.1153523 0.201539 0.1469576 -0.1341656 -0.1295959 0.009607374 0.000544287 0.1068088 0.1684741 0.1191233 0.1535314 0.164013 0.1207848 0.1434451 0.1371665 0.127914 0.1094844 0.1063317 0.0551108 0.06705486 0.04689732 0.02695533 0.0257087 0.01366193 0.01918383 0.04930787 0.04464144 0.0787947 0.05660183 0.01848018 0.03345827 0.04190292 0.06274806 0.05223291 0.0599649 0.07251422 0.08512191 0.09389666 0.1055801
-0.0431323 -0.04104658 -0.0343296 -0.03506143 -0.05434583 -0.06657145 -0.061746 -0.04253974 -0.07459217 -0.167082 -0.1119787 -0.1081582 0.01113569 0.1081884 0.1115043 0.2264824 0.3743985 0.3188638 0.2115696 0.1186879 -0.03490108 -0.06836364 -0.05638868 -0.0212209 -0.004232294 0.0900956 0.2142804 0.2303363 0.1707812 0.09823355 0.0542979 -0.01543192 -0.04147368 3.85e-05 0.07288961 0.05390948 -0.01117878 -0.06202426 -0.05579222 -0.02919419 -0.01954792 -0.02383414 -0.0304282 -0.05212936 -0.02760006 -0.02222284 -0.02977334 -0.07759443 -0.07400101 -0.0440222 -0.05447851
