495220.0 495419.0 495419.0 495622.0 495622.0 495824.0 495824.0 496026.0 496026.0 496228.0 496413.0 496413.0 496614.0 496614.0 496815.0 497017.0 497017.0 497218.0 497218.0 497419.0 497419.0 497620.0 497825.0 497825.0 498008.0 498209.0 498209.0 498410.0 498410.0 498611.0 498814.0 498814.0 499017.0 499017.0 499221.0 499424.0 499424.0 499606.0 499606.0 499811.0 499811.0 500013.0 500013.0 500216.0 500216.0 500418.0 500620.0 500620.0 500823.0 500823.0 501026.0 501206.0 501206.0 501428.0
501206.0 501206.0 501428.0 501428.0 501631.0 501833.0 501833.0 502033.0 502033.0 502234.0 502436.0 502436.0 502638.0 502638.0 502820.0 503022.0 503022.0 503224.0 503424.0 503424.0 503624.0 503824.0 503824.0 504027.0 504227.0 504227.0 504428.0 504428.0 504631.0 504831.0 504831.0 505030.0 505030.0 505232.0 505232.0 505433.0 505634.0 505634.0 505835.0 505835.0 506035.0 506236.0 506236.0 506437.0 506437.0 506638.0 506840.0 506840.0 507043.0 507227.0 507227.0 507430.0 507632.0 507632.0
507227.0 507227.0 507430.0 507632.0 507632.0 507834.0 507834.0 508037.0 508240.0 508240.0 508441.0 508625.0 508625.0 508827.0 508827.0 509030.0 509233.0 509233.0 509434.0 509434.0 509635.0 509635.0 509839.0 510044.0 510044.0 510226.0 510226.0 510447.0 510630.0 510630.0 510834.0 510834.0 511036.0 511239.0 511239.0 511442.0 511442.0 511643.0 511828.0 511828.0 512029.0 512230.0 512230.0 512431.0 512431.0 512631.0 512631.0 512833.0 513034.0 513034.0 513235.0 513440.0 513440.0 513641.0
513034.0 513235.0 513440.0 513440.0 513641.0 513641.0 513824.0 514026.0 514026.0 514227.0 514428.0 514428.0 514629.0 514629.0 514831.0 514831.0 515031.0 515232.0 515232.0 515432.0 515432.0 515634.0 515634.0 515833.0 516034.0 516034.0 516236.0 516236.0 516436.0 516639.0 516639.0 516838.0 517041.0 517041.0 517243.0 517243.0 517444.0 517444.0 517645.0 517826.0 517826.0 518027.0 518027.0 518227.0 518429.0 518429.0 518630.0 518630.0 518831.0 518831.0 519034.0 519235.0 519235.0 519439.0
519235.0 519235.0 519439.0 519439.0 519641.0 519641.0 519842.0 520044.0 520044.0 520227.0 520431.0 520431.0 520634.0 520634.0 520834.0 520834.0 521035.0 521035.0 521235.0 521437.0 521437.0 521639.0 521639.0 521840.0 521840.0 522042.0 522244.0 522244.0 522444.0 522444.0 522647.0 522829.0 522829.0 523034.0 523034.0 523237.0 523442.0 523442.0 523643.0 523643.0 523827.0 523827.0 524028.0 524229.0 524229.0 524429.0 524429.0 524631.0 524837.0 524837.0 525037.0 525037.0 525238.0 525238.0
667032.0 667214.0 667415.0 667415.0 667616.0 667616.0 667818.0 668017.0 668017.0 668218.0 668218.0 668419.0 668620.0 668620.0 668820.0 668820.0 669021.0 669021.0 669224.0 669224.0 669426.0 669626.0 669626.0 669826.0 669826.0 670027.0 670027.0 670230.0 670433.0 670433.0 670634.0 670634.0 670835.0 671019.0 671019.0 671221.0 671221.0 671421.0 671421.0 671624.0 671825.0 671825.0 672026.0 672227.0 672227.0 672428.0 672632.0 672632.0 672834.0 672834.0 673035.0 673216.0 673216.0 673436.0
682225.0 682225.0 682426.0 682628.0 682628.0 682828.0 682828.0 683030.0 683231.0 683231.0 683433.0 683633.0 683633.0 683816.0 683816.0 684019.0 684220.0 684220.0 684421.0 684621.0 684621.0 684824.0 685026.0 685026.0 685227.0 685227.0 685428.0 685428.0 685629.0 685629.0 685829.0 685829.0 686032.0 686231.0 686231.0 686433.0 686433.0 686614.0 686815.0 686815.0 687018.0 687221.0 687221.0 687422.0 687623.0 687623.0 687823.0 687823.0 688025.0 688025.0 688226.0 688427.0 688427.0 688630.0
691621.0 691821.0 691821.0 692024.0 692224.0 692224.0 692425.0 692425.0 692626.0 692626.0 692826.0 693027.0 693027.0 693227.0 693227.0 693427.0 693427.0 693630.0 693830.0 693830.0 694014.0 694014.0 694216.0 694420.0 694420.0 694621.0 694621.0 694822.0 694822.0 695023.0 695223.0 695223.0 695424.0 695626.0 695626.0 695828.0 696030.0 696030.0 696232.0 696415.0 696415.0 696617.0 696818.0 696818.0 697021.0 697021.0 697223.0 697424.0 697424.0 697626.0 697827.0 697827.0 698027.0 698027.0
703223.0 703223.0 703425.0 703425.0 703626.0 703831.0 703831.0 704031.0 704031.0 704216.0 704419.0 704419.0 704640.0 704640.0 704822.0 704822.0 705026.0 705227.0 705227.0 705430.0 705430.0 705633.0 705633.0 705814.0 705814.0 706018.0 706221.0 706221.0 706421.0 706421.0 706625.0 706826.0 706826.0 707028.0 707028.0 707228.0 707228.0 707429.0 707429.0 707631.0 707631.0 707833.0 708017.0 708017.0 708219.0 708420.0 708420.0 708621.0 708621.0 708821.0 709021.0 709021.0 709223.0 709223.0
1050226.0 1050226.0 1050429.0 1050631.0 1050631.0 1050833.0 1051017.0 1051017.0 1051220.0 1051426.0 1051426.0 1051629.0 1051832.0 1051832.0 1052020.0 1052020.0 1052224.0 1052427.0 1052427.0 1052634.0 1052634.0 1052821.0 1053027.0 1053230.0 1053230.0 1053432.0 1053635.0 1053635.0 1053838.0 1053838.0 1054039.0 1054039.0 1054242.0 1054429.0 1054429.0 1054634.0 1054634.0 1055029.0 1055233.0 1055233.0 1055437.0 1055624.0 1055829.0 1055829.0 1056033.0 1056033.0 1056218.0 1056425.0 1056425.0 1056628.0 1056628.0 1056835.0 1057039.0 1057039.0
1060220.0 1060220.0 1060424.0 1060424.0 1060628.0 1060830.0 1060830.0 1061040.0 1061224.0 1061224.0 1061426.0 1061629.0 1061629.0 1061832.0 1061832.0 1062021.0 1062021.0 1062228.0 1062435.0 1062435.0 1062641.0 1062823.0 1062823.0 1063028.0 1063028.0 1063232.0 1063434.0 1063434.0 1063621.0 1063827.0 1063827.0 1064033.0 1064033.0 1064235.0 1064421.0 1064421.0 1064625.0 1064833.0 1064833.0 1065017.0 1065218.0 1065218.0 1065421.0 1065625.0 1065625.0 1065832.0 1065832.0 1066038.0 1066223.0 1066223.0 1066426.0 1066630.0 1066630.0 1067427.0
1081648.0 1081851.0 1081851.0 1082037.0 1082245.0 1082245.0 1082448.0 1082638.0 1082638.0 1082841.0 1083435.0 1083638.0 1083638.0 1083840.0 1084042.0 1084042.0 1084246.0 1084246.0 1084452.0 1084637.0 1084637.0 1084840.0 1085044.0 1085044.0 1085251.0 1085251.0 1085435.0 1085638.0 1085843.0 1085843.0 1086046.0 1086234.0 1086234.0 1086439.0 1086439.0 1086642.0 1086642.0 1086845.0 1086845.0 1087048.0 1087255.0 1087255.0 1087438.0 1087641.0 1087641.0 1087843.0 1088048.0 1088048.0 1088253.0 1088437.0 1088437.0 1088644.0 1088847.0 1088847.0
1124045.0 1124250.0 1124434.0 1124637.0 1124637.0 1124839.0 1125044.0 1125044.0 1125246.0 1125246.0 1125449.0 1125651.0 1125835.0 1125835.0 1126037.0 1126245.0 1126245.0 1126452.0 1126636.0 1126636.0 1126844.0 1127034.0 1127034.0 1127239.0 1127442.0 1127442.0 1127644.0 1127847.0 1128049.0 1128049.0 1128251.0 1128435.0 1128435.0 1128639.0 1128850.0 1128850.0 1129036.0 1129245.0 1129245.0 1129451.0 1129634.0 1129841.0 1129841.0 1130045.0 1130045.0 1130251.0 1130441.0 1130441.0 1130632.0 1130846.0 1131255.0 1131255.0 1131438.0 1131644.0
