0.04485091 -0.01869398 0.3606155 0.2498635 0.09156787 0.1289957 -0.32539 -0.3187458 -0.2944534 0.008793116 0.1077191 -0.19193 0.3149922 0.2959011 -0.2328775 -0.3337113 -0.4006656 -0.2439388 -0.1793594 0.03085636 0.4490293 0.4660446 0.3846307 -0.02326235 -0.1731371 -0.1425857 0.3149722 0.4777864 -0.09118851 -0.01933523 0.05478535 -0.03931881 -0.2320338 -0.1745414 -0.08717741 0.08367047 -0.1517243 -0.2828399 -0.5377326 -0.2211989 0.2033221 0.4882725 0.1444962 0.2407833 0.013246 -0.01874364 -0.009254535 -0.1208472 -0.1779365 -0.04204915 -0.4903685
-0.04204915 -0.4903685 -0.1500509 0.1026662 0.01820241 0.2147313 0.1855052 0.1824175 0.1547287 -0.1984655 -0.04120215 0.2998628 0.2252628 0.08482612 -0.01664739 0.009007456 -0.1808544 -0.04732318 -0.1168827 -0.1089443 -0.1089112 -0.04745352 -0.001498967 -0.09962076 -0.06352834 0.1929786 0.06514899 0.04037067 0.08572569 -0.1278528 0.05542339 0.1119851 0.1152041 -0.1848692 -0.1177332 -0.09978011 0.2301632 0.01382867 -0.05093377 0.0210668 0.07462197 0.02397516 -0.001148917 0.04518231 -0.02390533 0.08963809 -0.1426683 -0.1365776 0.03450476 0.1084797 0.1922174
-0.1426683 -0.1365776 0.03450476 0.1084797 0.1922174 0.1594994 0.1324649 0.03877243 0.0192338 0.1005297 0.01510061 -0.1597194 0.08113425 0.2148131 -0.05218353 -0.09548071 -0.03855901 -0.1283414 -0.05508856 0.1056218 0.06031694 0.1309269 0.04618257 0.05549378 -0.02244131 -0.02784296 0.03329255 0.03175367 0.03299785 -0.05433543 -0.01434119 0.01217402 -0.006886331 0.08083507 0.02634384 0.04309567 -0.02044077 -0.000620548 -0.08474699 -0.004924214 -0.02254248 0.03203422 0.0975076 -0.03797508 -0.04456725 0.03398861 -0.007212854 0.07613463 -0.02478446 -0.05349952 0.02481652
-0.05349952 0.02481652 0.001444902 0.04227953 0.01326489 -0.02502132 0.09091896 0.01330395 -0.0384084 0.09254658 0.07841806 0.09314241 0.0967975 0.06700388 0.007519809 0.07912635 -0.03557829 0.006520194 0.02709187 0.02530081 0.003746396 -0.06211374 -0.06466017 0.02642042 0.02199451 0.05975036 0.03158251 -0.04655217 0.02110696 -0.03540682 0.07336184 0.03492668 -0.06701659 -0.04154339 0.001819452 0.148094 0.01360494 0.06273068 0.06323282 -0.1410512 -0.04508762 -0.0996004 -0.04818817 -0.06818882 0.1985843 0.1348597 0.05608938 0.02392648 0.06198039 -0.007061561 0.005535882
0.06198039 -0.007061561 0.005535882 -0.09496702 -0.0433117 0.09132585 0.02741764 0.02635279 -0.01117799 0.02511542 -0.04287061 -0.05333273 0.02834589 0.06979729 0.01406344 0.08462238 -0.003497589 0.007266663 0.1082678 0.01524019 -0.01864903 0.07960001 0.2135376 -0.02422755 -0.01060526 -0.1473346 -0.1265786 -0.0888487 0.05802067 0.1534491 0.05274701 0.2067161 -0.06747405 -0.07865162 -0.08635814 -0.05690687 0.05698452 -0.008676143 -0.2491294 -0.2221361 -0.1797051 0.07973918 0.3268548 0.1982124 0.1681186 -0.05206371 -0.007074839 0.008458485 0.1005979 0.0927518 0.006337999
-0.005173411 -0.1124388 -0.1015962 0.09104862 0.1073967 0.1601176 -0.01874929 0.006024755 0.08974008 0.08938257 0.01769703 -0.1610186 -0.1328652 -0.1628219 -0.09761568 0.01208485 0.07009319 0.13097 0.03131481 -0.08275154 0.1063047 -1.254164 -2.498285 1.842649 2.963323 1.481572 0.5417954 -0.5061123 -1.019494 -0.6629066 -0.4973683 -0.1822847 0.1949493 0.1213039 0.1900085 0.1753777 -0.03871719 0.02063395 0.01990715 0.08379783 -0.02308091 -0.04740869 0.04942373 -0.02376604 0.0428402 0.07035442 -0.06360787 0.03974415 0.01147964 0.03161179 0.01794485
0.2027514 0.005982449 -0.04577591 -0.1415539 -0.2061495 0.09073941 -0.00158906 -0.09431725 0.1040633 -0.08006281 -0.004645195 0.1765781 0.1325609 0.08707576 -0.08176538 0.008773139 -0.1143482 -0.09733288 -0.1279497 -0.02310752 0.1059176 0.04720969 0.135618 0.2037798 0.1504292 -0.01561583 -0.005101694 -0.05669825 -0.04172487 -0.06531511 1.078174 -1.674468 -1.541498 -0.8275641 -0.2339348 0.1537708 0.288999 0.4879916 0.4880716 0.2783481 0.1258567 -0.131308 -0.1684437 -0.3635001 -0.1196166 0.01244484 -0.04495502 -0.02030271 -0.01359633 -0.1345921 0.06358209
0.05590238 0.08635604 0.05812695 0.05161242 -0.05463916 0.0312694 -0.0500975 0.05581386 0.0673866 0.04723804 0.1003215 0.152493 -0.1040065 -0.2061293 -0.3304023 0.01368673 -0.09911001 0.06830288 0.06476391 -0.09642372 0.03060327 0.1727426 0.2394503 0.1491636 0.03585386 -0.0560929 -0.07172283 -0.2181883 -0.1169844 0.02077067 0.03472734 -0.6471613 0.7115628 0.1032407 0.1857774 -0.09011248 -0.2252382 -0.3620354 -0.04654595 -0.01620422 -0.08946868 -0.2019132 0.1540758 -0.02212913 -0.04391135 0.02213419 0.1632087 0.000471412 -0.04933536 -0.04690668 0.03625241
-0.1737053 -0.1376767 -0.1227741 0.02117945 0.01492711 0.06340063 0.05813672 -0.01202231 -0.0273851 0.03813499 -0.01227321 -0.05584109 0.05690528 -0.06374051 0.02580562 -0.05194684 0.03837848 0.07781573 -0.01058718 -0.1916422 -0.02144142 0.02533481 0.1122673 0.1443988 0.1075993 -0.1100663 -0.02470375 0.07070373 0.1506689 0.08489846 0.1815203 -0.06178272 0.07823547 -0.01239994 -0.1182457 -0.1394675 -0.1106707 -0.06532726 0.1753508 0.1299295 0.09642171 -0.02378632 -0.006456128 -0.01082642 0.005589535 -0.000476634 0.03397022 0.02989136 0.02282277 -0.1018894 -0.02017468
-0.03366238 -0.09452111 0.2278042 0.07389865 -0.2214158 -0.1082502 -0.05187273 0.09500863 0.1883923 -0.03266753 -0.09247664 -0.2754037 -0.09064166 -0.0178711 0.01533015 -0.1986797 -0.1334778 -0.1860784 0.1707283 0.2042291 0.3746627 -3.258868 -3.715 0.7797551 0.5650701 3.661866 2.997592 0.6069142 -0.6999491 -1.816716 -2.832701 -1.310174 0.07634895 0.2508083 0.2694867 0.3780264 0.1130248 0.01422481 -0.2512647 -0.3990517 -0.1555552 -0.1038804 0.0461163 0.1125092 0.1248957 -0.000905775 0.1397794 0.3437134 0.2856537 0.2630847 -0.1764792
0.1052205 0.02795134 0.05241935 -0.07455391 -0.0381036 -0.009038169 -0.06481176 -0.1236125 0.04125445 -0.06568433 -0.04882836 0.1884596 0.06824283 0.2171451 -0.06938267 -0.4274177 -0.2227337 -0.123799 -0.2324841 0.1230206 0.3214723 -0.003546858 0.08944748 0.1547577 -0.07150532 -0.9848166 1.243431 0.2304692 -0.03924344 -0.2352212 -0.2519242 -0.0985705 -0.1459904 -0.2811995 -0.01789017 0.1036704 0.1477972 0.1253224 -0.05535078 -0.0546657 0.1883105 0.04246813 -0.08903429 -0.1619957 -0.05016073 -0.1874632 -0.07421764 -0.05041788 -0.0384508 -0.2023256 0.03226271
0.1387986 0.1299335 0.2330862 -0.000572119 0.06310555 0.1549234 0.2155232 -0.01931159 -0.25422 -0.1126549 -0.1561649 -0.01736162 0.02020462 -0.1470449 0.2822234 -0.5246776 0.6216807 -1.069963 0.3386999 1.018344 0.4496423 -0.1038331 -0.711167 -1.058559 -0.3179823 0.7969952 -0.02418253 -0.2217939 -0.4046513 -0.6547079 0.09371578 0.7200915 0.687841 -0.1193239 -0.3702436 -0.1963367 0.1844194 0.1252914 -0.003640207 -0.240156 -0.4216148 0.09666982 0.4518912 -0.09753925 -0.2024427 -0.2492909 -0.09287295 0.0391708 0.2237938 0.1867105 0.4293942
0.1031832 -0.0747361 0.01834159 0.01257577 -0.07257456 -0.1617732 -0.1103837 -0.02390553 -0.5121526 0.4605245 -0.9423279 -0.07655344 1.765661 0.6539367 -0.02834446 0.3671957 -0.565228 0.2186903 0.4276925 -0.1522682 -0.922569 -0.5518057 0.02348485 0.3394526 0.1915971 0.02673053 0.2870031 0.4012583 -0.1703554 0.1561353 0.420621 -0.04884363 0.4035257 0.07912184 -0.08766182 -0.4804942 -0.4509792 0.2368276 0.4178626 0.3092999 0.1222741 0.1381297 -0.03912051 -0.1097767 -0.1406961 -0.3548582 -0.4414044 -0.2941207 0.1968223 0.4067365 0.2093128
