54.58 54.59 54.61 54.61 54.63 54.64 54.66 54.68 54.68 54.71 54.73 54.73 54.75 54.78 54.8 54.83 54.86 54.86 54.88 54.87 54.9 54.92 54.92 54.94 54.96 54.96 54.99 54.99 55.01 55.04 55.04 55.06 55.08 55.07 55.09 55.11 55.11 55.13 55.14 55.16 55.16 55.18 55.18 55.2 55.22 55.21 55.23 55.23
55.27 55.27 55.29 55.31 55.32 55.31 55.33 55.34 55.34 55.36 55.37 55.38 55.39 55.39 55.43 55.43 55.44 55.45 55.46 55.47 55.47 55.46 55.47 55.47 55.48 55.49 55.49 55.51 55.51 55.52 55.53 55.53 55.55 55.56 55.57 55.59 55.59 55.61 55.63 55.63 55.65 55.65 55.67 55.69 55.7 55.71 55.72 55.73
55.71 55.72 55.73 55.72 55.73 55.73 55.74 55.75 55.76 55.77 55.78 55.8 55.81 55.81 55.82 55.82 55.83 55.84 55.83 55.84 55.85 55.85 55.86 55.86 55.87 55.87 55.89 55.9 55.9 55.91 55.92 55.93 55.94 55.94 55.96 55.96 55.97 55.98 55.98 55.99 55.99 55.99 55.99 55.99 55.98 55.97 55.95 55.94
55.92 55.92 55.9 55.9 55.9 55.89 55.89 55.89 55.89 55.89 55.89 55.88 55.88 55.88 55.88 55.88 55.88 55.88 55.88 55.88 55.88 55.89 55.89 55.89 55.89 55.89 55.9 55.9 55.9 55.9 55.9 55.9 55.9 55.91 55.91 55.91 55.91 55.91 55.92 55.93 55.93 55.94 55.95 55.95 55.95 55.95 55.94 55.94
55.92 55.92 55.91 55.92 55.91 55.91 55.91 55.91 55.91 55.91 55.91 55.91 55.9 55.9 55.9 55.9 55.91 55.91 55.92 55.92 55.92 55.93 55.94 55.94 55.95 55.95 55.94 55.94 55.94 55.94 55.94 55.93 55.92 55.9 55.9 55.9 55.9 55.9 55.89 55.89 55.89 55.89 55.88 55.87 55.86 55.85 55.85 55.85
55.58 55.58 55.58 55.58 55.57 55.56 55.55 55.53 55.52 55.52 55.51 55.51 55.52 55.52 55.52 55.52 55.52 55.53 55.53 55.53 55.53 55.54 55.55 55.52 55.44 55.41 55.41 55.42 55.43 55.45 55.47 55.49 55.5 55.51 55.51 55.51 55.51 55.52 55.52 55.53 55.54 55.56 55.57 55.58 55.59 55.59 55.59 55.59
55.61 55.61 55.61 55.61 55.62 55.62 55.62 55.63 55.63 55.63 55.63 55.62 55.62 55.62 55.62 55.62 55.63 55.64 55.64 55.64 55.64 55.65 55.65 55.65 55.66 55.66 55.66 55.66 55.66 55.65 55.65 55.67 55.68 55.68 55.68 55.68 55.66 55.64 55.63 55.62 55.61 55.6 55.59 55.59 55.58 55.58 55.58 55.58
55.62 55.63 55.62 55.62 55.62 55.62 55.62 55.63 55.63 55.63 55.63 55.63 55.62 55.63 55.63 55.64 55.64 55.65 55.65 55.65 55.66 55.66 55.66 55.67 55.67 55.67 55.66 55.66 55.65 55.65 55.65 55.65 55.69 55.7 55.69 55.67 55.64 55.62 55.61 55.6 55.6 55.6 55.6 55.6 55.61 55.61 55.62 55.62
55.52 55.52 55.52 55.53 55.53 55.53 55.53 55.54 55.54 55.55 55.55 55.55 55.56 55.56 55.56 55.56 55.56 55.57 55.57 55.57 55.57 55.57 55.58 55.58 55.58 55.58 55.58 55.59 55.62 55.64 55.66 55.66 55.65 55.65 55.64 55.63 55.63 55.62 55.62 55.62 55.61 55.6 55.59 55.59 55.59 55.59 55.59 55.59
59.2 59.2 59.2 59.21 59.21 59.21 59.21 59.21 59.2 59.2 59.2 59.2 59.21 59.21 59.21 59.21 59.21 59.22 59.18 59.18 59.23 59.27 59.29 59.28 59.27 59.28 59.27 59.24 59.22 59.19 59.15 59.13 59.13 59.12 59.1 59.09 59.06 59.06 59.04 59.03 59.03 59.01 58.99 59.0 58.99 58.99 58.98 58.97
58.79 58.8 58.8 58.8 58.8 58.8 58.79 58.8 58.79 58.78 58.78 58.77 58.77 58.76 58.76 58.76 58.75 58.73 58.71 58.69 58.67 58.65 58.65 58.63 58.62 58.62 58.61 58.61 58.62 58.62 58.61 58.58 58.57 58.56 58.56 58.55 58.54 58.54 58.53 58.54 58.53 58.54 58.53 58.52 58.52 58.5 58.44 58.42
57.81 57.81 57.79 57.77 57.76 57.75 57.73 57.72 57.71 57.7 57.7 57.65 57.63 57.61 57.59 57.64 57.7 57.73 57.76 57.76 57.73 57.68 57.65 57.61 57.58 57.55 57.54 57.52 57.51 57.51 57.5 57.49 57.46 57.44 57.41 57.39 57.38 57.37 57.36 57.36 57.34 57.33 57.33 57.32 57.31 57.32 57.31 57.3
56.39 56.38 56.36 56.35 56.34 56.33 56.31 56.29 56.28 56.27 56.27 56.25 56.22 56.2 56.2 56.16 56.08 56.01 55.95 55.94 55.97 56.01 56.07 56.22 56.34 56.45 56.57 56.66 56.75 56.92 57.13 57.31 57.51 57.71 57.97 58.15 58.37 58.68 58.82 59.02 59.21 59.35 59.51 59.64 59.79 59.9 60.05 60.19
