168.0 168.0 168.0 168.0 168.0 168.0 168.0 168.0 168.0 168.0 168.0 168.0 168.0 168.0 168.0 168.0 168.0 168.0 168.0 168.0 168.0 168.0 168.0 168.0 168.0 168.0 168.0 168.0 168.0 168.0
168.0 167.0 167.0 167.0 167.0 167.0 167.0 167.0 167.0 167.0 167.0 167.0 167.0 167.0 167.0 167.0 167.0 167.0 167.0 167.0 167.0 167.0 167.0 167.0 167.0 167.0 167.0 167.0 167.0 167.0
167.0 167.0 167.0 167.0 167.0 167.0 167.0 167.0 170.0 167.0 167.0 167.0 167.0 167.0 167.0 167.0 167.0 167.0 167.0 167.0 167.0 167.0 167.0 167.0 167.0 167.0 167.0 167.0 167.0 167.0
167.0 167.0 167.0 167.0 167.0 167.0 167.0 167.0 167.0 167.0 167.0 167.0 167.0 167.0 167.0 167.0 167.0 167.0 167.0 167.0 167.0 167.0 167.0 167.0 167.0 167.0 167.0 167.0 167.0 167.0
167.0 167.0 167.0 167.0 167.0 167.0 167.0 167.0 167.0 167.0 167.0 167.0 167.0 167.0 167.0 167.0 167.0 167.0 167.0 167.0 167.0 167.0 167.0 167.0 167.0 167.0 167.0 167.0 167.0 167.0
135.0 135.0 135.0 135.0 135.0 135.0 135.0 135.0 135.0 135.0 135.0 135.0 136.0 136.0 136.0 136.0 136.0 136.0 136.0 136.0 136.0 136.0 136.0 136.0 136.0 136.0 136.0 136.0 136.0 136.0
136.0 136.0 136.0 136.0 136.0 136.0 136.0 136.0 136.0 136.0 136.0 136.0 136.0 136.0 136.0 136.0 136.0 136.0 136.0 136.0 136.0 136.0 136.0 136.0 136.0 136.0 136.0 136.0 136.0 136.0
136.0 136.0 136.0 136.0 136.0 136.0 136.0 136.0 136.0 136.0 136.0 136.0 136.0 136.0 136.0 136.0 136.0 136.0 136.0 136.0 136.0 136.0 136.0 136.0 136.0 136.0 136.0 136.0 136.0 136.0
136.0 136.0 136.0 136.0 140.0 136.0 136.0 136.0 136.0 136.0 136.0 136.0 136.0 136.0 136.0 136.0 136.0 136.0 136.0 136.0 136.0 136.0 136.0 136.0 136.0 136.0 136.0 136.0 136.0 138.0
102.0 102.0 102.0 102.0 102.0 102.0 102.0 102.0 102.0 102.0 102.0 102.0 102.0 102.0 102.0 102.0 102.0 102.0 102.0 102.0 102.0 102.0 102.0 102.0 102.0 102.0 102.0 102.0 102.0 102.0
102.0 102.0 102.0 102.0 102.0 102.0 102.0 102.0 102.0 102.0 102.0 102.0 102.0 102.0 102.0 102.0 102.0 102.0 102.0 102.0 102.0 102.0 102.0 102.0 102.0 102.0 102.0 102.0 102.0 102.0
102.0 102.0 102.0 102.0 102.0 102.0 102.0 102.0 102.0 102.0 102.0 102.0 102.0 102.0 102.0 102.0 102.0 102.0 102.0 102.0 102.0 102.0 102.0 102.0 102.0 102.0 102.0 102.0 102.0 102.0
102.0 102.0 102.0 102.0 102.0 102.0 102.0 102.0 102.0 102.0 102.0 102.0 102.0 102.0 102.0 102.0 102.0 102.0 102.0 102.0 102.0 102.0 102.0 102.0 102.0 102.0 102.0 102.0 102.0 111.0
