109.0 109.0 109.0 109.0 109.0 109.0 109.0 109.0 109.0 109.0 109.0 109.0 109.0 109.0 109.0 109.0 109.0 109.0 109.0 109.0 109.0 109.0 109.0 109.0 109.0 109.0 109.0 109.0 109.0 109.0
109.0 100.0 100.0 100.0 100.0 100.0 100.0 100.0 100.0 100.0 100.0 100.0 100.0 100.0 100.0 100.0 100.0 100.0 100.0 100.0 100.0 100.0 100.0 100.0 100.0 100.0 100.0 100.0 100.0 100.0
100.0 100.0 100.0 100.0 100.0 100.0 100.0 100.0 102.0 100.0 100.0 100.0 100.0 100.0 100.0 100.0 100.0 100.0 100.0 100.0 100.0 100.0 100.0 100.0 100.0 100.0 100.0 100.0 100.0 100.0
100.0 100.0 100.0 100.0 100.0 100.0 100.0 100.0 100.0 100.0 100.0 100.0 100.0 100.0 100.0 100.0 100.0 100.0 100.0 100.0 100.0 100.0 100.0 100.0 100.0 100.0 100.0 100.0 100.0 100.0
100.0 100.0 100.0 100.0 100.0 100.0 100.0 100.0 100.0 100.0 100.0 100.0 100.0 100.0 100.0 100.0 100.0 100.0 100.0 100.0 100.0 100.0 100.0 100.0 100.0 100.0 100.0 100.0 100.0 100.0
79.0 79.0 79.0 79.0 79.0 79.0 79.0 79.0 79.0 79.0 79.0 79.0 79.0 79.0 79.0 79.0 79.0 79.0 79.0 79.0 79.0 79.0 79.0 79.0 79.0 79.0 79.0 79.0 79.0 79.0
79.0 79.0 79.0 79.0 79.0 79.0 79.0 79.0 79.0 79.0 79.0 79.0 79.0 79.0 79.0 79.0 79.0 79.0 79.0 79.0 79.0 79.0 79.0 79.0 79.0 79.0 79.0 79.0 79.0 79.0
79.0 79.0 79.0 79.0 79.0 79.0 79.0 79.0 79.0 79.0 79.0 79.0 79.0 79.0 79.0 79.0 79.0 79.0 79.0 79.0 79.0 79.0 79.0 79.0 79.0 79.0 79.0 79.0 79.0 79.0
79.0 79.0 79.0 79.0 82.0 79.0 79.0 79.0 79.0 79.0 79.0 79.0 79.0 79.0 79.0 79.0 79.0 79.0 79.0 79.0 79.0 79.0 79.0 79.0 79.0 79.0 79.0 79.0 79.0 82.0
69.0 69.0 69.0 69.0 69.0 69.0 69.0 69.0 69.0 69.0 69.0 69.0 69.0 69.0 69.0 69.0 69.0 69.0 69.0 69.0 69.0 69.0 69.0 69.0 69.0 69.0 69.0 69.0 69.0 69.0
69.0 69.0 69.0 69.0 69.0 69.0 69.0 69.0 69.0 69.0 69.0 69.0 69.0 69.0 69.0 69.0 69.0 69.0 69.0 69.0 69.0 69.0 69.0 69.0 69.0 69.0 69.0 69.0 69.0 69.0
69.0 69.0 69.0 69.0 69.0 69.0 69.0 69.0 69.0 69.0 69.0 69.0 69.0 69.0 69.0 69.0 69.0 69.0 69.0 69.0 69.0 69.0 69.0 69.0 69.0 69.0 69.0 69.0 69.0 69.0
69.0 69.0 69.0 69.0 69.0 69.0 69.0 69.0 69.0 69.0 69.0 69.0 69.0 69.0 69.0 69.0 69.0 69.0 69.0 69.0 69.0 69.0 69.0 69.0 69.0 69.0 69.0 69.0 69.0 69.0
