-0.02608507 0.1654972 0.1748409 0.06622513 0.0177178 -0.000961831 -0.1921892 -0.1063162 0.07083293 0.09614895 0.1093173 0.08581843 -0.08120783 -0.1570009 -0.1065278 -0.05571166 -0.07686727 -0.1611997 -0.1001742 -0.03482222 0.05500561 0.1032353 0.1242884 -0.01577191 -0.1448038 0.03484721 0.1797402 0.1883093 -0.02049581 -0.06375602 -0.02690472 0.05292679 0.04625736 -0.01218229 0.006477359 0.01198473 -0.1122624 -0.04653688 0.002053481 -0.1162376 -0.004907164 0.1106697 0.1690295 0.0918326 -0.08099531 -0.1195708 0.09325355 -0.01077576 0.1160713 -0.2264264 -0.1581431
-0.2264264 -0.1581431 0.1468677 0.09750126 -0.000805991 -0.009899681 -0.1862663 -0.1580608 0.02068297 0.06695918 0.06390887 0.01077826 -0.07511272 0.00678052 0.009764896 0.02043058 -0.04842791 -0.02480447 -0.03528535 -0.00449545 -0.003618012 0.000830745 0.01505401 0.03178985 -0.0270466 0.006932781 -0.006264937 0.003871264 0.0440279 0.09693741 -0.04855465 -0.0185484 -0.03273633 -0.02972287 -0.06735218 0.008421854 0.05187034 -0.06985791 0.01308888 0.04392696 0.01262959 -0.08159929 0.005167813 0.01278435 -0.006080437 0.009750213 -0.02977131 0.03038137 -0.04806361 -0.005757815 0.08600025
-0.02977131 0.03038137 -0.04806361 -0.005757815 0.08600025 0.03314198 -0.001310525 0.008409183 0.04543246 -0.001555687 -0.03206841 -0.02672692 -0.03443179 -0.05478771 0.06202957 0.06873469 0.007015904 -0.03163952 -0.02466634 0.003682944 0.01235951 0.006626588 0.001469101 -0.0226898 -0.04488898 -0.01035787 -0.00102933 0.0134442 -0.001831901 -0.03714415 -0.000551395 -0.001262263 0.006106716 0.01716674 0.01371649 -0.005125854 0.003357783 -0.01975664 0.01044661 -0.02557464 -0.004741148 0.01892162 0.03751991 0.06231468 0.03029744 0.03194739 0.002829915 -0.01249898 -0.00311875 0.01376997 0.004432951
0.01376997 0.004432951 0.004631271 -0.03036404 0.004148916 0.000556171 0.000244543 -0.009807888 0.01342795 -0.009706418 -0.003952163 -0.0054702 -0.04485844 0.006260643 -0.02888461 -0.02531461 0.002451998 0.00667773 -0.01665755 -0.03936867 0.02449419 0.01667899 0.008720303 0.01768861 -0.02349182 -0.003607743 0.004359247 -0.01469907 0.000178414 0.0431878 0.01268321 -0.003282033 -0.01471203 0.003890373 0.04199392 -0.007012627 0.03003964 -0.05687195 -0.03132802 -0.01071298 -0.02509364 -0.007463005 -0.06213877 0.0139075 0.06955142 -0.01102333 -0.05661523 -0.0167141 -0.05351181 -0.0172243 -0.03415987
-0.05351181 -0.0172243 -0.03415987 0.02417116 -0.004421233 -0.03202258 0.01115703 -0.02164485 0.02026269 -0.01843101 -0.007569751 -0.004993044 0.002779168 -0.05473634 0.0333203 -0.04561878 -0.03376452 0.06894115 0.008089856 0.009496493 0.01288198 -0.004801162 -0.03198032 -0.006725759 0.05125019 -0.04804806 -0.1025264 -0.04035573 -0.01782432 -0.01085741 0.03509694 0.05858057 -0.02207651 -0.03093047 0.05879341 0.01915386 0.0163048 0.01319619 -0.03877196 -0.04109539 -0.01553935 0.0638523 0.04262572 0.03425884 -0.02902476 -0.0193468 -0.01947427 0.05120151 0.06923254 0.0472342 0.1011351
0.009659615 0.05189115 0.02778384 0.07113313 0.01214653 -0.01211012 -0.000795127 -0.09468274 -0.03296372 0.000835318 0.06458542 0.04994109 -0.000232905 0.002662683 0.003417931 -0.01214951 0.04125496 0.00713378 0.01383082 -0.02799032 -0.02989124 -0.1152388 -0.7068988 0.7507769 0.3258874 0.05587212 0.06802384 -0.1108925 -0.03901803 0.01260343 0.05812616 0.03450801 -0.02621873 -0.04480657 -0.03960109 -0.04093903 -0.02913444 -0.03558129 -0.003973668 -0.000887807 -0.02899889 -0.004906266 0.02603859 0.04971384 0.02403897 -0.01055254 0.05577688 0.03805782 -0.02259738 0.007131335 -0.001173694
0.001105276 -0.08181074 -0.1106141 0.03429263 0.002049698 -0.03344189 0.01230772 0.06609073 -0.03922021 -0.08874391 0.0301045 0.01883654 -0.004012815 0.01004074 0.05376045 0.1219009 0.05190818 -0.01691766 -0.02679282 0.008332716 -0.06810761 -0.07098998 -0.0410403 -0.07925856 0.01608214 0.002529945 -0.01430815 -0.009702023 -0.006930973 0.01879729 -0.5555545 0.5558786 0.2378912 -0.06659288 0.02698899 0.02382087 0.05698704 0.02147897 -0.08759913 -0.05320027 -0.05681299 -0.01613858 -0.02691741 -0.03244786 -0.008236109 0.02310446 -0.07416869 -0.03630954 0.01070473 0.01569086 0.07000672
0.1149754 0.03049586 -0.009918327 0.03316423 0.08337204 0.06639913 0.06872384 -0.02663864 -0.1110337 -0.03842817 0.03875338 0.0361326 0.0302504 -0.02481146 -0.02702991 -0.001973246 -0.01239494 -0.007783879 0.08394565 -0.0268834 -0.0421199 -0.03935258 -0.0381549 -0.06592465 -0.08170139 -0.02508576 -0.03621646 0.03357208 0.04945694 0.000709934 0.03113187 -1.495647 -0.227168 0.7924383 0.3566259 0.2271671 0.07134335 -0.0308893 0.06921817 0.006188048 -0.01280267 -0.0214562 -0.02564184 -0.03698872 -0.04379562 -0.04627474 0.01960396 0.02495797 0.0328316 -0.01089144 0.01516448
-0.02428293 -0.000383922 -0.007593595 -0.05832876 -0.01597563 0.002055823 -0.01145739 0.000311644 0.03202828 0.007804749 -0.006673242 0.01442713 0.02641508 0.002434532 -0.005227652 -0.04715322 0.0536016 -0.001765117 -0.05442024 0.04395911 0.06751967 0.03392613 -0.01674877 0.00394271 0.00503554 0.04228922 -0.04279756 -0.02117724 0.03453519 -1.016999 0.04395124 1.037301 0.3667427 0.1132988 0.0223024 0.008899344 -0.04264497 -0.02925912 0.02562128 0.09976934 0.07072869 0.008065782 0.04208295 0.01043399 -0.01356743 -0.07030742 -0.07544424 4.96e-05 0.03524911 0.04130272 0.02814589
0.08423791 -0.01380087 -0.0577485 -0.1022581 0.01009011 -0.03878037 0.129532 0.02308877 0.05403293 -0.02297056 0.07879309 0.1303496 0.03442149 -0.05703573 -0.1222628 -0.08958679 -0.08007013 -0.06648155 0.02290419 0.04934434 0.0782225 -0.2005115 0.4974196 1.040694 0.3967388 -0.726674 -0.3985441 0.05088 0.2896695 0.1750349 0.2087086 0.01207785 -0.2686228 -0.2031261 0.1031112 -0.004726633 0.04551054 -0.05690958 -0.05161568 -0.06319369 -0.007325703 0.06178883 -0.01083515 -0.1830055 -0.1271592 0.04291594 0.1317537 0.1420428 0.0720691 0.03740168 -0.04968113
0.04390417 -0.008482847 0.01964409 0.03097479 -0.01890078 0.05404564 0.01370286 -0.01314018 -0.006075278 -0.06061817 0.004012177 0.01572846 -0.09678863 0.06696227 -0.03478605 0.07596336 0.01591916 -0.02289802 0.1479118 0.008177957 -0.1313413 -0.01753283 0.01936005 -0.02271263 0.2308272 0.9853069 -0.9628149 -0.4908998 -0.09629961 -0.2188747 0.1277491 0.09644622 0.01995804 0.008121945 -0.03324996 -0.06544771 -0.025108 -0.07699472 -0.02470117 0.09251948 0.04725889 -0.00637305 0.03603016 0.01929519 -0.03029723 -0.07140046 -0.06507372 -0.07393079 -0.05870159 -0.0097236 0.04895874
-0.03296966 0.04131505 -0.02550183 -0.008228295 0.01369835 -0.006409517 0.06180875 0.008886675 0.008120663 0.08920164 -0.06982214 0.01739166 0.1124152 -0.2743567 -1.304558 -0.8162679 -1.469327 -0.8007568 -0.4089329 0.7086033 0.81498 0.2904325 0.2027069 -0.05682044 -0.1952008 0.06023133 -0.01489452 -0.08884561 -0.2955071 -0.07987199 0.0138592 0.1600343 0.1673244 -0.02050991 0.02593998 0.001034948 0.006921013 0.1225761 0.1141302 -0.03072068 0.1262648 -0.07903773 0.06498607 -0.05950047 0.01448402 -0.05212855 -0.007335936 0.06228566 0.001899967 0.08328234 -0.03407516
0.04407914 -0.01059544 -0.05325944 0.03565707 0.006002641 0.08008836 0.09162441 -0.03307826 0.1391678 -0.7138755 -0.0626099 0.2015979 -0.02587069 1.040604 0.7574205 0.8049449 -0.5580705 -0.5401224 -0.1974615 0.02742406 -0.1593375 -0.2131281 -0.456974 -0.2681285 0.0571916 -0.2699656 0.2027662 0.09905715 -0.01493378 0.02725442 0.07473344 0.05937379 -0.2874968 -0.08276834 0.1991087 0.2240509 -0.06461787 0.03495122 0.01743475 0.05365954 -0.001547183 -0.02142732 -0.02811544 0.021607 -0.01655072 0.03563379 0.02246443 -0.1413701 -0.0963306 0.09671601 -0.04668097
