26382.0 26470.0 26612.0 26669.0 26690.0 26707.0 26624.0 26465.0 26450.0 26499.0 26583.0 26656.0 26698.0 26653.0 26561.0 26454.0 26392.0 26325.0 26236.0 26156.0 26124.0 26104.0 26198.0 26267.0 26347.0 26281.0 26193.0 26230.0 26342.0 26487.0 26460.0 26422.0 26410.0 26443.0 26482.0 26489.0 26501.0 26506.0 26476.0 26428.0 26408.0 26348.0 26321.0 26389.0 26469.0 26561.0 26574.0 26500.0 26509.0 26523.0 26551.0 26556.0 26397.0 26350.0
26556.0 26397.0 26350.0 26448.0 26532.0 26529.0 26516.0 26476.0 26367.0 26307.0 26320.0 26386.0 26426.0 26436.0 26408.0 26401.0 26414.0 26405.0 26371.0 26355.0 26336.0 26352.0 26333.0 26333.0 26341.0 26363.0 26348.0 26346.0 26352.0 26357.0 26395.0 26437.0 26455.0 26431.0 26439.0 26415.0 26399.0 26363.0 26407.0 26412.0 26372.0 26386.0 26418.0 26411.0 26370.0 26377.0 26365.0 26353.0 26358.0 26349.0 26378.0 26356.0 26349.0 26379.0
26513.0 26524.0 26527.0 26521.0 26517.0 26507.0 26503.0 26514.0 26514.0 26518.0 26533.0 26540.0 26535.0 26528.0 26503.0 26500.0 26492.0 26486.0 26487.0 26497.0 26491.0 26473.0 26479.0 26486.0 26483.0 26510.0 26507.0 26493.0 26489.0 26480.0 26479.0 26481.0 26500.0 26503.0 26496.0 26495.0 26502.0 26513.0 26529.0 26523.0 26474.0 26468.0 26458.0 26458.0 26449.0 26439.0 26498.0 26527.0 26489.0 26472.0 26461.0 26446.0 26432.0 26420.0
26446.0 26432.0 26420.0 26423.0 26422.0 26420.0 26416.0 26413.0 26423.0 26403.0 26394.0 26391.0 26392.0 26377.0 26358.0 26372.0 26357.0 26385.0 26397.0 26386.0 26402.0 26402.0 26399.0 26409.0 26425.0 26403.0 26352.0 26303.0 26263.0 26249.0 26235.0 26256.0 26285.0 26299.0 26267.0 26265.0 26300.0 26305.0 26310.0 26307.0 26271.0 26238.0 26239.0 26269.0 26323.0 26337.0 26326.0 26320.0 26322.0 26343.0 26377.0 26407.0 26459.0 26484.0
26374.0 26387.0 26398.0 26402.0 26408.0 26426.0 26437.0 26460.0 26480.0 26458.0 26465.0 26454.0 26467.0 26511.0 26524.0 26546.0 26549.0 26538.0 26528.0 26533.0 26522.0 26525.0 26521.0 26516.0 26508.0 26485.0 26475.0 26484.0 26489.0 26485.0 26497.0 26517.0 26509.0 26508.0 26510.0 26527.0 26571.0 26629.0 26644.0 26645.0 26659.0 26663.0 26668.0 26657.0 26617.0 26561.0 26500.0 26470.0 26467.0 26471.0 26455.0 26424.0 26420.0 26467.0
27779.0 27785.0 27806.0 27846.0 27802.0 27796.0 27785.0 27817.0 27812.0 27785.0 27810.0 27848.0 27855.0 27889.0 27873.0 27772.0 27755.0 27743.0 27810.0 27794.0 27767.0 27764.0 27760.0 27756.0 27751.0 27792.0 27805.0 27825.0 27866.0 27836.0 27838.0 27939.0 27995.0 28025.0 28017.0 28056.0 28145.0 28111.0 28128.0 28139.0 28038.0 28010.0 27929.0 27819.0 27840.0 27848.0 27916.0 27938.0 27900.0 27873.0 27847.0 27909.0 27953.0 27890.0
34108.0 34112.0 34113.0 34113.0 34112.0 34105.0 34112.0 34124.0 34122.0 34123.0 34129.0 34131.0 34138.0 34135.0 34131.0 34140.0 34141.0 34151.0 34148.0 34157.0 34175.0 34446.0 34979.0 34328.0 34190.0 34227.0 34253.0 34213.0 34154.0 34157.0 34169.0 34181.0 34215.0 34202.0 34209.0 34217.0 34219.0 34246.0 34243.0 34264.0 34256.0 34247.0 34233.0 34222.0 34208.0 34191.0 34167.0 34177.0 34185.0 34192.0 34193.0 34197.0 34195.0 34203.0
31103.0 31102.0 31106.0 31104.0 31097.0 31067.0 31068.0 31066.0 31062.0 31066.0 31061.0 31055.0 31044.0 31192.0 31660.0 31163.0 31033.0 31062.0 31039.0 31001.0 31012.0 31024.0 31042.0 31064.0 31075.0 31092.0 31106.0 31115.0 31134.0 31129.0 31132.0 31131.0 31150.0 31157.0 31156.0 31157.0 31158.0 31149.0 31161.0 31166.0 31157.0 31148.0 31145.0 31145.0 31129.0 31134.0 31141.0 31127.0 31121.0 31131.0 31133.0 31122.0 31118.0 31100.0
31099.0 31098.0 31111.0 31115.0 31116.0 31106.0 31119.0 31114.0 31102.0 31077.0 31096.0 31099.0 31629.0 31738.0 31144.0 31070.0 31094.0 31100.0 31097.0 31104.0 31105.0 31102.0 31120.0 31140.0 31150.0 31160.0 31152.0 31148.0 31155.0 31154.0 31144.0 31143.0 31137.0 31134.0 31129.0 31114.0 31117.0 31102.0 31102.0 31102.0 31090.0 31094.0 31076.0 31084.0 31072.0 31077.0 31088.0 31082.0 31085.0 31079.0 31080.0 31081.0 31088.0 31077.0
31227.0 31237.0 31226.0 31242.0 31222.0 31208.0 31204.0 31199.0 31201.0 31167.0 31165.0 31159.0 31143.0 32885.0 31475.0 31275.0 31247.0 31208.0 31130.0 31112.0 31117.0 31103.0 31096.0 31066.0 31077.0 31070.0 31086.0 31102.0 31096.0 31092.0 31101.0 31089.0 31096.0 31103.0 31096.0 31107.0 31102.0 31110.0 31101.0 31108.0 31125.0 31154.0 31173.0 31178.0 31183.0 31186.0 31201.0 31201.0 31192.0 31216.0 31197.0 31207.0 31170.0 31169.0
31201.0 31192.0 31216.0 31197.0 31207.0 31170.0 31169.0 31155.0 31179.0 31185.0 31173.0 31178.0 31175.0 32138.0 33386.0 32448.0 31638.0 31318.0 31185.0 31159.0 31087.0 31069.0 31068.0 31095.0 31087.0 31083.0 31079.0 31076.0 31063.0 31066.0 31071.0 31056.0 31068.0 31054.0 31051.0 31057.0 31057.0 31044.0 31046.0 31033.0 31031.0 31031.0 31021.0 31029.0 31036.0 31037.0 31049.0 31039.0 31047.0 31035.0 31043.0 31039.0 31028.0 31033.0
31017.0 31028.0 31061.0 31064.0 31083.0 31094.0 31083.0 31076.0 31059.0 31051.0 31062.0 31055.0 31049.0 31882.0 32833.0 31419.0 31275.0 31098.0 31078.0 31081.0 31063.0 31066.0 31052.0 31057.0 31050.0 31061.0 31057.0 31068.0 31079.0 31093.0 31103.0 31101.0 31115.0 31123.0 31113.0 31127.0 31137.0 31135.0 31145.0 31142.0 31143.0 31155.0 31144.0 31145.0 31117.0 31045.0 31070.0 31054.0 31029.0 31022.0 31041.0 31054.0 31052.0 31060.0
27630.0 27591.0 27635.0 27619.0 27647.0 27646.0 27631.0 27636.0 27645.0 27694.0 27742.0 27787.0 27789.0 27851.0 27923.0 27799.0 27682.0 27649.0 27651.0 27686.0 27441.0 27347.0 27672.0 27699.0 27692.0 27700.0 27750.0 27779.0 27715.0 27707.0 27695.0 27697.0 27689.0 27665.0 27647.0 27674.0 27711.0 27682.0 27644.0 27635.0 27575.0 27581.0 27642.0 27661.0 27655.0 27602.0 27592.0 27594.0 27609.0 27620.0 27693.0 27715.0 27560.0 27538.0
27684.0 27695.0 27692.0 27719.0 27715.0 27733.0 27786.0 27830.0 27763.0 27696.0 27678.0 27744.0 27989.0 27836.0 27775.0 27938.0 27828.0 27741.0 27744.0 27768.0 27812.0 27795.0 27801.0 27923.0 27909.0 27844.0 27821.0 27859.0 27839.0 27801.0 27694.0 27644.0 27601.0 27657.0 27704.0 27748.0 27784.0 27742.0 27650.0 27578.0 27556.0 27653.0 27700.0 27674.0 27674.0 27663.0 27641.0 27576.0 27574.0 27620.0 27554.0 27575.0 27582.0 27539.0
27588.0 27531.0 27522.0 27579.0 27634.0 27655.0 27595.0 27570.0 27564.0 27511.0 27541.0 27597.0 27623.0 26957.0 26445.0 26684.0 26990.0 27073.0 27166.0 27539.0 27661.0 27640.0 27672.0 27657.0 27747.0 27746.0 27661.0 27630.0 27685.0 27744.0 27774.0 27724.0 27585.0 27535.0 27532.0 27624.0 27738.0 27713.0 27711.0 27687.0 27644.0 27625.0 27580.0 27626.0 27583.0 27570.0 27636.0 27596.0 27612.0 27644.0 27744.0 27726.0 27697.0 27710.0
27713.0 27649.0 27618.0 27665.0 27682.0 27680.0 27674.0 27699.0 27643.0 27611.0 27616.0 27598.0 27551.0 27646.0 27656.0 27538.0 27572.0 27598.0 27580.0 27641.0 27550.0 27450.0 27517.0 27653.0 27688.0 27625.0 27622.0 27708.0 27591.0 27610.0 27702.0 27722.0 27790.0 27613.0 27580.0 27666.0 27812.0 27758.0 27781.0 27767.0 27727.0 27614.0 27620.0 27640.0 27654.0 27713.0 27679.0 27648.0 27607.0 27575.0 27558.0 27549.0 27522.0 27524.0
27663.0 27751.0 27766.0 27717.0 27761.0 27836.0 27814.0 27787.0 27724.0 27657.0 27668.0 27564.0 27166.0 27822.0 27806.0 27739.0 27780.0 27847.0 27804.0 27807.0 27845.0 27799.0 27781.0 27779.0 27739.0 27707.0 27657.0 27652.0 27788.0 27719.0 27694.0 27697.0 27717.0 27684.0 27615.0 27535.0 27546.0 27590.0 27614.0 27641.0 27652.0 27630.0 27658.0 27665.0 27656.0 27662.0 27650.0 27670.0 27657.0 27654.0 27665.0 27653.0 27686.0 27674.0
27662.0 27650.0 27670.0 27657.0 27654.0 27665.0 27653.0 27686.0 27674.0 27672.0 27707.0 27707.0 27696.0 27691.0 27646.0 27667.0 27673.0 27469.0 27487.0 27724.0 27629.0 27553.0 27605.0 27647.0 27670.0 27740.0 27751.0 27712.0 27654.0 27671.0 27690.0 27591.0 27596.0 27601.0 27603.0 27655.0 27659.0 27679.0 27727.0 27703.0 27704.0 27650.0 27665.0 27699.0 27647.0 27604.0 27639.0 27648.0 27638.0 27676.0 27706.0 27657.0 27633.0 27605.0
6802.0 6793.0 6804.0 6802.0 6816.0 6837.0 6830.0 6853.0 6887.0 6932.0 6922.0 6006.0 6820.0 6864.0 6745.0 6764.0 6901.0 6947.0 6999.0 7021.0 6988.0 7009.0 6967.0 6919.0 6887.0 6844.0 6803.0 6758.0 6754.0 6741.0 6714.0 6686.0 6695.0 6724.0 6742.0 6747.0 6758.0 6746.0 6735.0 6757.0 6778.0 6778.0 6770.0 6754.0 6752.0 6754.0 6766.0 6779.0 6796.0 6822.0 6854.0 6882.0 6870.0 6852.0
6810.0 6800.0 6822.0 6839.0 6829.0 6832.0 6793.0 6778.0 6768.0 6721.0 6695.0 6670.0 6671.0 6675.0 6679.0 6641.0 5807.0 6170.0 6524.0 6608.0 6631.0 6690.0 6719.0 6761.0 6801.0 6820.0 6795.0 6771.0 6782.0 6798.0 6822.0 6838.0 6878.0 6909.0 6893.0 6886.0 6859.0 6854.0 6855.0 6856.0 6873.0 6894.0 6907.0 6926.0 6968.0 6952.0 6930.0 6938.0 6929.0 6932.0 6923.0 6904.0 6887.0 6874.0
6752.0 6760.0 6766.0 6750.0 6747.0 6754.0 6756.0 6752.0 6753.0 6754.0 6751.0 6758.0 6774.0 6774.0 6806.0 6747.0 6770.0 6775.0 6795.0 6822.0 6847.0 6790.0 6755.0 6811.0 6782.0 6786.0 6760.0 6757.0 6779.0 6784.0 6761.0 6763.0 6761.0 6762.0 6769.0 6759.0 6790.0 6810.0 6804.0 6790.0 6781.0 6795.0 6815.0 6802.0 6788.0 6795.0 6798.0 6783.0 6785.0 6787.0 6784.0 6789.0 6793.0 6794.0
4089.0 4065.0 4046.0 4047.0 4047.0 4051.0 4035.0 4031.0 4043.0 4050.0 4065.0 4094.0 4084.0 4049.0 4064.0 4206.0 4112.0 4062.0 4033.0 4013.0 4014.0 4052.0 4060.0 4078.0 4096.0 4098.0 4093.0 4084.0 4077.0 4079.0 4064.0 4063.0 4061.0 4034.0 4037.0 4220.0 5255.0 6683.0 7231.0 8695.0 9515.0 10944.0 12094.0 11888.0 11970.0 11978.0 11977.0 11975.0 11972.0 11966.0 11957.0 11932.0 11937.0 11207.0
11917.0 11914.0 11920.0 11916.0 11912.0 11895.0 11887.0 11905.0 11898.0 11887.0 11883.0 11876.0 11862.0 11858.0 11856.0 11934.0 11912.0 11836.0 11808.0 11790.0 11819.0 11824.0 11829.0 11861.0 11901.0 11914.0 11924.0 11924.0 11921.0 11919.0 11935.0 11940.0 11944.0 11950.0 11949.0 11959.0 11974.0 11977.0 11989.0 11989.0 11952.0 11923.0 11918.0 11893.0 11870.0 11871.0 11882.0 11887.0 11884.0 11875.0 11852.0 11853.0 11840.0 11842.0
9022.0 9009.0 8984.0 9014.0 8942.0 8908.0 8943.0 8971.0 8961.0 8970.0 8957.0 9032.0 9097.0 8900.0 7176.0 8856.0 8915.0 9017.0 9075.0 9059.0 9035.0 8977.0 9030.0 9108.0 9073.0 9062.0 9084.0 9076.0 9098.0 9133.0 9137.0 9184.0 9110.0 9059.0 9076.0 9053.0 9062.0 9047.0 9036.0 9028.0 9015.0 9028.0 8991.0 9022.0 9031.0 9035.0 9019.0 9067.0 9038.0 9050.0 9024.0 8998.0 9017.0 9032.0
17476.0 17468.0 17477.0 17468.0 17469.0 17474.0 17463.0 17475.0 17468.0 17478.0 17462.0 17473.0 17466.0 17479.0 17476.0 17486.0 18075.0 17842.0 17468.0 17474.0 17524.0 17509.0 17498.0 17476.0 17456.0 17460.0 17452.0 17455.0 17460.0 17470.0 17490.0 17492.0 17491.0 17486.0 17493.0 17499.0 17500.0 17512.0 17494.0 17501.0 17506.0 17499.0 17500.0 17502.0 17510.0 17516.0 17512.0 17514.0 17512.0 17513.0 17520.0 17514.0 17525.0 17523.0
17517.0 17525.0 17518.0 17521.0 17515.0 17509.0 17521.0 17523.0 17521.0 17527.0 17515.0 17529.0 17521.0 17517.0 17522.0 17518.0 17531.0 17685.0 19326.0 19054.0 17936.0 17671.0 17619.0 17581.0 17542.0 17512.0 17483.0 17475.0 17496.0 17486.0 17497.0 17500.0 17491.0 17498.0 17520.0 17506.0 17517.0 17518.0 17509.0 17509.0 17510.0 17486.0 17480.0 17491.0 17484.0 17479.0 17492.0 17482.0 17492.0 17481.0 17479.0 17465.0 17458.0 17449.0
17461.0 17465.0 17455.0 17457.0 17443.0 17431.0 17428.0 17418.0 17431.0 17423.0 17425.0 17437.0 17436.0 17456.0 17462.0 17468.0 17656.0 20668.0 20935.0 19974.0 19218.0 18887.0 18744.0 18668.0 18573.0 18529.0 18527.0 18526.0 18529.0 18517.0 18530.0 18542.0 18543.0 18524.0 18521.0 18517.0 18509.0 18514.0 18523.0 18536.0 18538.0 18546.0 18559.0 18572.0 18566.0 18559.0 18556.0 18565.0 18577.0 18559.0 18564.0 18551.0 18559.0 18555.0
19365.0 19373.0 19369.0 19357.0 19351.0 19351.0 19349.0 19341.0 19342.0 19346.0 19470.0 20933.0 19692.0 19424.0 19431.0 19360.0 19357.0 19323.0 19317.0 19328.0 19341.0 19336.0 19339.0 19328.0 19330.0 19331.0 19352.0 19348.0 19345.0 19346.0 19358.0 19366.0 19382.0 19386.0 19395.0 19392.0 19400.0 19395.0 19392.0 19393.0 19391.0 19394.0 19392.0 19382.0 19384.0 19395.0 19398.0 19397.0 19400.0 19388.0 19391.0 19386.0 19394.0 19383.0
19354.0 19337.0 19343.0 19349.0 19363.0 19341.0 19323.0 19303.0 19300.0 19318.0 19311.0 19326.0 19325.0 19315.0 19344.0 19343.0 19831.0 20007.0 19432.0 19389.0 19360.0 19353.0 19332.0 19322.0 19311.0 19320.0 19346.0 19373.0 19394.0 19408.0 19394.0 19422.0 19421.0 19405.0 19414.0 19410.0 19427.0 19421.0 19426.0 19433.0 19432.0 19437.0 19430.0 19434.0 19433.0 19445.0 19437.0 19438.0 19436.0 19446.0 19448.0 19448.0 19453.0 19441.0
19439.0 19429.0 19423.0 19403.0 19386.0 19367.0 19360.0 19367.0 19363.0 19360.0 19346.0 19334.0 19318.0 19327.0 19325.0 19335.0 19337.0 19340.0 19334.0 21081.0 20413.0 19682.0 19451.0 19345.0 19330.0 19354.0 19392.0 19357.0 19352.0 19377.0 19420.0 19410.0 19400.0 19404.0 19390.0 19398.0 19396.0 19379.0 19390.0 19365.0 19358.0 19347.0 19342.0 19327.0 19340.0 19345.0 19339.0 19350.0 19339.0 19358.0 19363.0 19349.0 19340.0 19333.0
35388.0 35327.0 35292.0 35349.0 35366.0 35378.0 35411.0 35362.0 35301.0 35272.0 35273.0 35307.0 35292.0 35262.0 35261.0 35304.0 35334.0 35378.0 35395.0 35389.0 35355.0 35348.0 35335.0 35354.0 35404.0 35393.0 35362.0 35344.0 35949.0 635.0 211.0 200.0 157.0 354.0 422.0 61.0 35664.0 35284.0 35387.0 35330.0 35325.0 35468.0 35358.0 35338.0 35277.0 35201.0 35194.0 35269.0 35274.0 35234.0 35264.0 35260.0 35249.0 35241.0
35321.0 35304.0 35311.0 35340.0 35344.0 35301.0 35241.0 35257.0 35292.0 35297.0 35302.0 35308.0 35304.0 35327.0 35315.0 35273.0 35287.0 35318.0 35292.0 35278.0 35307.0 35336.0 35351.0 35881.0 379.0 251.0 322.0 308.0 123.0 35781.0 35412.0 35214.0 35006.0 35029.0 35116.0 35286.0 35305.0 35310.0 35297.0 35324.0 35349.0 35323.0 35295.0 35297.0 35341.0 35344.0 35351.0 35355.0 35371.0 35380.0 35346.0 35343.0 35326.0 35338.0
35282.0 35272.0 35266.0 35247.0 35250.0 35260.0 35243.0 35268.0 35267.0 35253.0 35259.0 35276.0 35280.0 35290.0 35287.0 35291.0 35303.0 35311.0 35319.0 35342.0 35356.0 35366.0 35906.0 1050.0 1839.0 1913.0 1711.0 1609.0 1506.0 1123.0 825.0 294.0 109.0 156.0 184.0 225.0 261.0 176.0 197.0 284.0 241.0 210.0 230.0 224.0 181.0 159.0 127.0 122.0 162.0 199.0 197.0 198.0 210.0 215.0
246.0 260.0 264.0 227.0 203.0 219.0 202.0 201.0 195.0 163.0 160.0 143.0 146.0 144.0 158.0 182.0 207.0 216.0 226.0 217.0 217.0 232.0 255.0 223.0 194.0 177.0 178.0 184.0 154.0 202.0 35963.0 35877.0 35438.0 35291.0 35221.0 35594.0 12.0 237.0 35994.0 35816.0 35714.0 35839.0 20.0 108.0 165.0 213.0 211.0 167.0 125.0 74.0 109.0 151.0 111.0 122.0
249.0 244.0 247.0 248.0 238.0 246.0 254.0 238.0 243.0 253.0 265.0 278.0 319.0 314.0 326.0 358.0 329.0 300.0 293.0 256.0 290.0 132.0 35988.0 35697.0 35578.0 35547.0 35586.0 35677.0 35886.0 79.0 146.0 155.0 147.0 167.0 234.0 229.0 169.0 211.0 235.0 225.0 244.0 265.0 285.0 319.0 293.0 235.0 224.0 258.0 289.0 286.0 356.0 373.0 386.0 334.0
309.0 291.0 264.0 267.0 263.0 257.0 284.0 277.0 246.0 261.0 263.0 258.0 274.0 297.0 286.0 293.0 288.0 275.0 250.0 245.0 237.0 240.0 266.0 319.0 400.0 456.0 870.0 573.0 533.0 536.0 435.0 374.0 264.0 250.0 194.0 183.0 211.0 266.0 241.0 250.0 271.0 290.0 292.0 263.0 272.0 252.0 234.0 268.0 262.0 243.0 256.0 220.0 220.0 244.0
19727.0 19721.0 19717.0 19717.0 19723.0 19730.0 19726.0 19710.0 19694.0 19704.0 19719.0 19727.0 19730.0 19731.0 19742.0 19794.0 20347.0 20353.0 20084.0 20115.0 19978.0 19885.0 19687.0 19508.0 19431.0 19355.0 19314.0 19395.0 19435.0 19488.0 19561.0 19584.0 19619.0 19615.0 19634.0 19660.0 19688.0 19661.0 19621.0 19623.0 19633.0 19650.0 19682.0 19723.0 19696.0 19705.0 19701.0 19708.0 19666.0 19661.0 19650.0 19632.0 19660.0 19699.0
19708.0 19704.0 19700.0 19684.0 19680.0 19705.0 19706.0 19686.0 19675.0 19656.0 19649.0 19680.0 19699.0 19706.0 19697.0 19683.0 19671.0 19655.0 19111.0 17632.0 15985.0 14696.0 13506.0 12563.0 11938.0 11911.0 12220.0 12719.0 13062.0 13221.0 13395.0 13402.0 13435.0 13514.0 13504.0 13495.0 13528.0 13550.0 13567.0 13568.0 13533.0 13523.0 13545.0 13597.0 13636.0 14003.0 14610.0 15260.0 15780.0 16501.0 16996.0 17658.0 17677.0 17561.0
18727.0 18773.0 18763.0 18749.0 18727.0 18699.0 18694.0 18708.0 18708.0 18736.0 18717.0 18725.0 18748.0 18726.0 18702.0 18698.0 18730.0 18754.0 18770.0 18714.0 18568.0 18474.0 18207.0 18519.0 18667.0 18660.0 18660.0 18719.0 18704.0 18699.0 18746.0 18749.0 18744.0 18750.0 18747.0 18768.0 18749.0 18750.0 18759.0 18774.0 18786.0 18765.0 18720.0 18714.0 18725.0 18725.0 18662.0 18644.0 18734.0 18753.0 18787.0 18817.0 18751.0 18691.0
18783.0 18778.0 18765.0 18813.0 18820.0 18727.0 18719.0 18743.0 18758.0 18773.0 18836.0 18823.0 18794.0 18812.0 18810.0 18818.0 18819.0 18727.0 18783.0 18861.0 18821.0 18748.0 18711.0 18761.0 18801.0 18810.0 18829.0 18854.0 18827.0 18817.0 18808.0 18820.0 18828.0 18797.0 18743.0 18735.0 18795.0 18815.0 18803.0 18782.0 18793.0 18781.0 18768.0 18764.0 18804.0 18826.0 18796.0 18734.0 18763.0 18850.0 18842.0 18829.0 18805.0 18778.0
18746.0 18755.0 18765.0 18764.0 18774.0 18787.0 18800.0 18811.0 18814.0 18819.0 18818.0 18828.0 18812.0 18796.0 18707.0 17909.0 17661.0 17628.0 17994.0 18171.0 17999.0 17922.0 18270.0 18534.0 18650.0 18676.0 18695.0 18688.0 18708.0 18752.0 18786.0 18795.0 18792.0 18758.0 18723.0 18716.0 18737.0 18736.0 18728.0 18754.0 18776.0 18763.0 18742.0 18746.0 18726.0 18721.0 18703.0 18672.0 18692.0 18726.0 18699.0 18673.0 18666.0 18714.0
18825.0 18906.0 18952.0 18939.0 18897.0 18849.0 18859.0 18865.0 18885.0 18847.0 18809.0 18764.0 18727.0 18716.0 18748.0 18710.0 18698.0 18652.0 18242.0 18667.0 18808.0 18732.0 18694.0 18697.0 18694.0 18746.0 18794.0 18808.0 18807.0 18817.0 18813.0 18772.0 18776.0 18784.0 18824.0 18849.0 18814.0 18760.0 18675.0 18710.0 18740.0 18735.0 18744.0 18754.0 18731.0 18679.0 18688.0 18606.0 18604.0 18626.0 18653.0 18595.0 18665.0 18764.0
26906.0 26897.0 26930.0 26989.0 26967.0 26949.0 26967.0 26979.0 26977.0 26965.0 26936.0 26926.0 26949.0 26939.0 26929.0 26942.0 26931.0 26908.0 26894.0 26892.0 26726.0 25900.0 25539.0 25738.0 26372.0 26841.0 26897.0 26944.0 26916.0 26947.0 26920.0 26918.0 26940.0 26961.0 26958.0 26959.0 26940.0 26896.0 26861.0 26852.0 26863.0 26882.0 26913.0 26956.0 26918.0 26933.0 26925.0 26918.0 26901.0 26880.0 26853.0 26849.0 26823.0 26846.0
26911.0 26915.0 26896.0 26902.0 26921.0 26897.0 26894.0 26881.0 26877.0 26862.0 26858.0 26872.0 26871.0 26856.0 26863.0 26877.0 26874.0 26891.0 26909.0 26928.0 26939.0 26955.0 26931.0 26678.0 26903.0 26868.0 26773.0 26799.0 26845.0 26906.0 26880.0 26889.0 26882.0 26876.0 26888.0 26888.0 26899.0 26893.0 26870.0 26842.0 26814.0 26807.0 26806.0 26842.0 26856.0 26875.0 26879.0 26888.0 26902.0 26922.0 26939.0 26966.0 26974.0 26975.0
26847.0 26860.0 26875.0 26877.0 26879.0 26875.0 26878.0 26889.0 26891.0 26903.0 26910.0 26913.0 26904.0 26918.0 26924.0 26928.0 26932.0 26937.0 26938.0 26942.0 26925.0 26913.0 26907.0 26904.0 26920.0 26932.0 26909.0 26909.0 26977.0 26570.0 25385.0 24619.0 24005.0 23301.0 22963.0 23021.0 23587.0 23994.0 24142.0 24309.0 24497.0 24572.0 24553.0 24546.0 24580.0 24600.0 24624.0 24646.0 24649.0 24642.0 24628.0 24575.0 24532.0 24516.0
27613.0 27607.0 27607.0 27603.0 27605.0 27614.0 27618.0 27619.0 27630.0 27623.0 27623.0 27621.0 27607.0 27615.0 27619.0 27610.0 27618.0 27560.0 27391.0 26866.0 26477.0 26587.0 26845.0 27122.0 27265.0 27275.0 27438.0 27590.0 27505.0 27400.0 27534.0 27585.0 27618.0 27636.0 27620.0 27605.0 27612.0 27625.0 27589.0 27571.0 27553.0 27550.0 27611.0 27635.0 27656.0 27659.0 27655.0 27656.0 27666.0 27652.0 27643.0 27646.0 27650.0 27643.0
27616.0 27587.0 27573.0 27574.0 27560.0 27580.0 27629.0 27661.0 27676.0 27661.0 27690.0 27733.0 27741.0 27744.0 27708.0 27690.0 27653.0 27648.0 27648.0 27639.0 27639.0 27627.0 27638.0 27655.0 27662.0 27669.0 27080.0 25074.0 22778.0 20130.0 18657.0 18723.0 19415.0 19916.0 20106.0 20146.0 20140.0 20233.0 20265.0 20217.0 20174.0 20247.0 20287.0 20313.0 20310.0 20308.0 20303.0 20301.0 20293.0 20289.0 20283.0 20279.0 20296.0 20302.0
27790.0 27827.0 27850.0 27815.0 27800.0 27808.0 27821.0 27801.0 27799.0 27816.0 27824.0 27825.0 27793.0 27762.0 27795.0 27801.0 27774.0 27754.0 27766.0 27829.0 27848.0 27829.0 27842.0 27859.0 27834.0 27918.0 27852.0 27947.0 28053.0 27936.0 27858.0 27787.0 27787.0 27765.0 27690.0 27750.0 27838.0 27863.0 27864.0 27852.0 27846.0 27843.0 27823.0 27797.0 27813.0 27810.0 27762.0 27720.0 27719.0 27755.0 27758.0 27747.0 27733.0 27742.0
