0.04485091 -0.01869398 0.3606155 0.2498635 0.09156787 0.1289957 -0.32539 -0.3187458 -0.2944534 0.008793116 0.1077191 -0.19193 0.3149922 0.2959011 -0.2328775 -0.3337113 -0.4006656 -0.2439388 -0.1793594 0.03085636 0.4490293 0.4660446 0.3846307 -0.02326235 -0.1731371 -0.1425857 0.3149722 0.4777864 -0.09118851 -0.01933523 0.05478535 -0.03931881 -0.2320338 -0.1745414 -0.08717741 0.08367047 -0.1517243 -0.2828399 -0.5377326 -0.2211989 0.2033221 0.4882725 0.1444962 0.2407833 0.013246 -0.01874364 -0.009254535 -0.1208472 -0.1779365 -0.04204915 -0.4903685
-0.04204915 -0.4903685 -0.1500509 0.1026662 0.01820241 0.2147313 0.1855052 0.1824175 0.1547287 -0.1984655 -0.04120215 0.2998628 0.2252628 0.08482612 -0.01664739 0.009007456 -0.1808544 -0.04732318 -0.1168827 -0.1089443 -0.1089112 -0.04745352 -0.001498967 -0.09962076 -0.06352834 0.1929786 0.06514899 0.04037067 0.08572569 -0.1278528 0.05542339 0.1119851 0.1152041 -0.1848692 -0.1177332 -0.09978011 0.2301632 0.01382867 -0.05093377 0.0210668 0.07462197 0.02397516 -0.001148917 0.04518231 -0.02390533 0.08963809 -0.1426683 -0.1365776 0.03450476 0.1084797 0.1922174
-0.05349952 0.02481652 0.001444902 0.04227953 0.01326489 -0.02502132 0.09091896 0.01330395 -0.0384084 0.09254658 0.07841806 0.09314241 0.0967975 0.06700388 0.007519809 0.07912635 -0.03557829 0.006520194 0.02709187 0.02530081 0.003746396 -0.06211374 -0.06466017 0.02642042 0.02199451 0.05975036 0.03158251 -0.04655217 0.02110696 -0.03540682 0.07336184 0.03492668 -0.06701659 -0.04154339 0.001819452 0.148094 0.01360494 0.06273068 0.06323282 -0.1410512 -0.04508762 -0.0996004 -0.04818817 -0.06818882 0.1985843 0.1348597 0.05608938 0.02392648 0.06198039 -0.007061561 0.005535882
0.06198039 -0.007061561 0.005535882 -0.09496702 -0.0433117 0.09132585 0.02741764 0.02635279 -0.01117799 0.02511542 -0.04287061 -0.05333273 0.02834589 0.06979729 0.01406344 0.08462238 -0.003497589 0.007266663 0.1082678 0.01524019 -0.01864903 0.07960001 0.2135376 -0.02422755 -0.01060526 -0.1473346 -0.1265786 -0.0888487 0.05802067 0.1534491 0.05274701 0.2067161 -0.06747405 -0.07865162 -0.08635814 -0.05690687 0.05698452 -0.008676143 -0.2491294 -0.2221361 -0.1797051 0.07973918 0.3268548 0.1982124 0.1681186 -0.05206371 -0.007074839 0.008458485 0.1005979 0.0927518 0.006337999
0.1197127 0.01788897 -0.02132022 -0.08558439 -0.07058641 -0.002373845 0.1048405 -0.1455812 -0.0587686 0.03330723 0.04754942 0.01866785 0.09917673 0.1331426 0.06237741 -0.05232782 -0.04391994 -0.009091948 -0.04151947 -0.01015239 0.07108655 0.04969129 -0.1139382 0.0233585 0.003924454 0.07833739 0.02519531 0.005664857 -0.03959987 0.06523073 0.04831104 -0.1215465 0.007516958 -0.04331542 0.04283847 0.1194652 -0.009941835 -0.1266014 -0.09275991 -0.01306681 0.2884895 0.08242998 -0.1078712 -0.1410915 0.08028497 0.06436604 0.06537301 0.03387415 -0.1614648 -0.09551058 0.1107984
0.1643056 -0.01524771 0.7356596 -0.01196246 -0.6584767 0.2626464 -0.1624082 0.087553 0.09100913 0.09758079 0.3034206 -0.2349191 0.354526 0.1470831 -0.2144244 0.1813876 0.03323171 0.1973682 -0.5099757 -0.09858211 -0.2320831 -0.105646 0.08977267 0.4640909 0.2297527 -0.04547963 -0.05897934 -0.4369198 -0.2036339 0.1342204 0.2056587 -0.1347117 -0.2025042 -0.261569 -0.2346245 -0.1403158 -0.04836213 0.02401808 0.3291228 0.3543296 -0.09527279 -0.05953913 -0.341616 -0.1448678 0.0187705 0.09287012 -0.1011085 0.007522762 0.07513349 0.222395 0.3314337
-0.03888134 -0.0300478 0.0594746 0.06147438 0.2254795 -0.02573572 -0.1003076 -0.07760089 -0.02557769 -0.1338585 -0.09546122 -0.1026695 -0.02988137 0.07786458 0.0466446 0.1673245 -0.08901531 -0.09665 0.0945361 0.1348244 5.053944 -1.084778 -2.314501 -2.151963 -0.9888695 -0.08731085 0.2586464 0.6744763 0.1144491 -0.116887 -0.1638557 -0.118757 -0.1387125 0.02971138 0.06324865 -0.05396766 0.007694238 -0.02381569 0.05349436 0.1262707 -0.02113088 -0.01581724 0.02856709 0.05408826 -0.01207837 0.177388 -0.02016727 -0.03397739 -0.1204863 -0.1486837 0.07774632
-0.04252239 -0.07480618 -0.143244 -0.05174389 -0.06299479 0.08360972 0.1331763 0.06263572 -0.1685655 -0.02929261 0.03300454 -0.08347821 0.07801098 5.040745 -1.01018 -2.168856 -1.553711 -0.9425684 0.1614955 0.4771156 0.4639487 0.3132161 0.09389216 -0.04889278 -0.2324472 -0.1818819 0.02189336 -0.1233757 0.1582369 -0.07883175 -0.04038594 -0.02408509 0.07138098 0.1198334 -0.02187154 0.06684372 0.05773004 0.06525318 0.07875758 0.04168338 -0.02284812 0.1214944 0.07948399 -0.01899252 -0.1156535 -0.05431877 0.06898178 0.1755823 0.1264753 0.1279463 -0.02106342
-0.009360978 -0.03574093 -0.05748649 0.0598244 0.05342246 -0.05947034 -0.02530139 0.01427401 0.00694099 0.005912136 0.3198584 5.632721 -0.6094635 -2.099326 -1.474442 0.4746222 0.5465156 0.5223985 0.0981165 -0.07276145 -0.1034807 -0.029476 0.03716046 -0.02783599 -0.08518524 -0.0488687 -0.1255041 0.08600086 -0.004943859 0.03666209 -0.003671603 0.03167615 -0.06045201 0.007400944 0.08257326 -0.01879969 0.08952276 0.1002714 -0.04339528 0.1510376 -0.01093664 -0.05939882 -0.04910629 -0.04558947 -0.08290286 -0.02914072 0.009958842 -0.1296829 0.1001107 -0.08499609 0.04022139
0.05436812 -0.06766874 0.1948511 -0.05534547 -0.007728925 0.0399411 -0.08935004 -0.04207643 -0.127607 0.04370733 -0.0766056 0.1419996 0.09561347 -1.36928 -1.621347 -0.7939263 0.5324523 0.8601953 0.5949097 -0.01271771 -0.01383374 -0.1010393 -0.07114653 -0.09958996 0.123395 -0.03148298 0.02791345 -0.0071832 0.02606768 -0.1454705 0.06512207 -0.02514813 -0.01222204 0.05145549 0.03501906 0.0437695 -0.07841571 -0.03579784 -0.1497141 0.09717277 -0.01631669 -0.03797312 -0.01664872 0.006044102 -0.006403038 -0.06071715 0.04374079 0.1645769 0.09338303 0.06729796 -0.132537
0.04374079 0.1645769 0.09338303 0.06729796 -0.132537 0.04117436 0.02408649 -0.002248583 -0.03630476 0.07434521 0.1355075 -0.03760765 2.111691 2.292785 -1.704823 -2.747969 -1.493891 -0.790545 0.4009923 0.686165 0.8979463 0.6527351 0.3015275 0.1511457 -0.04528661 -0.2025127 -0.2874347 -0.1499895 -0.2019905 -0.08258784 -0.05989796 -0.02672956 -0.01189186 0.01999335 0.06556123 -0.05688671 -0.04564169 -0.08852891 0.04422867 -0.1255362 0.1030891 0.06537099 0.129904 0.07374819 -0.05745627 0.06763007 -0.04993092 0.06256875 -0.03320481 -0.07954524 -0.03422592
-0.2109392 -0.1508687 -0.04654125 -0.07286955 0.0291266 -0.04106136 -0.003429142 -0.02194983 0.1450571 0.01083478 0.08511632 6.401733 -2.109034 -1.975093 0.536676 1.027506 0.6009593 0.3285029 0.2230892 -0.02455026 -0.2591064 -0.3328066 -0.0481061 -0.250425 0.04175525 -0.1127438 0.05228243 0.09324106 0.006263934 0.1242272 -0.0967961 -0.08107596 0.02863262 -0.1260013 -0.05432035 -0.180114 0.08696166 0.1017848 -0.04892574 0.0652613 0.07661405 -0.09656203 0.09730712 0.2127766 0.1647563 -0.0386323 -0.06078713 -0.03488054 -0.01367762 -0.00828582 -0.04820071
-0.4702238 -0.3325782 0.4782523 0.06000844 0.09353169 -0.1971083 0.04838677 0.05830785 0.2039541 -0.04391127 0.1275527 0.07138784 -0.04943275 -0.2781076 0.09082948 0.2393916 -0.1534565 0.2103147 -0.06979103 0.01253848 1.722138 -1.550299 -1.770986 -0.3999604 0.3590499 0.1942795 0.4581652 0.3458641 0.1612468 0.3443439 -0.1954385 -0.3337984 -0.1162894 0.1391101 0.03239547 0.1033002 0.01251301 -0.1180284 0.09965608 -0.1285113 -0.2259622 -0.08453335 0.04283351 0.3511147 0.06780465 -0.2808959 -0.2010202 0.07010784 0.1314382 0.802568 0.356672
0.2439581 0.03775828 -0.02191957 -0.08579201 -0.1586373 -0.0009705024 -0.02327324 0.01781099 0.1235823 -0.1861982 -0.1702938 -0.1955354 2.740074 -0.7652637 -1.860572 -1.58626 -0.8576582 -0.1323902 0.07587663 0.3908476 0.5525882 0.7171628 0.695443 0.2616914 0.05451878 -0.1557303 -0.3630095 -0.3746788 -0.2312004 0.04104221 0.2759565 -0.01032913 -0.1636426 -0.1213406 0.03682802 0.280305 0.1112579 -0.1447963 0.07572592 0.03570233 0.1068387 -0.0143114 -0.1473423 -0.02496446 -0.02199861 -0.1407182 0.1339251 0.2059191 0.1960303 0.03541896 -0.08120712
0.02719633 0.1115761 0.2417707 0.330322 0.2314702 -0.09177201 0.1599741 0.02860189 -0.01889029 -0.1123313 -0.07856507 0.03134985 1.007968 0.7447355 -1.212205 -1.491535 -0.4786484 -0.152826 0.1523784 0.6890044 0.4206661 0.1355549 -0.3292021 -0.236371 -0.0481039 -0.1094307 0.05809544 0.1327463 0.2033731 0.3652284 0.05022128 -0.3467358 0.1361582 -0.1996379 0.1762644 0.208256 -0.1188705 0.01611154 -0.001047994 0.1032864 -0.0006133998 -0.1178948 -0.1267075 -0.2200603 0.1512021 -0.1565199 0.1789622 0.5580076 0.475133 -0.3911947 -0.04752692
-0.6081449 0.07231849 -0.1540868 0.1800106 0.7411429 0.07824937 -0.06477211 -0.2118315 -0.3644333 -0.5959585 0.409009 0.1418671 0.5327627 0.2485853 -0.2772232 0.2563262 -0.2349571 -1.062788 -0.9372773 -0.2028766 -0.07941346 0.5838494 0.4476452 0.1616467 0.2157211 0.1311319 0.1691989 -0.4607098 -0.08163423 0.08109514 0.2450903 0.05170748 0.05799788 0.2438093 0.4790121 -0.3366433 -0.4337755 -0.2642141 -0.2111536 0.2692874 0.2113422 0.2729497 0.4979395 0.1204359 -0.04419616 0.3129105 -0.3592617 0.3367917 0.2154642 -0.3326905 0.1709458
0.05250083 0.3020831 0.4241292 0.2155688 -0.1375553 -0.1613061 0.0997081 0.1119847 -0.09499379 0.08538749 0.1269142 4.512078 -1.387082 -2.570793 -1.241456 -0.2208437 0.6461331 0.4839538 0.2423949 0.3136207 -0.02108634 -0.002029182 0.2398273 -0.05296732 -0.09712168 -0.02690069 -0.05797416 0.04613958 0.05499595 0.0846018 -0.05139041 -0.08655069 0.5436144 -0.09004835 -0.1248124 -0.2132962 0.3726963 0.1574964 -0.0006742917 -0.04013623 0.006050267 -0.02136305 -0.08124442 -0.125464 2.770475e-05 0.02465002 0.03911952 0.05983198 0.1467787 0.01961568 0.04722394
2.770475e-05 0.02465002 0.03911952 0.05983198 0.1467787 0.01961568 0.04722394 0.04489098 -0.01480924 0.1901205 0.1421829 -0.009635485 -0.3172039 0.08774512 -0.2616657 -0.06231276 3.196998 -1.218581 -1.8103 -0.5048248 0.2423205 0.4242063 0.3045982 0.3698502 0.2997429 0.1174663 -0.2001232 -0.03678268 0.07027578 -0.09342676 -0.2233467 0.007709986 0.2290201 0.1575491 -0.06586719 0.005825278 0.2583054 0.09227355 -0.03837576 0.1904574 0.2448778 0.008389307 0.03463314 0.2363506 -0.005072628 -0.0262098 -0.2435989 -0.04309373 0.08194558 0.02183234 0.1440518
0.04241245 -0.07903496 0.03622232 0.02289915 0.08559717 -0.1137829 -0.02233279 -0.111101 0.104009 0.005286495 -0.02839912 2.117941 1.770738 -0.5071278 -0.4299445 -0.02923993 -0.0439043 0.2713832 0.05155477 0.008405087 0.02747673 0.05861535 -0.01034199 -0.1125306 0.06108893 0.02152536 -0.08680742 -0.07600082 0.01064125 0.1267887 0.05066504 -0.2566599 -0.1678934 0.0007188602 0.0008927635 0.02793488 -0.08634811 -0.1217096 -0.1139147 -0.07518201 0.03713505 0.1071474 0.1021582 -0.01928454 0.02498471 -0.01103645 -0.2376816 -0.1173716 -0.2383839 -0.008568511 -0.1685389
0.001990561 0.07532039 -0.02598913 0.163123 0.0144878 -0.05982278 0.08276549 -0.05306016 -0.06615916 0.08072267 -0.06620741 -0.08516765 0.0411421 -0.03877388 -5.16271 1.31754 2.564923 2.049289 0.8571171 -0.3333595 -0.5239503 -0.7718877 -0.5511127 -0.1727458 -0.1018452 -0.1513115 -0.1421538 0.117011 -0.04630085 -0.06558279 -0.1067921 0.1164425 0.1469676 0.04959658 -0.05690406 -0.1090774 -0.1986435 -0.06348514 0.20663 0.2018039 0.1939952 0.1617285 0.05805827 -0.03613486 -0.08536709 -0.03354943 -0.1178005 0.1022113 0.05182138 -0.1631908 -0.05277912
-0.04764061 -0.02946645 -0.05351431 0.1587419 0.06197291 0.01172695 -0.01058064 -0.1301043 -0.168097 -0.1017342 -0.05359437 -0.06992122 -0.08104894 -0.178731 -0.8087191 1.48963 0.9146051 0.05207682 -0.1148544 -0.07824817 0.1202945 0.2559006 -0.05475694 -0.05959899 -0.06174526 -0.2084367 0.08474159 0.08419646 0.03383194 -0.1553158 -0.01591199 -0.02548258 -0.0005654736 -0.157999 -0.08830349 0.007337378 0.06187113 0.03565876 0.05049848 0.02612579 -0.008891523 0.000633599 0.08458956 -0.08072168 -0.05956133 -0.1743018 -0.1024284 0.260828 0.2312025 0.07933174 -0.2119029
0.05358823 -0.0472059 0.05647093 0.07430834 -0.000799683 0.01103028 -0.001667402 -0.1380834 -0.150048 -0.06570849 -0.150005 -0.01624056 0.121156 0.1550013 0.05874846 -3.356555 1.018258 1.422127 0.9329411 -0.06450754 -0.2458064 -0.3765216 -0.3001089 -0.2311876 -0.09046629 0.004308385 0.01267853 0.1286761 0.1878278 0.03527338 -0.01982913 -0.06253743 -0.06043782 -0.02019961 0.09809503 -0.0740658 0.05528084 -0.2311077 0.006335642 -0.0567217 0.03638032 -0.1624984 -0.05857328 -0.03926011 -0.08280111 -0.06451066 0.04183415 -0.06476335 -0.08319339 -5.995961 0.9556333
0.06150356 0.02533936 0.08498593 0.04100515 0.09237428 -0.003386675 0.059632 0.01455393 -0.07324701 -0.05816984 -0.02353141 -0.03987294 0.01852707 -0.0566369 -2.170357 1.047276 0.912577 0.3076364 -0.1268318 -0.003173883 -0.1663227 -0.06659259 -0.2389632 -0.3017585 -0.1047019 -0.2024562 0.02796525 0.07018522 0.185479 0.2698414 0.1660113 0.1164959 0.0002767248 -0.05560689 -0.05904758 -0.04732919 0.0556496 0.009064585 -0.08794852 0.004928667 0.1432964 -0.1485765 -0.003103722 -0.002200608 0.09583773 -0.05780181 -0.132131 -0.06225623 0.08988886 -0.1391943 -0.1167919
-0.1475395 0.09151213 -0.4388984 0.2248966 0.05078782 -0.2670952 0.1141719 0.04504838 0.1242185 -0.06572321 0.03403471 -0.09923644 -0.01751532 -0.6783357 -2.920739 3.090005 1.84785 0.01831525 -0.05182503 -0.3827606 -0.3626138 -0.3115508 -0.495142 -0.09127343 0.07807326 0.2948482 0.1579991 -0.2679312 -0.4493429 0.05758828 0.2257385 0.1612755 -0.01092797 -0.09586639 -0.2649041 0.3113263 0.1602632 0.07205998 0.02866854 -0.05598078 -0.03537482 -0.2952372 0.08079556 0.05002028 0.08840688 -0.002271682 -0.04103718 -0.02587239 0.1558029 0.05440642 0.05870053
0.04572021 -0.05921474 -0.02317982 0.01442433 -0.05123447 0.07025909 -0.0841462 0.08095032 0.02850545 -0.08027135 0.0179125 0.02028304 -0.04391545 -0.1322696 0.001059774 -3.191451 0.2676598 2.311046 1.587417 0.5507756 -0.1739013 -0.2795775 -0.4828779 -0.6690047 -0.4389731 -0.2353561 0.177472 -0.06075802 0.1181511 0.01195685 -0.06423457 0.09864125 -0.02768825 -0.03789376 0.0116159 0.001765911 0.06357092 0.01650656 0.0903415 -0.02711227 -0.09599705 -0.1188865 -0.0303494 -0.1085329 -0.001416231 -0.09375554 -0.07245713 -0.1439795 -0.07427302 -0.05688497 0.02276088
0.0325231 0.1217418 -0.007660661 0.08663996 0.0202006 -0.05319121 -0.01999385 0.1004531 0.03963077 -0.01557971 -0.1533564 -0.006422513 0.06201337 -0.0003618337 0.03787828 0.09909695 -0.05852855 -6.078316 -0.4000283 3.28723 2.541135 1.046353 0.08572595 -0.1797748 -0.6461023 -0.8211985 -0.6360279 -0.3256059 -0.08748934 -0.006939634 0.144062 0.1914445 0.1417515 0.04799592 -0.03211078 -0.006871212 0.009946812 -0.07566749 0.07079181 0.1009887 0.04738944 -0.07213902 -0.02339143 -0.01137708 -0.1040203 -0.06648669 -0.1335986 0.01052461 -0.02540158 0.0665983 0.07905113
-0.08955929 -0.1801542 -0.01361165 -0.005671864 0.1112672 -0.08576754 0.02304502 -0.05750541 0.06372881 0.02458438 0.008898382 -0.04595222 -0.04292904 -0.0937978 0.1100847 -0.08520433 -6.496758 -2.027987 2.287071 3.519498 1.80843 0.5230404 -0.2675597 -0.8227652 -0.8891089 -0.6419025 -0.5227872 -0.2933848 0.005727392 0.02322834 0.1219753 -0.004181517 -0.01861086 0.1751714 -0.05189659 0.1357337 0.1003185 0.009749316 0.05449495 -0.1490848 -0.06449098 -0.03342135 -0.01423512 -0.02289562 0.09058961 0.06670292 -0.01980679 0.05130851 0.03723473 -0.0785943 0.02541596
0.06132289 -0.06079708 0.01595321 -0.04025052 -0.07079571 0.01537636 0.02595852 -0.008964242 -0.1035322 -3.915628 -2.817979 2.866536 0.3117256 -0.5012228 -0.5141483 -0.3813225 0.04437257 0.05801262 0.03170414 -0.03205135 -0.05926071 0.009878572 -0.01043871 0.02404675 -0.02494359 -0.1862249 0.04678547 0.05302406 0.05332769 0.09269971 -0.06608776 -0.1475004 -0.007810808 0.01769584 0.05038394 -0.03019072 -0.05056925 0.03902309 -0.03978498 -0.07647443 -0.06771887 -0.005263225 -0.08339868 -0.05791767 -0.03443259 0.02053121 0.06991113 0.01534694 -0.114126 0.005077144 -0.05930413
-0.1175698 0.1007487 0.1636183 0.02602244 -0.02162965 -0.09540001 -0.1499372 -0.08449158 -0.02156916 0.1134413 0.1839758 0.05188615 0.1322402 0.1028107 -0.09712558 -2.977475 1.254847 1.574836 1.061543 0.4035735 -0.2500637 -0.2434642 -0.3399288 -0.5345185 -0.278297 -0.1760623 0.05315622 0.1325585 0.09411786 0.09219531 0.07799585 -0.03207816 0.1200283 0.006523325 -0.06082434 -0.04595201 -0.09608375 -0.1774886 -0.07256587 0.04019181 -0.1080286 -0.06285779 0.06877823 0.04520747 0.1975596 -0.06941245 0.09366789 -0.07647055 -0.01617038 -0.04848487 -0.0326681
-0.04935041 0.189511 0.04439742 0.06685093 0.05316265 -0.07275195 -0.08351582 -0.05168232 -0.1025414 -0.0423306 -0.0006321091 -0.004619184 0.02303021 0.09947741 -0.1401434 0.04313216 0.1814572 0.1191387 -4.646223 3.241599 3.198297 1.245218 0.02653493 -1.222929 -1.186788 -0.5454387 0.08433262 0.08802174 0.1062052 0.1657953 -0.02600134 0.08569966 -0.01973716 -0.2002592 0.08582284 0.04759635 -0.02043557 0.02918733 0.07157174 -0.1370323 0.004997353 0.02903938 -0.04305673 -0.0788141 -0.08891637 -0.1111563 -0.04626343 -0.08107318 -0.1022131 0.05117957 0.005305222
0.04752967 -0.03808889 -0.01377146 -0.2124558 -0.1185659 0.136683 0.0567386 0.009828334 -0.01707965 -0.1571581 -0.000947788 -0.02532864 0.1281672 0.01990143 0.08362718 -0.04867579 -0.1665953 0.1899446 0.1642552 0.04921935 -0.1320444 -0.125352 -0.06623603 0.06934822 0.1139862 -0.007249735 0.5846426 -0.5822794 -0.196573 -0.3841344 0.8666838 -0.3240706 -0.1990724 0.02747201 -0.3834055 -0.241722 0.246373 0.1741148 0.138287 0.1924347 -0.0004478701 0.08799773 -0.1711392 -0.1571953 -0.1192193 0.129468 0.2528385 0.04483881 0.03115109 -0.02568335 -0.02652051
-6.823616e-05 0.1140798 -0.01318745 0.1123746 -0.04209131 -0.1820452 -0.08337534 -0.04292434 -0.0004602874 -0.08462502 0.08601757 0.1031358 0.1058181 0.02003293 0.1303772 0.04095951 0.07720973 -0.1615469 -0.06298965 -0.09445763 -0.08884407 -0.3105513 0.2281641 -0.9048404 0.07473306 0.4935766 0.1655597 -0.01583867 0.1259026 -0.05807178 -0.05624634 -0.2130217 -0.04510448 -0.5022284 0.06316766 0.1169492 0.1780355 0.05225474 0.1003341 -0.03891715 0.02561885 -0.1172179 -0.1694586 0.1181366 0.03479481 0.1656865 -0.3401945 -0.03459847 0.2759158 0.1977619 -0.04401523
0.0401631 0.08618863 0.1362068 0.1177566 0.03056696 -0.09457287 -0.06960442 -0.0172416 -0.05094817 -0.02937745 0.03897368 0.08386289 0.06480981 0.009822829 0.04195556 0.04636166 -0.03975759 0.01704011 1.625603 -0.1959685 -0.1431977 -0.200783 -0.849851 0.4051547 -0.2296919 0.3201064 -0.3532145 0.4408722 0.5657094 0.119641 -0.0981506 -0.1010362 -0.1002311 -0.05593765 -0.3784859 0.1279203 0.2030389 0.0453241 -0.01723209 0.007420903 -0.07628848 -0.009039422 -0.07936219 -0.04891781 -0.05489788 0.2468658 0.2208788 0.0306581 -0.05425879 -0.05334569 -0.08961557
-0.07027425 0.02759548 -0.06768276 -0.04140343 0.02172139 0.0369699 0.06466316 0.1259147 -0.0247458 0.1087403 0.03015558 -0.01083165 -0.05457362 -0.03461579 0.06230069 0.002419997 0.02120669 0.01941221 0.01752596 -0.06528761 -0.02168564 -0.01320309 -0.03268849 0.0008973199 0.07194375 -0.04458481 -0.1009293 0.01918258 0.04394446 -0.3049766 0.921015 -1.314691 0.5607585 0.2548445 -0.05716036 -0.0253654 -0.4943603 -0.282243 0.01852494 0.9534495 0.1193844 -0.2575855 -0.3106259 -0.2643252 -0.1308752 -0.03046656 0.1734363 0.1543208 -0.1743083 0.3732169 -0.05145692
-0.0649178 0.1906094 0.1426937 0.2144556 -0.02540657 -0.1180601 -0.1632085 -0.08448189 0.02199562 0.03958847 -0.06481886 0.07625946 0.1255021 0.005616795 0.1143528 0.04658649 -0.01546218 -0.06382719 -0.07300072 0.6367576 -0.5524417 0.09883761 -0.7589548 -0.2650977 -0.06510908 0.4121415 0.08434726 -0.1948332 0.1857465 0.1139536 -0.07740822 -0.2046283 -0.4410173 -0.06807853 -0.001526854 0.1840368 -0.08739247 0.3560972 0.2399672 0.03040549 -0.2415633 0.1388933 0.1025842 0.1178547 -0.02102511 -0.0659004 -0.07284264 -0.04461306 -0.02162273 0.01780032 0.143045
-0.04398331 0.02505026 -0.2009068 -0.05576293 -0.04318823 0.1836216 0.08671194 -0.09191108 0.008360014 -0.05944268 0.09444705 0.03399794 -0.03233995 -0.06477801 -0.07235119 0.03012778 -0.01963613 -0.1106238 -0.002154345 -0.057443 0.01590865 0.05912761 0.105896 -0.09022363 0.972905 0.1187269 -0.4970079 -0.81639 0.3382785 0.07801595 -0.00202718 0.04173425 0.2960346 0.1056511 -0.2322614 -0.1209583 -0.13755 -0.1411609 0.071424 0.1678569 0.01003918 -0.04376885 -0.1721064 0.05612705 -0.1275527 0.07042208 0.2051041 0.2227508 0.1365709 -0.1002899 -0.008767667
-0.008338989 0.05303688 0.00791923 0.02090244 0.04704572 -0.0003317638 0.03308965 -0.03559403 -0.03879657 -0.003395183 0.02057968 0.01889737 0.01565373 -0.01623983 -1.208032 0.1169485 0.5617737 0.7910216 0.3466422 0.4836306 -0.06278248 -0.5165204 -0.07803527 -0.1545918 -0.3742114 -0.3099066 -0.1575046 0.2268155 0.2653288 0.5067952 0.3016465 0.0007722932 -0.0005037709 -0.04024363 -0.05373416 -0.182667 -0.1037217 -0.04273137 -0.05236278 -0.03985367 0.01171692 0.2122694 0.005717688 -0.004979079 0.121031 -0.2131022 -0.1157261 0.05631065 0.1243472 -0.0327519 -0.1320644
-0.01192067 -0.09739571 0.03754572 0.0686922 0.1186119 0.08162254 -0.04183259 -0.01008794 -0.05268336 -0.09396296 0.05602133 0.05698749 0.06217321 0.03048013 -0.01609071 -0.0006315207 0.1735521 -0.4281854 0.1445432 0.121484 0.2529467 -0.1144917 -0.5658186 0.06327651 0.8231805 0.1950437 0.03943229 -0.06874251 0.01660798 -0.2215625 -0.03466176 -0.1166201 -0.1469571 0.08211351 -0.03089535 -0.05415326 -0.06588134 0.0174167 0.02892825 0.01991556 -0.05523365 0.04868124 0.08338716 -0.02693547 -0.1595785 -0.1431078 -6.490923e-05 -0.06625967 0.3373143 -0.2557264 0.02792961
-0.03143807 -0.08720992 -0.08162534 0.01202658 0.05235924 -0.001955425 0.1014271 -0.08675508 -0.005005995 0.005564565 0.006656458 0.1313865 0.05353545 -0.005695106 0.0396724 0.106238 0.05438222 -0.01721463 -0.2368765 0.03417011 0.3295288 0.1148512 -0.3381841 -0.2010927 0.07154725 0.1720947 0.09991134 0.1244129 0.04041653 -0.02354778 0.05818829 -0.09330869 0.05380772 -0.03058695 -0.03906394 -0.03802086 0.02948264 -0.1240214 -0.1005142 -0.03579843 0.11954 0.02707947 -0.1124161 -0.005001018 0.3389064 0.07354326 -0.1408676 0.01263907 -0.06605283 -0.09227703 -0.09685753
0.002891334 -0.01810008 0.08293139 0.02505214 0.02862631 -0.02839888 0.006698387 -0.02430084 -0.1025509 -0.0343236 0.1170888 -0.08125735 -0.05450799 -0.2756347 0.008084252 0.1025805 0.1755332 0.02599755 0.07338331 -0.1274451 -0.2435831 -0.1551796 -0.1700351 0.07213638 0.1340788 0.1172064 0.03232901 -0.1045301 -0.05246804 0.09025155 -0.03317365 0.02341674 0.1457924 -0.07649587 0.0248085 0.09700886 0.02491364 -0.08023892 -0.001276936 0.1948989 0.1444595 -0.1138558 0.1491415 -0.09564485 -0.06041019 -0.08523716 0.1085835 0.09002108 0.07736879 -0.02391709 -0.01294107
0.01881753 -0.01669674 -0.07798237 0.03105469 0.03033912 0.09539761 0.07612669 0.04893001 0.08536156 -0.02215132 -0.03483832 0.04418017 -0.02727717 -0.06564819 0.353258 0.144459 -0.6626244 -0.1432424 1.543933 -0.2256036 -0.6578657 -0.1995103 -0.2021759 -0.3081827 0.007948885 0.2411568 0.3621519 0.05786043 0.1304708 0.1857204 0.0001986928 0.03446717 0.01378597 -0.03555145 0.002182366 0.03240431 -0.1096123 -0.005468694 0.05871176 0.006059375 0.02739283 0.01956543 -0.08123627 -0.008387735 0.0216985 0.05763545 0.05158557 0.04807838 -0.002077467 0.07588862 0.01982054
0.04682883 0.0756209 -0.06257103 -0.1891877 -0.1546431 -0.007192519 0.05155967 0.1704394 0.154224 -0.01985048 -0.04275257 -0.329442 -0.1215961 0.03521948 0.03616469 0.2529676 2.539794 -0.8167218 -1.685975 -0.6370277 -0.3716086 0.3188208 0.4279866 0.3676857 0.2253529 0.08316722 -0.102005 -0.04137298 0.2168808 -0.001821473 -0.1242019 -0.09028534 0.08311047 0.05722655 -0.02483197 -0.1998674 0.06569314 -0.04656576 -0.05885089 0.03344085 -0.05137697 -0.06824047 0.1441822 0.08459306 -0.05107025 0.2026817 0.04012354 -0.1215817 -0.1046919 0.06362623 0.09073125
-0.002203379 0.01415514 -0.02370791 -0.01359395 0.02783482 0.05442222 0.07790062 -0.09706092 -0.1047959 -0.1543607 0.06543654 -0.02548176 -0.1297207 0.03765202 -0.01492528 -0.06257343 0.04154395 -0.05990873 0.1383043 1.653819 -0.05633721 -1.356324 -1.03354 -0.1045988 0.3724501 0.3350846 0.002583705 -0.01916684 0.3944129 -0.1073275 -0.04307396 -0.1996563 -0.2856066 -0.1762491 0.04159848 0.2191916 -0.0235293 0.03809731 0.1786959 0.1194348 0.1277432 0.1933467 0.04799061 -0.1302956 -0.07952491 -0.1058379 -0.2237646 0.02556548 -0.06576739 0.1719712 -0.01760074
0.167046 0.09914987 0.01745656 -0.003184103 0.0316366 -0.1814922 0.02492278 -0.01197507 -0.1162896 -0.06758931 0.1160044 0.03389747 -0.04711762 0.06096755 0.1050331 -0.02562305 0.02169741 -0.06284866 -0.03916319 -0.00327089 0.2043379 1.082417 -0.1113449 -0.8694567 -0.5119444 -0.6996241 -0.08964258 0.5747997 0.6911044 0.6345515 0.1839061 0.1738 -0.1728365 -0.08245552 -0.09951758 -0.01086846 0.04130059 0.1071419 0.01137013 -0.146698 0.02439402 0.0552396 -0.03234421 -0.04236027 0.0603907 0.1494594 0.05723529 -0.1145382 -0.04592419 -0.1156107 -0.04551449
-0.0404106 0.0640913 0.02175073 -0.03054925 -0.07492264 -0.006672077 0.006173734 -0.05479967 -0.06734207 -0.02486072 -0.03117263 0.07971181 0.02422354 0.05187918 0.0813313 0.02101651 0.003416004 -0.02016114 -0.01841133 -0.06402875 -0.08062839 0.03311679 0.02479688 -0.05202381 0.09165794 0.05775944 0.09605774 0.2942531 0.02598428 -0.2089996 -2.223022 -0.8381323 -0.1195243 -0.05741898 -0.5160234 0.5801145 0.268356 0.559182 0.1151856 0.190852 0.4493543 0.02926777 -0.1130548 -0.2264512 0.03569683 -0.1858264 -0.07693098 0.09359692 -0.005953619 0.268392 0.1888654
-0.006065474 -0.04777238 0.02178563 0.02622534 -0.006690596 0.02822542 0.02231484 0.02294453 0.004034236 -0.002403686 0.01379252 0.06818486 0.02581162 -0.02715197 0.01413906 0.2194294 0.8967275 0.5012524 0.2741863 -2.165222 -1.654183 -0.2432299 0.4515066 0.6039101 0.573359 0.2962592 0.3029474 0.06760869 -0.2181308 -0.206356 0.16793 0.1449332 -0.1159723 0.04536206 0.07769699 -0.01057552 -0.05145295 -0.05386615 -0.03534568 0.07267235 -0.01315819 -0.011994 0.003523987 -0.01172677 0.05824336 -0.005955487 -0.05067633 0.04534636 0.01715644 -0.006406603 0.002197367
0.1489628 -0.09490233 0.0674923 -0.1593882 -0.0602443 0.1037688 0.05902978 -0.1957214 0.05575222 -0.07934379 0.02050076 -0.04526053 -0.06442592 -0.1085804 0.004618599 0.001723822 0.02257207 -0.02515729 0.01259277 0.04981554 0.08600067 -0.00309676 -0.1652506 -0.0181149 0.3307334 0.2082878 0.5412489 -1.211941 -1.622314 -0.007760509 0.3981925 0.2801911 0.222667 0.2247226 0.2790405 -0.2421808 0.2697734 0.3675475 -0.1327225 0.2071576 -0.4772354 0.01666711 0.09136267 0.1161637 0.1228106 0.1113899 0.01670159 -0.02850051 -0.07728236 0.01407263 -0.05073916
0.03612397 0.2238003 0.02185727 0.03176947 -0.1039945 -0.1395606 -0.1282983 -0.0001045908 0.1109707 0.1309413 0.007058124 -0.05912624 -0.04718181 -0.1044375 -0.0706315 0.1735826 0.133653 -0.111315 0.02264463 -0.1291098 0.1086759 -0.0295777 0.01820524 0.02245367 1.314274 -0.8346416 0.4247103 -0.566584 -0.15363 -0.3077291 -0.3184934 0.1161288 -0.07740253 0.09054442 0.01451703 0.2515303 0.1693071 0.1699857 0.03635596 -0.05984866 -0.1136227 -0.03912195 -0.09317224 -0.1138264 -0.02341975 0.1091132 0.06570663 0.02187457 0.1417406 -0.0326701 0.14588
