3.96214 3.75185 3.481859 3.28028 3.071788 2.785637 2.391458 2.049299 1.741966 1.46151 1.183301 0.8973712 0.7857043 0.7529374 0.9234012 1.178896 1.426868 1.54362 1.532577 1.416003 1.214401 1.085304 1.128582 1.385087 1.959884 2.248828 2.573256 2.87558 3.084339 3.188955 3.258466 3.252727 3.172525 2.946788 2.513743 2.00324 1.270576 0.3970122 -0.1033052 -0.3191898 -0.3415914 -0.2270653 -0.08931164 0.1361394 0.3582661 0.5314462 0.6400381 0.7520804 0.8994021 1.111283 1.276895 1.37122 1.471983 1.463135 1.351135 1.139378 0.8652303 0.557429 0.3702317 0.1523054
0.557429 0.3702317 0.1523054 -0.03920218 -0.1142202 0.01788028 0.3796793 0.860862 1.151506 1.297654 1.243592 1.041412 0.8121652 0.6491749 0.6403262 0.6235182 0.4733629 0.1632176 -0.2719011 -0.715301 -1.235314 -1.640593 -2.037858 -2.422616 -2.739898 -3.068362 -3.175223 -3.231804 -3.274151 -3.326826 -3.355753 -3.349374 -3.327436 -3.295889 -3.272782 -3.249703 -3.239257 -3.235179 -3.245441 -3.355051 -3.501449 -3.74682 -3.890864 -4.114684 -4.250736 -4.502501 -4.709065 -4.758166 -4.760367 -4.595387 -4.441722 -4.285233 -4.137005 -4.037657 -4.045402 -4.094671 -4.112876 -4.126896 -4.108987 -4.082254
2.017142 1.839787 1.696263 1.512854 1.429721 1.341314 1.308791 1.30286 1.308817 1.33086 1.366024 1.409122 1.491716 1.594714 1.708912 1.837579 1.944636 1.975535 1.953009 1.863631 1.73957 1.663005 1.605588 1.599391 1.620909 1.657947 1.690869 1.708742 1.734716 1.781869 1.795772 1.747156 1.646318 1.534222 1.395761 1.31646 1.264976 1.263502 1.24716 1.187786 1.046823 0.8412092 0.6758887 0.5538962 0.6001431 0.7259402 0.7987288 0.8759949 0.9738519 1.049996 1.199789 1.322098 1.439416 1.547811 1.539046 1.435963 1.140301 0.845449 0.4749203 0.1595329
0.4749203 0.1595329 -0.1546609 -0.3448545 -0.6085366 -0.7911071 -0.899397 -0.9415551 -0.9527436 -0.9432719 -0.8987611 -0.7848531 -0.7462377 -0.738633 -0.7961308 -0.8420583 -0.9230297 -1.020496 -1.074588 -1.085752 -1.034829 -0.9449651 -0.7850148 -0.6334096 -0.4727198 -0.3272525 -0.1919539 -0.06329701 0.06179634 0.1508114 0.2373591 0.3279269 0.393633 0.4402124 0.580039 0.7771627 0.9878282 1.287317 1.525324 1.789742 2.026323 2.283448 2.434861 2.593355 2.652174 2.58375 2.462744 2.151666 1.395042 1.088265 0.7993557 0.6687219 0.5317611 0.4121714 0.355667 0.2879156 0.2670116 0.2545187 0.245705 0.2184504
3.438168 3.408802 3.277807 3.040092 2.791179 2.414124 2.118852 1.926548 1.784631 1.772973 1.773267 1.950361 1.986918 2.199246 2.269781 2.412883 2.440951 2.502896 2.488609 2.515702 2.452262 2.44821 2.330892 2.249401 2.081769 1.957438 1.800589 1.812814 1.812969 1.886702 1.886936 1.845027 1.729167 1.663581 1.579069 1.599984 1.607624 1.683847 1.791029 1.909754 1.980497 2.073897 2.143641 2.259317 2.369652 2.546548 2.777413 3.05983 3.249331 3.304793 3.308308 3.246428 3.216185 3.086307 2.999485 2.806979 2.650832 2.424083 2.330431 2.319375
5.336317 5.355362 5.327393 5.2541 5.15566 4.901095 4.646452 4.319066 4.21078 4.127487 4.130184 4.154613 4.122694 3.929651 3.720937 3.195404 2.774565 2.021648 1.64297 1.310166 1.062614 0.8842294 0.7848139 0.6946642 0.6597549 0.65244 0.697226 0.6856513 0.6641369 0.8270655 1.039651 1.293723 1.546785 1.801582 2.06044 2.17703 2.257634 2.338639 2.398605 2.482214 2.541842 2.529411 2.475546 2.46511 2.53938 2.530607 2.456398 2.266408 2.043276 1.693143 1.440676 1.258994 1.093421 1.154791 1.360594 1.561509 1.750131 1.955788 2.115477 2.271785
0.5700034 0.5954577 0.6600065 0.7293115 0.7933478 0.8220469 0.8348143 0.8555955 0.9822404 1.041019 1.055166 1.052484 1.055124 0.9865301 0.9151644 0.8924701 0.8823929 0.9140842 0.929133 0.9308723 0.8874999 0.8225354 0.7579601 0.7097924 0.6719178 0.3362184 -0.4881364 -2.093382 -3.354909 -4.124786 -4.253165 -3.75512 -1.725439 -0.1891736 0.1576228 0.4952836 0.7552369 0.7942753 0.7785803 0.5967957 0.5011752 0.3530132 0.166782 -0.06066073 -0.1994803 -0.3809383 -0.2608557 -0.1964298 -0.1229032 -0.07056487 -0.03223873 -0.006767697 0.007953748 0.04145637 0.0708473 0.08375721 0.09411833 0.1698041 0.3342808 0.4587436
1.394575 1.296649 1.131929 0.9867271 0.8047947 0.5769424 0.515054 0.5234286 0.5756214 0.5177446 0.4762929 0.4533281 0.5002405 0.6700573 0.595299 -1.118211 -4.103051 -4.752098 -3.971117 -2.053839 -1.189661 -0.09994419 0.2209974 0.5244748 0.6832474 0.8202457 0.8966754 1.038994 1.084713 1.06204 0.9250056 0.885487 0.8323637 0.8386073 0.7627246 0.660346 0.5314658 0.4409612 0.3433446 0.2462845 0.3218382 0.4232076 0.626981 0.7660788 0.8597338 0.9269483 0.9715612 1.057064 1.087804 1.159013 1.199581 1.25295 1.291205 1.307191 1.268806 1.201378 1.15094 1.147767 1.136724 1.123363
1.590525 1.632078 1.63178 1.624024 1.598952 1.587716 1.537981 1.501658 1.46116 1.437433 1.469077 1.497437 1.589546 1.678898 1.766515 0.6853939 -2.479622 -3.408144 -2.8703 -0.3048512 0.8084664 1.917387 2.284374 2.624296 2.64899 2.509821 2.38115 1.753947 1.310596 0.8538933 0.4554694 0.1647816 0.02257195 -0.01845401 0.02286893 0.08184636 0.1903383 0.2402981 0.3521285 0.4086248 0.5057632 0.584592 0.5992886 0.6376484 0.6068619 0.6587991 0.6547486 0.7271372 0.7603294 0.895638 1.010162 1.114699 1.130708 1.181512 1.144231 1.118487 1.054899 1.104831 1.144346 1.243891
-0.4946566 -0.462279 -0.3555307 -0.3254982 -0.3259407 -0.3208558 -0.2538613 -0.2600743 -0.3186331 -0.35234 -0.3586119 -0.3374069 -0.3172928 -0.2165484 -0.9965044 -4.649812 -4.680496 -3.236995 -2.20273 -0.3318963 0.02587527 0.3663025 0.4158588 0.3658583 0.2413909 0.1581911 0.1406369 0.3277442 0.3793395 0.5284061 0.6179487 0.6807748 0.75072 0.7754037 0.7316836 0.6265137 0.5445953 0.3636073 0.2096706 0.1929121 0.1831397 0.2983971 0.3563919 0.4568073 0.6206273 0.7769318 0.7764052 0.6497797 0.6191611 0.6768767 0.9025744 0.9874265 0.8967305 0.8969543 0.8949501 0.8807235 1.012965 1.11027 1.321991 1.442268
0.9874265 0.8967305 0.8969543 0.8949501 0.8807235 1.012965 1.11027 1.321991 1.442268 1.561501 1.68634 1.701722 1.769178 1.751029 1.502408 0.4620691 -1.189586 -2.261576 -2.49355 -2.074334 -1.090546 0.1993156 1.230318 1.904147 2.417505 2.60529 2.645437 2.493128 2.314683 2.14734 1.994775 1.851748 1.738717 1.649052 1.534271 1.455954 1.313794 1.231115 1.147708 1.098558 1.056408 1.023568 1.021163 0.9932806 0.9495149 0.8315967 0.6973148 0.6465887 0.6107463 0.614573 0.5827124 0.5597665 0.5248529 0.475936 0.5115807 0.5360374 0.5576038 0.524761 0.4501134 0.3335551
-0.8008699 -0.8863976 -0.9616796 -0.9974387 -0.9510534 -0.7933178 -0.7393748 -0.6468171 -0.5433899 -0.2758065 0.111054 0.155116 0.04535319 -0.08986977 -2.113442 -4.080635 -6.657097 -5.478359 -2.271719 -0.1606346 0.2406526 0.3807662 0.3854969 0.3222984 0.2623219 0.1924486 0.1540686 0.1329906 0.1318529 0.1203142 0.1053874 0.04760335 -0.0215301 -0.1456185 -0.2801732 -0.4494868 -0.6094349 -0.6926466 -0.7974073 -0.8339031 -0.870086 -0.8130584 -0.744783 -0.6276904 -0.5954034 -0.5693262 -0.6282391 -0.6369256 -0.6813998 -0.63517 -0.6070294 -0.5712546 -0.4897888 -0.3720477 -0.1337465 -0.03415446 0.131292 0.3066401 0.4252839 0.4391018
3.876086 3.880176 3.814734 3.834867 3.796449 3.791693 3.677794 3.513163 3.357189 3.217747 3.152674 3.047167 2.892 2.715515 2.779721 2.992862 3.229753 3.261302 3.251449 3.045466 2.836688 2.563348 2.401925 2.455379 2.889474 4.206665 6.464913 8.461979 9.519878 9.2752 8.553744 7.30636 5.931803 5.298281 4.686961 4.36517 4.113224 4.131526 4.287782 4.424657 4.615832 4.704833 4.801119 4.874974 4.923108 5.040134 5.239064 5.539675 5.88697 6.123823 6.179637 6.238585 6.271445 6.259908 6.356679 6.343835 6.386715 6.220571 6.076125 5.845793
3.549212 3.813848 4.118065 4.483665 4.801659 5.05555 5.17521 5.266365 5.151452 4.793837 4.387122 3.985742 3.732006 3.66899 3.931984 4.265189 5.518107 7.366354 8.951606 9.631821 9.999412 9.695874 8.708347 7.801708 6.785329 5.983141 5.209304 4.841509 4.458484 4.23948 4.153769 4.24184 4.344676 4.562529 4.850086 5.476799 5.732221 5.711727 5.382489 4.480931 3.432769 1.728178 1.427491 1.143154 1.148798 1.476604 2.086019 2.520605 3.012053 3.307726 3.53317 3.716913 3.888517 4.006885 4.046903 3.981959 3.940754 3.897208 3.856991 3.737785
3.620051 3.788438 3.965104 4.209314 4.373532 4.566764 4.544182 4.342395 4.169102 3.994654 3.945723 4.015839 4.295373 4.744239 5.160145 5.874554 6.827659 7.861628 8.781725 9.428239 9.325094 8.440498 7.139806 5.817484 4.095881 3.178256 2.67856 2.513178 2.595199 2.889604 3.131541 3.452513 3.859147 4.139577 4.416481 4.532777 4.282145 4.012052 3.80885 3.800435 3.926425 4.153769 4.280596 4.437533 4.545098 4.657003 4.774151 4.899891 5.093256 5.188118 5.327175 5.391303 5.495026 5.500454 5.473042 5.404473 5.270465 5.190482 5.080926 5.024109
5.071528 5.217585 5.385373 5.519711 5.77322 5.937015 6.111998 6.252926 6.281313 6.28643 6.234609 6.097219 5.900083 5.625461 5.428938 5.399253 5.371079 5.427831 5.412765 5.516642 5.768179 6.126963 7.205206 8.580223 9.555182 10.11447 10.29473 9.701383 8.876602 8.034197 6.640442 5.747227 4.671525 4.212586 3.951953 4.010056 4.224668 4.564885 4.981111 5.406254 5.716442 5.931668 5.932901 5.903035 5.589317 5.295624 5.256998 5.291426 5.471406 5.580443 5.630758 5.565494 5.426371 5.193372 4.841256 4.480167 3.887832 3.462121 3.056712 2.861377
4.625063 4.668695 4.839451 5.023281 5.178473 5.260427 5.171916 5.050807 4.979675 4.9297 4.617848 4.228864 3.923062 3.512469 3.36803 3.596621 4.729674 7.499562 8.209481 8.258883 7.708015 6.876659 5.9686 5.218306 4.470471 3.805089 3.351716 3.249764 3.23155 3.224838 3.115476 3.054013 2.874784 2.71805 2.552602 2.337762 2.090317 1.751494 1.386308 1.180095 1.161365 1.424775 1.888452 2.125687 2.141646 2.118527 2.027468 2.012141 1.973783 1.931001 1.904415 1.822689 1.861687 1.814293 1.855772 1.860973 1.967577 2.106317 2.304119 2.466721
1.814293 1.855772 1.860973 1.967577 2.106317 2.304119 2.466721 2.638254 2.816227 2.926297 3.052546 3.199606 3.354956 3.410781 3.550326 3.621763 3.747735 3.872754 4.128245 4.298213 4.913105 7.682346 9.577862 12.35557 13.7466 14.87552 14.24483 13.38239 11.55995 10.35236 9.580381 8.667947 8.253087 8.019565 8.033964 8.128097 8.331096 8.47801 8.562292 8.625621 8.542472 8.481142 8.366021 8.370091 8.346721 8.333363 8.303456 8.320848 8.31037 8.367569 8.340961 8.262761 8.070587 7.884424 7.682854 7.430525 7.051028 6.691504 6.441361 6.120046
-1.305171 -1.230851 -1.106494 -1.079362 -1.036892 -1.027321 -1.084571 -1.155705 -1.228964 -1.202424 -1.120065 -0.825523 -0.6937017 -0.5824968 -1.525479 -2.588639 -5.690597 -6.94808 -7.677362 -7.854187 -7.430116 -6.267152 -5.134245 -4.818388 -4.472332 -3.961016 -3.758665 -3.725912 -3.622446 -3.581956 -3.374088 -3.144259 -2.710621 -2.369492 -1.995344 -1.549685 -1.129378 -0.80747 -0.5597176 -0.2994202 -0.1799841 -0.06415956 -0.01920673 0.006084181 0.03719587 0.02473105 0.004830664 0.004155259 -0.06648908 -0.07350318 -0.09536561 -0.07085393 -0.02802958 0.07501729 0.150354 0.2253081 0.2448827 0.2378156 0.1384904 -0.1331283
0.6415623 0.9537019 1.176282 1.313485 1.31083 1.209131 1.052519 0.7564216 0.5692998 0.3445311 0.222557 0.1073105 0.1110003 0.1788684 0.3186455 0.4737212 0.5571026 0.515766 0.3976723 -0.7414687 -3.342961 -5.695507 -7.344821 -7.855446 -7.514047 -6.523826 -5.10961 -3.927927 -2.618874 -1.613766 -0.9725354 -0.4740938 -0.3354935 -0.3427603 -0.447026 -0.6056908 -0.7772356 -0.8233703 -0.8137921 -0.7398063 -0.6449389 -0.4882295 -0.3710947 -0.2994314 -0.2559754 -0.2120453 -0.2303581 -0.3063613 -0.4689194 -0.7334669 -1.115411 -1.60979 -2.16188 -2.66454 -2.887477 -3.00895 -2.904956 -2.709903 -2.498071 -2.230015
-0.6954186 -0.7295468 -0.7392339 -0.7184229 -0.6430584 -0.5785888 -0.4395324 -0.4169015 -0.4062473 -0.4383779 -0.4701522 -0.4024908 -0.2170425 0.09713646 0.376645 0.5649078 0.7855098 0.8597432 0.4084275 -0.4853752 -1.324341 -2.075471 -2.30282 -1.862306 -1.058273 -0.6155228 -0.283071 0.0462004 0.4499993 0.869033 0.9345726 0.7664605 0.5058284 0.06339217 -0.2105162 -0.2696831 -0.5834253 -0.8195357 -0.9983221 -1.139308 -1.194033 -1.279855 -1.341612 -1.439174 -1.557927 -1.786829 -1.998737 -2.267352 -2.300753 -2.197946 -2.029063 -1.926424 -1.938349 -2.001721 -2.123936 -2.208933 -2.295737 -2.344277 -2.413266 -2.458104
-3.590932 -3.373252 -2.981508 -2.610934 -2.335166 -2.089053 -1.962045 -1.947082 -2.026333 -2.149392 -2.252382 -2.317686 -2.393495 -2.302812 -2.157259 -1.77698 -1.461505 -1.174826 -1.232302 -1.788457 -2.851771 -4.015401 -4.779773 -4.911594 -4.505548 -3.902689 -3.139526 -2.493153 -1.855252 -1.315418 -0.8293893 -0.4563528 -0.1387297 0.08524816 0.1942149 0.2529821 0.2900687 0.2854212 0.2771498 0.2555348 0.4648735 0.7748398 0.8749093 0.7574873 0.6257812 0.5482435 0.6371241 0.751906 0.9658637 0.8370292 0.7336969 0.1683214 -0.008418449 -0.1599549 -0.3295245 -0.7593011 -1.063414 -1.576955 -2.077909 -2.242169
0.3523746 0.4456629 0.6449779 0.8116345 0.8029084 0.6792415 0.4228093 0.2569958 0.1116151 0.04174589 0.01420817 0.05482416 0.1357387 0.2727611 0.4170089 0.5653088 0.6642467 0.6519075 0.3775799 -0.2720055 -0.9090971 -1.494069 -1.59164 -1.30434 -0.8926668 -0.3905594 0.1881962 0.7017249 1.12519 1.37418 1.543994 1.541688 1.462952 1.281822 1.033677 0.4832576 0.1615069 -0.01167478 -0.1994032 -0.4050347 -0.4782595 -0.4337152 -0.4255807 -0.3907848 -0.3296206 -0.1006391 -0.0002710068 0.04051021 0.1514262 0.1948439 0.2858987 0.3086832 0.3155334 0.3740689 0.5929027 0.7077894 0.8644009 1.075992 1.252483 1.369632
-2.432387 -2.116597 -1.74014 -1.593023 -1.466505 -1.508959 -1.531749 -1.644481 -1.704711 -1.76242 -1.607768 -1.201136 -0.7999969 -0.1263747 0.4188759 1.017944 1.448229 1.673588 1.094646 -0.03247937 -1.774766 -3.380666 -4.409051 -5.110465 -5.171512 -4.776048 -3.927739 -3.253126 -2.347346 -1.35922 -0.4908468 0.3927833 1.029631 1.584218 1.890916 2.198286 2.399018 2.584492 2.594931 2.577963 2.505893 2.520797 2.463629 2.488322 2.432775 2.34784 2.114272 2.011064 1.890252 1.918299 1.882603 1.925991 1.954063 2.031608 2.12749 2.218006 2.380391 2.512119 2.673726 2.800858
-0.6410449 -0.5923963 -0.4974473 -0.4180202 -0.4172478 -0.4415072 -0.4010347 -0.3222316 -0.238525 -0.1589807 -0.1707392 -0.1743439 -0.2183252 -0.2137243 -0.2344011 -0.2469071 -0.2653284 -0.1581043 0.07823276 0.6808509 2.568249 4.254004 5.43168 5.817955 5.557763 4.73776 3.616158 2.465378 1.302529 0.7038794 0.1911604 -0.09085874 -0.1695061 -0.03453795 0.2116317 0.4034525 0.5400934 0.5125163 0.4270027 0.2868388 -0.1278925 -0.243693 -0.3893135 -0.4772916 -0.5525798 -0.5193946 -0.5218194 -0.6526175 -0.7704477 -0.7672713 -0.7589906 -0.5949968 -0.3982764 -0.3457109 -0.4218759 -0.4979607 -0.5535738 -0.5530665 -0.5637404 -0.5309643
-1.393843 -1.416287 -1.339114 -1.180631 -1.073412 -0.9857394 -0.9498562 -0.933856 -0.9578544 -1.027727 -1.147816 -1.09037 -1.00323 -0.9864761 -0.9531698 -0.9695359 -1.01092 -0.9792187 -0.9140044 -0.8384204 -0.4721481 0.9820295 3.279724 4.703708 5.725168 5.853409 5.325313 4.27808 2.863971 1.930323 0.9438061 -0.07336187 -0.5319015 -0.7885219 -0.9031855 -1.111308 -1.197123 -1.12662 -1.044608 -0.977755 -0.8909815 -0.7953969 -0.6921407 -0.5266227 -0.4207711 -0.3871933 -0.4951321 -0.6822293 -0.7300157 -0.7634602 -0.8307104 -0.8892166 -0.8941979 -0.9063157 -0.8501441 -0.7608761 -0.6450732 -0.4847879 -0.2219459 -0.02274417
0.1588594 0.4131217 0.6241842 0.7707914 0.9176062 0.9433818 0.8918701 0.7670787 0.4795631 0.2667033 0.05999634 -0.08916543 -0.2095415 -0.3210662 -0.4561367 -0.5055754 -0.5662348 -0.6144379 -0.6371667 -0.6144683 -0.5948797 -0.2246687 0.8607622 2.91131 5.259436 6.738265 6.690384 5.833412 4.524671 2.937384 1.291633 0.0746507 -0.4075343 -0.6128157 -0.5184484 -0.3394694 -0.1608124 -0.05854389 0.007892973 0.01659617 0.05542087 0.08308659 0.07239749 0.01279687 -0.08635476 -0.2440454 -0.3747313 -0.4802714 -0.5142686 -0.4886326 -0.5107715 -0.472074 -0.4898404 -0.4215594 -0.4034141 -0.3838174 -0.4095469 -0.4541525 -0.4654801 -0.5066189
-0.7336162 -0.7169694 -0.703073 -0.7403105 -0.7714823 -0.8076583 -0.829481 -0.8206455 -0.8235774 -0.8353698 -0.809226 -0.7728788 -0.1911282 2.782153 5.078118 4.673235 2.697655 1.737531 0.5844194 0.4696297 0.4423309 0.3019942 0.1799847 0.092756 0.4894326 0.6678588 0.8011345 0.8270703 0.760112 0.6677253 0.6286679 0.5589631 0.4948952 0.4497647 0.3379731 0.2780477 0.1824967 0.1659239 0.105482 0.120824 0.1331597 0.2136887 0.3211481 0.4503009 0.5834681 0.6501195 0.7431835 0.7382206 0.7422587 0.7340313 0.7918088 0.8238205 0.8605966 0.911801 1.029163 1.123022 1.2251 1.275243 1.342785 1.383017
0.05917851 0.352191 0.9815577 1.245883 1.275914 1.080289 0.9973267 0.8892573 0.7995179 0.6354086 0.4887216 0.1503109 0.008181705 0.007317127 -0.03245664 -0.09650084 -0.1668182 -0.2210769 -0.2609804 0.1232298 1.351053 2.364951 3.006428 3.050342 2.753324 2.203074 1.788329 1.18291 0.9047677 0.5750951 0.5208334 0.495102 0.5346392 0.528119 0.6054417 0.6414403 0.7004654 0.6675244 0.6839121 0.6499648 0.7515847 0.7905543 0.8319182 0.8062386 0.8125681 0.7778218 0.8026636 0.7694404 0.7631754 0.7105885 0.7812359 0.8494045 0.8735768 0.9099279 0.9692284 1.031557 1.109206 1.138114 1.126489 1.159258
1.06064 1.09337 1.053447 1.070758 1.077663 1.147163 1.243235 1.355929 1.490382 1.538057 1.575654 1.607198 1.594552 1.556215 1.531623 1.522091 1.507785 1.434485 1.26733 0.9926507 0.8375474 0.7474139 1.208468 5.839333 7.766931 8.823734 7.112672 5.632267 3.418181 2.02178 0.7148927 0.5546046 0.7603899 0.840994 0.814888 0.8224109 0.7169636 0.6630319 0.5953838 0.5274595 0.5221294 0.7673572 0.845553 0.9407874 1.034145 1.227289 1.455359 1.614319 1.788883 1.859567 1.904546 1.895228 1.912998 1.870098 1.883069 1.83267 1.873541 1.863438 1.949907 1.954831
-1.462267 -1.551291 -1.620335 -1.81317 -1.795179 -1.782685 -1.762917 -1.575567 -1.530153 -1.368559 -1.223066 -0.9796014 -0.7806938 -0.6710844 -0.5593296 -0.543018 -0.528311 -0.5072073 -0.5147784 -0.5956864 -0.695054 -0.7760246 -0.8181526 -0.6860344 -0.2308771 0.109977 0.3291484 0.5121852 0.7119889 0.7862937 0.7206994 0.6763397 0.5546059 0.4745728 0.3082632 -0.1394751 -0.9755259 -1.704771 -2.31971 -2.706725 -3.168293 -3.658919 -4.258635 -4.795912 -5.215041 -5.674003 -5.78531 -5.56797 -5.112182 -4.397573 -3.741171 -2.960951 -2.475005 -2.013988 -1.727929 -1.512866 -1.300731 -1.068404 -0.9435256 -0.9302236
-0.4292528 -0.456398 -0.5145709 -0.6604875 -0.7862592 -0.8742622 -0.9975737 -1.021217 -0.8900243 -0.6935698 -0.5138333 -0.3153228 -0.2179694 -0.08211161 -0.03753293 0.005093001 -0.03943362 -0.02554155 0.009039657 -0.02848951 -0.02016527 -0.07324877 -0.1289116 -0.2808957 -0.3937826 -0.6474965 -1.116706 -1.837313 -3.188297 -4.204727 -5.676558 -6.749142 -7.184732 -7.102432 -6.736655 -5.977675 -5.352853 -4.502353 -3.610971 -3.042063 -2.552907 -1.874532 -1.716156 -1.65611 -1.553992 -1.440839 -1.176307 -0.9749974 -0.7625396 -0.6003565 -0.4987021 -0.4717518 -0.5643013 -0.6777205 -0.7557737 -0.6560553 -0.4846205 -0.2414758 0.0265299 0.3333683
1.416304 1.413749 1.401094 1.278211 0.8509225 0.6396871 0.5402068 0.5474397 0.7909137 1.334699 1.744853 2.051578 2.263996 2.199989 2.07631 1.755275 1.481571 1.317211 1.138313 1.069611 1.034723 1.01087 1.016173 1.049791 1.146496 1.159455 1.251444 0.8069434 -1.014299 -3.863085 -7.030508 -11.36892 -14.00128 -15.52137 -15.18665 -13.37195 -9.596472 -6.167315 -3.74991 -2.115058 -1.117863 -0.8399681 -0.8573713 -1.104446 -1.549169 -1.899464 -2.182823 -2.416341 -2.538259 -2.626848 -2.69792 -2.596887 -2.487107 -2.336514 -2.230562 -2.159327 -2.130295 -2.102132 -1.787918 -1.5822
-0.1548916 -0.1169303 -0.07352183 -0.1441439 -0.1600731 -0.2000832 -0.1302194 -0.02236765 0.09313419 0.2202833 0.4269834 0.6931614 0.7586428 0.9524969 1.1669 1.328703 1.589725 1.710906 1.940187 2.052823 2.145519 2.081361 2.009555 1.8504 1.598379 1.448977 1.385444 1.287643 1.211866 1.108105 0.8976731 0.8090186 0.7314799 0.8157582 0.8961578 1.050541 0.982528 -0.3239775 -2.413769 -5.54424 -9.115248 -11.08574 -11.86593 -11.61336 -10.76469 -9.22411 -7.742893 -5.800559 -4.167329 -2.942794 -2.32647 -1.887522 -1.609037 -1.458185 -1.480929 -1.469066 -1.593477 -1.69771 -1.898031 -2.039571
0.3973804 0.3977803 0.3310509 0.2205032 0.1786862 0.1573865 0.2414299 0.3766479 0.4833465 0.5583351 0.5346636 0.3501888 0.05934216 -0.2732323 -0.5061194 -0.7278166 -0.8218888 -0.8909825 -0.8620166 -0.6422626 -0.45044 -0.2514391 -0.290514 -0.4610098 -1.517509 -3.073829 -5.162945 -6.496728 -7.571741 -7.86886 -7.314268 -6.412104 -5.413498 -4.349882 -3.679312 -3.034746 -2.859742 -2.897602 -2.942086 -2.942571 -2.793261 -2.600626 -2.44313 -2.424239 -2.511518 -2.673234 -2.798341 -2.995824 -3.11139 -3.069632 -2.911894 -2.739959 -2.494506 -2.270666 -2.192986 -2.25544 -2.537096 -2.698005 -2.857632 -2.814556
2.291257 2.136551 1.883521 1.648759 1.576844 1.585371 1.6711 1.82203 1.940239 2.096079 2.127861 2.130431 2.002228 1.974859 1.989787 2.101307 2.156498 2.206652 2.271559 2.295409 2.323999 2.273545 2.243963 2.090861 1.999312 1.890047 1.887005 1.948306 2.06411 2.201903 2.007201 0.6514318 -1.435517 -5.084853 -7.909115 -9.25959 -9.685736 -9.09366 -7.411794 -5.243979 -3.066942 -0.9155442 0.7340167 0.6228117 0.234405 -0.2698219 -0.6116438 -0.8798547 -1.053586 -1.171121 -1.286497 -1.455041 -1.620167 -1.793155 -1.90563 -1.948783 -1.905921 -1.835625 -1.783757 -1.713505
0.7849073 0.7883094 0.7677342 0.7435172 0.6972141 0.6769632 0.6133863 0.5527965 0.4655489 0.3811638 0.293926 0.145067 0.05756692 -0.01642396 -0.0558235 -0.06165288 -0.001013126 0.436173 1.483901 3.118598 4.686774 7.048601 9.207936 10.37675 11.65493 12.09508 12.01223 11.31191 10.16169 8.448608 6.579078 5.371576 3.719651 2.403912 1.504541 0.8123238 0.3144921 0.115066 0.09293244 0.1971128 0.4141154 0.5420156 0.7518097 0.8769944 1.010012 1.105168 1.149151 1.104053 1.104895 1.058875 1.095283 1.126239 1.052711 0.9787362 0.8936052 0.9563498 1.067649 1.243608 1.445379 1.65639
2.376232 2.491156 2.587797 2.675113 2.684021 2.649966 2.638052 2.550092 2.434859 2.335818 2.324317 2.319241 2.343792 2.318089 2.311013 2.257886 2.215374 2.179057 2.246442 2.343005 2.490716 2.718758 2.804112 2.62257 2.206412 1.416781 0.4569975 -0.4953543 -1.073564 -1.455505 -1.609325 -1.809422 -2.040628 -2.231019 -2.464776 -2.517458 -2.541314 -2.331906 -2.206597 -2.035968 -2.131691 -2.164962 -2.31787 -2.37694 -2.608793 -2.901603 -3.254843 -3.526347 -3.70912 -3.726098 -3.765407 -3.766443 -3.716551 -3.459373 -3.080264 -2.548305 -2.064556 -1.44266 -0.6958589 0.6506724
2.727075 2.538649 2.34817 2.265383 2.126292 2.078469 2.079312 2.205249 2.286082 2.285108 2.236036 2.134007 2.014911 1.900594 1.721852 1.497998 1.370903 1.215225 1.028627 0.833643 0.7690571 0.6756377 0.68937 1.121366 2.465852 4.367382 6.851685 7.442312 6.741955 5.372836 4.243507 2.70315 1.731707 1.136118 0.9818106 0.9390702 1.090788 1.186651 1.33732 1.419631 1.545324 1.594006 1.691948 1.756882 1.990383 2.098155 2.17653 2.21231 2.245532 2.395019 2.401758 2.384336 2.262082 2.185493 2.297339 2.554385 2.802793 2.928625 2.970826 2.820548
2.552127 2.359331 2.191461 1.883646 1.650739 1.422287 1.254993 1.220546 1.202095 1.299765 1.301884 1.233639 1.127906 0.9770092 0.7941692 0.5913228 0.4092499 0.295565 0.2731839 0.2419397 0.4287823 0.7003662 0.9229224 1.06017 0.9971303 0.8172076 0.6489204 0.7224534 0.8134437 0.9810246 1.023983 1.086032 1.075824 1.162902 1.233833 1.335 1.421969 1.41586 1.309759 1.112288 1.048271 1.017702 1.059135 1.102812 1.063482 1.066258 1.022439 1.06909 1.045176 1.089044 1.071401 1.042008 0.8865768 0.7431685 0.5564573 0.5356136 0.5447558 0.7221087 0.9746448 1.154205
0.8768697 0.9120815 0.8649494 0.8174887 0.6866026 0.6039614 0.4487224 0.3414696 0.2055639 0.2185376 0.2387738 0.3596051 0.4731907 0.6483439 0.8013638 1.081904 1.354108 1.834423 2.705584 4.053374 5.835789 8.173803 9.965405 10.93052 10.95861 10.00315 8.866753 6.912755 5.207163 3.343083 2.20533 1.216078 0.9316385 0.8703764 1.139526 1.468663 1.731245 1.893189 2.076807 2.17474 2.31179 2.371676 2.431968 2.386556 2.340431 2.256959 2.198062 2.153335 2.110547 2.097782 2.114547 2.181172 2.183857 2.219091 2.161028 2.123015 2.0135 1.972519 1.913964 1.925873
4.444225 4.571224 4.577232 4.431855 4.127343 3.83169 3.595325 3.403365 3.337856 3.344934 3.197794 3.142457 2.948234 2.912577 2.858469 2.979822 3.00699 2.962969 2.859075 2.716415 2.695884 3.521128 5.035255 6.278766 7.809922 8.093801 7.791354 7.042528 6.175151 5.18594 4.536832 4.103932 3.7794 3.74403 3.814446 4.058659 4.308693 4.769647 4.975029 4.862628 4.777315 4.64445 4.554755 4.338487 4.182913 3.954872 3.583626 3.023504 2.337139 1.848371 1.211008 0.6983823 0.4053781 0.3549818 0.4701258 0.81459 1.087537 1.323311 1.524188 1.740981
1.921682 1.83431 1.761969 1.737884 1.710024 1.755559 1.785607 1.839782 1.802995 1.75735 1.678467 1.657002 1.563145 1.467026 1.285587 1.038979 0.7565601 0.4936421 0.3100984 0.2433427 0.1689572 0.1258111 0.07041162 -0.03012369 -0.1233312 -0.2679305 -0.4166463 -0.6366152 -0.6622697 -0.4644793 0.08901342 0.6869543 1.134483 1.548731 1.74453 1.798526 1.860315 1.9965 2.060424 2.115598 2.070544 1.930677 1.717106 1.489752 1.373892 1.43833 1.664317 1.931292 2.191206 2.437822 2.567508 2.664662 2.686365 2.640203 2.632587 2.581203 2.556971 2.465009 2.346143 2.182638
3.41242 3.57326 3.699374 3.849114 3.975519 4.088789 4.235501 4.303177 4.423683 4.517935 4.618049 4.626163 4.611571 4.519489 4.362186 4.252174 4.125283 4.071775 4.100416 4.111312 4.117846 4.016476 3.924712 3.735285 3.662039 3.617348 3.689863 3.574267 3.204159 2.390764 1.636814 1.343858 1.132322 1.193644 1.368835 1.638185 1.89802 2.246567 2.671377 3.07812 3.30679 3.451171 3.495129 3.457533 3.32998 3.130396 2.996065 2.852413 2.824342 2.777289 2.773846 2.718706 2.67843 2.619205 2.671351 2.782898 2.998735 3.187738 3.336633 3.44554
1.534154 1.439355 1.410551 1.384322 1.358944 1.266536 1.249758 1.290707 1.241805 1.298876 1.348037 1.51197 1.564565 1.666079 1.61694 1.633838 1.594897 1.674389 1.684161 1.834171 1.864019 1.95857 2.013239 2.110246 2.191952 2.389533 2.470352 2.592951 2.630373 2.596046 2.529697 2.473173 2.418487 2.263337 2.099704 2.163025 2.461181 3.202527 4.018254 4.769973 5.074426 5.014461 4.434752 3.662498 2.860166 2.164472 1.684295 1.575905 1.718473 2.038469 2.466517 2.744189 3.009423 3.153882 3.193652 3.165332 3.07268 2.910903 2.576499 2.223052
1.777723 1.790325 1.87479 2.007007 2.148942 2.167835 2.187385 2.132773 2.191444 2.146392 2.156885 2.123191 2.177765 2.228 2.319542 2.372608 2.449255 2.453789 2.484348 2.482449 2.386589 2.20476 2.050202 2.052887 1.927343 1.614405 1.316476 1.175245 1.419691 1.946643 2.408998 2.834073 3.132806 3.212266 2.998288 2.88316 2.922562 3.277885 3.648938 3.859952 3.819206 3.758139 3.588235 3.476157 3.304102 3.255619 3.244045 3.36418 3.499255 3.675929 3.834739 4.011614 4.036996 3.956955 3.830503 3.65155 3.60092 3.574081 3.502054 3.388604
4.057291 3.94957 3.876888 3.781621 3.763962 3.809449 3.895552 3.963477 3.973738 3.938902 3.839978 3.743477 3.593814 3.480557 3.33131 3.201999 3.070029 2.938995 2.71466 2.54383 2.462038 2.432436 2.383779 2.373213 2.260457 2.044526 1.874881 1.642997 1.531091 1.350711 1.037627 1.357246 2.581514 3.98444 4.935563 4.95512 4.438965 3.755654 2.845135 1.900199 1.13742 0.664866 0.4599049 0.5426753 0.8176785 1.019473 1.162838 1.235835 1.394575 1.423582 1.539356 1.598277 1.737615 1.637631 1.471841 1.197628 0.9271724 0.5667475 0.3598491 0.1444729
4.049935 4.001077 3.991221 3.930882 3.896893 3.719131 3.567375 3.348545 3.251489 3.174065 3.201766 3.16431 3.134737 3.049127 2.930139 2.901817 2.862693 2.888143 2.889499 2.992017 3.014736 3.100539 3.148605 3.144833 3.054297 2.877912 2.750093 2.551022 2.388375 2.160275 2.021485 1.834158 1.699252 1.578272 1.5864 1.619125 1.699227 1.834932 1.949187 2.013649 2.012663 2.092542 2.223685 2.379481 2.509851 2.620502 2.599574 2.435064 2.286566 2.063486 1.939161 1.768422 1.69977 1.641897 1.750593 1.850431 1.983738 2.076341 2.171293 2.212865
