201.0 247.0 239.0 259.0 265.0 256.0 255.0 232.0 212.0 244.0 260.0 307.0 280.0 237.0 184.0 186.0 181.0 196.0 186.0 175.0 165.0 162.0 169.0 201.0 204.0 170.0 175.0 186.0 170.0 211.0 172.0 173.0 189.0 222.0 211.0 216.0 201.0 192.0 183.0 186.0 202.0 174.0 168.0 206.0 212.0 225.0 182.0 176.0 207.0
174.0 180.0 227.0 235.0 222.0 207.0 185.0 149.0 160.0 190.0 193.0 187.0 173.0 163.0 153.0 166.0 150.0 147.0 140.0 139.0 148.0 145.0 147.0 157.0 167.0 160.0 160.0 162.0 150.0 166.0 180.0 182.0 164.0 175.0 171.0 160.0 149.0 162.0 157.0 156.0 155.0 162.0 161.0 147.0 146.0 139.0 144.0 134.0 144.0
197.0 194.0 191.0 190.0 192.0 190.0 189.0 199.0 194.0 200.0 203.0 196.0 189.0 197.0 187.0 195.0 196.0 190.0 194.0 184.0 187.0 182.0 200.0 192.0 184.0 189.0 185.0 194.0 198.0 188.0 188.0 199.0 188.0 197.0 199.0 212.0 206.0 204.0 196.0 186.0 186.0 188.0 186.0 185.0 183.0 203.0 198.0 184.0 193.0
185.0 180.0 178.0 182.0 179.0 176.0 183.0 190.0 179.0 171.0 179.0 174.0 167.0 167.0 162.0 168.0 173.0 171.0 174.0 164.0 161.0 156.0 166.0 162.0 164.0 158.0 135.0 138.0 130.0 120.0 146.0 145.0 155.0 147.0 140.0 153.0 134.0 142.0 145.0 145.0 124.0 132.0 135.0 148.0 157.0 154.0 151.0 149.0 164.0
176.0 177.0 172.0 167.0 179.0 186.0 185.0 193.0 207.0 213.0 210.0 206.0 197.0 218.0 215.0 219.0 221.0 225.0 225.0 214.0 207.0 213.0 220.0 220.0 212.0 215.0 202.0 210.0 208.0 205.0 210.0 216.0 219.0 213.0 217.0 223.0 224.0 241.0 252.0 251.0 258.0 247.0 257.0 257.0 242.0 225.0 201.0 187.0 186.0
214.0 200.0 211.0 165.0 181.0 236.0 170.0 226.0 204.0 219.0 224.0 211.0 243.0 189.0 215.0 198.0 187.0 172.0 206.0 206.0 190.0 186.0 174.0 219.0 175.0 190.0 189.0 213.0 215.0 216.0 224.0 247.0 217.0 248.0 212.0 278.0 274.0 237.0 269.0 259.0 217.0 229.0 154.0 184.0 223.0 202.0 227.0 223.0 205.0
246.0 219.0 232.0 189.0 211.0 222.0 204.0 243.0 198.0 226.0 203.0 244.0 257.0 205.0 230.0 219.0 255.0 207.0 197.0 245.0 208.0 15.0 308.0 278.0 209.0 190.0 246.0 251.0 208.0 201.0 203.0 232.0 204.0 242.0 220.0 212.0 228.0 203.0 283.0 241.0 195.0 190.0 230.0 267.0 261.0 250.0 252.0 230.0 256.0
233.0 233.0 227.0 245.0 232.0 246.0 233.0 236.0 257.0 218.0 226.0 249.0 211.0 15.0 355.0 280.0 227.0 237.0 198.0 260.0 192.0 218.0 214.0 195.0 201.0 214.0 252.0 266.0 215.0 243.0 222.0 240.0 269.0 242.0 243.0 224.0 238.0 221.0 266.0 248.0 256.0 251.0 268.0 276.0 217.0 255.0 289.0 275.0 237.0
246.0 241.0 230.0 247.0 260.0 267.0 278.0 268.0 281.0 272.0 271.0 243.0 15.0 303.0 264.0 260.0 219.0 264.0 252.0 259.0 247.0 231.0 260.0 261.0 230.0 268.0 253.0 244.0 279.0 262.0 253.0 271.0 261.0 268.0 263.0 268.0 238.0 255.0 260.0 243.0 253.0 264.0 258.0 211.0 230.0 225.0 259.0 241.0 262.0
264.0 274.0 246.0 251.0 261.0 271.0 267.0 277.0 245.0 437.0 451.0 266.0 265.0 225.0 216.0 226.0 217.0 218.0 232.0 217.0 211.0 219.0 218.0 222.0 231.0 220.0 233.0 247.0 240.0 220.0 239.0 240.0 246.0 227.0 242.0 246.0 239.0 278.0 258.0 273.0 297.0 294.0 271.0 282.0 323.0 282.0 263.0 262.0 263.0
271.0 282.0 323.0 282.0 263.0 262.0 263.0 265.0 287.0 270.0 15.0 475.0 387.0 314.0 204.0 223.0 259.0 239.0 231.0 230.0 236.0 240.0 249.0 231.0 258.0 242.0 240.0 234.0 235.0 243.0 246.0 226.0 259.0 223.0 239.0 231.0 248.0 234.0 251.0 235.0 266.0 245.0 234.0 231.0 233.0 227.0 233.0 272.0 253.0
218.0 230.0 238.0 232.0 236.0 257.0 250.0 204.0 237.0 205.0 189.0 15.0 434.0 187.0 320.0 231.0 230.0 210.0 208.0 254.0 211.0 226.0 248.0 207.0 220.0 257.0 219.0 255.0 231.0 233.0 237.0 222.0 234.0 228.0 241.0 254.0 233.0 242.0 256.0 234.0 208.0 248.0 217.0 288.0 292.0 236.0 241.0 262.0 252.0
245.0 200.0 215.0 211.0 253.0 202.0 238.0 217.0 246.0 250.0 276.0 270.0 280.0 284.0 312.0 247.0 213.0 220.0 243.0 218.0 246.0 251.0 234.0 291.0 281.0 266.0 274.0 232.0 213.0 224.0 254.0 239.0 217.0 208.0 244.0 244.0 222.0 235.0 194.0 190.0 252.0 254.0 247.0 248.0 218.0 254.0 247.0 255.0 269.0
215.0 228.0 228.0 234.0 242.0 250.0 255.0 255.0 223.0 228.0 206.0 251.0 301.0 329.0 197.0 354.0 294.0 305.0 340.0 332.0 302.0 274.0 230.0 320.0 294.0 242.0 258.0 271.0 290.0 282.0 220.0 183.0 222.0 270.0 277.0 289.0 263.0 223.0 250.0 187.0 210.0 239.0 251.0 223.0 255.0 247.0 244.0 243.0 257.0
236.0 217.0 215.0 233.0 219.0 272.0 174.0 233.0 200.0 213.0 205.0 230.0 89.0 38.0 145.0 285.0 164.0 210.0 297.0 261.0 187.0 226.0 224.0 250.0 244.0 266.0 209.0 253.0 262.0 235.0 207.0 183.0 193.0 183.0 223.0 236.0 232.0 222.0 198.0 176.0 185.0 183.0 175.0 197.0 188.0 220.0 234.0 217.0 231.0
252.0 258.0 251.0 259.0 196.0 213.0 207.0 215.0 193.0 287.0 185.0 210.0 218.0 207.0 147.0 235.0 156.0 230.0 270.0 222.0 193.0 268.0 226.0 254.0 208.0 244.0 249.0 176.0 256.0 257.0 295.0 278.0 176.0 198.0 211.0 218.0 238.0 256.0 220.0 285.0 238.0 242.0 263.0 253.0 210.0 217.0 184.0 221.0 172.0
228.0 241.0 248.0 184.0 271.0 289.0 238.0 234.0 259.0 231.0 204.0 149.0 173.0 462.0 314.0 269.0 288.0 287.0 266.0 244.0 280.0 293.0 234.0 268.0 243.0 260.0 226.0 261.0 290.0 216.0 250.0 243.0 207.0 212.0 219.0 174.0 203.0 201.0 214.0 198.0 222.0 219.0 221.0 218.0 226.0 214.0 222.0 236.0 228.0
214.0 222.0 236.0 228.0 230.0 225.0 213.0 236.0 228.0 223.0 251.0 228.0 285.0 232.0 218.0 244.0 225.0 356.0 241.0 258.0 235.0 266.0 273.0 259.0 258.0 254.0 235.0 234.0 227.0 240.0 184.0 217.0 225.0 214.0 234.0 227.0 247.0 268.0 234.0 261.0 198.0 261.0 234.0 215.0 225.0 218.0 212.0 241.0 255.0
204.0 203.0 216.0 214.0 227.0 223.0 244.0 242.0 234.0 253.0 254.0 222.0 336.0 173.0 213.0 211.0 227.0 265.0 290.0 251.0 289.0 250.0 225.0 271.0 265.0 246.0 248.0 239.0 218.0 219.0 224.0 208.0 205.0 203.0 196.0 238.0 222.0 228.0 226.0 224.0 224.0 217.0 241.0 217.0 216.0 210.0 214.0 230.0 232.0
264.0 263.0 295.0 254.0 261.0 266.0 259.0 288.0 239.0 226.0 239.0 243.0 214.0 233.0 210.0 231.0 363.0 189.0 221.0 221.0 296.0 224.0 250.0 236.0 255.0 214.0 218.0 257.0 244.0 260.0 273.0 275.0 285.0 266.0 287.0 275.0 272.0 251.0 253.0 280.0 314.0 268.0 283.0 256.0 263.0 301.0 282.0 265.0 273.0
260.0 245.0 248.0 224.0 235.0 234.0 242.0 249.0 259.0 255.0 255.0 239.0 255.0 265.0 143.0 311.0 244.0 220.0 230.0 270.0 252.0 255.0 232.0 239.0 252.0 241.0 247.0 231.0 224.0 221.0 221.0 231.0 234.0 215.0 224.0 232.0 246.0 228.0 225.0 236.0 226.0 230.0 221.0 219.0 236.0 200.0 206.0 224.0 227.0
246.0 241.0 219.0 207.0 214.0 219.0 205.0 227.0 228.0 225.0 244.0 256.0 252.0 241.0 204.0 225.0 224.0 196.0 184.0 226.0 232.0 197.0 235.0 250.0 239.0 243.0 235.0 244.0 241.0 240.0 227.0 231.0 234.0 236.0 225.0 233.0 208.0 177.0 243.0 225.0 248.0 227.0 214.0 276.0 260.0 266.0 263.0 251.0 261.0
243.0 241.0 223.0 232.0 226.0 240.0 234.0 257.0 247.0 240.0 246.0 244.0 221.0 248.0 165.0 305.0 235.0 227.0 232.0 242.0 202.0 242.0 213.0 236.0 245.0 245.0 259.0 256.0 236.0 247.0 256.0 244.0 236.0 256.0 264.0 264.0 268.0 276.0 260.0 238.0 234.0 223.0 245.0 225.0 233.0 245.0 229.0 233.0 239.0
203.0 187.0 165.0 172.0 157.0 120.0 164.0 166.0 174.0 140.0 162.0 178.0 216.0 95.0 67.0 464.0 56.0 179.0 183.0 197.0 176.0 133.0 208.0 203.0 172.0 160.0 182.0 186.0 188.0 195.0 201.0 200.0 195.0 169.0 186.0 184.0 181.0 163.0 162.0 157.0 144.0 183.0 159.0 179.0 200.0 133.0 198.0 162.0 177.0
220.0 196.0 216.0 199.0 231.0 214.0 237.0 224.0 229.0 196.0 241.0 212.0 205.0 218.0 218.0 348.0 217.0 157.0 105.0 148.0 181.0 191.0 226.0 198.0 236.0 204.0 216.0 231.0 232.0 230.0 209.0 213.0 219.0 233.0 214.0 210.0 218.0 201.0 212.0 200.0 230.0 223.0 222.0 221.0 249.0 220.0 226.0 225.0 255.0
210.0 226.0 214.0 219.0 214.0 227.0 231.0 207.0 222.0 215.0 211.0 202.0 217.0 221.0 237.0 204.0 228.0 239.0 438.0 275.0 156.0 73.0 115.0 169.0 187.0 222.0 202.0 229.0 212.0 211.0 227.0 215.0 219.0 246.0 229.0 239.0 243.0 224.0 215.0 219.0 220.0 218.0 213.0 220.0 222.0 242.0 211.0 221.0 211.0
219.0 241.0 216.0 232.0 223.0 209.0 224.0 186.0 198.0 223.0 204.0 210.0 176.0 186.0 217.0 207.0 192.0 209.0 318.0 393.0 306.0 141.0 98.0 126.0 179.0 184.0 204.0 197.0 199.0 184.0 211.0 195.0 220.0 193.0 202.0 199.0 189.0 205.0 209.0 200.0 190.0 201.0 207.0 208.0 229.0 191.0 214.0 214.0 212.0
215.0 209.0 188.0 206.0 206.0 215.0 224.0 205.0 213.0 206.0 379.0 393.0 143.0 174.0 248.0 234.0 210.0 210.0 214.0 229.0 213.0 193.0 200.0 209.0 222.0 206.0 221.0 217.0 222.0 202.0 228.0 202.0 205.0 229.0 240.0 217.0 211.0 204.0 223.0 224.0 227.0 223.0 236.0 249.0 237.0 221.0 242.0 209.0 227.0
240.0 236.0 242.0 217.0 228.0 211.0 229.0 224.0 228.0 236.0 221.0 240.0 239.0 300.0 261.0 154.0 138.0 201.0 226.0 195.0 227.0 230.0 245.0 228.0 262.0 252.0 226.0 249.0 242.0 273.0 234.0 238.0 247.0 249.0 250.0 271.0 225.0 273.0 226.0 242.0 267.0 256.0 276.0 256.0 241.0 251.0 253.0 232.0 261.0
279.0 248.0 268.0 260.0 234.0 254.0 249.0 235.0 238.0 249.0 247.0 252.0 214.0 252.0 232.0 212.0 223.0 232.0 222.0 369.0 363.0 174.0 119.0 251.0 220.0 208.0 217.0 259.0 225.0 231.0 234.0 243.0 255.0 256.0 241.0 238.0 216.0 239.0 229.0 241.0 250.0 235.0 221.0 226.0 244.0 239.0 238.0 223.0 245.0
215.0 190.0 176.0 209.0 203.0 185.0 214.0 217.0 167.0 188.0 181.0 188.0 171.0 173.0 170.0 178.0 184.0 198.0 207.0 189.0 196.0 197.0 193.0 201.0 206.0 183.0 182.0 186.0 192.0 161.0 461.0 297.0 255.0 292.0 344.0 354.0 373.0 156.0 151.0 167.0 210.0 160.0 258.0 189.0 200.0 174.0 182.0 151.0 175.0
200.0 169.0 189.0 194.0 194.0 197.0 162.0 191.0 164.0 181.0 173.0 174.0 198.0 193.0 173.0 182.0 183.0 182.0 166.0 173.0 192.0 223.0 274.0 463.0 374.0 331.0 357.0 279.0 274.0 185.0 151.0 54.0 113.0 177.0 223.0 188.0 175.0 190.0 196.0 174.0 195.0 201.0 189.0 175.0 179.0 202.0 183.0 206.0 204.0
177.0 185.0 170.0 183.0 184.0 197.0 180.0 182.0 185.0 180.0 179.0 187.0 186.0 192.0 192.0 188.0 207.0 204.0 196.0 33.0 256.0 409.0 323.0 346.0 370.0 470.0 403.0 402.0 197.0 110.0 157.0 177.0 195.0 203.0 169.0 172.0 206.0 198.0 192.0 201.0 195.0 189.0 176.0 161.0 160.0 209.0 180.0 170.0 190.0
186.0 183.0 196.0 195.0 178.0 201.0 196.0 181.0 197.0 173.0 176.0 179.0 172.0 165.0 183.0 188.0 184.0 185.0 205.0 193.0 192.0 200.0 203.0 201.0 180.0 162.0 171.0 177.0 157.0 188.0 42.0 117.0 35.0 71.0 81.0 104.0 251.0 250.0 133.0 50.0 60.0 134.0 186.0 159.0 189.0 177.0 180.0 181.0 134.0
192.0 183.0 193.0 182.0 170.0 183.0 180.0 164.0 183.0 173.0 192.0 186.0 191.0 198.0 189.0 222.0 208.0 194.0 198.0 191.0 90.0 128.0 50.0 59.0 132.0 40.0 69.0 143.0 169.0 232.0 212.0 179.0 181.0 205.0 190.0 178.0 149.0 170.0 171.0 162.0 155.0 193.0 176.0 175.0 172.0 141.0 169.0 161.0 176.0
207.0 186.0 200.0 201.0 195.0 207.0 187.0 189.0 197.0 206.0 202.0 200.0 200.0 210.0 206.0 208.0 205.0 198.0 182.0 191.0 205.0 203.0 224.0 210.0 262.0 39.0 246.0 237.0 258.0 190.0 278.0 261.0 217.0 151.0 164.0 174.0 186.0 183.0 194.0 191.0 188.0 199.0 179.0 195.0 188.0 185.0 199.0 195.0 175.0
205.0 203.0 196.0 211.0 203.0 204.0 194.0 186.0 197.0 201.0 198.0 201.0 204.0 211.0 341.0 448.0 323.0 281.0 344.0 231.0 169.0 190.0 122.0 129.0 153.0 170.0 209.0 174.0 196.0 190.0 187.0 195.0 197.0 206.0 210.0 210.0 195.0 186.0 194.0 189.0 207.0 208.0 220.0 206.0 203.0 208.0 213.0 197.0 190.0
203.0 214.0 212.0 210.0 206.0 221.0 208.0 218.0 213.0 200.0 203.0 212.0 216.0 219.0 197.0 210.0 214.0 222.0 321.0 117.0 84.0 15.0 40.0 158.0 28.0 50.0 233.0 227.0 219.0 222.0 192.0 169.0 215.0 186.0 189.0 197.0 198.0 217.0 201.0 198.0 180.0 210.0 227.0 161.0 185.0 179.0 199.0 208.0 209.0
228.0 219.0 221.0 230.0 209.0 191.0 203.0 209.0 219.0 198.0 208.0 198.0 201.0 196.0 196.0 198.0 200.0 217.0 318.0 109.0 73.0 20.0 229.0 235.0 229.0 195.0 216.0 196.0 190.0 220.0 206.0 207.0 218.0 208.0 229.0 211.0 207.0 219.0 217.0 221.0 189.0 200.0 167.0 202.0 189.0 160.0 209.0 214.0 238.0
224.0 216.0 209.0 237.0 215.0 220.0 201.0 208.0 219.0 215.0 225.0 243.0 227.0 230.0 212.0 214.0 220.0 167.0 199.0 216.0 249.0 216.0 185.0 202.0 222.0 215.0 233.0 244.0 217.0 230.0 237.0 224.0 234.0 206.0 205.0 192.0 223.0 222.0 214.0 210.0 218.0 237.0 229.0 251.0 295.0 289.0 217.0 188.0 201.0
199.0 203.0 209.0 198.0 213.0 199.0 208.0 208.0 217.0 218.0 223.0 223.0 223.0 238.0 291.0 187.0 186.0 128.0 19.0 80.0 140.0 140.0 243.0 280.0 247.0 223.0 194.0 220.0 220.0 229.0 243.0 235.0 224.0 206.0 210.0 224.0 216.0 223.0 223.0 224.0 219.0 217.0 210.0 221.0 216.0 197.0 194.0 200.0 215.0
235.0 263.0 275.0 269.0 258.0 271.0 214.0 269.0 234.0 251.0 224.0 200.0 187.0 189.0 190.0 203.0 286.0 103.0 183.0 282.0 238.0 240.0 220.0 214.0 216.0 240.0 259.0 255.0 251.0 246.0 227.0 220.0 245.0 238.0 255.0 226.0 193.0 180.0 216.0 218.0 218.0 218.0 251.0 220.0 187.0 225.0 221.0 168.0 176.0
206.0 204.0 193.0 229.0 228.0 209.0 217.0 226.0 221.0 217.0 208.0 180.0 210.0 214.0 201.0 201.0 202.0 194.0 198.0 183.0 56.0 38.0 18.0 167.0 153.0 275.0 244.0 178.0 217.0 178.0 196.0 214.0 213.0 210.0 220.0 225.0 211.0 192.0 223.0 191.0 198.0 202.0 200.0 213.0 202.0 194.0 200.0 190.0 190.0
225.0 221.0 212.0 213.0 230.0 214.0 218.0 206.0 222.0 211.0 224.0 212.0 223.0 210.0 217.0 207.0 206.0 215.0 216.0 220.0 215.0 142.0 43.0 48.0 331.0 198.0 219.0 190.0 208.0 221.0 199.0 204.0 208.0 204.0 203.0 198.0 206.0 201.0 211.0 199.0 197.0 183.0 176.0 188.0 194.0 197.0 190.0 193.0 201.0
210.0 193.0 196.0 209.0 204.0 209.0 216.0 209.0 214.0 213.0 225.0 227.0 223.0 228.0 215.0 219.0 220.0 222.0 227.0 221.0 225.0 221.0 217.0 220.0 228.0 210.0 211.0 199.0 180.0 105.0 51.0 204.0 54.0 54.0 19.0 68.0 243.0 257.0 129.0 225.0 211.0 224.0 184.0 214.0 213.0 201.0 230.0 219.0 221.0
213.0 209.0 213.0 210.0 212.0 204.0 207.0 214.0 213.0 208.0 215.0 206.0 211.0 217.0 211.0 194.0 117.0 38.0 124.0 98.0 201.0 118.0 222.0 151.0 196.0 230.0 161.0 110.0 188.0 238.0 236.0 181.0 183.0 198.0 202.0 182.0 193.0 189.0 181.0 193.0 203.0 213.0 206.0 202.0 198.0 200.0 194.0 205.0 199.0
206.0 187.0 208.0 227.0 204.0 205.0 225.0 236.0 221.0 227.0 229.0 253.0 250.0 255.0 229.0 228.0 219.0 228.0 218.0 204.0 204.0 211.0 240.0 227.0 208.0 15.0 230.0 30.0 106.0 41.0 20.0 272.0 258.0 239.0 204.0 255.0 198.0 187.0 228.0 173.0 233.0 235.0 244.0 226.0 231.0 227.0 223.0 224.0 224.0
241.0 203.0 244.0 225.0 220.0 233.0 234.0 230.0 202.0 211.0 218.0 213.0 219.0 208.0 224.0 241.0 205.0 197.0 206.0 210.0 244.0 226.0 238.0 246.0 224.0 195.0 170.0 234.0 254.0 265.0 195.0 245.0 161.0 258.0 184.0 227.0 242.0 240.0 219.0 219.0 234.0 235.0 212.0 220.0 228.0 214.0 205.0 195.0 214.0
