261.0 257.0 196.0 181.0 190.0 192.0 215.0 278.0 268.0 241.0 211.0 199.0 197.0 216.0 238.0 260.0 274.0 295.0 324.0 306.0 343.0 301.0 275.0 238.0 272.0 312.0 302.0 267.0 261.0 262.0 267.0 266.0 227.0 236.0 243.0 231.0 248.0 236.0 260.0 297.0 261.0 280.0 249.0 217.0 200.0 192.0 239.0 250.0 217.0
286.0 276.0 237.0 228.0 246.0 262.0 286.0 329.0 256.0 277.0 272.0 266.0 255.0 278.0 262.0 244.0 263.0 279.0 259.0 271.0 272.0 280.0 308.0 293.0 290.0 321.0 286.0 301.0 315.0 275.0 290.0 280.0 318.0 276.0 295.0 305.0 339.0 303.0 294.0 303.0 285.0 291.0 303.0 332.0 305.0 291.0 313.0 316.0 298.0
278.0 269.0 277.0 275.0 276.0 283.0 278.0 275.0 272.0 266.0 277.0 266.0 281.0 286.0 283.0 273.0 278.0 281.0 279.0 277.0 277.0 265.0 275.0 280.0 279.0 274.0 277.0 270.0 295.0 279.0 278.0 278.0 284.0 288.0 274.0 259.0 269.0 272.0 268.0 273.0 277.0 275.0 278.0 303.0 303.0 259.0 290.0 291.0 303.0
300.0 314.0 312.0 318.0 297.0 314.0 302.0 292.0 307.0 333.0 327.0 321.0 344.0 325.0 319.0 334.0 317.0 317.0 322.0 311.0 304.0 284.0 307.0 294.0 314.0 342.0 354.0 350.0 327.0 343.0 325.0 297.0 340.0 334.0 339.0 322.0 335.0 341.0 375.0 370.0 374.0 349.0 324.0 350.0 351.0 372.0 356.0 354.0 337.0
338.0 327.0 332.0 324.0 311.0 310.0 306.0 288.0 298.0 322.0 332.0 309.0 315.0 297.0 299.0 296.0 283.0 303.0 311.0 318.0 302.0 305.0 289.0 314.0 297.0 320.0 332.0 305.0 299.0 299.0 296.0 295.0 297.0 288.0 284.0 283.0 283.0 254.0 248.0 266.0 247.0 254.0 254.0 258.0 279.0 292.0 309.0 304.0 306.0
320.0 309.0 305.0 247.0 343.0 292.0 246.0 326.0 316.0 330.0 307.0 313.0 352.0 321.0 293.0 326.0 306.0 352.0 309.0 348.0 314.0 332.0 360.0 308.0 359.0 301.0 303.0 317.0 322.0 362.0 306.0 256.0 261.0 242.0 268.0 216.0 221.0 281.0 245.0 280.0 303.0 262.0 346.0 295.0 286.0 309.0 278.0 278.0 329.0
357.0 330.0 356.0 311.0 319.0 333.0 329.0 345.0 308.0 330.0 326.0 352.0 360.0 306.0 341.0 319.0 359.0 311.0 293.0 334.0 300.0 107.0 354.0 357.0 312.0 322.0 377.0 347.0 330.0 316.0 298.0 323.0 294.0 327.0 311.0 313.0 315.0 278.0 369.0 323.0 262.0 261.0 310.0 357.0 365.0 366.0 373.0 331.0 374.0
323.0 336.0 326.0 342.0 330.0 367.0 332.0 348.0 375.0 330.0 322.0 352.0 332.0 258.0 302.0 405.0 397.0 391.0 368.0 417.0 351.0 351.0 352.0 316.0 317.0 316.0 353.0 371.0 298.0 343.0 325.0 342.0 353.0 316.0 332.0 308.0 314.0 293.0 329.0 313.0 327.0 320.0 338.0 340.0 312.0 334.0 353.0 360.0 322.0
334.0 321.0 326.0 328.0 348.0 345.0 358.0 347.0 370.0 355.0 351.0 333.0 234.0 472.0 421.0 398.0 357.0 360.0 349.0 363.0 342.0 331.0 341.0 327.0 312.0 333.0 318.0 322.0 347.0 336.0 319.0 362.0 333.0 357.0 353.0 356.0 332.0 334.0 362.0 348.0 358.0 370.0 346.0 326.0 349.0 328.0 372.0 324.0 368.0
311.0 329.0 305.0 318.0 332.0 329.0 352.0 361.0 348.0 17.0 473.0 445.0 375.0 336.0 318.0 334.0 332.0 349.0 366.0 330.0 333.0 331.0 318.0 340.0 344.0 327.0 337.0 360.0 339.0 332.0 344.0 336.0 357.0 335.0 353.0 326.0 324.0 350.0 332.0 316.0 354.0 337.0 303.0 295.0 338.0 323.0 335.0 314.0 307.0
303.0 295.0 338.0 323.0 335.0 314.0 307.0 300.0 326.0 308.0 26.0 40.0 432.0 455.0 439.0 468.0 401.0 365.0 338.0 332.0 335.0 357.0 363.0 332.0 351.0 339.0 341.0 349.0 348.0 331.0 349.0 334.0 376.0 341.0 359.0 362.0 364.0 378.0 380.0 384.0 372.0 361.0 365.0 352.0 375.0 363.0 345.0 392.0 397.0
367.0 344.0 371.0 342.0 345.0 355.0 369.0 343.0 373.0 344.0 331.0 87.0 413.0 475.0 461.0 391.0 377.0 356.0 352.0 384.0 348.0 355.0 382.0 370.0 364.0 388.0 353.0 380.0 360.0 368.0 355.0 366.0 358.0 348.0 356.0 374.0 350.0 363.0 353.0 327.0 301.0 299.0 349.0 406.0 434.0 391.0 381.0 359.0 367.0
349.0 320.0 329.0 336.0 315.0 356.0 314.0 327.0 333.0 258.0 269.0 269.0 304.0 297.0 282.0 385.0 327.0 319.0 305.0 15.0 487.0 410.0 330.0 332.0 335.0 304.0 300.0 322.0 293.0 323.0 294.0 311.0 325.0 319.0 304.0 302.0 320.0 305.0 328.0 368.0 314.0 310.0 345.0 336.0 351.0 358.0 377.0 390.0 395.0
313.0 301.0 308.0 293.0 311.0 313.0 314.0 307.0 298.0 293.0 320.0 307.0 15.0 256.0 470.0 220.0 287.0 312.0 291.0 279.0 275.0 292.0 281.0 206.0 242.0 274.0 253.0 227.0 252.0 274.0 338.0 390.0 344.0 329.0 305.0 302.0 298.0 312.0 311.0 338.0 326.0 273.0 321.0 304.0 336.0 348.0 385.0 405.0 359.0
377.0 405.0 401.0 323.0 343.0 346.0 376.0 343.0 373.0 382.0 325.0 310.0 15.0 496.0 496.0 478.0 402.0 457.0 428.0 354.0 349.0 316.0 343.0 304.0 318.0 332.0 372.0 326.0 314.0 318.0 348.0 413.0 327.0 376.0 267.0 273.0 317.0 285.0 316.0 318.0 337.0 308.0 312.0 323.0 348.0 332.0 332.0 347.0 304.0
340.0 361.0 339.0 308.0 319.0 302.0 318.0 289.0 378.0 331.0 338.0 364.0 360.0 302.0 338.0 380.0 15.0 497.0 469.0 451.0 497.0 353.0 369.0 377.0 399.0 338.0 339.0 398.0 360.0 297.0 293.0 329.0 444.0 363.0 325.0 263.0 284.0 283.0 342.0 367.0 364.0 359.0 364.0 326.0 395.0 402.0 385.0 362.0 389.0
299.0 280.0 270.0 354.0 287.0 260.0 314.0 315.0 327.0 368.0 337.0 15.0 343.0 368.0 362.0 335.0 305.0 287.0 308.0 307.0 284.0 293.0 294.0 320.0 353.0 341.0 381.0 351.0 315.0 369.0 352.0 345.0 352.0 316.0 329.0 416.0 375.0 340.0 343.0 353.0 347.0 358.0 349.0 368.0 359.0 356.0 356.0 345.0 368.0
356.0 356.0 345.0 368.0 355.0 367.0 381.0 339.0 379.0 359.0 327.0 389.0 360.0 356.0 415.0 345.0 110.0 230.0 500.0 412.0 439.0 436.0 397.0 403.0 338.0 323.0 349.0 361.0 325.0 314.0 381.0 369.0 342.0 334.0 317.0 330.0 318.0 317.0 324.0 316.0 362.0 332.0 331.0 377.0 364.0 360.0 377.0 375.0 302.0
319.0 328.0 343.0 323.0 338.0 303.0 331.0 313.0 290.0 302.0 309.0 358.0 274.0 253.0 294.0 334.0 351.0 304.0 338.0 337.0 335.0 293.0 286.0 309.0 282.0 291.0 304.0 337.0 350.0 335.0 377.0 349.0 380.0 380.0 383.0 367.0 355.0 360.0 341.0 344.0 379.0 339.0 345.0 334.0 321.0 338.0 346.0 355.0 333.0
313.0 336.0 315.0 300.0 305.0 309.0 329.0 349.0 312.0 328.0 349.0 368.0 332.0 372.0 357.0 475.0 397.0 443.0 319.0 262.0 299.0 268.0 333.0 280.0 320.0 297.0 309.0 360.0 326.0 316.0 321.0 290.0 294.0 272.0 306.0 306.0 303.0 293.0 287.0 312.0 306.0 314.0 288.0 264.0 295.0 285.0 290.0 267.0 281.0
366.0 364.0 347.0 332.0 343.0 349.0 361.0 355.0 352.0 338.0 345.0 324.0 363.0 356.0 419.0 208.0 321.0 330.0 291.0 331.0 292.0 291.0 304.0 311.0 343.0 313.0 340.0 335.0 308.0 311.0 341.0 327.0 325.0 339.0 322.0 313.0 341.0 312.0 308.0 352.0 301.0 317.0 335.0 316.0 340.0 325.0 319.0 325.0 337.0
330.0 369.0 357.0 367.0 365.0 376.0 381.0 375.0 369.0 363.0 367.0 362.0 346.0 371.0 356.0 354.0 391.0 354.0 341.0 331.0 351.0 317.0 352.0 354.0 368.0 362.0 364.0 356.0 349.0 359.0 349.0 354.0 358.0 350.0 360.0 355.0 423.0 339.0 364.0 363.0 391.0 375.0 363.0 352.0 353.0 345.0 340.0 338.0 344.0
359.0 350.0 328.0 332.0 328.0 337.0 336.0 358.0 341.0 341.0 368.0 383.0 374.0 391.0 445.0 240.0 410.0 380.0 372.0 377.0 333.0 391.0 343.0 339.0 338.0 359.0 381.0 383.0 335.0 359.0 365.0 340.0 340.0 346.0 358.0 348.0 352.0 353.0 342.0 351.0 350.0 353.0 389.0 351.0 360.0 361.0 348.0 351.0 390.0
385.0 391.0 374.0 356.0 380.0 346.0 338.0 339.0 338.0 314.0 355.0 265.0 278.0 299.0 304.0 273.0 468.0 281.0 251.0 280.0 338.0 375.0 351.0 307.0 332.0 312.0 306.0 284.0 345.0 265.0 288.0 267.0 295.0 382.0 308.0 313.0 331.0 309.0 294.0 298.0 321.0 344.0 338.0 337.0 295.0 313.0 287.0 317.0 290.0
296.0 278.0 285.0 281.0 306.0 302.0 311.0 305.0 295.0 283.0 304.0 280.0 277.0 275.0 286.0 261.0 389.0 310.0 263.0 288.0 319.0 300.0 316.0 283.0 314.0 281.0 308.0 303.0 309.0 294.0 276.0 285.0 302.0 298.0 282.0 276.0 284.0 267.0 276.0 261.0 277.0 278.0 285.0 267.0 293.0 283.0 282.0 271.0 295.0
292.0 292.0 281.0 293.0 290.0 309.0 297.0 269.0 296.0 284.0 271.0 266.0 271.0 301.0 297.0 260.0 285.0 278.0 113.0 342.0 389.0 289.0 283.0 308.0 341.0 356.0 292.0 312.0 288.0 310.0 304.0 289.0 301.0 311.0 292.0 301.0 305.0 282.0 272.0 283.0 302.0 311.0 284.0 291.0 318.0 309.0 291.0 302.0 289.0
306.0 329.0 289.0 306.0 324.0 304.0 329.0 303.0 320.0 313.0 306.0 325.0 289.0 293.0 311.0 297.0 290.0 283.0 54.0 349.0 338.0 372.0 356.0 347.0 320.0 310.0 305.0 314.0 312.0 314.0 337.0 301.0 314.0 301.0 306.0 315.0 309.0 330.0 329.0 302.0 299.0 318.0 298.0 293.0 319.0 296.0 317.0 317.0 299.0
323.0 294.0 306.0 307.0 320.0 327.0 335.0 325.0 331.0 308.0 73.0 418.0 432.0 309.0 333.0 334.0 318.0 341.0 323.0 330.0 302.0 302.0 308.0 322.0 339.0 307.0 326.0 310.0 324.0 308.0 306.0 298.0 302.0 317.0 315.0 304.0 306.0 300.0 301.0 296.0 300.0 298.0 310.0 311.0 309.0 289.0 292.0 275.0 284.0
306.0 319.0 309.0 300.0 317.0 315.0 324.0 335.0 323.0 330.0 317.0 308.0 318.0 51.0 347.0 401.0 260.0 341.0 330.0 314.0 332.0 330.0 321.0 286.0 304.0 301.0 280.0 288.0 284.0 333.0 294.0 293.0 289.0 302.0 286.0 292.0 268.0 299.0 260.0 279.0 278.0 295.0 298.0 304.0 269.0 286.0 267.0 260.0 295.0
298.0 294.0 294.0 288.0 287.0 316.0 301.0 300.0 292.0 314.0 326.0 318.0 305.0 324.0 322.0 295.0 288.0 322.0 311.0 86.0 373.0 370.0 303.0 360.0 338.0 303.0 296.0 319.0 315.0 328.0 330.0 307.0 302.0 306.0 295.0 304.0 282.0 305.0 287.0 297.0 311.0 310.0 300.0 298.0 325.0 316.0 329.0 306.0 322.0
326.0 358.0 361.0 336.0 341.0 356.0 322.0 320.0 373.0 368.0 372.0 344.0 353.0 381.0 359.0 358.0 350.0 344.0 302.0 315.0 322.0 328.0 339.0 323.0 314.0 317.0 333.0 313.0 339.0 363.0 18.0 238.0 287.0 281.0 59.0 208.0 184.0 347.0 425.0 373.0 314.0 356.0 312.0 324.0 306.0 362.0 339.0 345.0 404.0
347.0 364.0 329.0 316.0 347.0 346.0 377.0 328.0 355.0 338.0 350.0 342.0 319.0 327.0 347.0 346.0 334.0 372.0 366.0 351.0 331.0 340.0 120.0 62.0 197.0 162.0 234.0 188.0 273.0 372.0 355.0 463.0 449.0 405.0 326.0 379.0 338.0 348.0 334.0 339.0 323.0 321.0 358.0 387.0 329.0 316.0 321.0 311.0 327.0
345.0 335.0 351.0 338.0 334.0 342.0 353.0 352.0 366.0 350.0 347.0 347.0 340.0 340.0 335.0 340.0 329.0 336.0 323.0 239.0 218.0 77.0 137.0 174.0 98.0 76.0 309.0 358.0 355.0 395.0 296.0 303.0 322.0 302.0 346.0 392.0 286.0 306.0 323.0 322.0 326.0 359.0 355.0 376.0 342.0 334.0 341.0 349.0 321.0
333.0 319.0 306.0 318.0 332.0 334.0 335.0 329.0 335.0 316.0 333.0 335.0 360.0 341.0 324.0 328.0 330.0 340.0 319.0 335.0 329.0 332.0 316.0 346.0 341.0 338.0 317.0 310.0 337.0 313.0 474.0 474.0 467.0 303.0 358.0 324.0 235.0 333.0 417.0 344.0 416.0 410.0 338.0 364.0 369.0 356.0 362.0 397.0 367.0
334.0 366.0 328.0 317.0 326.0 325.0 314.0 361.0 341.0 352.0 335.0 339.0 322.0 313.0 319.0 288.0 311.0 328.0 338.0 346.0 354.0 411.0 402.0 475.0 298.0 389.0 406.0 475.0 475.0 435.0 371.0 399.0 387.0 401.0 347.0 398.0 397.0 370.0 317.0 352.0 316.0 316.0 322.0 347.0 346.0 357.0 309.0 351.0 320.0
311.0 326.0 307.0 302.0 308.0 326.0 303.0 312.0 322.0 306.0 301.0 299.0 316.0 298.0 304.0 312.0 310.0 315.0 331.0 312.0 310.0 321.0 296.0 284.0 273.0 333.0 114.0 214.0 219.0 239.0 250.0 358.0 367.0 326.0 310.0 315.0 312.0 319.0 321.0 310.0 302.0 302.0 339.0 340.0 323.0 349.0 336.0 338.0 330.0
323.0 327.0 322.0 323.0 308.0 312.0 319.0 335.0 328.0 317.0 312.0 323.0 306.0 304.0 243.0 78.0 167.0 174.0 170.0 211.0 330.0 380.0 443.0 395.0 437.0 432.0 361.0 393.0 349.0 328.0 330.0 337.0 330.0 321.0 321.0 323.0 348.0 334.0 320.0 326.0 327.0 312.0 337.0 341.0 318.0 307.0 318.0 343.0 315.0
324.0 323.0 316.0 341.0 321.0 313.0 328.0 334.0 334.0 347.0 333.0 310.0 310.0 315.0 339.0 313.0 315.0 325.0 96.0 357.0 454.0 454.0 432.0 454.0 454.0 454.0 454.0 445.0 395.0 326.0 385.0 365.0 320.0 356.0 335.0 336.0 321.0 338.0 327.0 332.0 348.0 316.0 332.0 418.0 343.0 360.0 338.0 330.0 322.0
330.0 334.0 358.0 358.0 348.0 361.0 353.0 369.0 337.0 348.0 339.0 342.0 353.0 358.0 362.0 348.0 331.0 322.0 65.0 389.0 406.0 460.0 388.0 384.0 366.0 365.0 323.0 372.0 354.0 333.0 364.0 358.0 365.0 352.0 342.0 354.0 365.0 346.0 337.0 364.0 377.0 347.0 363.0 314.0 380.0 387.0 342.0 348.0 354.0
342.0 379.0 361.0 316.0 366.0 381.0 371.0 367.0 359.0 363.0 341.0 346.0 372.0 347.0 353.0 340.0 315.0 368.0 332.0 327.0 331.0 362.0 402.0 359.0 344.0 327.0 318.0 330.0 349.0 345.0 351.0 345.0 318.0 352.0 369.0 346.0 330.0 331.0 342.0 346.0 345.0 386.0 430.0 397.0 405.0 421.0 407.0 356.0 266.0
335.0 344.0 347.0 344.0 327.0 326.0 317.0 328.0 312.0 319.0 328.0 312.0 323.0 314.0 130.0 319.0 331.0 358.0 295.0 395.0 442.0 466.0 390.0 347.0 335.0 344.0 353.0 358.0 341.0 323.0 333.0 335.0 346.0 354.0 348.0 333.0 344.0 346.0 340.0 322.0 336.0 350.0 346.0 358.0 362.0 363.0 366.0 356.0 346.0
376.0 308.0 317.0 331.0 375.0 340.0 379.0 308.0 321.0 357.0 378.0 358.0 399.0 355.0 359.0 355.0 158.0 193.0 475.0 338.0 363.0 379.0 342.0 373.0 343.0 333.0 346.0 322.0 335.0 328.0 373.0 365.0 335.0 330.0 321.0 345.0 376.0 428.0 341.0 382.0 373.0 363.0 362.0 385.0 390.0 364.0 392.0 402.0 407.0
294.0 290.0 274.0 272.0 277.0 284.0 276.0 266.0 269.0 289.0 276.0 298.0 274.0 285.0 277.0 276.0 296.0 286.0 296.0 288.0 259.0 362.0 451.0 293.0 248.0 197.0 261.0 286.0 265.0 293.0 294.0 298.0 285.0 286.0 283.0 300.0 293.0 309.0 311.0 300.0 302.0 280.0 270.0 263.0 307.0 279.0 272.0 276.0 290.0
298.0 292.0 305.0 308.0 293.0 319.0 303.0 303.0 314.0 327.0 317.0 308.0 313.0 315.0 322.0 317.0 305.0 294.0 300.0 274.0 266.0 269.0 360.0 386.0 234.0 354.0 359.0 309.0 301.0 269.0 289.0 308.0 309.0 301.0 312.0 307.0 319.0 317.0 294.0 300.0 331.0 327.0 321.0 311.0 302.0 283.0 282.0 279.0 300.0
346.0 333.0 329.0 334.0 320.0 331.0 335.0 317.0 328.0 327.0 326.0 327.0 337.0 323.0 312.0 321.0 322.0 305.0 308.0 309.0 314.0 328.0 309.0 324.0 318.0 299.0 320.0 312.0 294.0 234.0 347.0 416.0 383.0 412.0 404.0 463.0 422.0 435.0 419.0 326.0 304.0 285.0 348.0 327.0 328.0 309.0 328.0 312.0 319.0
335.0 319.0 340.0 336.0 333.0 328.0 320.0 340.0 321.0 330.0 317.0 328.0 319.0 320.0 322.0 317.0 468.0 350.0 118.0 468.0 439.0 468.0 288.0 366.0 427.0 341.0 340.0 344.0 296.0 334.0 325.0 317.0 316.0 308.0 320.0 300.0 298.0 320.0 330.0 315.0 284.0 300.0 298.0 297.0 312.0 288.0 284.0 295.0 299.0
320.0 331.0 331.0 327.0 326.0 297.0 286.0 295.0 300.0 320.0 285.0 297.0 289.0 298.0 306.0 298.0 317.0 305.0 308.0 318.0 306.0 292.0 311.0 297.0 296.0 331.0 15.0 476.0 476.0 476.0 476.0 340.0 362.0 339.0 362.0 356.0 334.0 338.0 356.0 354.0 331.0 337.0 327.0 350.0 334.0 339.0 328.0 340.0 343.0
307.0 295.0 284.0 314.0 325.0 307.0 279.0 289.0 294.0 292.0 288.0 302.0 301.0 324.0 296.0 280.0 291.0 325.0 293.0 294.0 291.0 305.0 307.0 286.0 313.0 216.0 305.0 218.0 220.0 298.0 337.0 286.0 313.0 291.0 339.0 277.0 277.0 264.0 317.0 294.0 284.0 305.0 316.0 303.0 298.0 305.0 321.0 327.0 300.0
