495220.0 495419.0 495419.0 495622.0 495622.0 495824.0 495824.0 496026.0 496026.0 496228.0 496413.0 496413.0 496614.0 496614.0 496815.0 497017.0 497017.0 497218.0 497218.0 497419.0 497419.0 497620.0 497825.0 497825.0 498008.0 498209.0 498209.0 498410.0 498410.0 498611.0 498814.0 498814.0 499017.0 499017.0 499221.0 499424.0 499424.0 499606.0 499606.0 499811.0 499811.0 500013.0 500013.0 500216.0 500216.0 500418.0 500620.0 500620.0 500823.0 500823.0 501026.0 501206.0 501206.0 501428.0
501206.0 501206.0 501428.0 501428.0 501631.0 501833.0 501833.0 502033.0 502033.0 502234.0 502436.0 502436.0 502638.0 502638.0 502820.0 503022.0 503022.0 503224.0 503424.0 503424.0 503624.0 503824.0 503824.0 504027.0 504227.0 504227.0 504428.0 504428.0 504631.0 504831.0 504831.0 505030.0 505030.0 505232.0 505232.0 505433.0 505634.0 505634.0 505835.0 505835.0 506035.0 506236.0 506236.0 506437.0 506437.0 506638.0 506840.0 506840.0 507043.0 507227.0 507227.0 507430.0 507632.0 507632.0
513034.0 513235.0 513440.0 513440.0 513641.0 513641.0 513824.0 514026.0 514026.0 514227.0 514428.0 514428.0 514629.0 514629.0 514831.0 514831.0 515031.0 515232.0 515232.0 515432.0 515432.0 515634.0 515634.0 515833.0 516034.0 516034.0 516236.0 516236.0 516436.0 516639.0 516639.0 516838.0 517041.0 517041.0 517243.0 517243.0 517444.0 517444.0 517645.0 517826.0 517826.0 518027.0 518027.0 518227.0 518429.0 518429.0 518630.0 518630.0 518831.0 518831.0 519034.0 519235.0 519235.0 519439.0
519235.0 519235.0 519439.0 519439.0 519641.0 519641.0 519842.0 520044.0 520044.0 520227.0 520431.0 520431.0 520634.0 520634.0 520834.0 520834.0 521035.0 521035.0 521235.0 521437.0 521437.0 521639.0 521639.0 521840.0 521840.0 522042.0 522244.0 522244.0 522444.0 522444.0 522647.0 522829.0 522829.0 523034.0 523034.0 523237.0 523442.0 523442.0 523643.0 523643.0 523827.0 523827.0 524028.0 524229.0 524229.0 524429.0 524429.0 524631.0 524837.0 524837.0 525037.0 525037.0 525238.0 525238.0
531239.0 531239.0 531441.0 531644.0 531644.0 531826.0 532027.0 532027.0 532228.0 532228.0 532429.0 532429.0 532629.0 532629.0 532829.0 533031.0 533031.0 533231.0 533231.0 533435.0 533637.0 533637.0 533838.0 533838.0 534038.0 534222.0 534222.0 534422.0 534422.0 534623.0 534623.0 534825.0 534825.0 535028.0 535231.0 535231.0 535432.0 535635.0 535635.0 535836.0 535836.0 536037.0 536242.0 536242.0 536423.0 536423.0 536627.0 536627.0 536830.0 537033.0 537033.0 537233.0 537437.0 537437.0
186056.0 186056.0 186260.0 186260.0 186447.0 186447.0 186655.0 186858.0 187047.0 187047.0 187254.0 187254.0 187441.0 187645.0 187645.0 187853.0 188055.0 188055.0 188258.0 188258.0 188461.0 188645.0 188856.0 189059.0 189059.0 189261.0 189446.0 189446.0 189657.0 189657.0 189863.0 190047.0 190047.0 190255.0 190461.0 190461.0 190664.0 190851.0 190851.0 191058.0 191250.0 191250.0 191455.0 191661.0 191661.0 191862.0 192045.0 192045.0 192248.0 192452.0 192452.0 192656.0 192656.0 193065.0
571044.0 571245.0 571447.0 571447.0 571649.0 571649.0 571849.0 572049.0 572049.0 572248.0 572248.0 572435.0 572636.0 572837.0 572837.0 573039.0 573039.0 573239.0 573447.0 573447.0 573649.0 573649.0 573849.0 574050.0 574050.0 574249.0 574249.0 574454.0 574635.0 574835.0 575035.0 575439.0 575640.0 575841.0 576041.0 576444.0 576646.0 577046.0 577246.0 577448.0 577632.0 577632.0 577833.0 577833.0 578033.0 578033.0 578233.0 578438.0 578638.0 578638.0 578839.0 578839.0 579040.0 579241.0
614039.0 614239.0 614443.0 614443.0 614645.0 614845.0 615045.0 615245.0 615245.0 615448.0 615650.0 615850.0 616050.0 616250.0 616433.0 616433.0 616636.0 616836.0 617036.0 617236.0 617439.0 617439.0 617641.0 617641.0 617842.0 617842.0 618041.0 618041.0 618241.0 618241.0 618445.0 618646.0 618646.0 618849.0 618849.0 619049.0 619249.0 619249.0 619435.0 619641.0 619641.0 619841.0 620041.0 620041.0 620241.0 620446.0 620446.0 620647.0 620847.0 620847.0 621046.0 621046.0 621247.0 621451.0
623039.0 623239.0 623239.0 623443.0 623443.0 623644.0 623844.0 623844.0 624044.0 624244.0 624244.0 624447.0 624447.0 624850.0 625051.0 625252.0 625434.0 625635.0 625835.0 626036.0 626036.0 626236.0 626439.0 626843.0 627044.0 627044.0 627243.0 627243.0 627448.0 627631.0 627631.0 627850.0 627850.0 628051.0 628051.0 628250.0 628436.0 628436.0 628637.0 628837.0 628837.0 629037.0 629037.0 629237.0 629237.0 629440.0 629642.0 629642.0 629842.0 629842.0 630042.0 630042.0 630242.0 630445.0
638039.0 638238.0 638446.0 638647.0 638849.0 639051.0 639251.0 639251.0 639433.0 639634.0 639834.0 639834.0 640034.0 640235.0 640639.0 640639.0 640840.0 641041.0 641242.0 641242.0 641447.0 641851.0 641851.0 642231.0 642455.0 642639.0 642840.0 643041.0 643041.0 643241.0 643443.0 643443.0 643645.0 643645.0 643848.0 644048.0 644048.0 644249.0 644452.0 644452.0 644652.0 644852.0 645252.0 645457.0 645640.0 645840.0 645840.0 646242.0 646242.0 646446.0 646647.0 646847.0 647047.0 647248.0
646242.0 646242.0 646446.0 646647.0 646847.0 647047.0 647248.0 647454.0 647454.0 647637.0 647637.0 647837.0 647837.0 648037.0 648237.0 648237.0 648441.0 648441.0 648643.0 648643.0 648845.0 649044.0 649044.0 649244.0 649244.0 649448.0 649648.0 649648.0 649848.0 649848.0 650049.0 650248.0 650248.0 650452.0 650654.0 650654.0 650854.0 650854.0 651055.0 651254.0 651439.0 651439.0 651642.0 651842.0 651842.0 652042.0 652242.0 652242.0 652445.0 652646.0 652646.0 652848.0 652848.0 653048.0
654056.0 654256.0 654256.0 654441.0 654647.0 654847.0 655047.0 655047.0 655247.0 655451.0 655652.0 655852.0 656052.0 656052.0 656252.0 656638.0 656838.0 657038.0 657238.0 657238.0 657441.0 657441.0 657642.0 657642.0 657842.0 657842.0 658042.0 658042.0 658242.0 658242.0 658445.0 658649.0 658649.0 658849.0 658849.0 659050.0 659050.0 659249.0 659453.0 659453.0 659655.0 659655.0 659855.0 660056.0 660056.0 660255.0 660440.0 660440.0 660640.0 660640.0 660841.0 661041.0 661041.0 661241.0
280569.0 280569.0 280753.0 280961.0 280961.0 281166.0 281368.0 281368.0 281551.0 281551.0 281758.0 281758.0 281967.0 282158.0 282363.0 282363.0 282551.0 282754.0 282754.0 282959.0 282959.0 283161.0 283351.0 283559.0 283559.0 283761.0 283951.0 283951.0 284155.0 284359.0 284359.0 284567.0 284753.0 284753.0 284959.0 285165.0 285165.0 285353.0 285558.0 285558.0 285760.0 285966.0 285966.0 286150.0 286150.0 286356.0 286561.0 286561.0 286764.0 286764.0 286966.0 287150.0 287150.0 287362.0
309566.0 309754.0 309754.0 309960.0 309960.0 310163.0 310349.0 310552.0 310552.0 310759.0 310759.0 310946.0 311148.0 311148.0 311352.0 311554.0 311554.0 311756.0 311756.0 311959.0 311959.0 312162.0 312162.0 312350.0 312557.0 312557.0 312762.0 312948.0 312948.0 313150.0 313150.0 313354.0 313560.0 313560.0 313745.0 313947.0 314156.0 314156.0 314360.0 314547.0 314547.0 314750.0 314958.0 314958.0 315165.0 315350.0 315350.0 315555.0 315555.0 315764.0 315951.0 315951.0 316158.0 316361.0
316361.0 316564.0 316748.0 316748.0 316955.0 317159.0 317362.0 317547.0 317547.0 317752.0 317752.0 317959.0 318161.0 318161.0 318351.0 318351.0 318553.0 318758.0 318758.0 318962.0 319165.0 319165.0 319348.0 319556.0 319761.0 319761.0 319966.0 320155.0 320155.0 320359.0 320359.0 320561.0 320769.0 320952.0 320952.0 321159.0 321362.0 321362.0 321553.0 321553.0 321758.0 321960.0 321960.0 322163.0 322367.0 322367.0 322557.0 322557.0 322742.0 322951.0 322951.0 323159.0 323365.0 323365.0
323552.0 323757.0 323757.0 323959.0 324162.0 324162.0 324345.0 324551.0 324551.0 324754.0 324956.0 324956.0 325161.0 325362.0 325362.0 325566.0 325566.0 325754.0 325957.0 325957.0 326165.0 326350.0 326350.0 326555.0 326763.0 326763.0 326968.0 327152.0 327152.0 327356.0 327356.0 327560.0 327747.0 327747.0 327950.0 328156.0 328156.0 328361.0 328552.0 328552.0 328756.0 328960.0 328960.0 329163.0 329163.0 329354.0 329557.0 329557.0 329763.0 329966.0 329966.0 330150.0 330353.0 330353.0
339560.0 339764.0 339764.0 339966.0 340152.0 340152.0 340360.0 340360.0 340566.0 340749.0 340749.0 340953.0 341154.0 341359.0 341359.0 341565.0 341750.0 341750.0 341961.0 342164.0 342164.0 342351.0 342554.0 342554.0 342762.0 342965.0 342965.0 343168.0 343356.0 343356.0 343543.0 343543.0 343752.0 343960.0 343960.0 344146.0 344349.0 344349.0 344552.0 344758.0 344758.0 344963.0 345166.0 345166.0 345350.0 345555.0 345555.0 345757.0 345757.0 345962.0 346150.0 346150.0 346356.0 346560.0
345555.0 345555.0 345757.0 345757.0 345962.0 346150.0 346150.0 346356.0 346560.0 346560.0 346748.0 346952.0 346952.0 347159.0 347159.0 347346.0 347550.0 347550.0 347755.0 347961.0 347961.0 348166.0 348351.0 348351.0 348557.0 348744.0 348744.0 348948.0 349152.0 349152.0 349355.0 349557.0 349557.0 349761.0 349761.0 349963.0 350168.0 350168.0 350350.0 350554.0 350554.0 350756.0 350756.0 350960.0 351164.0 351164.0 351348.0 351348.0 351552.0 351755.0 351755.0 351959.0 352164.0 352164.0
343048.0 343247.0 343435.0 343435.0 343638.0 343838.0 343838.0 344038.0 344238.0 344442.0 344442.0 344844.0 344844.0 345044.0 345244.0 345448.0 345631.0 345851.0 346231.0 346434.0 346635.0 346836.0 347036.0 347036.0 347235.0 347438.0 347438.0 347640.0 347640.0 347840.0 348040.0 348040.0 348240.0 348240.0 348444.0 348444.0 348646.0 348827.0 348827.0 349047.0 349047.0 349246.0 349246.0 349430.0 349430.0 349632.0 349632.0 349833.0 350032.0 350032.0 350232.0 350232.0 350437.0 350638.0
357030.0 357229.0 357229.0 357434.0 357434.0 357635.0 357635.0 357835.0 358035.0 358035.0 358235.0 358235.0 358439.0 358640.0 358640.0 358840.0 358840.0 359040.0 359240.0 359240.0 359444.0 359444.0 359646.0 359846.0 359846.0 360046.0 360046.0 360246.0 360429.0 360429.0 360630.0 360630.0 360850.0 360850.0 361030.0 361030.0 361230.0 361433.0 361433.0 361637.0 361637.0 361837.0 361837.0 362037.0 362237.0 362237.0 362440.0 362440.0 362642.0 362843.0 362843.0 363043.0 363043.0 363243.0
372034.0 372234.0 372234.0 372438.0 372639.0 372639.0 372840.0 372840.0 373040.0 373040.0 373240.0 373442.0 373442.0 373644.0 373845.0 373845.0 374044.0 374244.0 374447.0 374630.0 374831.0 375230.0 375230.0 375636.0 375837.0 375837.0 376037.0 376237.0 376440.0 376440.0 376842.0 376842.0 377041.0 377041.0 377241.0 377446.0 377446.0 377647.0 377847.0 377847.0 378048.0 378048.0 378247.0 378450.0 378450.0 378633.0 378633.0 378834.0 379034.0 379034.0 379235.0 379235.0 379437.0 379437.0
400040.0 400240.0 400240.0 400446.0 400629.0 400629.0 400831.0 400831.0 401051.0 401051.0 401231.0 401231.0 401456.0 401837.0 401837.0 402037.0 402037.0 402237.0 402439.0 402439.0 402639.0 402639.0 402839.0 403039.0 403039.0 403239.0 403239.0 403443.0 403443.0 403645.0 403645.0 403844.0 404044.0 404044.0 404244.0 404447.0 404631.0 405030.0 405030.0 405231.0 405434.0 405636.0 405836.0 406037.0 406236.0 406439.0 406643.0 406843.0 407242.0 407242.0 407446.0 407446.0 407648.0 407829.0
420034.0 420234.0 420234.0 420639.0 420639.0 420839.0 421039.0 421039.0 421240.0 421240.0 421444.0 421444.0 421648.0 421648.0 421848.0 422048.0 422048.0 422248.0 422248.0 422432.0 422633.0 422633.0 422833.0 422833.0 423033.0 423033.0 423253.0 423438.0 423638.0 423638.0 423839.0 423839.0 424039.0 424039.0 424238.0 424441.0 424643.0 425043.0 425243.0 425243.0 425627.0 425627.0 425847.0 426047.0 426247.0 426452.0 426452.0 426635.0 426835.0 427035.0 427035.0 427235.0 427440.0 427440.0
241055.0 241256.0 241256.0 241459.0 241459.0 241661.0 241864.0 241864.0 242066.0 242066.0 242269.0 242452.0 242654.0 242654.0 242857.0 243062.0 243062.0 243263.0 243263.0 243464.0 243667.0 243667.0 243867.0 244067.0 244067.0 244268.0 244451.0 244451.0 244654.0 244654.0 244854.0 244854.0 245056.0 245262.0 245262.0 245464.0 245464.0 245666.0 245869.0 245869.0 246051.0 246256.0 246256.0 246460.0 246663.0 246663.0 246865.0 246865.0 247067.0 247270.0 247270.0 247452.0 247655.0 247655.0
77033.0 77233.0 77233.0 77435.0 77617.0 77617.0 77838.0 78018.0 78018.0 78218.0 78218.0 78421.0 78421.0 78624.0 78825.0 78825.0 79026.0 79026.0 79228.0 79432.0 79432.0 79635.0 79635.0 79816.0 80015.0 80015.0 80216.0 80216.0 80421.0 80622.0 80622.0 80823.0 80823.0 81023.0 81023.0 81223.0 81426.0 81426.0 81628.0 81628.0 81830.0 82029.0 82029.0 82231.0 82231.0 82434.0 82635.0 82635.0 82836.0 83036.0 83036.0 83236.0 83236.0 83439.0
97028.0 97228.0 97431.0 97431.0 97632.0 97632.0 97833.0 97833.0 98036.0 98036.0 98237.0 98422.0 98422.0 98623.0 98824.0 98824.0 99023.0 99023.0 99224.0 99224.0 99427.0 99629.0 99629.0 99828.0 99828.0 100029.0 100029.0 100229.0 100434.0 100434.0 100635.0 100635.0 100835.0 101035.0 101035.0 101235.0 101235.0 101439.0 101621.0 101621.0 101821.0 101821.0 102021.0 102021.0 102221.0 102221.0 102423.0 102423.0 102626.0 102826.0 102826.0 103026.0 103026.0 103226.0
108034.0 108234.0 108437.0 108619.0 108619.0 108821.0 109022.0 109022.0 109223.0 109423.0 109423.0 109625.0 109625.0 109825.0 110025.0 110025.0 110225.0 110428.0 110428.0 110629.0 110629.0 110830.0 111030.0 111030.0 111230.0 111230.0 111433.0 111635.0 111635.0 111835.0 111835.0 112036.0 112036.0 112235.0 112419.0 112419.0 112621.0 112621.0 112821.0 112821.0 113021.0 113222.0 113222.0 113423.0 113626.0 113626.0 113828.0 113828.0 114229.0 114431.0 114633.0 115033.0 115033.0 115437.0
123023.0 123223.0 123223.0 123426.0 123426.0 123627.0 123627.0 123827.0 124027.0 124227.0 124431.0 124632.0 124833.0 124833.0 125033.0 125436.0 125436.0 126038.0 126237.0 126237.0 126421.0 126623.0 126824.0 126824.0 127024.0 127223.0 127223.0 127426.0 127629.0 127629.0 127829.0 128029.0 128029.0 128228.0 128431.0 128431.0 128633.0 128633.0 128833.0 128833.0 129034.0 129233.0 129233.0 129437.0 129437.0 129619.0 129839.0 129839.0 130019.0 130019.0 130238.0 130423.0 130423.0 130623.0
145038.0 145238.0 145443.0 145443.0 145644.0 145844.0 146044.0 146044.0 146244.0 146448.0 146649.0 146849.0 146849.0 147049.0 147249.0 147249.0 147454.0 147635.0 147635.0 147834.0 147834.0 148034.0 148235.0 148235.0 148439.0 148439.0 148641.0 148841.0 148841.0 149041.0 149041.0 149240.0 149444.0 149444.0 149646.0 149646.0 149846.0 150045.0 150045.0 150246.0 150246.0 150449.0 150449.0 150651.0 150852.0 150852.0 151052.0 151052.0 151251.0 151435.0 151435.0 151636.0 151836.0 151836.0
152036.0 152236.0 152236.0 152440.0 152440.0 152642.0 152843.0 152843.0 153043.0 153043.0 153243.0 153243.0 153446.0 153446.0 153647.0 153647.0 153847.0 153847.0 154047.0 154247.0 154652.0 154852.0 155052.0 155252.0 155455.0 155635.0 155835.0 156055.0 156440.0 156641.0 156841.0 157041.0 157041.0 157241.0 157447.0 157447.0 157649.0 157850.0 157850.0 158051.0 158051.0 158250.0 158453.0 158453.0 158655.0 158655.0 158855.0 159055.0 159055.0 159255.0 159438.0 159438.0 159639.0 159639.0
245026.0 245228.0 245432.0 245432.0 245634.0 245817.0 245817.0 246023.0 246228.0 246228.0 246430.0 246632.0 246816.0 246816.0 247018.0 247221.0 247221.0 247425.0 247631.0 247631.0 247819.0 248022.0 248022.0 248226.0 248431.0 248431.0 248616.0 248821.0 249236.0 249422.0 249422.0 249629.0 249832.0 249832.0 250020.0 250226.0 250226.0 250429.0 250637.0 250637.0 250824.0 250824.0 251032.0 251217.0 251425.0 251425.0 251631.0 251822.0 251822.0 252027.0 252027.0 252229.0 252416.0 252416.0
254020.0 254228.0 254434.0 254434.0 254621.0 254621.0 254827.0 254827.0 255032.0 255215.0 255417.0 255417.0 255620.0 255620.0 255823.0 255823.0 256031.0 256234.0 256234.0 256417.0 256620.0 256620.0 256824.0 256824.0 257029.0 257029.0 257232.0 257416.0 257621.0 257621.0 257827.0 257827.0 258029.0 258029.0 258217.0 258421.0 258829.0 259012.0 259223.0 259223.0 259428.0 259632.0 259632.0 259814.0 260017.0 260219.0 260219.0 260422.0 260422.0 260625.0 260625.0 260833.0 261020.0 261020.0
271029.0 271236.0 271423.0 271628.0 271818.0 271818.0 272022.0 272022.0 272432.0 272823.0 273031.0 273031.0 273216.0 273420.0 273420.0 273622.0 273824.0 273824.0 274026.0 274229.0 274229.0 274433.0 274615.0 274615.0 274817.0 274817.0 275021.0 275226.0 275226.0 275431.0 275632.0 275835.0 275835.0 276039.0 276039.0 276221.0 276427.0 276427.0 276634.0 276817.0 276817.0 277021.0 277021.0 277223.0 277428.0 277428.0 277631.0 277631.0 277834.0 278022.0 278022.0 278225.0 278429.0 278429.0
279025.0 279227.0 279430.0 279430.0 279633.0 279633.0 279815.0 280019.0 280019.0 280222.0 280424.0 280424.0 280627.0 280830.0 280830.0 281032.0 281235.0 281417.0 281417.0 281623.0 281623.0 281829.0 282032.0 282032.0 282221.0 282426.0 282632.0 282632.0 282834.0 282834.0 283017.0 283220.0 283220.0 283428.0 283632.0 283632.0 283836.0 284019.0 284019.0 284220.0 284220.0 284430.0 284430.0 284616.0 284821.0 284821.0 285024.0 285231.0 285231.0 285434.0 285619.0 285619.0 285824.0 285824.0
290015.0 290220.0 290220.0 290424.0 290631.0 290631.0 290821.0 291034.0 291034.0 291225.0 291429.0 291429.0 291631.0 291835.0 292023.0 292023.0 292230.0 292419.0 292419.0 292624.0 292828.0 292828.0 293030.0 293030.0 293233.0 293233.0 293417.0 293417.0 293627.0 293832.0 293832.0 294017.0 294219.0 294219.0 294422.0 294422.0 294627.0 294833.0 294833.0 295017.0 295221.0 295221.0 295429.0 295636.0 295636.0 295824.0 295824.0 296032.0 296220.0 296220.0 296429.0 296636.0 296823.0 296823.0
309030.0 309235.0 309419.0 309619.0 309619.0 309821.0 310026.0 310230.0 310230.0 310433.0 310433.0 310623.0 310828.0 310828.0 311032.0 311237.0 311237.0 311423.0 311625.0 311625.0 311828.0 311828.0 312031.0 312031.0 312234.0 312435.0 312435.0 312620.0 312620.0 312831.0 313035.0 313217.0 313217.0 313420.0 313622.0 313622.0 313825.0 314028.0 314028.0 314230.0 314417.0 314417.0 314622.0 314828.0 314828.0 315032.0 315234.0 315422.0 315422.0 315629.0 315833.0 315833.0 316038.0 316221.0
200230.0 200230.0 200453.0 200638.0 200638.0 200841.0 200841.0 201043.0 201043.0 201246.0 201246.0 201428.0 201630.0 201630.0 201830.0 201830.0 202050.0 202231.0 202231.0 202433.0 202636.0 202636.0 202838.0 202838.0 203040.0 203242.0 203242.0 203445.0 203445.0 203648.0 203831.0 203831.0 204033.0 204235.0 204235.0 204440.0 204643.0 204643.0 204846.0 204846.0 205030.0 205030.0 205232.0 205232.0 205435.0 205637.0 205637.0 205840.0 206042.0 206042.0 206245.0 206447.0 206447.0 206631.0
209245.0 209245.0 209429.0 209632.0 209632.0 209834.0 209834.0 210038.0 210240.0 210442.0 210442.0 210645.0 210645.0 210847.0 210847.0 211049.0 211231.0 211231.0 211431.0 211632.0 211833.0 211833.0 212035.0 212035.0 212238.0 212238.0 212441.0 212441.0 212643.0 212643.0 212844.0 213048.0 213048.0 213250.0 213250.0 213433.0 213636.0 213636.0 213839.0 214041.0 214041.0 214245.0 214245.0 214449.0 214630.0 214630.0 214832.0 214832.0 215035.0 215238.0 215238.0 215438.0 215641.0 215641.0
231236.0 231236.0 231439.0 231439.0 231641.0 231842.0 232043.0 232043.0 232243.0 232445.0 232445.0 232647.0 232647.0 232851.0 233035.0 233035.0 233237.0 233237.0 233439.0 233642.0 233642.0 233844.0 234047.0 234047.0 234250.0 234452.0 234452.0 234655.0 234838.0 234838.0 235040.0 235243.0 235243.0 235445.0 235445.0 235646.0 235848.0 235848.0 236051.0 236051.0 236233.0 236233.0 236438.0 236639.0 236639.0 236840.0 237042.0 237042.0 237242.0 237443.0 237443.0 237646.0 237849.0 237849.0
238232.0 238232.0 238433.0 238433.0 238634.0 238835.0 239036.0 239036.0 239238.0 239238.0 239441.0 239643.0 239643.0 239845.0 240049.0 240049.0 240233.0 240435.0 240435.0 240638.0 240638.0 240840.0 241041.0 241041.0 241244.0 241447.0 241447.0 241650.0 241650.0 241850.0 242037.0 242037.0 242238.0 242440.0 242440.0 242642.0 242843.0 242843.0 243043.0 243043.0 243244.0 243446.0 243446.0 243650.0 243650.0 243832.0 244035.0 244035.0 244238.0 244441.0 244441.0 244644.0 244847.0 244847.0
247236.0 247236.0 247441.0 247441.0 247643.0 247845.0 247845.0 248048.0 248048.0 248251.0 248434.0 248434.0 248638.0 248840.0 248840.0 249043.0 249043.0 249245.0 249245.0 249448.0 249652.0 249652.0 249855.0 249855.0 250039.0 250039.0 250240.0 250441.0 250441.0 250644.0 250644.0 250845.0 251045.0 251045.0 251246.0 251447.0 251447.0 251650.0 251650.0 251853.0 252037.0 252037.0 252240.0 252240.0 252443.0 252645.0 252848.0 252848.0 253052.0 253233.0 253233.0 253435.0 253435.0 253638.0
273243.0 273243.0 273445.0 273445.0 273647.0 273850.0 273850.0 274033.0 274235.0 274235.0 274437.0 274639.0 274639.0 274844.0 274844.0 275048.0 275048.0 275250.0 275451.0 275451.0 275655.0 275839.0 275839.0 276042.0 276245.0 276245.0 276448.0 276651.0 276651.0 276852.0 277033.0 277033.0 277235.0 277440.0 277440.0 277641.0 277641.0 277844.0 278045.0 278045.0 278247.0 278247.0 278447.0 278648.0 278648.0 278850.0 279033.0 279236.0 279439.0 279439.0 279642.0 279845.0 279845.0 280047.0
218524.0 218524.0 218728.0 218728.0 218933.0 219133.0 219133.0 219335.0 219335.0 219537.0 219537.0 219741.0 219741.0 219945.0 220129.0 220129.0 220330.0 220330.0 220533.0 220737.0 220737.0 220939.0 220939.0 221141.0 221322.0 221322.0 221526.0 221730.0 221730.0 221931.0 221931.0 222134.0 222337.0 222337.0 222540.0 222540.0 222742.0 222928.0 222928.0 223131.0 223131.0 223335.0 223335.0 223535.0 223741.0 223741.0 223927.0 224129.0 224129.0 224331.0 224331.0 224534.0 224534.0 224737.0
228540.0 228540.0 228743.0 228945.0 228945.0 229131.0 229334.0 229334.0 229535.0 229535.0 229737.0 229940.0 229940.0 230142.0 230323.0 230323.0 230526.0 230730.0 230730.0 230933.0 230933.0 231134.0 231338.0 231338.0 231540.0 231723.0 231723.0 231924.0 231924.0 232126.0 232328.0 232531.0 232735.0 232936.0 232936.0 233139.0 233139.0 233342.0 233524.0 233524.0 233726.0 233726.0 233930.0 233930.0 234133.0 234335.0 234335.0 234539.0 234539.0 234742.0 234925.0 234925.0 235126.0 235328.0
258333.0 258538.0 258741.0 258741.0 258945.0 259127.0 259127.0 259330.0 259330.0 259531.0 259531.0 259733.0 259935.0 259935.0 260135.0 260336.0 260336.0 260536.0 260536.0 260737.0 260737.0 260925.0 261127.0 261127.0 261329.0 261329.0 261533.0 261533.0 261738.0 261940.0 262143.0 262143.0 262346.0 262346.0 262546.0 262727.0 262727.0 262929.0 262929.0 263129.0 263332.0 263332.0 263536.0 263536.0 263739.0 263739.0 263944.0 264146.0 264146.0 264329.0 264529.0 264529.0 264731.0 264931.0
273339.0 273543.0 273543.0 273728.0 273728.0 273937.0 274140.0 274140.0 274342.0 274544.0 274544.0 274746.0 274746.0 274927.0 274927.0 275129.0 275129.0 275329.0 275531.0 275531.0 275734.0 275940.0 275940.0 276146.0 276146.0 276328.0 276529.0 276529.0 276731.0 276731.0 276935.0 276935.0 277139.0 277342.0 277342.0 277544.0 277544.0 277729.0 277930.0 277930.0 278133.0 278133.0 278336.0 278336.0 278538.0 278742.0 278742.0 278943.0 278943.0 279145.0 279346.0 279346.0 279527.0 279527.0
292328.0 292538.0 292538.0 292743.0 292743.0 292926.0 293129.0 293129.0 293340.0 293544.0 293544.0 293746.0 293746.0 293930.0 294133.0 294340.0 294340.0 294546.0 294730.0 294730.0 294933.0 295136.0 295345.0 295345.0 295531.0 295531.0 295742.0 295931.0 295931.0 296136.0 296342.0 296342.0 296545.0 296728.0 296728.0 296928.0 297133.0 297133.0 297337.0 297337.0 297538.0 297740.0 297740.0 297942.0 297942.0 298144.0 298328.0 298328.0 298529.0 298732.0 298732.0 298935.0 299137.0 299137.0
326343.0 326546.0 326728.0 326728.0 326930.0 326930.0 327134.0 327338.0 327338.0 327540.0 327540.0 327742.0 327742.0 327945.0 328129.0 328129.0 328332.0 328536.0 328536.0 328738.0 328738.0 328942.0 329144.0 329144.0 329347.0 329529.0 329529.0 329732.0 329732.0 329932.0 330133.0 330133.0 330337.0 330337.0 330539.0 330539.0 330743.0 330946.0 330946.0 331148.0 331334.0 331334.0 331537.0 331739.0 331739.0 331939.0 331939.0 332142.0 332343.0 332343.0 332548.0 332548.0 332730.0 332931.0
