-1223734318.0 -1223734316.0 -1223734314.0 -1223734309.0 -1223734298.0 -1223734284.0 -1223734273.0 -1223734261.0 -1223734253.0 -1223734243.0 -1223734233.0 -1223734221.0 -1223734214.0 -1223734215.0 -1223734219.0 -1223734225.0 -1223734231.0 -1223734240.0 -1223734245.0 -1223734246.0 -1223734243.0 -1223734234.0 -1223734226.0 -1223734214.0 -1223734204.0 -1223734197.0 -1223734193.0 -1223734191.0 -1223734188.0 -1223734184.0
-1223734179.0 -1223734172.0 -1223734168.0 -1223734169.0 -1223734173.0 -1223734183.0 -1223734194.0 -1223734208.0 -1223734221.0 -1223734237.0 -1223734251.0 -1223734259.0 -1223734265.0 -1223734267.0 -1223734268.0 -1223734270.0 -1223734272.0 -1223734275.0 -1223734285.0 -1223734289.0 -1223734296.0 -1223734301.0 -1223734304.0 -1223734308.0 -1223734314.0 -1223734323.0 -1223734331.0 -1223734345.0 -1223734350.0 -1223734352.0
-1223734361.0 -1223734361.0 -1223734362.0 -1223734364.0 -1223734366.0 -1223734369.0 -1223734373.0 -1223734378.0 -1223734382.0 -1223734388.0 -1223734393.0 -1223734397.0 -1223734398.0 -1223734400.0 -1223734399.0 -1223734399.0 -1223734399.0 -1223734400.0 -1223734399.0 -1223734397.0 -1223734397.0 -1223734396.0 -1223734396.0 -1223734393.0 -1223734391.0 -1223734393.0 -1223734394.0 -1223734396.0 -1223734400.0 -1223734402.0
-1223734402.0 -1223734404.0 -1223734404.0 -1223734403.0 -1223734406.0 -1223734406.0 -1223734407.0 -1223734409.0 -1223734410.0 -1223734413.0 -1223734415.0 -1223734417.0 -1223734418.0 -1223734418.0 -1223734416.0 -1223734414.0 -1223734412.0 -1223734408.0 -1223734404.0 -1223734399.0 -1223734394.0 -1223734386.0 -1223734377.0 -1223734370.0 -1223734363.0 -1223734360.0 -1223734359.0 -1223734359.0 -1223734360.0 -1223734360.0
-1223734274.0 -1223734276.0 -1223734275.0 -1223734274.0 -1223734273.0 -1223734274.0 -1223734273.0 -1223734271.0 -1223734269.0 -1223734265.0 -1223734264.0 -1223734260.0 -1223734260.0 -1223734260.0 -1223734261.0 -1223734261.0 -1223734260.0 -1223734262.0 -1223734264.0 -1223734264.0 -1223734265.0 -1223734266.0 -1223734268.0 -1223734270.0 -1223734273.0 -1223734276.0 -1223734279.0 -1223734281.0 -1223734285.0 -1223734286.0
-1223732033.0 -1223732036.0 -1223732046.0 -1223732049.0 -1223732055.0 -1223732061.0 -1223732065.0 -1223732071.0 -1223732080.0 -1223732085.0 -1223732086.0 -1223732088.0 -1223732087.0 -1223732082.0 -1223732077.0 -1223732072.0 -1223732068.0 -1223732063.0 -1223732056.0 -1223732045.0 -1223732033.0 -1223732018.0 -1223732001.0 -1223731984.0 -1223731971.0 -1223731956.0 -1223731948.0 -1223731938.0 -1223731933.0 -1223731924.0
-842507174.0 -842507175.0 -842507178.0 -842507182.0 -842507184.0 -842507184.0 -842507184.0 -842507183.0 -842507181.0 -842507180.0 -842507178.0 -842507177.0 -842507175.0 -842507172.0 -842507161.0 -842507138.0 -842507124.0 -842507118.0 -842507124.0 -842507129.0 -842507132.0 -842507134.0 -842507136.0 -842507139.0 -842507139.0 -842507136.0 -842507134.0 -842507133.0 -842507133.0 -842507131.0
-842507021.0 -842507017.0 -842507014.0 -842507012.0 -842507005.0 -842507007.0 -842507002.0 -842507002.0 -842507007.0 -842506976.0 -842506981.0 -842507009.0 -842507019.0 -842507035.0 -842507043.0 -842507057.0 -842507069.0 -842507079.0 -842507088.0 -842507096.0 -842507106.0 -842507116.0 -842507128.0 -842507140.0 -842507151.0 -842507161.0 -842507170.0 -842507180.0 -842507186.0 -842507193.0
-842507231.0 -842507231.0 -842507228.0 -842507225.0 -842507222.0 -842507218.0 -842507217.0 -842507191.0 -842507165.0 -842507151.0 -842507152.0 -842507156.0 -842507154.0 -842507137.0 -842507131.0 -842507130.0 -842507129.0 -842507129.0 -842507129.0 -842507129.0 -842507129.0 -842507129.0 -842507131.0 -842507132.0 -842507134.0 -842507135.0 -842507135.0 -842507134.0 -842507136.0 -842507136.0
-842507078.0 -842507081.0 -842507088.0 -842507089.0 -842507090.0 -842507095.0 -842507100.0 -842507086.0 -842507065.0 -842507072.0 -842507106.0 -842507114.0 -842507121.0 -842507128.0 -842507142.0 -842507150.0 -842507158.0 -842507167.0 -842507174.0 -842507178.0 -842507183.0 -842507187.0 -842507193.0 -842507205.0 -842507207.0 -842507209.0 -842507211.0 -842507210.0 -842507208.0 -842507206.0
-842507211.0 -842507210.0 -842507208.0 -842507206.0 -842507205.0 -842507205.0 -842507205.0 -842507195.0 -842507176.0 -842507147.0 -842507134.0 -842507136.0 -842507142.0 -842507150.0 -842507152.0 -842507154.0 -842507153.0 -842507151.0 -842507148.0 -842507144.0 -842507141.0 -842507138.0 -842507133.0 -842507127.0 -842507123.0 -842507122.0 -842507120.0 -842507118.0 -842507117.0 -842507113.0
-842507080.0 -842507075.0 -842507062.0 -842507057.0 -842507049.0 -842507045.0 -842507026.0 -842507001.0 -842506978.0 -842506975.0 -842506992.0 -842507001.0 -842507003.0 -842507008.0 -842507012.0 -842507016.0 -842507020.0 -842507020.0 -842507023.0 -842507025.0 -842507029.0 -842507037.0 -842507044.0 -842507049.0 -842507057.0 -842507062.0 -842507070.0 -842507078.0 -842507083.0 -842507089.0
-1223731942.0 -1223731937.0 -1223731934.0 -1223731934.0 -1223731935.0 -1223731938.0 -1223731939.0 -1223731944.0 -1223731946.0 -1223731945.0 -1223731945.0 -1223731944.0 -1223731944.0 -1223731943.0 -1223731934.0 -1223731911.0 -1223731895.0 -1223731886.0 -1223731885.0 -1223731888.0 -1223731888.0 -1223731887.0 -1223731886.0 -1223731887.0 -1223731889.0 -1223731891.0 -1223731894.0 -1223731894.0 -1223731895.0 -1223731896.0
-1223731994.0 -1223732002.0 -1223732009.0 -1223732014.0 -1223732019.0 -1223732025.0 -1223732029.0 -1223732032.0 -1223732033.0 -1223732024.0 -1223732001.0 -1223731979.0 -1223731967.0 -1223731966.0 -1223731973.0 -1223731981.0 -1223731986.0 -1223731987.0 -1223731987.0 -1223731987.0 -1223731989.0 -1223731990.0 -1223731992.0 -1223731994.0 -1223731999.0 -1223732003.0 -1223732004.0 -1223732007.0 -1223732008.0 -1223732007.0
-1223732020.0 -1223732024.0 -1223732026.0 -1223732033.0 -1223732034.0 -1223732032.0 -1223732028.0 -1223732019.0 -1223732011.0 -1223732002.0 -1223731989.0 -1223731973.0 -1223731959.0 -1223731960.0 -1223731962.0 -1223731960.0 -1223731963.0 -1223731962.0 -1223731961.0 -1223731963.0 -1223731967.0 -1223731971.0 -1223731972.0 -1223731974.0 -1223731974.0 -1223731973.0 -1223731969.0 -1223731965.0 -1223731962.0 -1223731958.0
-1223731972.0 -1223731973.0 -1223731977.0 -1223731984.0 -1223731992.0 -1223731998.0 -1223731999.0 -1223731999.0 -1223732003.0 -1223732010.0 -1223732017.0 -1223732022.0 -1223732024.0 -1223732018.0 -1223732008.0 -1223732005.0 -1223732008.0 -1223732015.0 -1223732022.0 -1223732028.0 -1223732036.0 -1223732036.0 -1223732037.0 -1223732039.0 -1223732040.0 -1223732039.0 -1223732030.0 -1223732021.0 -1223732013.0 -1223732013.0
-1223731955.0 -1223731955.0 -1223731965.0 -1223731968.0 -1223731969.0 -1223731972.0 -1223731978.0 -1223731981.0 -1223731984.0 -1223731981.0 -1223731966.0 -1223731955.0 -1223731959.0 -1223731963.0 -1223731971.0 -1223731978.0 -1223731983.0 -1223731990.0 -1223731993.0 -1223731998.0 -1223732003.0 -1223732008.0 -1223732010.0 -1223732014.0 -1223732011.0 -1223732015.0 -1223732018.0 -1223732018.0 -1223732018.0 -1223732017.0
-1223732017.0 -1223732015.0 -1223732016.0 -1223732017.0 -1223732017.0 -1223732017.0 -1223732013.0 -1223732008.0 -1223732000.0 -1223731992.0 -1223731985.0 -1223731980.0 -1223731962.0 -1223731938.0 -1223731923.0 -1223731917.0 -1223731916.0 -1223731911.0 -1223731909.0 -1223731905.0 -1223731901.0 -1223731899.0 -1223731900.0 -1223731905.0 -1223731908.0 -1223731915.0 -1223731922.0 -1223731930.0 -1223731936.0 -1223731940.0
-842506672.0 -842506669.0 -842506669.0 -842506666.0 -842506662.0 -842506658.0 -842506652.0 -842506648.0 -842506644.0 -842506600.0 -842506588.0 -842506583.0 -842506592.0 -842506597.0 -842506595.0 -842506592.0 -842506591.0 -842506591.0 -842506594.0 -842506598.0 -842506603.0 -842506609.0 -842506617.0 -842506627.0 -842506636.0 -842506643.0 -842506647.0 -842506653.0 -842506659.0 -842506662.0
-842506726.0 -842506727.0 -842506729.0 -842506731.0 -842506734.0 -842506737.0 -842506740.0 -842506745.0 -842506749.0 -842506751.0 -842506735.0 -842506703.0 -842506680.0 -842506673.0 -842506673.0 -842506676.0 -842506681.0 -842506686.0 -842506690.0 -842506693.0 -842506696.0 -842506698.0 -842506701.0 -842506702.0 -842506702.0 -842506700.0 -842506698.0 -842506697.0 -842506698.0 -842506699.0
-842506649.0 -842506654.0 -842506662.0 -842506669.0 -842506675.0 -842506678.0 -842506686.0 -842506691.0 -842506696.0 -842506702.0 -842506696.0 -842506691.0 -842506702.0 -842506713.0 -842506715.0 -842506731.0 -842506734.0 -842506734.0 -842506736.0 -842506736.0 -842506736.0 -842506738.0 -842506740.0 -842506738.0 -842506736.0 -842506733.0 -842506729.0 -842506727.0 -842506725.0 -842506724.0
-842506801.0 -842506821.0 -842506840.0 -842506862.0 -842506883.0 -842506903.0 -842506924.0 -842506950.0 -842506972.0 -842506990.0 -842507003.0 -842507002.0 -842506999.0 -842507002.0 -842507010.0 -842507025.0 -842507039.0 -842507050.0 -842507061.0 -842507065.0 -842507071.0 -842507078.0 -842507086.0 -842507098.0 -842507100.0 -842507094.0 -842507089.0 -842507092.0 -842507093.0 -842507091.0
-842506982.0 -842506989.0 -842506996.0 -842507003.0 -842507011.0 -842507017.0 -842507021.0 -842507020.0 -842507019.0 -842507022.0 -842507026.0 -842507028.0 -842507034.0 -842507035.0 -842507032.0 -842507030.0 -842507029.0 -842507023.0 -842507016.0 -842507007.0 -842507006.0 -842507005.0 -842507002.0 -842506983.0 -842506976.0 -842506972.0 -842506970.0 -842506965.0 -842506961.0 -842506951.0
-1223731963.0 -1223731954.0 -1223731946.0 -1223731950.0 -1223731956.0 -1223731960.0 -1223731960.0 -1223731965.0 -1223731973.0 -1223731978.0 -1223731975.0 -1223731962.0 -1223731942.0 -1223731939.0 -1223731943.0 -1223731948.0 -1223731957.0 -1223731957.0 -1223731968.0 -1223731977.0 -1223731981.0 -1223731988.0 -1223731994.0 -1223732000.0 -1223732007.0 -1223732015.0 -1223732027.0 -1223732043.0 -1223732054.0 -1223732062.0
-842506805.0 -842506793.0 -842506784.0 -842506771.0 -842506763.0 -842506753.0 -842506742.0 -842506732.0 -842506717.0 -842506710.0 -842506712.0 -842506702.0 -842506688.0 -842506674.0 -842506668.0 -842506669.0 -842506678.0 -842506682.0 -842506681.0 -842506684.0 -842506679.0 -842506685.0 -842506690.0 -842506696.0 -842506700.0 -842506709.0 -842506714.0 -842506720.0 -842506726.0 -842506731.0
-842506787.0 -842506788.0 -842506789.0 -842506790.0 -842506793.0 -842506795.0 -842506799.0 -842506803.0 -842506807.0 -842506808.0 -842506808.0 -842506800.0 -842506782.0 -842506766.0 -842506757.0 -842506759.0 -842506766.0 -842506775.0 -842506773.0 -842506777.0 -842506777.0 -842506778.0 -842506783.0 -842506789.0 -842506785.0 -842506787.0 -842506788.0 -842506788.0 -842506790.0 -842506788.0
-842506747.0 -842506749.0 -842506749.0 -842506750.0 -842506752.0 -842506754.0 -842506759.0 -842506762.0 -842506766.0 -842506771.0 -842506775.0 -842506775.0 -842506765.0 -842506756.0 -842506752.0 -842506756.0 -842506758.0 -842506761.0 -842506762.0 -842506764.0 -842506764.0 -842506765.0 -842506763.0 -842506764.0 -842506764.0 -842506764.0 -842506762.0 -842506762.0 -842506762.0 -842506763.0
-842506768.0 -842506765.0 -842506765.0 -842506768.0 -842506774.0 -842506776.0 -842506779.0 -842506772.0 -842506754.0 -842506750.0 -842506743.0 -842506738.0 -842506737.0 -842506738.0 -842506737.0 -842506737.0 -842506737.0 -842506736.0 -842506734.0 -842506733.0 -842506727.0 -842506723.0 -842506720.0 -842506715.0 -842506712.0 -842506713.0 -842506712.0 -842506713.0 -842506715.0 -842506715.0
-842506767.0 -842506767.0 -842506768.0 -842506767.0 -842506767.0 -842506769.0 -842506772.0 -842506777.0 -842506777.0 -842506775.0 -842506771.0 -842506766.0 -842506762.0 -842506758.0 -842506747.0 -842506745.0 -842506742.0 -842506739.0 -842506734.0 -842506728.0 -842506729.0 -842506730.0 -842506730.0 -842506733.0 -842506732.0 -842506732.0 -842506731.0 -842506728.0 -842506725.0 -842506724.0
-842506718.0 -842506717.0 -842506714.0 -842506712.0 -842506710.0 -842506710.0 -842506708.0 -842506708.0 -842506709.0 -842506710.0 -842506714.0 -842506707.0 -842506701.0 -842506703.0 -842506705.0 -842506706.0 -842506716.0 -842506719.0 -842506722.0 -842506724.0 -842506726.0 -842506724.0 -842506720.0 -842506716.0 -842506713.0 -842506705.0 -842506700.0 -842506698.0 -842506694.0 -842506694.0
-1223732049.0 -1223732050.0 -1223732050.0 -1223732056.0 -1223732061.0 -1223732065.0 -1223732067.0 -1223732069.0 -1223732074.0 -1223732077.0 -1223732077.0 -1223732078.0 -1223732080.0 -1223732080.0 -1223732080.0 -1223732081.0 -1223732087.0 -1223732094.0 -1223732103.0 -1223732105.0 -1223732105.0 -1223732099.0 -1223732088.0 -1223732073.0 -1223732053.0 -1223732036.0 -1223732018.0 -1223732008.0 -1223732001.0 -1223732000.0
-1223732039.0 -1223732040.0 -1223732041.0 -1223732041.0 -1223732042.0 -1223732046.0 -1223732050.0 -1223732053.0 -1223732054.0 -1223732052.0 -1223732056.0 -1223732055.0 -1223732055.0 -1223732055.0 -1223732051.0 -1223732037.0 -1223732022.0 -1223731998.0 -1223731982.0 -1223731983.0 -1223731978.0 -1223731976.0 -1223731978.0 -1223731984.0 -1223731989.0 -1223731995.0 -1223732005.0 -1223732016.0 -1223732024.0 -1223732033.0
-1223732050.0 -1223732056.0 -1223732053.0 -1223732054.0 -1223732057.0 -1223732061.0 -1223732061.0 -1223732062.0 -1223732060.0 -1223732059.0 -1223732060.0 -1223732060.0 -1223732062.0 -1223732062.0 -1223732060.0 -1223732029.0 -1223731983.0 -1223731937.0 -1223731913.0 -1223731909.0 -1223731915.0 -1223731921.0 -1223731924.0 -1223731930.0 -1223731934.0 -1223731933.0 -1223731937.0 -1223731941.0 -1223731949.0 -1223731957.0
-1223732014.0 -1223732021.0 -1223732029.0 -1223732039.0 -1223732050.0 -1223732056.0 -1223732066.0 -1223732073.0 -1223732081.0 -1223732088.0 -1223732094.0 -1223732102.0 -1223732102.0 -1223732107.0 -1223732109.0 -1223732109.0 -1223732105.0 -1223732102.0 -1223732098.0 -1223732094.0 -1223732087.0 -1223732044.0 -1223731995.0 -1223731959.0 -1223731936.0 -1223731929.0 -1223731930.0 -1223731940.0 -1223731949.0 -1223731958.0
-1223732115.0 -1223732116.0 -1223732116.0 -1223732117.0 -1223732121.0 -1223732124.0 -1223732123.0 -1223732120.0 -1223732114.0 -1223732108.0 -1223732106.0 -1223732099.0 -1223732099.0 -1223732093.0 -1223732075.0 -1223732048.0 -1223732021.0 -1223732004.0 -1223731989.0 -1223731964.0 -1223731958.0 -1223731957.0 -1223731956.0 -1223731957.0 -1223731956.0 -1223731958.0 -1223731961.0 -1223731959.0 -1223731966.0 -1223731970.0
-1223732100.0 -1223732095.0 -1223732091.0 -1223732091.0 -1223732090.0 -1223732088.0 -1223732087.0 -1223732084.0 -1223732080.0 -1223732078.0 -1223732076.0 -1223732074.0 -1223732069.0 -1223732061.0 -1223732054.0 -1223732047.0 -1223732043.0 -1223732023.0 -1223731979.0 -1223731942.0 -1223731926.0 -1223731917.0 -1223731924.0 -1223731929.0 -1223731932.0 -1223731932.0 -1223731928.0 -1223731923.0 -1223731921.0 -1223731918.0
-1223732372.0 -1223732372.0 -1223732372.0 -1223732373.0 -1223732373.0 -1223732375.0 -1223732376.0 -1223732377.0 -1223732377.0 -1223732377.0 -1223732370.0 -1223732347.0 -1223732319.0 -1223732287.0 -1223732255.0 -1223732237.0 -1223732230.0 -1223732232.0 -1223732245.0 -1223732259.0 -1223732269.0 -1223732282.0 -1223732289.0 -1223732296.0 -1223732302.0 -1223732308.0 -1223732313.0 -1223732322.0 -1223732328.0 -1223732334.0
-1223732357.0 -1223732356.0 -1223732356.0 -1223732355.0 -1223732354.0 -1223732353.0 -1223732352.0 -1223732351.0 -1223732352.0 -1223732351.0 -1223732353.0 -1223732353.0 -1223732350.0 -1223732340.0 -1223732327.0 -1223732310.0 -1223732296.0 -1223732284.0 -1223732282.0 -1223732279.0 -1223732275.0 -1223732274.0 -1223732272.0 -1223732273.0 -1223732273.0 -1223732275.0 -1223732278.0 -1223732282.0 -1223732285.0 -1223732290.0
-1223732253.0 -1223732259.0 -1223732266.0 -1223732273.0 -1223732282.0 -1223732288.0 -1223732294.0 -1223732303.0 -1223732307.0 -1223732314.0 -1223732320.0 -1223732327.0 -1223732331.0 -1223732331.0 -1223732314.0 -1223732291.0 -1223732287.0 -1223732290.0 -1223732297.0 -1223732300.0 -1223732304.0 -1223732304.0 -1223732303.0 -1223732303.0 -1223732302.0 -1223732299.0 -1223732295.0 -1223732292.0 -1223732288.0 -1223732287.0
-1223732268.0 -1223732270.0 -1223732270.0 -1223732274.0 -1223732275.0 -1223732276.0 -1223732275.0 -1223732277.0 -1223732279.0 -1223732281.0 -1223732284.0 -1223732286.0 -1223732283.0 -1223732286.0 -1223732287.0 -1223732286.0 -1223732285.0 -1223732283.0 -1223732281.0 -1223732280.0 -1223732279.0 -1223732278.0 -1223732279.0 -1223732281.0 -1223732280.0 -1223732280.0 -1223732280.0 -1223732279.0 -1223732281.0 -1223732281.0
-1223732289.0 -1223732293.0 -1223732295.0 -1223732298.0 -1223732302.0 -1223732304.0 -1223732306.0 -1223732304.0 -1223732300.0 -1223732294.0 -1223732276.0 -1223732246.0 -1223732211.0 -1223732189.0 -1223732183.0 -1223732187.0 -1223732198.0 -1223732205.0 -1223732212.0 -1223732217.0 -1223732220.0 -1223732225.0 -1223732228.0 -1223732232.0 -1223732237.0 -1223732242.0 -1223732245.0 -1223732251.0 -1223732256.0 -1223732259.0
-1223732311.0 -1223732298.0 -1223732288.0 -1223732281.0 -1223732279.0 -1223732272.0 -1223732268.0 -1223732263.0 -1223732259.0 -1223732257.0 -1223732254.0 -1223732250.0 -1223732235.0 -1223732211.0 -1223732201.0 -1223732195.0 -1223732194.0 -1223732193.0 -1223732194.0 -1223732194.0 -1223732194.0 -1223732192.0 -1223732195.0 -1223732198.0 -1223732204.0 -1223732211.0 -1223732224.0 -1223732238.0 -1223732253.0 -1223732265.0
-1223732336.0 -1223732339.0 -1223732344.0 -1223732350.0 -1223732351.0 -1223732350.0 -1223732347.0 -1223732345.0 -1223732344.0 -1223732348.0 -1223732348.0 -1223732351.0 -1223732355.0 -1223732350.0 -1223732344.0 -1223732344.0 -1223732348.0 -1223732354.0 -1223732358.0 -1223732362.0 -1223732367.0 -1223732371.0 -1223732381.0 -1223732388.0 -1223732401.0 -1223732408.0 -1223732416.0 -1223732424.0 -1223732427.0 -1223732428.0
-1223732459.0 -1223732457.0 -1223732452.0 -1223732447.0 -1223732439.0 -1223732430.0 -1223732422.0 -1223732413.0 -1223732406.0 -1223732400.0 -1223732394.0 -1223732390.0 -1223732386.0 -1223732380.0 -1223732373.0 -1223732366.0 -1223732352.0 -1223732332.0 -1223732315.0 -1223732312.0 -1223732313.0 -1223732317.0 -1223732322.0 -1223732323.0 -1223732327.0 -1223732332.0 -1223732335.0 -1223732338.0 -1223732341.0 -1223732345.0
-1223732504.0 -1223732501.0 -1223732498.0 -1223732493.0 -1223732488.0 -1223732483.0 -1223732477.0 -1223732473.0 -1223732466.0 -1223732465.0 -1223732462.0 -1223732457.0 -1223732452.0 -1223732448.0 -1223732446.0 -1223732446.0 -1223732444.0 -1223732443.0 -1223732439.0 -1223732422.0 -1223732403.0 -1223732389.0 -1223732380.0 -1223732385.0 -1223732403.0 -1223732417.0 -1223732435.0 -1223732445.0 -1223732455.0 -1223732467.0
-1223732323.0 -1223732317.0 -1223732312.0 -1223732308.0 -1223732305.0 -1223732302.0 -1223732301.0 -1223732300.0 -1223732301.0 -1223732304.0 -1223732303.0 -1223732292.0 -1223732270.0 -1223732244.0 -1223732234.0 -1223732233.0 -1223732239.0 -1223732247.0 -1223732252.0 -1223732261.0 -1223732270.0 -1223732280.0 -1223732289.0 -1223732298.0 -1223732306.0 -1223732317.0 -1223732326.0 -1223732337.0 -1223732349.0 -1223732357.0
-1223732466.0 -1223732468.0 -1223732467.0 -1223732466.0 -1223732465.0 -1223732463.0 -1223732460.0 -1223732456.0 -1223732453.0 -1223732447.0 -1223732445.0 -1223732444.0 -1223732443.0 -1223732444.0 -1223732445.0 -1223732445.0 -1223732443.0 -1223732438.0 -1223732425.0 -1223732410.0 -1223732407.0 -1223732415.0 -1223732427.0 -1223732438.0 -1223732452.0 -1223732460.0 -1223732470.0 -1223732475.0 -1223732485.0 -1223732491.0
-1223732427.0 -1223732424.0 -1223732422.0 -1223732418.0 -1223732414.0 -1223732414.0 -1223732415.0 -1223732412.0 -1223732414.0 -1223732412.0 -1223732413.0 -1223732414.0 -1223732413.0 -1223732411.0 -1223732409.0 -1223732406.0 -1223732404.0 -1223732396.0 -1223732384.0 -1223732379.0 -1223732376.0 -1223732377.0 -1223732383.0 -1223732389.0 -1223732398.0 -1223732403.0 -1223732404.0 -1223732408.0 -1223732415.0 -1223732423.0
