255.0 255.0 255.0 255.0 254.0 254.0 253.0 252.0 252.0 251.0 251.0 250.0 249.0 249.0 249.0 248.0 248.0 247.0 247.0 246.0 246.0 246.0 246.0 245.0 245.0 245.0 244.0 244.0 243.0 243.0
243.0 242.0 242.0 241.0 241.0 241.0 240.0 240.0 239.0 239.0 238.0 238.0 237.0 236.0 236.0 235.0 235.0 235.0 234.0 234.0 234.0 234.0 234.0 234.0 234.0 234.0 233.0 233.0 232.0 232.0
217.0 216.0 216.0 215.0 215.0 215.0 214.0 214.0 213.0 213.0 213.0 212.0 212.0 212.0 212.0 211.0 211.0 211.0 211.0 210.0 210.0 210.0 210.0 210.0 209.0 209.0 208.0 207.0 207.0 206.0
205.0 204.0 204.0 204.0 204.0 203.0 203.0 203.0 203.0 203.0 203.0 202.0 202.0 202.0 201.0 201.0 201.0 201.0 201.0 200.0 200.0 200.0 199.0 199.0 199.0 199.0 199.0 198.0 198.0 198.0
197.0 197.0 198.0 198.0 198.0 198.0 198.0 198.0 197.0 197.0 197.0 197.0 197.0 197.0 197.0 197.0 197.0 197.0 197.0 197.0 197.0 197.0 197.0 196.0 196.0 196.0 196.0 196.0 196.0 196.0
273.0 272.0 272.0 272.0 272.0 272.0 272.0 273.0 273.0 272.0 272.0 272.0 271.0 271.0 271.0 271.0 271.0 271.0 271.0 271.0 271.0 271.0 271.0 271.0 271.0 271.0 271.0 271.0 271.0 271.0
174.0 172.0 171.0 170.0 168.0 166.0 165.0 163.0 163.0 162.0 161.0 160.0 160.0 159.0 159.0 159.0 159.0 158.0 158.0 157.0 156.0 155.0 154.0 153.0 153.0 153.0 152.0 152.0 152.0 151.0
132.0 132.0 132.0 131.0 131.0 131.0 131.0 131.0 131.0 130.0 130.0 130.0 130.0 130.0 129.0 129.0 129.0 129.0 129.0 129.0 129.0 129.0 130.0 129.0 129.0 129.0 129.0 129.0 129.0 129.0
130.0 130.0 131.0 131.0 131.0 131.0 132.0 133.0 133.0 134.0 133.0 133.0 133.0 133.0 133.0 133.0 133.0 133.0 133.0 132.0 133.0 133.0 133.0 133.0 132.0 132.0 132.0 132.0 132.0 132.0
132.0 131.0 131.0 131.0 131.0 130.0 129.0 129.0 129.0 129.0 130.0 130.0 129.0 129.0 128.0 128.0 128.0 128.0 128.0 128.0 128.0 128.0 128.0 128.0 128.0 128.0 128.0 128.0 128.0 128.0
128.0 128.0 128.0 128.0 128.0 128.0 128.0 128.0 128.0 128.0 128.0 128.0 128.0 128.0 128.0 127.0 127.0 127.0 127.0 127.0 127.0 127.0 127.0 127.0 127.0 127.0 127.0 127.0 127.0 127.0
127.0 127.0 127.0 127.0 127.0 127.0 127.0 128.0 128.0 128.0 128.0 128.0 128.0 128.0 128.0 128.0 128.0 129.0 129.0 129.0 130.0 130.0 130.0 130.0 130.0 130.0 130.0 130.0 131.0 131.0
182.0 181.0 181.0 180.0 180.0 181.0 181.0 181.0 181.0 181.0 181.0 181.0 181.0 181.0 181.0 181.0 181.0 181.0 181.0 181.0 181.0 181.0 181.0 181.0 181.0 181.0 181.0 180.0 180.0 180.0
185.0 185.0 185.0 186.0 186.0 186.0 186.0 186.0 186.0 186.0 186.0 186.0 186.0 186.0 186.0 186.0 186.0 186.0 186.0 186.0 186.0 186.0 186.0 186.0 186.0 186.0 186.0 186.0 186.0 186.0
185.0 185.0 185.0 186.0 186.0 186.0 186.0 186.0 186.0 186.0 186.0 186.0 186.0 186.0 186.0 186.0 186.0 186.0 186.0 186.0 186.0 187.0 187.0 187.0 187.0 187.0 186.0 186.0 186.0 187.0
188.0 187.0 187.0 188.0 188.0 188.0 188.0 188.0 188.0 187.0 188.0 187.0 187.0 187.0 187.0 187.0 187.0 187.0 188.0 188.0 187.0 187.0 187.0 187.0 187.0 187.0 187.0 187.0 187.0 187.0
189.0 190.0 190.0 190.0 190.0 190.0 189.0 188.0 188.0 188.0 189.0 188.0 188.0 188.0 188.0 188.0 188.0 189.0 189.0 190.0 190.0 190.0 190.0 191.0 191.0 191.0 191.0 191.0 191.0 192.0
192.0 193.0 193.0 193.0 193.0 193.0 193.0 193.0 193.0 193.0 193.0 193.0 194.0 193.0 194.0 194.0 193.0 193.0 193.0 192.0 192.0 192.0 191.0 191.0 191.0 190.0 190.0 190.0 189.0 189.0
147.0 147.0 147.0 147.0 147.0 147.0 147.0 147.0 148.0 149.0 150.0 151.0 152.0 153.0 154.0 155.0 155.0 155.0 156.0 156.0 156.0 157.0 157.0 157.0 158.0 158.0 158.0 159.0 160.0 160.0
172.0 172.0 172.0 172.0 172.0 172.0 171.0 171.0 171.0 171.0 171.0 171.0 172.0 172.0 172.0 171.0 172.0 172.0 172.0 172.0 172.0 172.0 173.0 173.0 173.0 173.0 174.0 174.0 174.0 175.0
187.0 187.0 186.0 187.0 187.0 187.0 188.0 188.0 187.0 187.0 187.0 186.0 187.0 187.0 187.0 187.0 187.0 187.0 187.0 187.0 187.0 187.0 187.0 187.0 187.0 186.0 186.0 186.0 186.0 186.0
186.0 186.0 186.0 186.0 185.0 184.0 184.0 183.0 181.0 180.0 177.0 175.0 175.0 174.0 173.0 173.0 173.0 172.0 172.0 172.0 172.0 171.0 171.0 171.0 170.0 168.0 165.0 163.0 163.0 162.0
147.0 147.0 147.0 147.0 147.0 147.0 147.0 147.0 147.0 147.0 147.0 147.0 147.0 146.0 146.0 146.0 146.0 145.0 145.0 144.0 144.0 144.0 144.0 143.0 143.0 143.0 143.0 141.0 141.0 139.0
246.0 246.0 246.0 246.0 246.0 247.0 247.0 247.0 247.0 247.0 248.0 248.0 248.0 248.0 248.0 248.0 248.0 248.0 248.0 248.0 248.0 248.0 248.0 248.0 248.0 247.0 247.0 247.0 246.0 246.0
228.0 226.0 224.0 223.0 221.0 219.0 217.0 215.0 212.0 210.0 209.0 208.0 207.0 206.0 206.0 205.0 205.0 204.0 203.0 201.0 200.0 199.0 198.0 198.0 197.0 197.0 196.0 196.0 196.0 195.0
189.0 189.0 189.0 189.0 189.0 189.0 188.0 188.0 189.0 189.0 189.0 190.0 190.0 191.0 191.0 191.0 191.0 191.0 191.0 190.0 190.0 190.0 189.0 189.0 189.0 189.0 189.0 189.0 189.0 189.0
180.0 179.0 179.0 179.0 178.0 178.0 178.0 178.0 178.0 179.0 179.0 179.0 179.0 179.0 180.0 180.0 179.0 179.0 180.0 180.0 180.0 180.0 179.0 180.0 180.0 179.0 179.0 179.0 179.0 178.0
171.0 171.0 171.0 170.0 170.0 169.0 168.0 168.0 168.0 168.0 167.0 167.0 167.0 167.0 167.0 166.0 166.0 166.0 165.0 165.0 164.0 164.0 163.0 162.0 162.0 162.0 162.0 161.0 162.0 161.0
156.0 156.0 156.0 155.0 155.0 155.0 155.0 155.0 156.0 156.0 156.0 156.0 156.0 156.0 156.0 155.0 155.0 155.0 155.0 155.0 154.0 154.0 154.0 154.0 154.0 154.0 154.0 154.0 154.0 154.0
153.0 153.0 153.0 153.0 153.0 153.0 153.0 153.0 153.0 153.0 154.0 154.0 154.0 154.0 154.0 154.0 153.0 153.0 153.0 153.0 153.0 153.0 153.0 152.0 151.0 150.0 150.0 149.0 150.0 150.0
297.0 298.0 298.0 298.0 298.0 297.0 297.0 296.0 296.0 295.0 295.0 294.0 294.0 293.0 293.0 292.0 291.0 290.0 289.0 289.0 289.0 289.0 289.0 289.0 289.0 289.0 289.0 289.0 289.0 289.0
287.0 287.0 287.0 287.0 287.0 287.0 288.0 288.0 288.0 288.0 288.0 288.0 288.0 289.0 289.0 289.0 289.0 290.0 290.0 289.0 289.0 289.0 290.0 290.0 290.0 290.0 290.0 289.0 288.0 287.0
275.0 275.0 274.0 273.0 273.0 273.0 273.0 272.0 272.0 272.0 272.0 272.0 272.0 272.0 271.0 271.0 271.0 271.0 271.0 270.0 270.0 269.0 269.0 269.0 270.0 270.0 270.0 270.0 269.0 270.0
272.0 273.0 273.0 272.0 272.0 271.0 272.0 272.0 272.0 272.0 273.0 274.0 274.0 274.0 275.0 275.0 275.0 275.0 275.0 275.0 275.0 275.0 275.0 275.0 275.0 275.0 275.0 275.0 276.0 276.0
279.0 279.0 278.0 278.0 277.0 277.0 276.0 276.0 275.0 275.0 274.0 274.0 273.0 273.0 273.0 273.0 273.0 273.0 274.0 274.0 275.0 276.0 276.0 277.0 277.0 277.0 278.0 278.0 278.0 279.0
280.0 279.0 279.0 278.0 278.0 277.0 276.0 276.0 275.0 275.0 274.0 274.0 273.0 273.0 273.0 273.0 273.0 274.0 274.0 275.0 275.0 275.0 275.0 275.0 275.0 275.0 275.0 275.0 275.0 276.0
193.0 193.0 193.0 193.0 193.0 192.0 192.0 192.0 192.0 192.0 192.0 192.0 192.0 192.0 192.0 192.0 192.0 192.0 192.0 192.0 192.0 192.0 192.0 192.0 192.0 192.0 193.0 193.0 193.0 193.0
189.0 189.0 188.0 188.0 188.0 188.0 187.0 187.0 187.0 187.0 186.0 186.0 186.0 186.0 186.0 186.0 186.0 186.0 186.0 186.0 186.0 186.0 186.0 186.0 186.0 186.0 186.0 186.0 187.0 187.0
208.0 208.0 208.0 209.0 209.0 209.0 209.0 210.0 210.0 211.0 211.0 211.0 211.0 211.0 211.0 212.0 212.0 213.0 213.0 213.0 213.0 213.0 213.0 213.0 213.0 213.0 213.0 213.0 213.0 213.0
213.0 214.0 214.0 214.0 215.0 215.0 216.0 216.0 216.0 217.0 217.0 218.0 219.0 219.0 220.0 221.0 222.0 222.0 223.0 223.0 224.0 224.0 225.0 225.0 226.0 226.0 226.0 226.0 227.0 227.0
232.0 232.0 232.0 232.0 231.0 231.0 231.0 231.0 231.0 231.0 231.0 232.0 231.0 231.0 231.0 232.0 232.0 232.0 232.0 232.0 232.0 232.0 232.0 232.0 233.0 233.0 233.0 233.0 233.0 233.0
223.0 223.0 223.0 222.0 222.0 222.0 222.0 222.0 222.0 222.0 221.0 221.0 221.0 221.0 222.0 222.0 222.0 222.0 222.0 222.0 222.0 222.0 222.0 222.0 222.0 222.0 222.0 222.0 222.0 222.0
218.0 218.0 218.0 219.0 219.0 220.0 220.0 220.0 221.0 221.0 221.0 222.0 222.0 222.0 222.0 222.0 222.0 222.0 222.0 222.0 222.0 223.0 223.0 223.0 223.0 223.0 223.0 224.0 224.0 224.0
222.0 222.0 222.0 222.0 223.0 223.0 223.0 223.0 223.0 222.0 222.0 222.0 222.0 222.0 222.0 222.0 221.0 222.0 222.0 221.0 221.0 221.0 221.0 221.0 221.0 221.0 221.0 221.0 221.0 221.0
221.0 220.0 220.0 220.0 220.0 220.0 220.0 220.0 220.0 220.0 220.0 221.0 220.0 220.0 220.0 219.0 219.0 218.0 218.0 218.0 217.0 217.0 217.0 217.0 216.0 216.0 215.0 215.0 214.0 214.0
216.0 216.0 216.0 216.0 216.0 217.0 217.0 217.0 218.0 218.0 218.0 218.0 218.0 218.0 218.0 219.0 219.0 219.0 219.0 219.0 219.0 219.0 219.0 220.0 219.0 219.0 220.0 220.0 220.0 219.0
231.0 231.0 230.0 230.0 230.0 229.0 229.0 229.0 229.0 228.0 228.0 228.0 228.0 228.0 227.0 228.0 228.0 228.0 228.0 228.0 228.0 229.0 229.0 229.0 229.0 229.0 230.0 230.0 230.0 230.0
231.0 231.0 231.0 231.0 231.0 231.0 231.0 231.0 232.0 232.0 233.0 233.0 234.0 234.0 235.0 235.0 236.0 236.0 237.0 237.0 236.0 236.0 236.0 235.0 234.0 234.0 233.0 232.0 232.0 232.0
