495266.0 495410.0 495531.0 495632.0 495733.0 495856.0 495977.0 496121.0 496232.0 496365.0 496486.0 496606.0 496747.0 496868.0 497029.0 497153.0 497255.0 497356.0 497477.0 497630.0 497739.0 497921.0 498025.0 498129.0 498250.0 498389.0 498513.0 498636.0 498757.0 498899.0 499018.0 499140.0 499308.0 499432.0 499554.0 499677.0 499791.0 499878.0 499982.0 500084.0 500184.0 500306.0 500406.0 500570.0 500692.0 500793.0 500914.0 501035.0 501156.0 501337.0 501439.0
501337.0 501439.0 501564.0 501727.0 501873.0 502013.0 502154.0 502276.0 502398.0 502500.0 502641.0 502742.0 502887.0 503012.0 503133.0 503253.0 503416.0 503519.0 503639.0 503759.0 503922.0 504064.0 504166.0 504288.0 504410.0 504552.0 504674.0 504795.0 504915.0 505055.0 505176.0 505317.0 505458.0 505578.0 505679.0 505800.0 505941.0 506040.0 506181.0 506284.0 506424.0 506545.0 506646.0 506766.0 507009.0 507091.0 507217.0 507338.0 507462.0 507641.0 507725.0
513299.0 513503.0 513623.0 513744.0 513868.0 513988.0 514109.0 514252.0 514375.0 514476.0 514596.0 514678.0 514821.0 514941.0 515083.0 515203.0 515327.0 515447.0 515547.0 515688.0 515808.0 515929.0 516030.0 516152.0 516293.0 516433.0 516557.0 516679.0 516819.0 516925.0 517067.0 517188.0 517328.0 517411.0 517512.0 517611.0 517753.0 517854.0 517974.0 518075.0 518195.0 518316.0 518439.0 518559.0 518698.0 518804.0 518925.0 519065.0 519206.0 519327.0 519408.0
519206.0 519327.0 519408.0 519549.0 519670.0 519772.0 519915.0 520036.0 520117.0 520237.0 520381.0 520522.0 520664.0 520785.0 520887.0 520987.0 521113.0 521213.0 521357.0 521457.0 521578.0 521700.0 521842.0 521959.0 522044.0 522166.0 522307.0 522468.0 522608.0 522709.0 522831.0 522954.0 523097.0 523221.0 523343.0 523465.0 523585.0 523706.0 523828.0 523950.0 524070.0 524191.0 524332.0 524432.0 524555.0 524656.0 524799.0 524919.0 525020.0 525140.0 525240.0
531338.0 531458.0 531580.0 531723.0 531863.0 531967.0 532089.0 532210.0 532335.0 532455.0 532556.0 532676.0 532777.0 532920.0 533041.0 533161.0 533282.0 533418.0 533529.0 533649.0 533771.0 533870.0 533990.0 534091.0 534231.0 534332.0 534452.0 534552.0 534674.0 534794.0 534936.0 535038.0 535160.0 535281.0 535402.0 535543.0 535665.0 535787.0 535887.0 536028.0 536191.0 536312.0 536433.0 536535.0 536656.0 536792.0 536900.0 537020.0 537143.0 537264.0 537387.0
186092.0 186215.0 186401.0 186483.0 186625.0 186769.0 186892.0 186996.0 187143.0 187269.0 187393.0 187535.0 187657.0 187823.0 187975.0 188097.0 188223.0 188363.0 188485.0 188647.0 188837.0 189024.0 189215.0 189332.0 189524.0 189651.0 189777.0 189880.0 190012.0 190114.0 190257.0 190382.0 190516.0 190638.0 190803.0 190929.0 191094.0 191219.0 191322.0 191487.0 191650.0 191775.0 191895.0 192017.0 192180.0 192321.0 192444.0 192567.0 192710.0 192855.0 192940.0
571187.0 571287.0 571409.0 571590.0 571721.0 571851.0 571991.0 572130.0 572271.0 572371.0 572501.0 572661.0 572800.0 572943.0 573083.0 573183.0 573304.0 573407.0 573552.0 573692.0 573792.0 573932.0 574052.0 574152.0 574259.0 574382.0 574477.0 574757.0 575016.0 575257.0 575378.0 575523.0 575623.0 575882.0 576003.0 576223.0 576467.0 576756.0 577135.0 577235.0 577369.0 577615.0 577722.0 577835.0 577982.0 578095.0 578195.0 578316.0 578439.0 578560.0 578660.0
614161.0 614281.0 614403.0 614547.0 614686.0 614907.0 615027.0 615147.0 615267.0 615533.0 615752.0 615872.0 616132.0 616382.0 616506.0 616625.0 616745.0 616838.0 616958.0 617086.0 617338.0 617623.0 617723.0 617823.0 617923.0 618043.0 618143.0 618263.0 618363.0 618512.0 618611.0 618711.0 618833.0 618973.0 619093.0 619213.0 619354.0 619500.0 619630.0 619761.0 619920.0 620020.0 620160.0 620300.0 620448.0 620568.0 620688.0 620808.0 620969.0 621089.0 621208.0
623248.0 623358.0 623487.0 623587.0 623707.0 623827.0 623987.0 624106.0 624207.0 624347.0 624493.0 624634.0 624755.0 624855.0 625076.0 625324.0 625599.0 625739.0 625960.0 626080.0 626221.0 626361.0 626667.0 626888.0 627008.0 627108.0 627208.0 627318.0 627432.0 627555.0 627676.0 627816.0 627956.0 628096.0 628216.0 628336.0 628441.0 628582.0 628722.0 628842.0 628962.0 629094.0 629222.0 629342.0 629447.0 629589.0 629689.0 629821.0 629929.0 630029.0 630150.0
638230.0 638351.0 638479.0 638639.0 638841.0 638961.0 639100.0 639220.0 639361.0 639507.0 639806.0 640047.0 640187.0 640429.0 640671.0 640792.0 640992.0 641092.0 641292.0 641681.0 641981.0 642101.0 642241.0 642533.0 642633.0 642895.0 643115.0 643235.0 643352.0 643478.0 643599.0 643721.0 643822.0 643962.0 644062.0 644183.0 644323.0 644466.0 644590.0 644852.0 645092.0 645292.0 645522.0 645662.0 645762.0 645983.0 646224.0 646364.0 646769.0 646869.0 646969.0
646224.0 646364.0 646769.0 646869.0 646969.0 647170.0 647290.0 647434.0 647559.0 647678.0 647819.0 647939.0 648059.0 648179.0 648319.0 648444.0 648564.0 648664.0 648784.0 648904.0 649094.0 649194.0 649314.0 649416.0 649571.0 649690.0 649811.0 649931.0 650051.0 650178.0 650311.0 650453.0 650596.0 650716.0 650816.0 650917.0 651057.0 651197.0 651316.0 651544.0 651664.0 651824.0 651964.0 652064.0 652204.0 652304.0 652450.0 652611.0 652732.0 652833.0 652972.0
654141.0 654269.0 654381.0 654549.0 654808.0 654909.0 655129.0 655229.0 655534.0 655754.0 655895.0 656165.0 656396.0 656640.0 656880.0 657140.0 657259.0 657360.0 657463.0 657584.0 657684.0 657844.0 657964.0 658064.0 658184.0 658284.0 658417.0 658570.0 658671.0 658771.0 658871.0 659012.0 659152.0 659251.0 659372.0 659538.0 659637.0 659757.0 659877.0 659998.0 660137.0 660238.0 660358.0 660503.0 660662.0 660763.0 660883.0 661043.0 661173.0 661272.0 661396.0
280584.0 280709.0 280837.0 280963.0 281112.0 281236.0 281378.0 281481.0 281606.0 281747.0 281856.0 281957.0 282086.0 282254.0 282375.0 282552.0 282697.0 282798.0 282920.0 283042.0 283163.0 283290.0 283438.0 283647.0 283771.0 283898.0 284065.0 284239.0 284340.0 284466.0 284612.0 284755.0 284922.0 285067.0 285173.0 285322.0 285490.0 285634.0 285740.0 285865.0 285987.0 286132.0 286256.0 286378.0 286545.0 286654.0 286774.0 286901.0 287003.0 287124.0 287227.0
309643.0 309767.0 309910.0 310027.0 310133.0 310279.0 310422.0 310576.0 310687.0 310836.0 310938.0 311093.0 311202.0 311309.0 311432.0 311554.0 311696.0 311817.0 311917.0 312040.0 312162.0 312264.0 312373.0 312497.0 312611.0 312745.0 312866.0 313051.0 313194.0 313315.0 313500.0 313624.0 313820.0 313951.0 314127.0 314271.0 314393.0 314602.0 314724.0 314854.0 315001.0 315124.0 315240.0 315361.0 315473.0 315640.0 315744.0 315866.0 315995.0 316139.0 316285.0
316548.0 316677.0 316819.0 316944.0 317067.0 317250.0 317465.0 317559.0 317704.0 317829.0 317951.0 318072.0 318216.0 318339.0 318461.0 318563.0 318707.0 318812.0 318933.0 319096.0 319244.0 319430.0 319558.0 319702.0 319866.0 319990.0 320113.0 320280.0 320443.0 320566.0 320750.0 320913.0 321052.0 321159.0 321281.0 321407.0 321555.0 321698.0 321843.0 321965.0 322140.0 322255.0 322377.0 322501.0 322650.0 322756.0 322901.0 323029.0 323173.0 323336.0 323482.0
323625.0 323831.0 323933.0 324074.0 324218.0 324384.0 324507.0 324632.0 324798.0 324918.0 325086.0 325248.0 325390.0 325512.0 325636.0 325819.0 325962.0 326064.0 326231.0 326352.0 326520.0 326662.0 326810.0 326970.0 327092.0 327198.0 327340.0 327462.0 327565.0 327697.0 327844.0 327965.0 328088.0 328240.0 328365.0 328563.0 328676.0 328802.0 329024.0 329151.0 329279.0 329405.0 329527.0 329673.0 329775.0 329916.0 330059.0 330202.0 330363.0 330469.0 330592.0
339629.0 339750.0 339878.0 339999.0 340142.0 340290.0 340433.0 340559.0 340680.0 340860.0 340944.0 341086.0 341228.0 341391.0 341512.0 341622.0 341806.0 341931.0 342054.0 342184.0 342330.0 342473.0 342617.0 342741.0 342949.0 343072.0 343220.0 343347.0 343493.0 343598.0 343721.0 343827.0 343949.0 344055.0 344180.0 344367.0 344552.0 344679.0 344801.0 344968.0 345130.0 345233.0 345354.0 345475.0 345603.0 345749.0 345873.0 345998.0 346150.0 346273.0 346399.0
345603.0 345749.0 345873.0 345998.0 346150.0 346273.0 346399.0 346519.0 346652.0 346778.0 346920.0 347027.0 347149.0 347277.0 347378.0 347524.0 347687.0 347830.0 347975.0 348138.0 348284.0 348429.0 348558.0 348726.0 348849.0 348970.0 349114.0 349276.0 349421.0 349582.0 349684.0 349809.0 349971.0 350134.0 350277.0 350457.0 350581.0 350742.0 350865.0 351007.0 351110.0 351237.0 351384.0 351506.0 351628.0 351793.0 351925.0 352041.0 352164.0 352266.0 352393.0
343218.0 343318.0 343445.0 343567.0 343708.0 343887.0 344007.0 344127.0 344248.0 344512.0 344633.0 344914.0 345134.0 345641.0 345861.0 346101.0 346200.0 346463.0 346685.0 346805.0 346985.0 347205.0 347305.0 347428.0 347550.0 347650.0 347770.0 347890.0 348010.0 348150.0 348270.0 348405.0 348516.0 348636.0 348756.0 348896.0 348996.0 349116.0 349216.0 349316.0 349440.0 349562.0 349662.0 349762.0 349882.0 350022.0 350162.0 350262.0 350362.0 350528.0 350648.0
357239.0 357339.0 357464.0 357585.0 357685.0 357785.0 357925.0 358045.0 358185.0 358285.0 358408.0 358549.0 358669.0 358810.0 358950.0 359089.0 359189.0 359330.0 359474.0 359596.0 359716.0 359816.0 359936.0 360057.0 360196.0 360296.0 360439.0 360560.0 360680.0 360780.0 360880.0 360980.0 361080.0 361180.0 361281.0 361403.0 361566.0 361686.0 361847.0 361987.0 362106.0 362226.0 362367.0 362492.0 362612.0 362732.0 362873.0 363013.0 363132.0 363233.0 363375.0
372221.0 372331.0 372455.0 372596.0 372717.0 372856.0 372957.0 373056.0 373156.0 373256.0 373399.0 373541.0 373682.0 373841.0 373962.0 374081.0 374212.0 374527.0 374927.0 375027.0 375573.0 375693.0 375853.0 376073.0 376274.0 376437.0 376578.0 376858.0 377118.0 377239.0 377381.0 377515.0 377644.0 377784.0 377904.0 378025.0 378125.0 378265.0 378408.0 378549.0 378649.0 378770.0 378890.0 378990.0 379110.0 379230.0 379351.0 379476.0 379605.0 379746.0 379885.0
400165.0 400285.0 400397.0 400533.0 400664.0 400766.0 400865.0 400975.0 401096.0 401216.0 401337.0 401529.0 401649.0 401769.0 401889.0 402009.0 402149.0 402269.0 402391.0 402561.0 402651.0 402771.0 402891.0 403011.0 403111.0 403211.0 403311.0 403414.0 403537.0 403656.0 403797.0 403936.0 404057.0 404176.0 404316.0 404592.0 404813.0 405043.0 405509.0 405769.0 406169.0 406552.0 406652.0 406892.0 406992.0 407192.0 407436.0 407558.0 407678.0 407798.0 407938.0
420226.0 420326.0 420511.0 420631.0 420732.0 420852.0 421041.0 421132.0 421241.0 421361.0 421540.0 421640.0 421780.0 421900.0 422020.0 422161.0 422280.0 422403.0 422525.0 422665.0 422794.0 422885.0 422985.0 423125.0 423245.0 423365.0 423550.0 423671.0 423790.0 423911.0 424011.0 424151.0 424271.0 424495.0 424595.0 424765.0 425025.0 425315.0 425439.0 425659.0 425940.0 426140.0 426359.0 426506.0 426607.0 426827.0 427108.0 427207.0 427308.0 427492.0 427592.0
241038.0 241200.0 241322.0 241463.0 241584.0 241686.0 241807.0 241930.0 242071.0 242213.0 242335.0 242498.0 242637.0 242799.0 242922.0 243104.0 243214.0 243356.0 243446.0 243567.0 243708.0 243851.0 243992.0 244132.0 244253.0 244373.0 244517.0 244637.0 244759.0 244878.0 245009.0 245122.0 245222.0 245345.0 245465.0 245587.0 245718.0 245829.0 245973.0 246094.0 246257.0 246381.0 246521.0 246666.0 246828.0 246951.0 247072.0 247214.0 247336.0 247456.0 247578.0
77185.0 77286.0 77428.0 77549.0 77669.0 77770.0 77930.0 78030.0 78170.0 78270.0 78393.0 78515.0 78615.0 78756.0 78877.0 78997.0 79138.0 79238.0 79402.0 79547.0 79667.0 79805.0 79908.0 80048.0 80168.0 80306.0 80450.0 80594.0 80695.0 80815.0 80935.0 81035.0 81172.0 81255.0 81376.0 81500.0 81601.0 81741.0 81861.0 82001.0 82122.0 82242.0 82365.0 82529.0 82650.0 82769.0 82889.0 83030.0 83150.0 83271.0 83373.0
97160.0 97280.0 97464.0 97585.0 97705.0 97806.0 97926.0 98026.0 98167.0 98267.0 98413.0 98535.0 98675.0 98795.0 98896.0 99015.0 99116.0 99216.0 99316.0 99459.0 99601.0 99701.0 99801.0 99938.0 100038.0 100158.0 100278.0 100444.0 100546.0 100666.0 100845.0 100966.0 101086.0 101206.0 101346.0 101472.0 101573.0 101673.0 101773.0 101914.0 102033.0 102133.0 102253.0 102354.0 102477.0 102598.0 102718.0 102838.0 102978.0 103078.0 103178.0
108147.0 108267.0 108454.0 108613.0 108735.0 108836.0 108936.0 109036.0 109157.0 109297.0 109444.0 109667.0 109807.0 109927.0 110087.0 110227.0 110347.0 110473.0 110593.0 110694.0 110854.0 110955.0 111075.0 111195.0 111335.0 111500.0 111599.0 111719.0 111819.0 111920.0 112020.0 112120.0 112240.0 112362.0 112545.0 112645.0 112765.0 112866.0 112986.0 113126.0 113267.0 113388.0 113555.0 113736.0 113837.0 113958.0 114178.0 114464.0 114706.0 114805.0 115006.0
123192.0 123292.0 123435.0 123557.0 123697.0 123797.0 123917.0 124056.0 124316.0 124545.0 124645.0 124905.0 125165.0 125305.0 125570.0 125850.0 126009.0 126250.0 126392.0 126535.0 126755.0 126895.0 127015.0 127135.0 127273.0 127418.0 127580.0 127701.0 127821.0 127961.0 128100.0 128221.0 128340.0 128486.0 128625.0 128725.0 128825.0 128946.0 129065.0 129186.0 129306.0 129450.0 129570.0 129691.0 129811.0 129911.0 130031.0 130151.0 130251.0 130415.0 130535.0
145147.0 145288.0 145452.0 145574.0 145873.0 146134.0 146355.0 146478.0 146599.0 146739.0 146879.0 147019.0 147139.0 147279.0 147381.0 147544.0 147664.0 147824.0 147924.0 148044.0 148164.0 148284.0 148408.0 148530.0 148631.0 148751.0 148910.0 149031.0 149150.0 149271.0 149433.0 149536.0 149656.0 149756.0 149895.0 150016.0 150155.0 150276.0 150398.0 150501.0 150782.0 150961.0 151081.0 151181.0 151302.0 151445.0 151566.0 151686.0 151846.0 151946.0 152066.0
152166.0 152306.0 152430.0 152551.0 152671.0 152771.0 152871.0 152993.0 153113.0 153213.0 153333.0 153476.0 153577.0 153697.0 153836.0 153957.0 154056.0 154196.0 154441.0 154663.0 154803.0 154943.0 155063.0 155283.0 155423.0 155644.0 155884.0 156025.0 156265.0 156388.0 156670.0 156910.0 157031.0 157171.0 157291.0 157437.0 157559.0 157679.0 157799.0 157941.0 158085.0 158224.0 158345.0 158468.0 158609.0 158749.0 158869.0 158990.0 159130.0 159270.0 159392.0
245218.0 245322.0 245447.0 245620.0 245728.0 245850.0 245982.0 246150.0 246271.0 246415.0 246578.0 246740.0 246882.0 247044.0 247190.0 247355.0 247519.0 247682.0 247788.0 247935.0 248098.0 248220.0 248364.0 248487.0 248976.0 249239.0 249360.0 249489.0 249658.0 249794.0 249937.0 250061.0 250206.0 250328.0 250450.0 250619.0 250753.0 250858.0 250972.0 251097.0 251241.0 251407.0 251514.0 251684.0 251874.0 252016.0 252138.0 252260.0 252386.0 252528.0 252649.0
254240.0 254363.0 254510.0 254612.0 254734.0 254819.0 254963.0 255104.0 255249.0 255350.0 255492.0 255593.0 255716.0 255838.0 255982.0 256104.0 256246.0 256371.0 256488.0 256610.0 256752.0 256854.0 256978.0 257103.0 257253.0 257354.0 257520.0 257663.0 257831.0 257958.0 258081.0 258186.0 258370.0 258536.0 258658.0 258779.0 258942.0 259193.0 259322.0 259450.0 259595.0 259759.0 259900.0 260022.0 260204.0 260311.0 260433.0 260555.0 260655.0 260803.0 260931.0
271351.0 271766.0 271889.0 271990.0 272402.0 272549.0 272673.0 272879.0 273126.0 273229.0 273355.0 273556.0 273677.0 273819.0 273981.0 274122.0 274307.0 274469.0 274653.0 274752.0 274876.0 274981.0 275128.0 275251.0 275414.0 275537.0 275658.0 275841.0 275965.0 276111.0 276212.0 276355.0 276459.0 276584.0 276711.0 276873.0 276994.0 277116.0 277238.0 277382.0 277510.0 277612.0 277734.0 277876.0 277999.0 278125.0 278307.0 278434.0 278576.0 278721.0 278883.0
279153.0 279275.0 279397.0 279478.0 279620.0 279782.0 279905.0 280047.0 280149.0 280274.0 280454.0 280617.0 280739.0 280860.0 281022.0 281164.0 281326.0 281448.0 281571.0 281695.0 281796.0 281963.0 282087.0 282212.0 282344.0 282529.0 282667.0 282778.0 282940.0 283062.0 283225.0 283346.0 283472.0 283615.0 283737.0 283910.0 284000.0 284132.0 284223.0 284345.0 284462.0 284586.0 284700.0 284903.0 285025.0 285182.0 285295.0 285417.0 285561.0 285704.0 285805.0
290171.0 290293.0 290399.0 290522.0 290688.0 290831.0 290940.0 291087.0 291216.0 291362.0 291505.0 291687.0 291809.0 291952.0 292081.0 292245.0 292397.0 292554.0 292668.0 292820.0 292943.0 293046.0 293172.0 293263.0 293366.0 293495.0 293609.0 293731.0 293863.0 293977.0 294100.0 294221.0 294342.0 294434.0 294588.0 294712.0 294866.0 295051.0 295171.0 295297.0 295440.0 295585.0 295709.0 295857.0 295981.0 296127.0 296235.0 296362.0 296514.0 296682.0 296846.0
309257.0 309441.0 309602.0 309744.0 309865.0 310007.0 310149.0 310311.0 310416.0 310520.0 310626.0 310767.0 310932.0 311097.0 311240.0 311366.0 311534.0 311635.0 311757.0 311858.0 311980.0 312102.0 312244.0 312345.0 312467.0 312590.0 312741.0 312823.0 312947.0 313130.0 313257.0 313385.0 313546.0 313708.0 313887.0 314053.0 314174.0 314342.0 314485.0 314610.0 314739.0 314861.0 315047.0 315195.0 315332.0 315468.0 315590.0 315716.0 315860.0 316002.0 316164.0
200304.0 200425.0 200566.0 200689.0 200810.0 200945.0 201054.0 201167.0 201290.0 201399.0 201552.0 201692.0 201819.0 201940.0 202060.0 202201.0 202342.0 202463.0 202585.0 202727.0 202828.0 202972.0 203072.0 203193.0 203315.0 203456.0 203578.0 203700.0 203801.0 203942.0 204084.0 204225.0 204351.0 204473.0 204617.0 204738.0 204840.0 204963.0 205065.0 205185.0 205342.0 205428.0 205572.0 205693.0 205834.0 205976.0 206118.0 206239.0 206361.0 206504.0 206646.0
209342.0 209444.0 209606.0 209768.0 209911.0 210011.0 210173.0 210295.0 210436.0 210579.0 210681.0 210781.0 210910.0 211030.0 211173.0 211294.0 211413.0 211554.0 211735.0 211856.0 211957.0 212059.0 212160.0 212281.0 212383.0 212505.0 212646.0 212795.0 212918.0 213030.0 213183.0 213314.0 213424.0 213537.0 213667.0 213831.0 213942.0 214085.0 214209.0 214351.0 214473.0 214595.0 214756.0 214878.0 215027.0 215121.0 215282.0 215402.0 215604.0 215746.0 215866.0
231350.0 231471.0 231633.0 231796.0 231938.0 232098.0 232219.0 232359.0 232520.0 232621.0 232743.0 232865.0 233006.0 233088.0 233229.0 233352.0 233474.0 233595.0 233757.0 233899.0 234021.0 234203.0 234402.0 234566.0 234668.0 234809.0 234930.0 235051.0 235172.0 235294.0 235397.0 235497.0 235638.0 235758.0 235940.0 236083.0 236224.0 236329.0 236429.0 236610.0 236731.0 236853.0 237014.0 237154.0 237275.0 237415.0 237574.0 237676.0 237780.0 237902.0 238042.0
238302.0 238405.0 238508.0 238649.0 238789.0 238914.0 239019.0 239141.0 239284.0 239384.0 239507.0 239630.0 239792.0 239934.0 240055.0 240175.0 240304.0 240468.0 240588.0 240689.0 240810.0 240931.0 241092.0 241213.0 241316.0 241457.0 241579.0 241702.0 241863.0 242006.0 242147.0 242289.0 242409.0 242575.0 242755.0 242899.0 242998.0 243102.0 243204.0 243326.0 243448.0 243568.0 243773.0 243914.0 244057.0 244179.0 244281.0 244484.0 244625.0 244749.0 244909.0
247289.0 247410.0 247532.0 247655.0 247777.0 247877.0 248000.0 248092.0 248243.0 248355.0 248487.0 248600.0 248741.0 248884.0 249014.0 249135.0 249236.0 249369.0 249520.0 249641.0 249744.0 249835.0 249978.0 250100.0 250200.0 250331.0 250444.0 250545.0 250676.0 250807.0 250947.0 251087.0 251208.0 251369.0 251489.0 251610.0 251753.0 251876.0 252018.0 252141.0 252283.0 252407.0 252548.0 252731.0 252872.0 252993.0 253135.0 253255.0 253377.0 253499.0 253640.0
273339.0 273480.0 273581.0 273730.0 273852.0 273957.0 274099.0 274199.0 274341.0 274482.0 274644.0 274745.0 274847.0 274970.0 275131.0 275272.0 275393.0 275515.0 275637.0 275760.0 275885.0 276047.0 276168.0 276292.0 276432.0 276574.0 276836.0 276958.0 277119.0 277280.0 277402.0 277543.0 277687.0 277846.0 277949.0 278091.0 278209.0 278312.0 278489.0 278592.0 278751.0 278872.0 278997.0 279159.0 279322.0 279464.0 279584.0 279708.0 279828.0 279971.0 280093.0
218561.0 218678.0 218784.0 218910.0 219034.0 219144.0 219256.0 219377.0 219497.0 219620.0 219722.0 219843.0 219945.0 220087.0 220192.0 220353.0 220473.0 220578.0 220702.0 220823.0 220923.0 221070.0 221191.0 221293.0 221420.0 221600.0 221748.0 221871.0 221998.0 222180.0 222302.0 222404.0 222525.0 222646.0 222767.0 222888.0 223022.0 223132.0 223243.0 223337.0 223456.0 223578.0 223703.0 223849.0 223951.0 224092.0 224214.0 224314.0 224437.0 224541.0 224666.0
228574.0 228696.0 228819.0 228948.0 229070.0 229214.0 229359.0 229483.0 229603.0 229703.0 229904.0 230032.0 230152.0 230273.0 230416.0 230597.0 230699.0 230821.0 230946.0 231086.0 231189.0 231331.0 231474.0 231606.0 231759.0 231889.0 231980.0 232089.0 232200.0 232301.0 232406.0 232508.0 232674.0 232795.0 232937.0 233078.0 233200.0 233344.0 233475.0 233598.0 233690.0 233799.0 233932.0 234053.0 234175.0 234317.0 234439.0 234560.0 234687.0 234832.0 234953.0
258476.0 258582.0 258703.0 258863.0 259008.0 259129.0 259251.0 259362.0 259473.0 259597.0 259717.0 259838.0 259961.0 260121.0 260242.0 260362.0 260484.0 260627.0 260748.0 260856.0 260998.0 261100.0 261241.0 261341.0 261485.0 261608.0 261692.0 261860.0 262055.0 262165.0 262296.0 262400.0 262541.0 262652.0 262773.0 262906.0 263016.0 263157.0 263278.0 263399.0 263503.0 263628.0 263729.0 263866.0 263976.0 264097.0 264199.0 264332.0 264441.0 264585.0 264711.0
273431.0 273535.0 273677.0 273822.0 273951.0 274098.0 274221.0 274322.0 274469.0 274631.0 274751.0 274877.0 274979.0 275082.0 275207.0 275306.0 275452.0 275574.0 275714.0 275870.0 276003.0 276127.0 276248.0 276389.0 276509.0 276650.0 276774.0 276917.0 277039.0 277139.0 277261.0 277382.0 277526.0 277647.0 277771.0 277892.0 278015.0 278163.0 278264.0 278376.0 278497.0 278620.0 278767.0 278893.0 279013.0 279137.0 279277.0 279399.0 279522.0 279642.0 279803.0
292427.0 292527.0 292652.0 292753.0 292855.0 292977.0 293119.0 293268.0 293432.0 293577.0 293699.0 293820.0 293963.0 294125.0 294271.0 294393.0 294557.0 294703.0 294823.0 294948.0 295130.0 295295.0 295422.0 295545.0 295691.0 295796.0 295923.0 296048.0 296170.0 296336.0 296458.0 296602.0 296752.0 296872.0 296996.0 297137.0 297299.0 297421.0 297541.0 297702.0 297826.0 297947.0 298069.0 298213.0 298339.0 298496.0 298658.0 298801.0 298930.0 299117.0 299242.0
326458.0 326622.0 326768.0 326889.0 326990.0 327092.0 327227.0 327351.0 327438.0 327564.0 327685.0 327826.0 327928.0 328050.0 328191.0 328337.0 328479.0 328621.0 328722.0 328886.0 328989.0 329114.0 329256.0 329377.0 329520.0 329620.0 329744.0 329864.0 329967.0 330090.0 330203.0 330327.0 330448.0 330569.0 330693.0 330834.0 330975.0 331117.0 331264.0 331406.0 331527.0 331668.0 331831.0 331912.0 332034.0 332156.0 332317.0 332441.0 332562.0 332687.0 332828.0
