-0.01854457 -0.1624432 0.1194307 0.2305954 -0.05821173 0.01721892 0.006183012 -0.01084052 -0.1285449 -0.3826869 -0.03018648 -0.008704089 0.3466993 0.2881112 0.1817508 -0.03064852 -0.1372969 -0.6004403 -0.2837505 0.1743777 0.2454276 0.2611352 -0.1341659 0.2250047 0.1206063 -0.1591833 0.05312186 0.5652314 0.3765826 -0.1319615 -0.4831341 -0.5726965 -0.06928813 0.03751964 0.1014637 0.1067872 0.2994094 0.04304582 0.1070641 -0.3133362 -0.1343113 0.2337496 -0.03843064 0.2996893 0.04361891 0.1634701 0.1044408 -0.1105368 0.04901305 -0.09437755 -0.5711996
-0.09437755 -0.5711996 -0.3418148 0.1676407 0.2282996 0.3038615 0.2730749 -0.03942968 -0.5364807 -0.3488357 0.3296615 0.2952962 0.07265165 -0.1277991 -0.1803303 -0.05333879 0.03784318 -0.1190186 -0.1590566 -0.219743 0.04778978 0.05354673 -0.01294741 -0.09291396 0.1544245 -0.1304972 0.01857705 0.1735175 -0.1439517 0.1043187 0.1110481 0.02704347 -0.216752 0.03370939 0.1338316 -0.05895182 -0.2644327 -0.03545362 -0.08825505 -0.04121864 0.1246179 0.1520225 0.02641702 0.1046582 0.05085584 -0.06737845 0.03970874 -0.03294009 -0.01551286 -0.08807359 -0.01116951
-0.0561646 -0.03645128 -0.0272903 -0.06482832 0.000674035 0.03408546 0.003444023 -0.04307325 0.06982682 0.1221773 0.1038701 0.05382534 0.09440552 -0.03610161 -0.09303953 -0.0722045 -0.09825648 0.03087475 0.05300371 -0.007172605 0.01980063 -0.02893637 -0.02024784 0.07028984 0.06950855 -0.03776533 -0.03992073 -0.06456067 -0.07975188 0.08187086 0.01035997 0.1094985 -0.07014873 -0.1510329 -0.2215827 -0.2049779 0.1348237 0.07535484 -0.01802624 0.05003269 -0.006756577 0.01160962 0.09535069 0.2117922 0.06782414 0.1580673 0.01225166 -0.07012358 -0.1149774 -0.1429793 -0.05520722
-0.1149774 -0.1429793 -0.05520722 -0.01105707 -0.003638163 -0.0799222 0.01916147 -0.02854091 -0.1061031 0.02370318 0.147818 0.001300354 0.06278116 0.03223052 0.02028055 -0.1258115 -0.04651462 -0.07242256 0.001542841 0.02205467 0.0203327 0.08280385 -0.1030723 0.02567284 0.06618649 0.1327828 0.02397876 -0.04641755 -0.126573 0.0585129 0.03917126 -0.1062194 0.1813972 -0.08659197 0.06977573 0.1310679 0.1753574 0.192393 0.1391828 0.01518835 -0.03664787 -0.1900019 -0.1159533 0.008211956 -0.07214753 0.01928424 0.1384287 -0.08196358 -0.02807771 -0.02765149 0.06602915
0.03463422 0.04028928 0.008850017 -0.142148 -0.0605545 -0.1690923 -0.1390296 0.07077478 -0.02604523 0.1642059 0.01409506 0.1495255 0.08807897 -0.0452824 0.07931164 0.001996295 -0.02635545 0.03546413 0.1039296 0.03047226 -0.1521304 -0.2079875 0.09070648 0.03099849 0.09502432 0.04416803 -0.02040998 -0.08359379 -0.01551314 0.01445664 -0.01566725 0.05852468 0.03489191 0.1505356 -0.07189391 0.006831103 -0.08868655 -0.05568134 0.1513798 0.09652382 0.2708935 -0.154244 0.06797422 0.04319791 0.07731216 0.04940549 0.03159611 -0.2192974 -0.2187899 -0.1638507 0.01812384
0.1893111 -0.03400596 -0.02193159 0.1132299 -0.3578847 -0.2157426 0.1432769 0.1216838 -0.01213141 -0.1281325 0.2881152 0.07453515 0.1916975 -0.3664777 0.134636 -0.2205098 0.04476255 -0.04880064 0.2050861 0.1821104 0.2603625 -0.1682835 0.223474 9.684144e-05 -0.0813478 -0.01867351 0.1823223 -0.0064837 -0.2132184 -0.06728606 0.1811628 -0.1476396 0.1159029 -0.2761616 -0.02228482 0.3254153 0.1258578 0.2506573 -0.02679291 -0.1076057 0.1328169 -0.2190875 -0.4470227 0.08179352 0.2395223 -0.1799656 0.05830362 0.02240323 -0.05358611 0.1704996 -0.1470489
0.009917284 0.05749905 0.02904654 0.01339746 -0.008859821 -0.002525497 0.04590688 -0.002965788 0.02162773 -0.02188215 -0.01533737 -0.0512048 -0.02183966 0.02096403 0.0617118 0.02213583 -0.03645906 -0.05053338 0.03469411 0.06151476 5.182448 -1.609843 -2.079288 -1.501498 -0.4579537 0.1618118 0.339844 0.3229005 0.1349644 -0.009799479 0.02245391 -0.006527918 0.07396378 0.01047013 -0.02727911 0.004516904 0.0287105 0.03556255 -0.01806957 0.02375454 -0.02265477 0.06006397 -0.05187672 -0.0003697731 -0.03598379 -0.009718002 -0.0006458116 -0.07592584 -0.03321996 0.0277667 0.09732258
-0.004055301 -0.01130784 0.02982763 -0.05823432 -0.05606519 -0.07454305 -0.01999073 0.003655112 0.008205504 0.02380271 0.04383468 -0.01775265 0.09022227 5.124609 -1.636374 -2.112569 -1.127232 -0.4405835 0.2676454 0.3864657 0.312085 0.007444264 -0.01022722 -0.02702669 -0.005271337 0.06723421 0.144004 0.03925687 0.07090606 -0.07380999 0.006483643 0.01841051 -0.002586052 -0.08106883 -0.04586322 0.03005834 -0.008610065 -0.0756781 0.04126856 0.07530034 -0.01058242 0.005049804 0.0416424 0.02320986 0.02406928 0.02153958 0.0651652 0.04436701 0.02321774 -0.04361952 -0.004230587
0.001609905 0.05687675 -0.03024744 0.01142378 -0.01693078 -0.1208214 -0.02048348 0.00368093 0.03072346 0.02240485 0.1739237 5.320303 -1.513924 -2.006084 -0.6658881 0.3548983 0.3613502 0.2036027 0.1379775 0.0002882956 0.0618401 0.03735907 0.02066807 -0.07033426 -0.09102879 -0.1063331 -0.09856999 -0.03655482 -0.02275687 0.007846497 0.0226983 0.03753224 0.005300607 0.03318299 0.04460523 0.01355916 0.08528854 -0.01917185 -0.02489215 0.02651115 0.01345645 0.04751374 0.01043308 0.01444154 -0.02316331 0.05491164 0.06096658 -0.01918302 -0.09491026 0.02752453 0.03065239
0.02674159 0.03505016 0.03606543 0.03350335 -0.03526164 0.05211172 -0.04213234 -0.03289431 -0.01024649 -0.01972487 0.05860788 0.01751212 0.1104695 -1.837793 -1.084206 -0.217592 0.5590781 0.5504052 0.1156153 0.08570966 0.03253227 -0.01341002 -0.02100344 -0.02173085 -0.045089 0.005471484 0.007596048 0.007853713 -0.01348033 0.02729569 -0.05955298 -0.05461458 -0.03483699 0.01782559 0.0254784 -0.01952832 0.01793537 0.03420942 0.05613842 -0.0001478132 0.02713225 -0.0337597 -0.08333902 0.06636389 0.04057555 -0.0160486 0.07352862 -0.007213769 -0.03071366 -0.1733723 0.05458416
0.07352862 -0.007213769 -0.03071366 -0.1733723 0.05458416 -0.05220719 0.06801587 0.05211711 0.05349265 0.06825815 -0.04357418 0.009054177 1.833908 0.5885797 -1.853956 -1.675774 -0.6916475 0.003131648 0.5751653 0.4581542 0.2277431 0.1727226 0.07725299 0.01933847 -0.03781821 -0.01932636 -0.05219234 -0.08342952 0.01134114 0.008819908 -0.04347561 0.02982176 -0.0001425559 -0.02568636 0.05223979 -0.04685068 -0.02658572 -0.03351242 -0.04578893 0.01594692 0.04984311 -0.01323004 0.06833941 0.02825811 0.0453894 0.01953461 0.02476831 0.06768385 -0.03278331 -0.01532429 0.0238067
-0.02216819 -0.009837929 -0.07467299 0.01205922 0.0526965 0.008566619 0.005708926 0.03685378 0.03823713 0.02811789 0.02502596 5.979536 -2.269649 -1.29508 0.7767411 0.4107677 0.164664 0.02907889 0.0001721238 -0.03787491 -0.04344252 -0.05524683 0.02023958 0.02669755 0.03228793 0.04021558 0.00144147 0.01924786 0.0224207 -0.03552977 0.0126634 0.006132253 -0.02334923 -0.08909072 -0.06418368 -0.05274079 -0.03226129 0.009970887 0.02464187 -0.04696947 -0.04335575 0.03650186 -0.09414133 -0.008002905 0.06910333 0.05200925 -0.03036874 0.0355966 0.02533805 0.03601401 0.06022012
0.2282898 -0.3031865 0.07028542 0.1080708 -0.05505868 -0.08150506 0.01331341 -0.2563181 0.18976 -0.03581315 -0.1933944 -0.2545524 0.006514138 0.3978606 0.2944772 0.04945564 -0.4286274 -0.2570722 -0.09304117 -0.08778749 -1.870818 2.169363 1.718193 0.1973927 -0.1627824 -0.3072377 -0.2725702 -0.3901033 -0.07280153 -0.02993408 0.04481541 0.05417398 0.1827358 -0.008202165 0.02754413 0.07679223 -0.0755107 -0.1375024 0.06899415 0.3060383 -0.007259151 0.08879158 0.05885892 -0.09347589 -0.03935561 0.05717954 0.138741 0.2260895 0.3037468 -0.6027598 -0.2003133
-0.0205464 0.01659552 0.1164506 0.20502 0.1329719 0.2799128 0.07687411 0.03526836 -0.2238667 -0.5524679 0.1012882 0.2163457 -3.201741 1.85136 2.596333 0.6117829 0.6044816 -0.2565137 -0.6128511 -0.5217093 -0.03010846 0.04827691 0.0641631 -0.4251592 -0.06931008 0.2446793 -0.3480941 -0.1757018 -0.1906106 0.4455114 0.4790123 -0.05872367 -0.1048567 -0.2692309 -0.2897255 -0.1421201 -0.2091812 -0.02393153 0.2330485 0.4128241 -0.1851075 0.1816432 -0.10866 0.3851008 -0.1746881 0.1355549 -0.09677407 -0.2068267 0.02525858 0.189777 -0.2701566
0.3379805 -0.4445308 -0.03134024 0.177876 0.04246233 -0.04190683 -0.06338659 0.2518503 -0.2789402 -0.1285135 -0.009770771 0.272367 -0.7246181 0.009850435 1.193328 0.8020854 0.8126027 0.1051608 0.303626 0.01919388 -0.5114753 -0.4446096 -0.2702567 -0.09900989 0.4177017 -0.2419311 0.04482641 -0.09278069 0.3319867 0.4051239 -0.1298421 -0.2766306 -0.3451418 0.3260938 0.1676189 -0.05784233 -0.0224838 -0.06022095 -0.03774663 0.08815296 -0.0583891 0.1661408 0.02153296 -0.2823061 0.1877494 -0.09903762 0.01534129 -0.1556847 -0.01955979 -0.08291236 0.1294766
-0.1581406 -0.1939088 0.06592574 -0.155765 0.2766319 0.03343552 0.1493044 -0.02878277 0.3380882 -0.5306802 0.1804356 -0.2900763 0.154364 0.01619503 -0.232606 -0.3325504 0.2548208 1.038836 0.606414 0.18393 0.1540599 0.3476925 -0.1485911 -0.4595423 -0.5388231 -0.03516395 -0.05870203 -0.1998428 0.02364422 -0.1846165 0.2674454 0.1293771 0.04658368 0.2855887 -0.1613841 -0.3726505 -0.1099656 0.3409109 0.1033407 0.2931982 0.01222926 -0.08682476 0.01896067 0.1805974 -0.3396783 -0.3290583 -0.09969018 -0.1372858 0.1673275 0.2278464 -0.02050518
0.1142797 0.1692864 -0.02235561 0.3920612 -0.3605149 -0.08801094 0.4534167 0.0865408 -0.2658886 -0.06697407 0.005062117 -3.316737 1.724732 1.337709 0.8293631 0.4087272 0.004639259 -0.1944246 -0.3820653 -0.1242536 -0.2080877 -0.2434859 0.05556412 0.1279755 0.00540723 -0.1506538 0.06095694 -0.1508361 0.03170091 0.1048866 -0.2735829 0.1773062 -0.3688182 -0.480214 0.1919001 0.291473 -0.05699386 -0.118867 0.08603574 -0.00181459 0.04250739 -0.001462889 0.04174042 -0.02837879 0.01457303 -0.0284164 -0.09251941 0.08600025 -0.03055387 0.1055336 0.1771626
0.01457303 -0.0284164 -0.09251941 0.08600025 -0.03055387 0.1055336 0.1771626 -0.0198322 -0.003375239 0.1114666 -0.2124615 0.1099609 -0.1284134 -0.1025134 0.1092024 -0.01530448 -3.908883 1.901385 1.810061 1.144345 0.4474582 -0.2799731 -0.3700457 -0.3926888 -0.3764319 -0.1641193 -0.121045 0.02926074 -0.03002548 0.1393648 0.1530696 -0.01620835 -0.1342906 -0.04313137 0.03272928 -0.05729908 -0.02728059 0.07026515 0.1002455 0.02144124 0.08647282 0.001028698 -0.01739652 -0.04617199 -0.1035473 -0.2537084 0.07588127 -0.1705477 0.2002677 -0.2536674 0.2412351
0.05454539 0.008727578 0.05083589 3.58376e-05 -0.05302383 -0.03917823 -0.08764774 -0.05148792 -0.002662017 0.01259995 0.1422739 -1.339396 -0.9775463 0.2561996 0.2161789 0.03697933 0.2355809 -0.02274003 -0.05070193 -0.005506462 -0.1072828 -0.1191967 -0.05682766 0.1877557 0.08742291 0.04452596 0.1199967 0.1623239 0.2013156 0.1101478 0.03504892 0.04253477 -0.07789699 -0.06115183 -0.002388234 0.09758237 0.09010853 -0.04050892 -0.05806016 -0.09772429 0.05099826 0.05118179 0.114536 0.04818043 -0.02455401 -0.06775635 -0.08896019 -0.05990637 -0.0899503 -0.02315321 0.02861758
0.1680657 0.1579312 0.101323 0.02123874 -0.05796786 -0.06036232 -0.05708484 -0.0297035 -0.08837548 -0.07760668 0.04941447 0.1154301 0.09589131 0.2141642 5.315195 -2.060287 -3.031457 -1.723957 -0.4945848 0.04705498 0.329385 0.4369681 0.4075082 0.4394605 0.2978854 0.050774 0.1257662 0.06587334 -0.0908768 -0.09363459 -0.1473413 0.05043798 -0.1015471 0.0275168 0.02663544 0.09485263 0.07598349 0.02852633 0.03481863 0.1424927 -0.01456933 0.2789327 -0.1901532 -0.2288303 -0.2557421 -0.07278565 -0.03759603 0.03702065 0.0126963 0.02475426 0.06133885
-0.05766329 0.07945869 -0.008289557 -0.02353393 0.01387535 0.03163833 0.01062907 -0.01302482 -0.04701224 -0.1449828 0.09364137 0.1139898 0.08732034 0.2439673 0.8696953 -1.379621 -0.9055958 -0.01478163 0.06006686 0.05477116 0.2610427 0.1047499 -0.09403703 -0.09749144 -0.0619798 0.1217283 0.003953327 -0.1144627 0.02451655 -0.004680008 0.05067219 0.0618901 -0.03938744 -0.04507414 -0.1095566 -0.01703536 0.01058234 0.1008087 0.1636834 -0.02346227 -0.182707 -0.06583802 0.07122324 0.05581816 -0.07051311 -0.03434579 0.04635053 -0.02987693 -0.08709371 0.0639211 -0.05663414
-0.03780318 0.09326352 0.1546483 0.3154638 0.1208071 0.08925237 0.05512389 -0.09679475 -0.1045491 -0.0199351 -0.09914695 -0.03451367 0.01584768 0.1729038 0.2052112 3.891153 -1.096797 -1.400143 -0.8600152 -0.1485411 0.09389831 0.248119 0.1470586 0.2471255 0.1953449 0.1227669 0.01534676 0.09012865 0.09859293 0.01409515 -0.01476501 0.002629844 -0.0069389 -0.02186965 -0.03438499 0.06663691 0.07621236 -0.1729581 0.1504199 0.1371036 -0.2590248 0.05851814 0.04677613 -0.08724525 -0.1161358 -0.02884508 -0.02974718 0.0003270582 0.02541616 5.908854 -1.221725
0.07073548 0.0655411 0.04983282 -0.016589 -0.07027799 -0.1181027 -0.04547291 -0.01765341 -0.07469732 -0.0861969 0.04752433 0.07923847 0.1313155 0.1361061 2.394997 -1.294945 -1.031766 -0.4511901 -0.03072835 0.2154464 0.2434911 0.2132403 0.2280692 0.1258232 0.01514209 0.09924391 0.1256431 0.04062077 -0.113283 -0.04413066 -0.08809341 -0.1064877 -0.04989396 -0.03019394 0.02959049 0.0162012 0.05195616 0.02864323 -0.003225797 -0.03565934 0.01311356 -0.01476525 0.06718358 -0.005708018 -0.04478113 -0.08029041 -0.03197579 0.07960376 0.1341941 0.1671676 0.08963516
-0.1143148 0.1730224 0.4252477 -0.09460609 0.009908081 -0.05356805 -0.05155706 -0.1892156 -0.01383927 0.08049315 0.1072278 0.2600376 0.1960534 1.305265 1.293144 -2.225228 -0.344872 -0.8153369 -0.6008269 -0.2620113 0.08665736 0.2477384 0.1409616 0.1016011 0.4107401 0.3632402 0.07090585 -0.2712942 0.6434307 -0.006201188 0.00847235 -0.09544521 -0.1996865 -0.1934801 0.06892004 -0.01941233 0.109074 -0.1835115 0.1067825 -0.1689053 0.04834631 0.09480403 -0.0773721 0.1026569 0.071504 0.05877532 0.0875462 -0.2108455 0.06738999 -0.07523114 0.05790033
0.03152464 0.04994834 0.04379094 0.004989885 0.008468425 0.05505021 -0.01661683 0.07394961 -0.005937133 0.008111484 -0.03851819 0.02795065 -0.0163529 0.03103299 0.001454309 -3.127459 0.756516 2.311209 1.407831 0.2666005 -0.1718079 -0.3964625 -0.4285652 -0.3634324 -0.2017665 -0.1062432 0.04549318 0.1291834 0.06186936 0.1699071 0.04306436 0.02016086 -0.006791614 -0.0402018 -0.07334554 -0.02247393 -0.04551369 -0.01058622 -0.05024209 -0.005857551 -0.03685532 -0.02632145 -0.01931795 0.03598969 0.05978425 0.01640783 -0.008310815 0.003283338 0.05983579 -0.03231731 0.07010815
0.05493973 -0.0662688 0.001890801 0.08671568 0.05032631 0.02373384 0.05877503 -0.04005165 -0.01011921 -0.04163129 -0.03354708 -0.03070583 -0.04145819 -0.07964855 -0.07372607 0.07589205 -0.04724596 -5.235546 1.407423 2.699498 1.480086 0.4146108 -0.2737566 -0.08194833 -0.3434176 -0.4886781 -0.3549396 -0.07599636 0.01408984 0.001392025 -0.01909108 -0.01878236 0.06337107 0.003165483 -0.005481092 0.07605141 0.05634783 0.0450073 0.06629653 0.03977505 -0.0204238 0.004995686 -0.03467749 -0.0997926 -0.03595892 0.04238782 -0.01473177 0.005782855 0.04052295 0.0298722 0.09267716
0.04091067 0.02069734 0.0409872 -0.00547416 0.049134 -0.006698244 -0.002635872 0.02398238 -0.03529835 -0.0421997 -0.03403961 -0.02519768 -0.01492585 -0.04820551 -0.02378527 -0.01054955 -5.132101 1.215339 2.594537 2.437315 0.9416749 -0.06536844 -0.5879882 -0.5138793 -0.3751228 -0.247085 -0.05595698 0.1476369 0.1420063 0.1330309 0.03674617 -0.02322358 -0.02589107 0.02340449 0.09523986 -0.006411698 0.01971057 -0.05502275 -0.0397642 -0.0585091 0.0180319 0.002491882 0.01776417 -0.02239664 0.05212946 0.02114796 -0.01085446 -0.07306483 0.01262668 0.02267197 -0.02783558
0.004682248 -0.01432278 0.03900951 -0.02682226 -0.03241903 0.06717159 -0.0141825 -0.02382378 0.1105754 -3.87197 -1.449707 1.697074 -0.07282744 -0.2713994 -0.2398296 0.0104385 0.1673025 0.09101146 -0.02091229 -0.06908562 0.02508875 0.06944561 0.1173635 0.02201504 0.05562679 0.00106367 -0.03737078 -0.05257469 0.03786843 0.08264697 -0.01680481 -0.04277977 -0.02986611 -0.01335443 -0.04770218 -0.03114288 0.07132517 0.03610266 0.01983169 0.03184079 -0.009539554 0.04396592 -0.03563327 -0.07018952 -0.0352388 -0.08691487 0.07341269 0.07363508 0.05881363 0.01863221 0.06056649
0.06454888 0.0002295232 0.1232846 0.07446352 -0.005777755 0.04542828 -0.0003965315 -0.01029752 -0.06962566 -0.1145855 -0.05192035 0.007959083 0.003244742 0.00400963 -0.0388406 -1.980421 1.67464 0.9676385 0.3707059 0.005692738 -0.2190808 -0.189394 -0.1099141 -0.142176 -0.07297106 -0.008665007 -0.002288631 -0.01585779 0.01982528 0.006616564 0.09962671 -0.004101334 0.01101215 0.0590445 0.01638568 -0.002060433 -0.07909336 -0.06606299 0.0322019 -0.07297896 -0.007775242 -0.01557859 0.03618924 0.09646098 0.01963693 -0.01276511 0.05134534 -0.09154446 -0.04982834 -0.009760673 0.02561933
0.01228317 0.008024201 -0.007165891 -0.005935423 0.01268515 0.01417762 0.04950491 0.0808167 0.004002994 0.0384419 0.01473411 -0.02146243 0.08056373 -0.02907759 0.03894586 -0.1250845 -0.01429213 -0.05230523 -2.979593 3.652529 1.958565 0.655735 -0.7766302 -0.6936475 -0.3234019 0.127402 0.04007962 -0.0425304 0.08924729 0.06151843 0.0384405 -0.09757673 -0.07806094 -0.02855745 -0.006498902 0.04900366 0.04106202 0.01943797 -0.03857091 0.009694404 0.03392439 0.03993972 0.08364893 0.06056631 -0.04295249 -0.001261391 -0.01810531 -0.02123149 0.02111642 -0.04282472 0.0560388
-0.1105059 -0.08828662 0.03035598 -0.2469721 0.1968776 0.1412872 -0.1208006 -0.008209972 0.1788217 0.1263371 0.03488642 0.02678533 0.02738665 0.03008816 0.05908922 -0.01884379 -0.04840335 -0.1146045 -0.2462833 0.0608217 -0.1129383 0.07039215 0.1627823 0.1026498 -0.1016554 0.1761043 -0.1230373 -0.6267926 -0.2076406 1.010746 -0.6902413 0.6251324 -0.547791 0.0746917 -0.4422778 -0.2564091 0.4891846 0.08332255 -0.06788598 0.5394165 -0.1213669 0.1162365 -0.2083829 0.01016989 0.1747383 0.09130092 0.01165379 -0.1840727 -0.1440522 -0.01333245 0.01328003
0.06206619 0.1486093 -0.101493 -0.1143078 -0.05361475 -0.3244765 0.1166515 -0.02602312 0.2595453 0.07845918 0.1283752 -0.01891185 -0.1530013 -0.09075572 0.03842969 0.05956018 0.1374886 0.01690823 0.09571058 0.02228925 -0.02430639 0.3209726 0.7316495 -0.5582783 -0.4498231 -0.6135232 -0.4546205 -0.9269078 0.3181337 0.1364625 -0.004070471 0.2184064 0.2196718 0.5381988 0.1779802 0.1556411 -0.1180076 -0.03565687 0.1377802 0.1421293 0.07830743 0.0256119 0.07608978 -0.06605658 -0.1970696 0.06465367 -0.2031125 0.3736193 0.1340275 0.1215908 -0.09373647
-0.007271676 -0.1835282 -0.07815816 -0.1275096 0.004915622 0.06152984 0.1581554 0.08106429 0.07621714 -0.01590977 -0.05430604 -0.06951369 -0.1399014 -0.06561367 0.07235813 -0.01702324 0.03394107 0.110102 1.198256 1.396593 -0.1458993 -0.7655932 -2.683882 -2.088523 -0.9751638 0.3231876 1.3589 0.9752456 0.841352 0.1950281 -0.1556062 -0.02863714 0.05519809 -0.3521729 0.1311467 -0.0476118 -0.1050374 -0.09263184 0.01006094 0.1011107 0.113995 0.02065552 0.1362698 -0.2084544 -0.1417235 -0.001595265 0.03072495 0.04403413 -0.03341396 0.03069102 0.05750894
0.07579596 -0.00251557 -0.09497797 -0.07715681 -0.05327388 0.02162019 0.01182989 0.01111823 0.01260501 -0.01095194 -0.003603291 0.05878259 0.1014624 -0.01015593 0.04984437 0.07290266 0.1143052 0.02378572 -0.01183072 -0.0556322 -0.0941401 0.03088954 0.1220494 -0.03200155 -0.1439806 -0.07112423 -0.06175222 0.04002929 0.0594308 3.000679 -0.478291 -0.1334224 -2.102314 -2.024561 0.04398985 0.04063155 1.253025 0.04262919 -0.1338097 1.223728 0.3908126 -0.08888792 0.04135613 0.001765124 0.08951894 -0.06277044 -0.0004693938 -0.05964603 0.09392693 0.03421587 -0.3375004
-0.007415597 -0.2877353 -0.07080975 -0.04101915 -0.05960785 0.1478464 0.2559528 0.1620433 0.04492101 -0.1652414 -0.02460116 -0.08838511 -0.02126487 -0.07035683 -0.1361201 -0.1400222 0.3092431 0.05403471 0.1608738 1.132054 -1.645385 -0.2107621 -0.7261842 -1.64119 -0.465055 0.7448806 0.5184786 0.4159165 0.422399 0.09931013 0.08852479 -0.118763 -0.1358802 -0.03711338 0.3214832 0.08572225 0.05556594 0.1069793 -0.1695907 0.1038572 -0.2214165 -0.1075229 -0.04378816 0.0841948 0.2730256 0.07201672 0.1490021 -0.0946856 -0.2037835 -0.1390232 0.1414135
0.004083572 -0.04407923 -0.1035366 0.0726662 0.07588504 0.08898406 0.1020876 -0.02061787 -0.1328964 -0.1403613 0.02943149 0.01639531 0.05777584 0.01716878 0.03548891 0.01419417 0.05259475 -0.04262351 -0.137912 -0.1945623 -0.0598335 0.01556777 0.247789 1.873683 1.681667 -2.48747 -3.231225 -1.827228 -0.03944049 -0.3952092 0.6807977 0.8838696 1.003 0.1756866 0.05824119 0.0495618 -0.1851015 -0.1104308 0.03779548 -0.02290533 -0.009859151 0.09469993 -0.05203303 0.01698553 -0.05665663 0.07185753 0.003971818 0.04489641 -0.09661543 0.01349431 -0.03709964
0.04115912 0.06184451 0.02275461 -0.03498948 -0.01413861 -0.02953757 0.004807009 0.003272458 -0.01106256 -0.04286445 -0.06716706 0.0185071 -0.07992451 -0.03968906 -1.983442 -0.3319639 0.8022091 0.4090216 0.6515483 0.3808043 0.9207877 0.05310232 0.2751673 -0.3319407 -0.2574287 -0.168118 -0.4120651 -0.1827763 -0.4064835 -0.1727877 -0.1831908 -0.04395872 -0.03182898 0.01232542 0.07916491 0.05995291 0.1218436 0.05129546 0.06493643 0.0601791 -0.07761855 -0.02073348 0.005202873 0.1796773 -0.1528271 -0.2022771 0.07921319 -0.06713142 0.1148876 0.1648422 0.2318446
0.01102882 0.05870946 0.00980984 0.09374792 0.03218281 -0.03390126 -0.07133863 -0.06190048 0.0399376 0.0567417 0.00529031 -0.03643917 -0.01328966 -0.01000497 -0.05422315 -0.06916092 -0.8240376 -0.2578927 1.304381 0.6676019 0.2207343 0.5273768 -0.3305779 0.0638279 -0.0163323 -0.3968991 -0.3370267 -0.480796 -0.3223766 0.08650254 0.1719994 0.05419126 0.1138545 0.0476164 0.03263021 0.03006453 -0.007556737 -0.07200102 -0.1567929 0.1008001 0.05445106 0.008949028 -0.1902801 0.004894333 0.03102658 -0.1383933 -0.1222569 -0.1291972 0.757251 -0.1388026 0.1011937
-0.03449057 -0.06686541 -0.03431531 -0.08174095 0.005640153 0.1611369 0.05570899 -0.03477696 -0.001987908 0.04467053 0.005635223 -0.04519787 -0.1152334 -0.04234323 0.003643598 0.05308848 -0.05929954 -0.2543817 -0.1592171 1.668694 1.879376 0.2344142 -0.4039108 -0.7053384 -0.510859 -0.2138635 0.1193752 -0.006054943 -0.03874465 0.07726436 0.04279575 0.04924916 -0.02402681 -0.04343696 0.01328108 0.1785283 -0.07696649 -0.06081204 0.04870594 0.08114005 0.05192513 -0.1709897 -0.1131231 0.07232299 0.2839893 0.05561221 -0.1892001 -0.08267334 -0.1549654 0.05520172 0.1822612
-0.1917671 -0.06913392 0.05900109 -0.2530274 -0.150426 -0.05642664 0.1038542 0.03465322 0.1529523 0.06754293 -0.02204324 -0.08930559 -0.05234743 -0.02308927 0.07329224 0.05006217 -0.276685 0.8190377 0.1381218 0.3150082 -0.4244009 -0.2239761 0.2769463 0.1338545 0.03635558 -0.07121846 -0.1858225 0.02370579 0.1709814 0.08479761 0.04351153 0.04020064 -0.1863608 -0.08773021 0.03682462 0.1111428 0.01512833 -0.1319499 0.005516168 -0.0154636 -0.02250687 0.002241754 -0.04963196 -0.1879846 -0.1406579 0.02909677 0.06806511 0.004199369 0.07423849 0.03713067 -0.04531345
0.0568474 0.07079969 -0.008757292 0.0165406 -0.09417062 -0.03816809 -0.04323396 -0.009466844 -0.01312901 -0.03998961 0.01314524 -0.02385646 -0.04631952 -0.09225214 -2.008517 0.1590574 0.2190465 0.9229336 2.240035 -0.009644051 -0.7454354 -0.02050419 -0.3468572 -0.7454704 -0.7279878 -0.4530496 -0.07202739 -0.03278879 0.1091671 0.05565745 -0.0006974993 0.004869332 0.07478947 0.1863732 0.06684753 -0.04100657 0.01831556 0.01244981 -0.0432416 -0.01150207 0.00386399 0.02399366 0.04540072 0.0324297 0.03269187 0.005530133 -0.0141701 -0.1362581 -0.000905038 -0.01665389 0.1181834
0.2208217 0.02108755 -0.1045225 -0.3870798 -0.0855675 -0.1026464 0.3321745 -0.172985 -0.08658871 -0.2632144 -0.02878886 0.3531678 0.1892273 0.05014684 -0.1323829 -0.5610847 -2.487988 2.48809 1.55354 0.5816339 0.03762864 -0.305955 -0.180253 -0.2894371 -0.01436584 -0.2895401 0.01248882 0.1196824 0.2138693 0.08996732 -0.08313526 0.04913272 -0.01107307 -0.05204566 0.0812006 0.2209786 -0.07748465 -0.0921398 -0.09744249 -0.1231263 -0.3470758 -0.07936373 0.1665556 0.123128 -0.223086 0.07146212 0.298363 -0.1267499 0.1826424 0.1408666 -0.1691101
-0.1009612 -0.07149574 -0.03158598 0.07358862 -0.009131315 -0.04283215 -0.03457224 0.05375043 0.1160186 -0.01029496 0.09011048 -0.03173065 -0.08812593 -0.09329592 -0.05899756 -0.02698993 -0.01098048 -0.05358663 0.01705313 1.392576 -0.04706158 -0.3896047 -0.5743261 -0.01060409 -0.01734063 0.2982017 0.2399708 0.1743133 0.3639093 -0.490947 -0.01783812 0.2676497 0.2762148 -0.106549 0.08262598 0.08950888 -0.4629916 -0.1833308 -0.1672205 0.01743535 0.1717389 0.1307533 0.2038123 -0.02003543 0.1149632 -0.02621621 0.02061221 0.1610582 0.04331566 -0.0913368 -0.08147828
-0.05355037 0.03275791 -0.01259044 0.08193064 -0.1022819 0.02886052 0.05461586 0.07252619 0.001183267 0.1052317 -0.04513872 0.015142 -0.0710912 -0.003875045 -0.01250642 0.08318375 0.05076212 -0.08048595 -0.08965635 -0.02452381 -0.006044056 1.059624 -0.7933435 -0.9126509 0.700855 -0.7519482 -0.1069424 0.205631 0.1104024 0.02786266 0.04846547 0.1400856 0.1178043 0.139212 0.1276131 0.08625162 -0.01686765 -0.1427282 -0.04415618 0.1048927 0.06815607 0.03001998 -0.1375035 -0.08758543 -0.2142543 0.09848733 -0.001342394 0.1303208 0.03298345 0.003678362 0.1242127
0.001074756 0.03211018 -0.009059162 0.06341591 -0.04585673 -0.08067109 -0.00146974 0.01438055 -0.0151881 0.06745269 0.06681193 -0.003121258 -0.03183767 -0.01822956 0.005195193 0.007629965 0.04685597 -0.007287218 -0.005568691 -0.006682933 0.07225046 0.009017345 0.08422761 0.02506284 0.002099755 -0.02544087 0.02918472 0.1876607 -0.4390664 0.2691554 -0.3842317 -0.01013075 0.07803337 1.020193 0.5083576 0.01764159 -0.5143549 -0.2141527 -0.711988 0.1386688 0.005293086 0.2618243 -0.06939263 0.1824207 0.2318569 0.016803 0.1113185 0.07665433 -0.0005988362 0.1173749 -0.235612
-0.05676037 0.1152008 0.05970917 0.02845944 0.07202407 0.009899866 -0.05894814 -0.02006423 -0.01236293 0.02597115 -0.04739042 0.02108033 0.03308184 -0.05209201 -0.006952927 -0.01683047 0.4384888 1.048242 -0.6614805 -0.1103022 -0.6470437 0.1703074 -0.07649215 0.1462559 0.2153006 0.743974 0.295744 -0.9066942 0.01929632 -0.0004328591 0.3586063 0.296724 -0.06617828 -0.1127833 0.08883625 -0.1109962 -0.1383174 -0.06621839 -0.04308063 0.1175111 0.1986518 0.1084204 0.08737031 0.0384222 -0.05695258 -0.0449057 -0.1322207 -0.02412491 -0.06199497 -0.08817215 -0.03937187
-0.002049408 0.04663059 -0.0893803 -0.09277924 -0.168859 0.05211276 0.1586007 0.001099885 0.1675533 -0.002184459 -0.07407206 -0.1996204 0.08167559 0.01147028 -0.07462595 -0.06101419 0.02807771 0.002999254 0.05539748 0.06077794 0.06769526 0.00116518 -0.1159309 -0.1176546 0.1534297 2.552103 -3.021353 2.391888 0.0461697 0.306109 0.3570354 -0.2621689 -0.6194879 -0.4014021 0.09345638 -0.5879039 0.2393448 0.4411615 -0.2887833 -0.09422885 0.03666776 0.127491 0.03998485 0.1641646 0.001437629 -0.06720321 -0.07533197 -0.05635918 -0.06967268 -0.01153729 -0.04146642
-0.006054503 0.04336993 -0.01707882 0.1272397 -0.17074 -0.09643037 -0.007584305 0.03541375 0.08636851 -0.02119652 -0.01099342 0.08308118 -0.194052 -0.1304458 0.07226343 0.0635193 -0.003032488 -0.07957421 0.1509852 -0.01881264 0.09980415 -0.06892569 -0.05456309 0.01491613 0.1517623 -0.06609533 -0.56249 0.4335226 -0.1453254 -0.002203513 -0.1946455 0.3007653 -0.03633237 -0.05017645 -0.1275738 0.07491667 -0.05212783 0.1345401 0.09465211 -0.0865026 -0.02072553 0.09236488 -0.1384252 -0.0882353 -0.07695752 -0.05680893 0.06521036 0.09166261 -0.0472945 0.05079503 -0.09221683
