20559.0 20559.0 20559.0 20559.0 12673.0 8641.0 6753.0 6559.0 6372.0 6629.0 6500.0 6415.0 6415.0 6415.0 6415.0 6415.0 6415.0 6415.0 6415.0 6415.0 6415.0 6100.0 6100.0 7286.0 8108.0 8108.0 8108.0 8108.0 8108.0 8108.0
8108.0 8108.0 8108.0 8108.0 8108.0 17754.0 22325.0 23987.0 24566.0 25307.0 25883.0 25883.0 25883.0 25883.0 25883.0 25883.0 25883.0 25883.0 25883.0 25883.0 25883.0 25883.0 25883.0 25883.0 25883.0 25883.0 25883.0 25883.0 25883.0 25883.0
17526.0 17526.0 17526.0 17526.0 17526.0 17526.0 17526.0 17526.0 17526.0 17526.0 17526.0 17526.0 17526.0 17526.0 17526.0 17526.0 17526.0 17526.0 17526.0 17526.0 17526.0 17526.0 17526.0 17526.0 17526.0 17526.0 17526.0 17526.0 17526.0 17526.0
17526.0 17526.0 17526.0 17526.0 26080.0 26080.0 26080.0 26080.0 26080.0 26080.0 26080.0 26080.0 26080.0 26080.0 26080.0 26080.0 26080.0 26080.0 26080.0 26080.0 20996.0 16647.0 15580.0 14523.0 14114.0 14114.0 14114.0 14114.0 14114.0 14114.0
14478.0 14478.0 14478.0 14478.0 14478.0 14478.0 14478.0 14478.0 14478.0 14478.0 14478.0 14478.0 14478.0 14478.0 14478.0 14478.0 14478.0 14478.0 7292.0 7292.0 7292.0 7292.0 7292.0 7292.0 7292.0 7292.0 7292.0 7292.0 7292.0 7292.0
33112.0 33112.0 33112.0 33112.0 34011.0 34011.0 34011.0 34011.0 34011.0 34011.0 34950.0 34950.0 34950.0 34950.0 34950.0 34950.0 34950.0 34950.0 34950.0 5320.0 8912.0 11066.0 11358.0 11488.0 11839.0 11813.0 12402.0 12402.0 12402.0 12402.0
18779.0 18779.0 18779.0 18779.0 18779.0 18779.0 18779.0 18779.0 18779.0 18779.0 18779.0 18779.0 18779.0 18779.0 12036.0 12054.0 12436.0 12144.0 3819.0 35933.0 35933.0 35933.0 35933.0 35933.0 35933.0 35933.0 35933.0 35933.0 35933.0 35933.0
19288.0 19288.0 19288.0 19288.0 19288.0 19288.0 19288.0 19288.0 25161.0 6401.0 35865.0 29097.0 28468.0 28165.0 27835.0 27515.0 27265.0 28060.0 28202.0 28828.0 28964.0 29186.0 29292.0 29112.0 28917.0 28782.0 28978.0 28621.0 28825.0 29113.0
30542.0 30542.0 30542.0 30542.0 30542.0 30542.0 30542.0 3476.0 7772.0 8938.0 8938.0 8938.0 8938.0 8292.0 8292.0 8292.0 8292.0 8292.0 8292.0 8292.0 8292.0 8292.0 8292.0 8292.0 8292.0 8292.0 8292.0 8292.0 8292.0 8292.0
3305.0 3305.0 35220.0 35220.0 35220.0 35220.0 32672.0 7242.0 8391.0 6197.0 29250.0 28811.0 28384.0 28384.0 28704.0 28398.0 28412.0 28820.0 28820.0 28820.0 28820.0 28820.0 28820.0 28820.0 28820.0 28820.0 28820.0 28820.0 28820.0 28820.0
28820.0 28820.0 28820.0 28820.0 28820.0 28820.0 28820.0 15845.0 11821.0 11162.0 11495.0 11495.0 12739.0 20860.0 20860.0 20860.0 20860.0 20860.0 20860.0 20860.0 20860.0 20860.0 20860.0 14828.0 14828.0 14828.0 14828.0 14828.0 14828.0 14828.0
14828.0 14828.0 14828.0 14828.0 14828.0 14828.0 9708.0 9889.0 9827.0 9827.0 5.0 31799.0 31799.0 31799.0 31799.0 31799.0 31799.0 31799.0 31799.0 31799.0 31799.0 30100.0 28877.0 28877.0 28741.0 28741.0 28594.0 27925.0 27925.0 27925.0
35434.0 35434.0 35434.0 35434.0 35434.0 35434.0 35088.0 35088.0 35088.0 35088.0 35088.0 35088.0 35088.0 35088.0 6273.0 13348.0 13502.0 13519.0 13519.0 13519.0 13519.0 13519.0 13519.0 13519.0 13519.0 13519.0 13519.0 13519.0 13519.0 13519.0
33378.0 33378.0 33378.0 29607.0 29607.0 29607.0 29607.0 29607.0 29607.0 29607.0 15376.0 14451.0 14042.0 14042.0 14042.0 14042.0 14042.0 14042.0 14042.0 14042.0 14042.0 14042.0 14042.0 8822.0 3182.0 1374.0 1374.0 1374.0 1374.0 1374.0
1374.0 1374.0 1374.0 31050.0 31050.0 31050.0 31050.0 31050.0 31050.0 31050.0 18809.0 15969.0 14980.0 14980.0 14980.0 14980.0 14980.0 14980.0 14980.0 14980.0 14980.0 14980.0 14980.0 14980.0 14980.0 14980.0 14980.0 14980.0 14980.0 14980.0
14980.0 14980.0 14980.0 14980.0 14980.0 14980.0 14980.0 14980.0 14980.0 14980.0 14980.0 14980.0 14980.0 14980.0 14779.0 14779.0 14779.0 14779.0 22929.0 28025.0 29986.0 29986.0 29986.0 29986.0 29986.0 29986.0 1608.0 4014.0 5248.0 5248.0
34483.0 35160.0 34065.0 34065.0 34065.0 34065.0 33869.0 34266.0 34585.0 34585.0 7225.0 8954.0 8954.0 8954.0 3381.0 3381.0 3381.0 3381.0 3381.0 3381.0 3381.0 3381.0 3381.0 3381.0 3381.0 3381.0 3381.0 3381.0 3381.0 3381.0
3381.0 3381.0 3381.0 3381.0 3381.0 3381.0 3381.0 3381.0 8194.0 11287.0 12690.0 13974.0 15032.0 15152.0 15466.0 15759.0 16269.0 16269.0 16269.0 16269.0 16269.0 16269.0 16269.0 16269.0 16269.0 16269.0 16269.0 16269.0 16269.0 16269.0
11056.0 11056.0 11056.0 11056.0 11056.0 8627.0 6177.0 5371.0 4135.0 9608.0 9968.0 11832.0 11832.0 11832.0 11832.0 11832.0 11832.0 5715.0 1931.0 35908.0 35090.0 34192.0 33306.0 32301.0 31571.0 31383.0 31383.0 31629.0 31629.0 31629.0
24034.0 24034.0 24034.0 24034.0 24034.0 24034.0 24034.0 24034.0 24034.0 24034.0 13956.0 12410.0 12113.0 12000.0 12000.0 12000.0 12000.0 12000.0 12000.0 12000.0 12000.0 12000.0 12000.0 12000.0 12000.0 12000.0 12000.0 12000.0 12000.0 12000.0
27496.0 27496.0 27496.0 27496.0 27496.0 27496.0 27354.0 27354.0 27354.0 27354.0 21386.0 17070.0 17070.0 17070.0 17070.0 17070.0 17070.0 17070.0 17070.0 17070.0 17070.0 17070.0 17070.0 17070.0 17070.0 17070.0 17070.0 17070.0 17070.0 17070.0
27075.0 27323.0 28351.0 28416.0 27867.0 27572.0 27215.0 27091.0 27132.0 27259.0 27497.0 27497.0 27497.0 27497.0 27415.0 27554.0 27962.0 28301.0 28429.0 28650.0 28887.0 29033.0 29563.0 29563.0 30033.0 30508.0 30508.0 30508.0 30508.0 30508.0
30707.0 30707.0 30707.0 30707.0 30707.0 30707.0 30707.0 30707.0 30707.0 30707.0 30707.0 24456.0 22870.0 22870.0 22870.0 28840.0 31886.0 33267.0 33267.0 33267.0 33267.0 33267.0 33267.0 33267.0 33267.0 33267.0 33267.0 33267.0 33267.0 33267.0
10777.0 10777.0 10777.0 10777.0 10777.0 10777.0 10777.0 10777.0 10777.0 4740.0 4740.0 9267.0 11745.0 11745.0 11745.0 11745.0 11745.0 8788.0 3929.0 627.0 35917.0 34325.0 34325.0 34325.0 34325.0 34325.0 32285.0 30609.0 30609.0 30609.0
5350.0 5350.0 5350.0 5350.0 5350.0 5350.0 5350.0 5350.0 5350.0 5350.0 5350.0 5350.0 12923.0 13390.0 13390.0 13390.0 9137.0 2995.0 2995.0 2995.0 2995.0 2995.0 2995.0 35213.0 35213.0 31550.0 31550.0 31550.0 31550.0 31550.0
13321.0 13321.0 13321.0 13321.0 13321.0 13321.0 13321.0 13321.0 13321.0 13321.0 13321.0 12707.0 14271.0 14413.0 14246.0 14246.0 6614.0 161.0 161.0 161.0 161.0 161.0 161.0 161.0 161.0 161.0 161.0 161.0 161.0 161.0
12703.0 12703.0 12703.0 12703.0 12703.0 12703.0 12703.0 12703.0 12703.0 12703.0 12703.0 12703.0 13568.0 16010.0 16377.0 16804.0 16804.0 25132.0 30377.0 32226.0 32226.0 32226.0 32226.0 32226.0 32226.0 32226.0 32226.0 32226.0 32226.0 32226.0
9989.0 9989.0 9989.0 9989.0 9989.0 9989.0 9989.0 13578.0 16322.0 16333.0 9046.0 3714.0 3714.0 3714.0 3714.0 3714.0 3714.0 3714.0 3714.0 3714.0 3714.0 1410.0 1410.0 1410.0 1410.0 1410.0 1410.0 1410.0 1410.0 1410.0
13838.0 13838.0 13838.0 13838.0 13838.0 13838.0 13838.0 13838.0 13838.0 13838.0 14867.0 16174.0 15989.0 15989.0 15989.0 15989.0 15989.0 15989.0 15989.0 15989.0 15989.0 15989.0 15989.0 15989.0 15989.0 15989.0 15989.0 15989.0 15989.0 15989.0
15989.0 15989.0 15989.0 15989.0 15989.0 15989.0 15989.0 15989.0 15989.0 15989.0 15989.0 15526.0 17287.0 17465.0 12382.0 6531.0 3808.0 3808.0 3808.0 3808.0 3808.0 3808.0 3808.0 3808.0 3808.0 3158.0 2742.0 2742.0 2476.0 2476.0
23165.0 23165.0 23165.0 23165.0 23165.0 23165.0 23165.0 23165.0 23165.0 23165.0 23165.0 23165.0 23165.0 23165.0 23165.0 23165.0 23165.0 23165.0 23165.0 23165.0 23165.0 23165.0 16100.0 11590.0 9922.0 8629.0 8583.0 8583.0 8583.0 8583.0
8583.0 8583.0 8583.0 8583.0 8583.0 8583.0 8583.0 8583.0 8583.0 8583.0 8583.0 8583.0 8583.0 8583.0 8583.0 9662.0 10069.0 9801.0 9666.0 9666.0 9666.0 9666.0 9666.0 9666.0 9666.0 9666.0 9666.0 9666.0 9666.0 9666.0
1901.0 1901.0 1901.0 1901.0 1901.0 1901.0 1901.0 1901.0 1901.0 1901.0 1901.0 1901.0 1901.0 1901.0 1901.0 9542.0 10251.0 10467.0 10292.0 10292.0 7041.0 3300.0 3300.0 3300.0 3300.0 3300.0 3300.0 3300.0 3300.0 3300.0
3300.0 3300.0 3300.0 3300.0 3300.0 3300.0 3300.0 3300.0 3300.0 3300.0 35868.0 35868.0 35868.0 35868.0 35868.0 35868.0 35868.0 35868.0 35868.0 35868.0 35868.0 8596.0 9035.0 9296.0 9588.0 9588.0 9588.0 12662.0 17896.0 20507.0
20507.0 20507.0 20507.0 20507.0 20507.0 20507.0 20507.0 20507.0 20507.0 20507.0 20507.0 20507.0 20507.0 20507.0 14588.0 12395.0 11638.0 11613.0 10617.0 10324.0 10324.0 10324.0 10324.0 10324.0 10324.0 10324.0 10324.0 10324.0 10324.0 10324.0
7907.0 7907.0 7907.0 7907.0 7907.0 7907.0 7907.0 7907.0 7907.0 7907.0 7907.0 7907.0 7907.0 7907.0 7907.0 7907.0 7907.0 9725.0 10029.0 10030.0 9934.0 9934.0 9934.0 9934.0 9934.0 9934.0 9934.0 9934.0 9934.0 9934.0
20788.0 20788.0 20788.0 20788.0 20788.0 20788.0 20788.0 20788.0 20788.0 20788.0 20788.0 11161.0 10648.0 9898.0 8258.0 7888.0 6568.0 6568.0 35176.0 30329.0 27573.0 26632.0 27604.0 27604.0 27604.0 27604.0 27604.0 27604.0 27604.0 27604.0
27604.0 27604.0 27604.0 27604.0 27604.0 27604.0 27604.0 27604.0 27604.0 27604.0 27604.0 27604.0 27604.0 17331.0 12943.0 11920.0 12048.0 13214.0 14906.0 15675.0 15591.0 16622.0 16622.0 16622.0 16622.0 16622.0 16622.0 16622.0 16622.0 16622.0
16860.0 16860.0 16860.0 16860.0 16860.0 16860.0 16860.0 16860.0 16860.0 16860.0 16860.0 16860.0 16860.0 16860.0 11416.0 7875.0 7273.0 3036.0 3036.0 3036.0 3036.0 3036.0 3036.0 3036.0 3036.0 3036.0 3036.0 3036.0 3015.0 3015.0
3015.0 3015.0 3015.0 3015.0 3015.0 3015.0 3015.0 3015.0 3015.0 3015.0 3015.0 3015.0 3015.0 3015.0 3015.0 3015.0 3015.0 3015.0 3015.0 3015.0 3015.0 3015.0 3015.0 3015.0 3015.0 3015.0 3015.0 3015.0 3015.0 3015.0
3015.0 3015.0 3015.0 3015.0 3015.0 3015.0 3015.0 3015.0 3015.0 3015.0 7732.0 8434.0 8494.0 8427.0 8427.0 8427.0 13665.0 17193.0 19228.0 20181.0 20181.0 20181.0 20181.0 20181.0 20181.0 20181.0 20181.0 20181.0 20181.0 20181.0
7216.0 7042.0 6520.0 6520.0 6520.0 6520.0 6520.0 6520.0 6520.0 6520.0 6520.0 6520.0 6828.0 6456.0 6541.0 6541.0 6541.0 11495.0 15482.0 15482.0 17335.0 17335.0 17335.0 17335.0 17335.0 17335.0 22376.0 24135.0 24077.0 24302.0
4799.0 4799.0 4799.0 4799.0 4799.0 4799.0 4799.0 4799.0 4799.0 4799.0 4799.0 4799.0 4799.0 4799.0 4799.0 4799.0 4799.0 4799.0 4799.0 4799.0 13222.0 13222.0 19651.0 19651.0 23154.0 23247.0 22673.0 22889.0 22889.0 22889.0
22889.0 22889.0 22889.0 22889.0 18160.0 18160.0 15139.0 15139.0 15139.0 15139.0 15139.0 15139.0 15139.0 15139.0 15139.0 15139.0 10544.0 7121.0 6718.0 5025.0 5025.0 5025.0 5025.0 5025.0 5025.0 5025.0 5025.0 5025.0 5025.0 5025.0
28923.0 28923.0 28923.0 28923.0 28923.0 28923.0 28923.0 28923.0 28923.0 28923.0 28923.0 28923.0 28923.0 28923.0 28923.0 28923.0 28923.0 28923.0 28923.0 3368.0 5676.0 6486.0 7686.0 7686.0 31848.0 28190.0 26025.0 25345.0 24065.0 24211.0
9474.0 9474.0 9474.0 9474.0 9474.0 9474.0 9474.0 9474.0 9474.0 9474.0 9474.0 9245.0 8223.0 8496.0 8651.0 8651.0 14430.0 18881.0 20373.0 20373.0 22023.0 22023.0 22023.0 22023.0 22023.0 23793.0 24618.0 25743.0 25578.0 27009.0
28842.0 28842.0 28842.0 28842.0 28842.0 28842.0 28842.0 28842.0 28842.0 28842.0 28842.0 28842.0 28842.0 28842.0 28842.0 28842.0 28842.0 28842.0 1451.0 4257.0 4257.0 4257.0 30610.0 26429.0 24176.0 22585.0 22067.0 20872.0 21540.0 21081.0
22349.0 22349.0 22349.0 22349.0 22349.0 22349.0 22349.0 22349.0 22349.0 22349.0 22349.0 22349.0 22349.0 22349.0 22349.0 22349.0 22349.0 22349.0 15153.0 15153.0 15153.0 15153.0 15153.0 15153.0 15153.0 15153.0 15153.0 15153.0 15153.0 21239.0
