-0.02608507 0.1654972 0.1748409 0.06622513 0.0177178 -0.000961831 -0.1921892 -0.1063162 0.07083293 0.09614895 0.1093173 0.08581843 -0.08120783 -0.1570009 -0.1065278 -0.05571166 -0.07686727 -0.1611997 -0.1001742 -0.03482222 0.05500561 0.1032353 0.1242884 -0.01577191 -0.1448038 0.03484721 0.1797402 0.1883093 -0.02049581 -0.06375602 -0.02690472 0.05292679 0.04625736 -0.01218229 0.006477359 0.01198473 -0.1122624 -0.04653688 0.002053481 -0.1162376 -0.004907164 0.1106697 0.1690295 0.0918326 -0.08099531 -0.1195708 0.09325355 -0.01077576 0.1160713 -0.2264264 -0.1581431
-0.2264264 -0.1581431 0.1468677 0.09750126 -0.000805991 -0.009899681 -0.1862663 -0.1580608 0.02068297 0.06695918 0.06390887 0.01077826 -0.07511272 0.00678052 0.009764896 0.02043058 -0.04842791 -0.02480447 -0.03528535 -0.00449545 -0.003618012 0.000830745 0.01505401 0.03178985 -0.0270466 0.006932781 -0.006264937 0.003871264 0.0440279 0.09693741 -0.04855465 -0.0185484 -0.03273633 -0.02972287 -0.06735218 0.008421854 0.05187034 -0.06985791 0.01308888 0.04392696 0.01262959 -0.08159929 0.005167813 0.01278435 -0.006080437 0.009750213 -0.02977131 0.03038137 -0.04806361 -0.005757815 0.08600025
0.01376997 0.004432951 0.004631271 -0.03036404 0.004148916 0.000556171 0.000244543 -0.009807888 0.01342795 -0.009706418 -0.003952163 -0.0054702 -0.04485844 0.006260643 -0.02888461 -0.02531461 0.002451998 0.00667773 -0.01665755 -0.03936867 0.02449419 0.01667899 0.008720303 0.01768861 -0.02349182 -0.003607743 0.004359247 -0.01469907 0.000178414 0.0431878 0.01268321 -0.003282033 -0.01471203 0.003890373 0.04199392 -0.007012627 0.03003964 -0.05687195 -0.03132802 -0.01071298 -0.02509364 -0.007463005 -0.06213877 0.0139075 0.06955142 -0.01102333 -0.05661523 -0.0167141 -0.05351181 -0.0172243 -0.03415987
-0.05351181 -0.0172243 -0.03415987 0.02417116 -0.004421233 -0.03202258 0.01115703 -0.02164485 0.02026269 -0.01843101 -0.007569751 -0.004993044 0.002779168 -0.05473634 0.0333203 -0.04561878 -0.03376452 0.06894115 0.008089856 0.009496493 0.01288198 -0.004801162 -0.03198032 -0.006725759 0.05125019 -0.04804806 -0.1025264 -0.04035573 -0.01782432 -0.01085741 0.03509694 0.05858057 -0.02207651 -0.03093047 0.05879341 0.01915386 0.0163048 0.01319619 -0.03877196 -0.04109539 -0.01553935 0.0638523 0.04262572 0.03425884 -0.02902476 -0.0193468 -0.01947427 0.05120151 0.06923254 0.0472342 0.1011351
-0.01212113 0.05074512 -0.02291082 0.02598172 0.03047824 0.01000496 0.02693346 0.03756772 0.004517881 -0.01767355 0.02025994 0.03927219 0.05787643 0.02280525 0.0453589 -0.01178946 -0.01775377 -0.03147094 0.01607142 -0.01733444 0.01787339 -0.02702653 0.003801717 -0.03406958 -0.031736 -0.02115971 0.00714704 0.01657358 0.03137846 0.02048785 0.004595342 0.004909524 0.002515159 0.0066563 0.02304911 0.07781792 0.05637692 0.005745719 0.01024633 0.02151898 -0.007483892 -0.007136712 -0.05415348 -0.07489993 -0.09307509 -0.05982808 -0.01594265 -0.008607496 -0.0282174 -0.04009421 0.001562357
-0.01239198 0.02836173 -0.02952717 -0.06426587 0.06663629 0.009821455 0.07706314 -0.03514003 -0.06450346 0.04457602 0.0114545 0.0807313 -0.0276994 -0.0476101 -0.07251251 -0.006137061 0.0281279 0.04160519 -0.05582896 -0.01876587 -0.01888765 0.05089659 -0.01546555 0.09546879 -0.01029372 0.08694199 -0.04269776 -0.009735546 0.1857284 0.09139164 0.01367925 0.01024265 -0.007664301 0.1849599 -0.03565042 -0.02009138 0.05239953 -0.1640431 -0.1202551 -0.05419302 -0.1582339 0.07755584 0.02498153 0.05448404 0.08898806 -0.0607954 -0.02981925 -0.02438469 0.1120468 0.03352481 -0.06532284
0.03733052 -0.004273636 0.005660014 -0.004777654 0.01640023 0.02492066 -0.02140615 -0.02890458 -0.002072425 0.02213694 -0.03328141 -0.02014152 -0.03908806 0.01218418 0.00727572 -0.01637409 0.008960864 -0.03279261 0.0261272 0.0370871 0.6994499 -0.4728905 -0.3243088 -0.1807274 -0.0741231 -0.02628385 -0.0276471 0.003764563 0.0186821 0.01768165 -0.01002838 0.03681598 0.04888688 0.02528242 -0.002514059 0.01648408 0.02256139 0.03337614 -0.03562873 -0.003271874 0.01150132 0.009214571 0.006975368 -0.007623537 0.01652037 -0.03068359 -0.04395383 -0.03897399 0.03950666 0.02636667 0.01042707
0.03066138 -0.007689023 0.02302297 -0.03553077 0.01941721 -0.05008198 -0.0001202094 -0.02482472 0.02053078 -0.01652229 0.003374029 -0.01023782 -0.0142825 0.3222158 -0.239262 -0.2371081 -0.1720115 -0.05609501 -0.03593143 0.0110473 -0.007123679 0.009505569 0.01581555 0.001229561 -0.008824836 0.04427924 0.02305698 0.02029012 -0.02431613 0.004902976 0.02353823 0.01464307 0.02068862 -0.03658934 0.01150991 0.003443024 0.002654225 -0.007897531 -0.01049971 -0.0004103835 -0.01610273 -0.01036484 0.004194196 -0.03427162 0.03324118 -0.006345304 -0.01222138 -0.01392047 0.002075976 -0.04242035 -0.004848047
-0.03377627 0.03298695 0.01270746 -0.01259224 -0.01681237 0.03695302 -0.05661105 -0.02012579 -0.02859255 0.02800458 -0.01444556 0.9677661 -0.2454967 -0.5741771 -0.2471961 0.02156003 0.03746995 0.03542929 0.001336675 -0.005947996 -0.004921789 -0.0008367657 0.01436119 -0.02563077 0.02805301 0.02391271 0.004724494 -0.0229478 0.02495352 0.01359882 0.01217685 0.028567 0.009733396 -0.003090963 -0.005750105 0.006729897 -0.003283625 -0.02304313 -0.02167588 -0.008302879 -0.006352517 -0.01251909 0.01675531 -0.01923298 0.02254078 0.004368694 0.00543512 -0.00211903 -0.03325022 -0.01148189 -0.002375871
0.01923064 0.007368068 -0.04288008 0.01511731 -0.003480302 -0.03567838 0.009636744 -0.01081685 0.02833733 -0.04559783 -0.01661988 -0.04432288 0.03440245 -0.6365095 -0.5637411 -0.2819481 0.01565024 -0.008577152 -0.06017391 0.02199745 -0.05879143 -0.02210268 -0.01033055 -0.005586673 -0.0376385 -0.02257062 0.01156018 -0.03013783 0.01620731 -0.001549748 -0.01091473 0.01951027 0.006597626 0.0007550359 0.004992335 -0.02976528 0.01550119 -0.01149309 0.0464249 -0.002607245 0.02700869 -0.001903796 -0.001021964 0.02014562 -0.004583956 0.05293967 -0.03672018 -0.01497427 -0.02251568 0.01067113 -0.04071256
-0.03672018 -0.01497427 -0.02251568 0.01067113 -0.04071256 0.004523814 -0.02495136 -0.00822799 0.06273464 -0.02857803 -0.00315167 -0.0001286632 0.26796 1.290244 -0.992258 -0.9548006 -0.7021313 -0.2847869 0.02052734 -0.0764211 -0.02704151 0.002031039 0.007167348 -0.04490954 0.009886326 0.02832288 -0.007279593 -0.01535262 0.02103369 -0.01246271 0.01212281 0.03607668 -0.0288119 0.009765434 -0.004330434 -0.03387569 0.002258712 -0.0398917 -0.002193843 -0.007519729 -0.02730858 -0.01467677 0.009934096 -0.003748724 0.05934886 -0.005316371 0.01193937 -0.0113598 0.00104845 0.006933052 0.008909468
0.001894087 0.03931378 0.04782851 0.03630549 0.02022868 -0.01425468 -0.01592177 0.01470715 -0.01680707 -0.03295848 -0.01387366 1.777137 -0.7719465 -0.817471 0.1322902 -0.01456767 -0.0288245 -0.006458276 -0.005570185 0.01333373 -0.01546728 -0.006116258 0.008575941 -0.03290488 0.04687919 -0.02914495 0.0039115 0.0104235 0.002031473 0.02119274 0.01061988 0.0291614 0.01113309 -0.00481103 0.004021504 -0.01402772 -0.009066593 -0.009607151 -0.01413298 -0.02264012 -0.03928359 -0.150397 0.03531203 -0.009594982 -0.04298611 0.02779756 0.006025474 0.03514606 -0.03074255 0.02266163 -0.006460587
-0.03873204 -0.02842944 0.04655917 -0.04911112 0.08779756 -0.05714854 0.008910441 0.04440043 -0.01434781 0.05685125 0.08769979 0.05841239 -0.03022891 0.09350888 0.1311122 -0.3352982 -0.05944757 -0.01110112 0.0369916 0.05570239 -0.1240105 -0.09625956 0.1985749 0.1429798 -0.08198384 0.01792189 -0.03209541 -0.0902263 -0.03044534 -0.03705288 0.01194344 -0.01451749 -0.04654244 0.006250534 0.06075337 0.02204857 -0.08694547 0.01499384 -0.02306186 -0.06273147 0.1127482 0.0483568 -0.02622207 -0.06254312 -0.05930981 0.07433636 -0.0142939 0.01582655 0.06926952 0.01862814 -0.1695087
0.02385527 -0.01504744 0.01509389 0.04067536 0.02313058 0.008699235 0.08915257 -0.03959697 -0.1350373 -0.005362574 -0.009768398 0.216363 0.695517 -0.5873629 0.07646 0.3991467 -0.1203891 0.03750968 0.006063893 0.02402207 -0.05713182 -0.1021129 0.09903735 0.01090691 -0.1244671 -0.00510171 0.09344085 -0.04282687 -0.1032219 -0.1144013 -0.1760092 0.06039979 0.06708994 0.1038728 0.06348153 -0.09857944 -0.1074179 -0.08516581 -8.612828e-05 0.1378395 -0.001076344 -0.03450406 -0.007120376 -0.007705204 -0.06228742 -0.01992195 0.03636359 0.004486025 -0.09710813 0.06944835 -0.0505437
0.03905653 -0.122211 0.04255385 0.06116199 0.04370341 -0.03996513 -0.1015005 -0.002275031 -0.05662201 -0.0391079 0.08711502 0.04569804 -0.5099403 -1.113749 0.1959019 0.6551974 0.2117849 0.1297025 0.3147883 0.09166574 -0.09888835 0.02004172 -0.02767748 0.08021619 0.02969518 -0.09091015 -0.08131731 0.07203382 0.07643356 -0.05829713 -0.1126636 -0.1033786 -0.02782447 0.1199249 0.1989248 -0.05500915 0.001356236 -0.0197462 -0.04536744 -0.03086552 -0.01896518 0.07930291 -0.09021793 0.1732751 -0.0551101 -0.02115743 0.05486346 0.1016361 0.0004676453 0.006459637 0.02935197
0.07236301 -0.04098428 -0.01608794 0.08037782 -0.1215393 0.003443294 0.01027429 0.01248935 -0.02860117 0.123749 -0.04917857 -0.001823411 0.08169311 -0.2473578 0.007974571 0.01415892 0.01424391 0.04087414 -0.02360022 -0.1592196 0.2032974 0.01353981 -0.04478585 -0.1550812 0.1200927 0.04266167 -0.1612005 0.2406497 0.07863256 0.1338772 -0.1856994 -0.1803874 0.06560522 0.2315859 -0.07668657 0.05517655 -0.01361365 -0.03380684 0.006527621 -0.009998914 0.00949664 0.04780528 -0.01568698 -0.06413994 -0.04007448 -0.0608166 -0.004106511 -0.01573005 -0.04136604 0.03329707 0.04411261
0.04002899 0.1594757 -0.04315407 -0.05578031 0.09611701 0.0766641 -0.01055623 -0.08377195 -0.04981601 -0.08220056 0.05712548 -0.1976903 0.08913217 0.1448235 -0.01668775 0.01366882 0.02851053 -0.0872334 -0.09606444 0.04202494 0.03226246 -0.08507626 0.02297663 -0.02336029 -0.01236203 -0.08241424 -0.002080509 0.2349646 -0.1337524 -0.02120821 0.04746178 -0.01343394 -0.0640552 -0.139563 -0.07270046 0.06130351 0.03132038 0.01146837 0.03082375 -0.02347518 0.02798235 0.03641487 -0.01330385 0.01195572 -0.03192914 0.01464547 0.02136839 0.006484739 0.007178127 -0.01937304 0.03704107
-0.03192914 0.01464547 0.02136839 0.006484739 0.007178127 -0.01937304 0.03704107 -0.01609371 -0.01228841 0.04919758 -0.0004617187 -0.0450059 0.0719666 -0.09180987 -0.003517156 0.03590962 0.2713736 -0.2780522 0.09375625 -0.07413345 -0.06570123 -0.03807794 -0.03416835 0.008591953 -0.0187371 -0.0811153 -0.04805375 0.07729132 -0.04399712 -0.05378845 0.08031784 0.002371587 0.0523542 -0.03275636 0.05633612 -0.01602365 -0.0572861 -0.09366716 0.01766874 0.06433735 -0.1103881 -0.05620443 0.08525595 -0.01595763 -0.0352001 0.08207797 0.03708037 -0.08845714 -0.04134392 -0.05422971 0.01085028
-0.007588418 0.03438393 -0.0004251686 0.001881412 0.02134421 0.002660513 -0.01096284 0.07316302 0.04765923 0.031379 -0.07319665 0.600262 -0.1568708 0.02247972 0.04063644 0.02043572 0.05881144 -0.005077942 0.016058 0.01839127 0.01637794 -0.05663664 -0.08225377 -0.03883126 -0.07178025 -0.06200066 -0.01319374 -0.01793367 -0.01303 -0.01327782 0.08763779 -0.006333368 0.01845693 0.0007124998 -0.00804941 -0.001557781 0.03624113 0.04071254 0.03127665 -0.008460855 -0.02151763 -0.0212309 0.03189087 0.01834319 0.0162993 0.01030547 0.07419679 0.08353016 0.05449523 -0.03266707 -0.005872034
-0.003282554 0.04331004 0.02035164 -0.01273669 0.01416784 -0.04452485 -0.02852653 -0.01617584 -0.05413359 -0.03161231 -0.02502759 0.02524284 -0.01427346 0.03791008 0.3900309 -0.2997769 -0.2922969 0.3590353 0.1855974 0.04155774 -0.1148976 -0.04563036 0.03153276 -0.005776818 -0.03005005 -0.04543345 0.02872379 -0.008119697 0.03273707 0.05920291 0.08735095 0.008140566 -0.02355522 -0.04008658 -0.01891989 0.005582991 -0.01377871 0.01769602 0.01791679 0.03177966 0.04251423 0.05429725 -0.03529298 -0.03938658 -0.001047954 0.0009268907 -0.02322959 0.004802668 -0.0408337 -0.0336411 -0.00838653
0.02544888 0.04546043 0.008746952 -0.02629464 0.008804175 0.002901171 0.01274301 0.01275675 0.001591113 -0.02441263 0.02893458 0.0190112 0.01907624 -0.005474276 0.04176889 -0.2947661 -0.01878717 -0.01687201 -0.0118924 -0.04267433 0.03605568 -0.02356877 0.01531667 0.00133636 0.008907448 0.06899658 -0.02433201 -0.01188404 -0.009607763 0.02474207 -0.001022278 0.03402989 0.02409745 -0.009903435 -0.03113174 -0.01418044 0.0009628134 0.03044459 0.02293019 -0.0409326 -0.0158914 0.03279079 -0.02986797 -0.01649342 0.006867911 -0.02112459 0.0008909755 0.007088556 0.01330251 0.05072573 -0.0264436
-0.04531967 -0.06146488 -0.03543918 0.01436573 -0.01301941 -0.001569901 -0.02841958 0.01755865 0.019649 -0.003601326 0.04648318 -0.0129248 -0.04692596 -0.01097745 0.001289641 0.8224365 -0.3896956 -0.2042061 0.03145988 -0.02887858 -0.001033606 -0.008676648 -0.03838508 -0.01096522 0.004325238 -0.02482335 -0.02558504 -0.01080962 -0.02332603 -0.002775745 -0.01708976 -0.003931548 0.01482836 0.006125197 -0.01256559 0.3599235 1.170877 1.084449 1.167581 1.180489 0.06562482 0.04501718 0.0001384821 -0.02191625 -0.005648958 -0.005858558 -0.009906091 -0.01962081 -0.01540168 0.3248558 -0.2190838
-0.009366378 -0.01162393 -0.01631965 -0.003140722 -0.0160661 -0.0114131 -0.009199245 0.03747448 -0.0138116 -0.01251465 -0.0004251674 -0.02833902 -0.01424115 -0.03232019 0.4464357 -0.2880764 -0.1227193 -0.02814378 0.004159403 0.03574629 0.005070204 0.01434267 0.04981471 0.04187753 -0.001504057 0.01591703 -0.002423826 -0.02152731 -0.0203153 0.001317459 -0.01029554 0.009468674 0.01226032 0.006460344 0.01470446 0.02940187 -0.005780184 0.02660383 -0.005425325 -0.04393334 -0.028288 -0.03545444 0.00201008 0.01510675 0.0009598134 -0.0237594 -0.06692896 0.02708523 -0.02350256 -0.0002339226 0.001511751
-0.09786098 0.05700733 -0.05775857 0.0726554 -0.1081725 -0.06521177 0.06583703 0.02855522 -0.02386278 0.0480791 0.006555873 0.06311064 0.07797986 -0.1789712 -0.6649846 0.4431095 -0.3643283 0.2476065 -0.003322992 -0.008654119 -0.1699205 0.003498521 0.1107997 -0.0571615 -0.02397981 0.04120206 -0.04528504 0.03252359 0.02599662 0.001917785 0.08926946 -0.1421323 -0.06741951 0.06488571 -0.05969367 0.02234315 -0.0551201 -0.02510399 -0.006910421 -0.02155367 0.04254737 -0.07213554 0.08636296 -0.004489383 -0.04972407 0.02162253 0.03786352 -0.01169021 0.01764011 -0.06477758 0.02723408
0.01628719 0.01254177 0.0258275 -0.0210319 0.03407506 0.004764539 0.02741729 -0.0003699085 -0.03016732 0.008427823 -0.02920548 0.00776202 -0.02698466 0.01743921 -0.03076698 0.101961 -0.00189652 -0.02413996 -0.118682 -0.01565692 -0.01312141 0.051061 0.02499441 0.01906933 0.009182939 -0.007638153 0.01351011 0.01665109 0.02553283 -0.0152973 0.03042552 0.01318082 0.03127004 0.03399744 0.01654457 0.02465454 0.00399547 0.01129868 -0.02274377 0.009151367 0.0346544 -0.004721634 0.02219865 0.03109042 -0.02123526 0.01442532 0.006766884 0.03757051 0.0171729 0.001191597 -0.008599443
0.02499672 -0.01577104 0.01439853 0.00877739 -0.0001025312 0.02227905 0.005630225 -0.0119136 0.0210717 -0.01426124 0.03008472 -0.008675324 -0.028035 0.02845773 0.0222625 0.0065246 0.007879865 1.221617 0.2055196 -0.7497938 -0.6424908 -0.334057 -0.09803326 -0.01707844 0.07646526 0.01479559 -0.00199799 -0.01517778 0.007128811 0.05974291 -0.02456049 0.02457945 0.02136471 0.00523344 0.03397842 0.01556253 0.007701837 0.02828238 0.01642088 -0.01725652 0.01451147 0.01473635 -0.02169299 -0.02971593 0.008034274 -0.0003378917 0.04495128 -0.0418976 0.005965434 -0.02903274 -0.01275717
-0.007129855 0.02561917 0.01248384 -0.009043084 -0.02830775 -0.02379705 0.01391683 -0.002945581 -0.01654699 0.006778235 -0.01572529 0.01500994 0.02379997 0.045518 -0.03058711 0.01325533 1.586095 1.202387 -0.3351256 -1.169295 -0.926963 -0.5000208 -0.07420019 -0.0909699 -0.01817141 -0.04822673 0.003349792 -0.00509275 -0.03065902 0.009016531 0.03114415 0.03259732 -0.0307505 -0.02887209 0.01227781 -0.02323408 0.02496352 0.01225674 0.008113506 -0.006623405 0.02061582 0.00519142 0.00187417 -0.01288776 0.01801752 0.01450709 0.03611894 -0.02252903 0.01674639 0.005759387 -0.01476359
0.03817499 0.02598879 -0.01563647 -0.005486343 0.01835522 -0.01788822 -0.02122694 0.002996912 0.005592396 0.5227952 0.8503991 -0.6441722 -0.001096157 -0.04777377 0.008293439 -0.04095454 -0.001454081 0.005716171 0.02043621 -0.007426234 0.0250451 -0.004800497 -0.006682229 0.009180192 0.03024133 0.007379977 -0.008699915 -0.001189306 0.03508623 0.006433785 0.01758865 0.004935954 0.01332897 0.01254261 -0.01754706 0.001373105 0.0124205 -0.001924635 0.009236125 0.01681023 0.0009588024 -0.01106802 0.01098407 0.02269806 -0.01284187 0.01167392 -0.001110705 -0.004235425 0.01358553 0.007845618 -0.008270002
0.01633452 -0.01615154 0.03040416 0.004519717 -0.05463474 -0.00412924 0.0208285 0.006732578 0.005162364 -0.01537771 0.01713965 0.003494623 0.01061485 0.01991491 -0.02943917 0.6288519 -0.8596775 -0.1550324 -0.1186947 -0.07606077 -0.02257108 -0.004554741 0.01777959 0.0119319 0.05421562 0.02743028 0.04180101 0.01356139 -0.03781202 0.02118666 -0.002646689 -0.02179997 0.04054667 0.009643444 0.03985512 0.02661104 0.005076996 0.01944027 0.0001552049 -0.006117328 -0.01055763 0.02982458 -0.02506789 0.03818537 -0.03308152 0.03012176 -0.0133877 -0.001868815 0.01806329 -0.01892957 0.002140114
-0.00467648 -0.04475731 -0.02329931 0.007823343 -0.01960227 -0.005999234 0.01017299 -0.01715261 0.01040411 -0.008299509 0.001149062 0.005825756 0.03296982 -0.01778989 0.02733732 -0.01433644 -0.01917983 -0.05449704 0.954128 -0.5746412 -1.149531 -0.7872626 -0.1653897 -0.09812421 -0.02108016 0.05076297 0.01891232 -0.05079135 0.001566208 -0.02110607 0.03960077 0.01932658 -0.02061042 0.01398876 -0.01430928 -0.02420129 0.00118348 0.02080254 -0.0486974 0.04648349 -0.04531892 0.02108211 0.005532952 0.006350463 -0.01091835 0.02633672 -0.0162664 0.01736378 -0.01093217 0.0173931 0.01282813
-0.04963145 -0.08642533 -0.01352725 0.0677512 -0.003621483 0.06555556 0.04064451 -0.1499815 0.005366993 -0.06036489 0.06212669 -0.02487237 -0.03399204 0.01173482 0.04778787 0.04508126 0.0275157 0.005950932 -0.01670677 -0.01536786 -0.02673839 0.01666676 0.05702678 0.02183896 0.03395009 0.07292205 1.623777 -0.1231182 -0.02752192 -0.2157625 0.3302509 0.09313644 -0.4067912 -0.7131109 -0.5394613 0.1780335 -0.1116063 0.04884322 0.2210584 -0.1918285 0.03108284 -0.04563973 -0.1448261 0.01310136 0.1209644 -0.06020157 0.03735981 0.02734976 0.02850919 -0.02623104 0.02234843
-0.006508591 0.001591782 0.07381815 0.01004376 -0.06101633 -0.09645589 0.009427072 0.01173029 0.002654582 0.01158311 0.008790035 -0.006722301 0.06069463 -0.03517884 -0.05345914 0.06300717 -0.00680608 -0.03487983 -0.02490817 0.04097083 0.028959 0.0934162 0.9567065 0.2829078 -0.1783033 0.3173158 -0.05370776 -0.5778775 -0.4813887 -0.2658903 -0.1942558 0.06659034 0.2815392 -0.06135268 0.0980483 -0.04481083 0.02796964 -0.01876778 0.03436969 0.03552004 -0.01500243 -0.05573516 0.008585601 0.07237632 0.02966913 0.0303665 -0.006796768 0.03149488 0.02702331 -0.07249609 0.02543956
0.00269995 0.04623342 -0.0153478 0.03254759 0.02543318 0.02676384 0.01319346 -0.01344367 0.01660733 0.03684671 0.02938966 -0.01298499 -0.004251564 0.03575934 -0.004162726 0.04335099 0.01290033 0.02175609 1.107316 1.591689 1.159523 0.07927522 -0.2450502 -0.009186771 -0.3284078 -0.5112668 -0.566287 -0.4705079 -0.003979768 0.02567296 0.04884102 0.084466 -0.0389073 -0.05906634 0.06068365 0.03259045 -0.08512639 0.03820423 0.01806759 -0.04324063 -0.02631558 -0.01694873 -0.02181755 0.03614707 0.04123689 0.01637377 0.0135558 -0.003699588 -0.01133507 0.004674836 0.06461465
-0.01099997 0.02201458 -0.005971218 -0.06525462 -0.04097621 0.01864104 -0.03706982 -0.004453834 -0.01077248 -0.03567259 -0.009859589 -0.03665952 0.0384203 0.02426271 -0.03854629 0.05217892 0.001391429 0.01666385 -0.01013531 -0.02933118 -0.01742862 0.06240205 -0.01789477 -0.04830264 -0.02102496 -0.02274805 0.04166814 -0.01799998 0.04068235 0.02640127 -0.09568822 -0.5637459 -0.2126839 -0.09821191 0.5060194 0.4906615 0.2065529 -0.5585697 -0.2721766 -0.07331523 0.3174276 0.1380127 0.09345393 0.1045452 0.0330055 -0.04846132 -0.0503911 -0.110603 0.03819546 0.06307089 -0.06636729
0.01669396 0.0294912 -0.009696303 0.007795663 0.01000418 0.03422105 -0.02664162 0.03250312 -5.82654e-05 0.03217658 -0.004226034 0.04365882 0.01499401 -0.01728061 0.07607462 -0.04313228 -0.04576194 0.009353918 -0.04333741 0.1035406 -0.3001846 -0.3498604 -0.4693366 -0.1735358 -0.06905631 0.2462796 0.1639354 0.285166 0.2595373 0.08538268 0.02546803 -0.02545508 0.04345205 0.08915862 -0.08147294 -0.01206018 0.03093017 -0.007094048 0.06020046 0.02715298 -0.006979953 0.08458818 -0.03710199 -0.07052141 -0.02660625 0.06438757 -0.001894854 0.02900875 0.06646357 0.02142413 -0.01240099
-0.04527783 -0.02906271 -0.003824144 0.01561991 -0.02542762 0.02737497 0.01242424 -0.0241777 0.03385594 0.004880943 0.009483784 0.008321643 0.04156591 0.0256289 0.005134237 -0.01034447 -0.03778911 -0.02037912 0.004815595 -0.003625488 0.005452186 0.06046592 0.06680071 0.1983939 0.1054957 -0.09035031 -0.1454304 -0.11641 -0.07618695 -0.02437995 -0.1911335 -0.01619925 -0.04146245 -0.0188444 0.08986738 0.05110926 -0.04395439 0.0336196 0.02474055 0.07065848 -0.03675689 -0.0295594 0.02054383 -0.03417984 0.02237114 0.02594416 -0.03169616 0.009784917 -0.02177479 -0.01625861 0.05246611
-0.01894386 -0.01040625 0.006021338 0.0001511308 -0.001765673 -0.0237467 -0.01985082 -0.02456609 0.02965927 0.01522517 -0.0002508979 -0.003510107 0.02241432 0.03746032 0.4645872 0.4376536 -0.4301412 0.08800369 -0.1096794 -0.1714257 -0.2464435 -0.1698346 -0.1076955 0.02463987 -0.02539455 0.1834208 0.1022317 0.03449856 0.1021291 0.01199315 0.04449774 -0.01503361 0.03621283 0.01996928 0.06041111 -0.04444341 -0.07127564 0.04709612 0.03508906 0.02987782 0.07605338 0.0160096 -0.04083597 0.0217401 -0.02801327 0.005727548 -0.03484155 0.02763063 -0.06607865 0.03576031 0.06301808
0.001077331 -0.002454705 -0.02066697 -0.002349234 0.004108764 -0.01417896 -0.03412642 -0.003696524 -3.061203e-05 0.01345128 0.03773454 0.03669424 0.008884199 -0.04137516 -0.001538036 0.01137195 -0.1733552 -0.9187467 -2.011828 -2.24185 -2.252714 -1.921247 -1.146075 -0.4091382 0.3160273 0.7981806 0.5078092 0.2952258 0.2427165 0.0002091263 0.06293984 0.1039121 -0.05570938 0.06373668 0.02126909 0.0357963 0.04489227 -0.02139972 -0.01229429 0.07082845 0.07089975 0.0413049 0.7112661 0.8900795 0.9439411 0.884397 0.8807839 0.8774272 -0.1265347 -0.1561605 -0.008675713
0.03037795 -0.01909848 -0.0216071 -0.02672134 -0.01526754 -0.02294336 -0.01828152 0.03418459 -0.02017413 -0.01239454 0.03276143 -0.01529093 -0.03335419 -0.04348203 0.03839258 0.02719809 0.01046408 0.02832443 -0.2482188 -0.1154344 -0.4824571 0.5572431 0.09474038 0.01238617 0.05186886 0.02607739 -0.05338157 0.0433761 0.02095935 0.007541799 0.02757224 0.00248732 0.004821563 -0.005428129 -0.004727281 -0.01938159 0.06386515 -0.03935107 -0.05138773 -0.01931662 -0.0291313 0.07007861 -0.1008127 -0.05834628 0.09520761 0.02087082 0.0517048 0.09235063 -0.07256321 -0.1033838 0.03253124
-0.009656652 -0.01395519 0.03627993 0.04598314 -0.123815 -0.02324701 -0.04793143 0.03833188 0.006150173 0.02262351 0.07656231 -0.02908438 -0.03929083 0.04402037 -8.083533e-05 0.01553767 -0.05212479 -0.1836805 0.1774867 0.1024565 -0.07937861 -0.08304501 -0.001881405 0.09444675 0.01110759 -0.00915961 0.04921338 0.03058441 -0.00603255 -0.01652735 0.02519792 0.01010766 -0.05759627 -0.06315466 0.01794527 0.06925369 0.02652477 -0.01819716 -0.04102375 0.004803191 -0.02901207 -0.007215995 0.05917321 0.03178639 -0.08554319 -0.03526729 0.07511462 0.02399741 -0.01143346 -0.0128191 -0.03169522
0.02262787 0.02279461 0.01654352 -0.0112444 0.0291201 0.02138531 0.008925938 0.00494009 -0.008031455 -0.01145416 0.02035949 0.01286524 -0.03191285 -0.03094277 -0.883353 -0.5996415 -0.4004952 0.5180283 0.04454346 -0.1943095 0.08975045 0.5695068 0.5025195 0.139018 0.05758191 -0.01785864 -0.008664323 0.05280466 0.07509165 0.0337203 0.01568746 -0.004617968 -0.0728986 -0.02982366 0.02696147 0.0124613 -0.005571753 0.02482982 0.02054472 -0.01868966 -0.03380937 -0.005770702 0.02374491 -0.01444652 -0.05196992 -0.0314578 0.06428696 0.002825111 -0.06306756 -0.01423021 0.05624443
0.07264235 0.100197 -0.037013 -0.05321853 -0.0905997 0.03217817 0.02240311 0.03549159 -0.07078736 -0.02989615 -0.03559051 -0.06279465 0.02755632 0.03717257 -0.05304052 0.09801804 -0.1418931 0.232286 0.5252004 0.08321235 -0.02608983 -0.02674814 -0.1040746 -0.004251375 0.0556891 0.02490352 0.01123198 0.04015252 -0.06393731 0.01876566 0.01349097 0.06191328 0.01120261 -0.06981228 -0.1336012 0.05822005 0.08972973 -0.01907391 0.02004896 0.04023752 -0.02207273 -0.08014946 -0.001470862 0.07589686 -0.1515259 0.02258466 0.02858629 0.1031921 -0.1187284 0.1492805 0.1100279
-0.05444869 0.006242853 0.08156558 0.03390215 -0.04456064 -0.001291845 0.01821817 0.0258517 -0.006042672 -0.04174558 -0.05538441 0.04778086 -0.00415038 -0.01238967 0.01414154 -0.01772234 -0.04710492 -0.01285671 -0.01117653 -0.2163733 -1.204129 -0.3101159 0.1980162 1.122129 0.5631319 0.02714208 0.01834168 -0.01511493 0.03459112 -0.00578849 0.022156 0.05515173 0.01571174 0.00979115 -0.005983048 -0.09838635 -0.04352158 -0.03343961 0.01724029 0.03484443 0.03725604 0.07672071 -0.0718992 0.02916408 -0.006617792 -0.004822585 0.000151674 -0.0594758 -0.0363534 -0.01042472 -0.04548138
0.006289256 -0.0231607 -0.02840761 0.01451261 0.009086279 -0.007807276 -0.02131473 -0.003809457 -0.02433371 -0.02205334 -0.008764266 0.01415465 -0.01576023 0.00506347 -0.00810221 -0.0001567119 0.01221044 0.02712917 0.02927261 0.005021311 0.01022034 -0.1780818 -0.193164 0.6439161 -0.2974317 -0.05420862 0.06495617 0.09831056 0.04979272 -0.07030585 -0.01691368 0.004609548 0.01951654 -0.01747551 0.01477907 0.03063964 -0.03532073 0.01915727 -0.01078191 -0.02524623 -0.06675471 -0.01672259 -0.0002887794 0.06341084 0.03617002 0.0004975179 0.03174817 0.02118335 0.01581071 0.03746406 0.02921294
-0.001634578 0.01933782 0.02411776 0.01906283 0.01077924 -0.001457279 0.017936 0.01199601 0.0060305 0.008357874 0.004051994 -0.0384716 0.01534872 -0.001985558 -0.006930029 0.01294778 0.004959564 0.006143962 0.01183425 -0.02820905 -0.006993399 -0.005158294 -0.00939262 0.04089905 -0.01758572 -0.04829511 -0.002034333 0.08447304 -1.471679 -1.393027 -1.014046 -1.03442 -0.7437809 -0.1161515 0.5489569 0.7484709 0.2250928 0.1458218 0.2432534 0.198722 0.02862069 -0.04382618 0.01780875 0.05524809 0.02341916 0.04946563 0.01908933 -0.02520572 0.01170345 -0.06969848 -0.06223226
-0.01253243 -0.008324318 -0.01258098 0.009772019 0.00921252 -0.002911426 0.006602753 0.006198327 0.007425866 -0.009159269 -0.007707119 -0.0332392 0.01987687 0.002917682 -0.00537861 0.01097017 -0.2975146 -0.5582021 -0.7775027 0.1260309 0.2703706 0.4719459 0.2426035 0.05677066 0.301255 0.08523072 -0.2742972 0.07982308 0.1369039 0.04371302 0.0440125 -0.04051492 -0.02102991 0.009584931 0.03682395 -0.05954076 -0.04045216 -0.01491508 0.02025879 0.09578362 0.02764669 0.03182542 0.00100257 -0.008041039 0.02636104 -0.001496861 0.00300068 -0.01067045 0.03706665 0.002438498 0.01675576
-0.03907184 -0.03836749 -0.02453705 0.01984739 -0.01281025 0.01420752 0.08746658 0.03792789 -0.001772346 -8.392063e-05 0.09138404 0.008792644 0.01763147 -0.008145048 -0.03522747 -0.02273305 -0.01283867 0.002827482 0.001225659 0.01126637 -0.02904926 0.01625848 0.04247292 0.008817749 -0.006887831 -1.492742 -2.998442 -3.189448 -3.157312 -1.178773 0.2709122 1.026232 0.3328951 0.1912639 -0.06978571 0.07049523 0.09341145 -0.07266279 -0.1070456 0.08693699 0.05259747 0.03026295 0.002794768 -0.0007071982 -0.02008682 -0.03476692 -0.002673087 -0.01258093 -0.01019434 0.02718809 -0.000651481
0.015689 0.04492763 -0.03881917 -0.08697897 0.02153884 0.02598434 0.02537772 -0.02119294 -0.005568421 0.02899477 0.01015646 -0.01157476 -0.05658906 0.01768011 0.04551794 -0.007900066 -0.05195011 0.02143934 0.0942353 0.04321079 -0.04353177 0.02324896 0.02404883 -0.06230152 0.1326661 -0.1472408 0.2149564 0.1240929 -0.1609164 -0.1085534 -0.1189728 0.01904896 -0.04591254 -0.1123724 0.1331829 0.06210283 0.0245336 -0.04190368 0.02020485 -0.03389388 0.01719876 -0.04271559 0.0507622 0.007972162 -0.0626482 -0.04270905 0.0007400578 0.04754296 0.02144417 -0.01907684 -0.01818391
