57320.0 57320.0 57340.0 57340.0 57350.0 57290.0 57320.0 57250.0 57250.0 57350.0 57360.0 57410.0 57410.0 57370.0 57330.0 57320.0 57330.0 57310.0 57360.0 57390.0 57400.0 57460.0 57460.0 57460.0 57470.0 57470.0 57560.0 57660.0 57740.0 57790.0
57790.0 57810.0 57810.0 57790.0 57730.0 57700.0 57680.0 57670.0 57630.0 57590.0 57550.0 57540.0 57480.0 57450.0 57430.0 57370.0 57350.0 57340.0 57370.0 57420.0 57460.0 57480.0 57510.0 57500.0 57470.0 57520.0 57530.0 57480.0 57440.0 57390.0
56600.0 56520.0 56430.0 56340.0 56260.0 56180.0 56100.0 56010.0 55990.0 55940.0 55910.0 55860.0 55830.0 55800.0 55790.0 55780.0 55740.0 55740.0 55770.0 55810.0 55810.0 55810.0 55810.0 55820.0 55800.0 55800.0 55750.0 55690.0 55640.0 55580.0
55560.0 55550.0 55520.0 55500.0 55480.0 55470.0 55460.0 55410.0 55380.0 55370.0 55330.0 55290.0 55270.0 55240.0 55230.0 55210.0 55160.0 55150.0 55130.0 55070.0 55060.0 55030.0 54990.0 54870.0 54910.0 54910.0 54910.0 54900.0 54900.0 54880.0
55570.0 55580.0 55580.0 55630.0 55630.0 55610.0 55610.0 55630.0 55640.0 55680.0 55680.0 55700.0 55700.0 55710.0 55700.0 55690.0 55700.0 55690.0 55670.0 55660.0 55660.0 55660.0 55650.0 55680.0 55670.0 55690.0 55690.0 55670.0 55640.0 55620.0
73320.0 73380.0 73390.0 73420.0 73370.0 73400.0 73430.0 73430.0 73470.0 73490.0 73610.0 73580.0 73640.0 73670.0 73690.0 73690.0 73690.0 73770.0 73780.0 73790.0 73860.0 73910.0 73970.0 74030.0 74010.0 74080.0 74100.0 74070.0 74120.0 74120.0
252960.0 253030.0 253060.0 253010.0 252950.0 252860.0 252790.0 252740.0 252710.0 252660.0 252640.0 252610.0 252650.0 252700.0 252760.0 252780.0 252770.0 252770.0 252680.0 252600.0 252540.0 252430.0 252320.0 252140.0 252140.0 252150.0 251900.0 251850.0 251770.0 251650.0
245170.0 245130.0 245100.0 245040.0 245020.0 245030.0 245010.0 244970.0 244990.0 245080.0 245090.0 245060.0 245060.0 245060.0 245050.0 245060.0 245040.0 245060.0 245020.0 245030.0 245020.0 245020.0 244990.0 244980.0 245000.0 244990.0 245010.0 245020.0 245050.0 245040.0
245020.0 244980.0 244970.0 244960.0 244960.0 244970.0 244990.0 244910.0 244940.0 245020.0 245030.0 244980.0 245040.0 245290.0 245370.0 245390.0 245400.0 245400.0 245410.0 245400.0 245400.0 245390.0 245380.0 245360.0 245320.0 245290.0 245280.0 245300.0 245320.0 245340.0
245230.0 245210.0 245190.0 245210.0 245230.0 245240.0 245200.0 245190.0 245110.0 245080.0 245080.0 245110.0 245120.0 245120.0 245120.0 245120.0 245100.0 245100.0 245110.0 245100.0 245090.0 245110.0 245150.0 245150.0 245180.0 245190.0 245180.0 245180.0 245200.0 245220.0
245180.0 245200.0 245220.0 245280.0 245300.0 245320.0 245330.0 245410.0 245370.0 245360.0 245340.0 245370.0 245390.0 245420.0 245440.0 245460.0 245480.0 245480.0 245500.0 245510.0 245540.0 245540.0 245570.0 245580.0 245620.0 245630.0 245650.0 245650.0 245670.0 245700.0
245720.0 245730.0 245780.0 245830.0 245910.0 245950.0 245950.0 245810.0 245820.0 245790.0 245820.0 245830.0 245860.0 245900.0 245910.0 245950.0 245980.0 246010.0 246040.0 246070.0 246100.0 246080.0 246040.0 246020.0 246050.0 246010.0 245950.0 245910.0 245890.0 245900.0
54410.0 54430.0 54470.0 54430.0 54460.0 54470.0 54480.0 54480.0 54470.0 54470.0 54490.0 54520.0 54540.0 54550.0 54590.0 54610.0 54600.0 54610.0 54640.0 54670.0 54670.0 54680.0 54680.0 54700.0 54690.0 54700.0 54690.0 54670.0 54650.0 54620.0
54700.0 54720.0 54750.0 54770.0 54770.0 54760.0 54780.0 54810.0 54830.0 54830.0 54830.0 54840.0 54850.0 54840.0 54840.0 54870.0 54880.0 54910.0 54920.0 54950.0 54940.0 54970.0 55000.0 55000.0 55010.0 55020.0 55010.0 55020.0 54990.0 54960.0
54690.0 54640.0 54610.0 54600.0 54590.0 54570.0 54570.0 54590.0 54560.0 54550.0 54510.0 54400.0 54360.0 54300.0 54330.0 54380.0 54500.0 54550.0 54540.0 54590.0 54600.0 54630.0 54660.0 54710.0 54750.0 54790.0 54790.0 54790.0 54820.0 54860.0
54860.0 54840.0 54790.0 54770.0 54760.0 54800.0 54800.0 54780.0 54760.0 54740.0 54740.0 54710.0 54760.0 54740.0 54750.0 54790.0 54810.0 54840.0 54850.0 54910.0 54880.0 54890.0 54860.0 54850.0 54850.0 54870.0 54930.0 54920.0 54890.0 54850.0
54220.0 54180.0 54180.0 54130.0 54090.0 54040.0 53950.0 53880.0 53830.0 53810.0 53750.0 53700.0 53700.0 53670.0 53720.0 53740.0 53780.0 53810.0 53820.0 53870.0 53890.0 53920.0 54030.0 54090.0 54160.0 54250.0 54300.0 54320.0 54340.0 54390.0
54360.0 54380.0 54370.0 54370.0 54390.0 54400.0 54420.0 54410.0 54370.0 54350.0 54350.0 54350.0 54340.0 54310.0 54310.0 54320.0 54350.0 54380.0 54380.0 54400.0 54430.0 54420.0 54410.0 54410.0 54360.0 54370.0 54350.0 54380.0 54320.0 54340.0
251860.0 251850.0 251870.0 251880.0 251860.0 251880.0 251880.0 251850.0 251860.0 251880.0 251880.0 251890.0 251900.0 251920.0 251900.0 251930.0 251950.0 251930.0 251960.0 251970.0 251940.0 251920.0 251920.0 251940.0 251960.0 251980.0 251920.0 251850.0 251830.0 251790.0
251510.0 251500.0 251520.0 251500.0 251500.0 251490.0 251460.0 251460.0 251430.0 251450.0 251420.0 251430.0 251400.0 251420.0 251410.0 251420.0 251400.0 251360.0 251330.0 251300.0 251270.0 251290.0 251300.0 251320.0 251310.0 251290.0 251300.0 251310.0 251290.0 251300.0
251510.0 251540.0 251530.0 251550.0 251570.0 251510.0 251500.0 251500.0 251520.0 251590.0 251570.0 251600.0 251780.0 251810.0 251830.0 251880.0 251910.0 251900.0 251880.0 251870.0 251890.0 251900.0 251880.0 251880.0 251880.0 251850.0 251860.0 251850.0 251860.0 251870.0
250490.0 250510.0 250560.0 250610.0 250750.0 250870.0 250950.0 250950.0 250990.0 250990.0 251220.0 251300.0 251350.0 251330.0 251270.0 251290.0 251260.0 251250.0 251250.0 251290.0 251280.0 251260.0 251250.0 251340.0 251200.0 250990.0 250880.0 250900.0 250820.0 250650.0
248930.0 248880.0 248880.0 248870.0 248850.0 248810.0 248800.0 248860.0 248940.0 248970.0 248990.0 249050.0 249140.0 249200.0 249270.0 249320.0 249330.0 249460.0 249590.0 249730.0 249790.0 249840.0 249950.0 250250.0 250400.0 250480.0 250540.0 250720.0 250850.0 251120.0
71420.0 71410.0 71400.0 71440.0 71500.0 71620.0 71630.0 71640.0 71690.0 71680.0 71750.0 71580.0 71610.0 71600.0 71570.0 71570.0 71580.0 71530.0 71580.0 71580.0 71610.0 71610.0 71620.0 71580.0 71570.0 71570.0 71580.0 71610.0 71570.0 71520.0
256050.0 256150.0 256200.0 256310.0 256370.0 256430.0 256510.0 256590.0 256720.0 256770.0 256750.0 256730.0 256690.0 256680.0 256650.0 256640.0 256580.0 256530.0 256560.0 256520.0 256610.0 256590.0 256560.0 256550.0 256540.0 256490.0 256450.0 256410.0 256380.0 256360.0
254910.0 254880.0 254840.0 254810.0 254740.0 254680.0 254610.0 254550.0 254500.0 254460.0 254430.0 254420.0 254410.0 254430.0 254400.0 254320.0 254260.0 254220.0 254260.0 254230.0 254250.0 254230.0 254150.0 254060.0 254100.0 254100.0 254090.0 254080.0 254020.0 254020.0
253450.0 253390.0 253370.0 253310.0 253290.0 253260.0 253220.0 253190.0 253170.0 253110.0 253090.0 253050.0 253010.0 252940.0 252900.0 252890.0 252870.0 252830.0 252810.0 252790.0 252800.0 252790.0 252790.0 252780.0 252750.0 252740.0 252760.0 252770.0 252760.0 252780.0
252210.0 252280.0 252310.0 252310.0 252290.0 252310.0 252350.0 252360.0 252510.0 252490.0 252530.0 252630.0 252650.0 252650.0 252670.0 252710.0 252730.0 252760.0 252810.0 252840.0 252950.0 253060.0 253140.0 253230.0 253280.0 253310.0 253350.0 253390.0 253390.0 253420.0
253500.0 253460.0 253440.0 253360.0 253340.0 253350.0 253370.0 253360.0 253330.0 253330.0 253340.0 253370.0 253420.0 253380.0 253410.0 253480.0 253500.0 253540.0 253570.0 253600.0 253670.0 253670.0 253640.0 253600.0 253560.0 253560.0 253560.0 253560.0 253560.0 253580.0
253550.0 253540.0 253530.0 253520.0 253510.0 253500.0 253510.0 253530.0 253550.0 253560.0 253570.0 253590.0 253490.0 253500.0 253520.0 253550.0 253640.0 253640.0 253640.0 253650.0 253650.0 253690.0 253690.0 253680.0 253720.0 253750.0 253760.0 253780.0 253780.0 253810.0
61870.0 61850.0 61850.0 61910.0 61970.0 62000.0 62030.0 62070.0 62100.0 62090.0 62150.0 62150.0 62160.0 62140.0 62150.0 62190.0 62310.0 62330.0 62340.0 62350.0 62400.0 62390.0 62440.0 62440.0 62430.0 62320.0 62290.0 62280.0 62250.0 62210.0
61950.0 61950.0 61950.0 61950.0 61930.0 61980.0 61940.0 62020.0 62000.0 61930.0 61930.0 61870.0 61840.0 61790.0 61800.0 61700.0 61640.0 61650.0 61610.0 61760.0 61750.0 61690.0 61640.0 61560.0 61540.0 61530.0 61550.0 61550.0 61590.0 61610.0
61490.0 61530.0 61620.0 61650.0 61660.0 61670.0 61700.0 61670.0 61650.0 61630.0 61600.0 61610.0 61600.0 61640.0 61660.0 61660.0 61760.0 61720.0 61770.0 61770.0 61730.0 61650.0 61660.0 61580.0 61540.0 61490.0 61420.0 61370.0 61320.0 61280.0
61330.0 61310.0 61290.0 61440.0 61580.0 61510.0 61580.0 61620.0 61530.0 61420.0 61300.0 61280.0 61230.0 61430.0 61530.0 61550.0 61570.0 61610.0 61660.0 61670.0 61740.0 61800.0 61880.0 61840.0 61760.0 61670.0 61600.0 61530.0 61550.0 61500.0
61430.0 61490.0 61520.0 61560.0 61610.0 61630.0 61640.0 61620.0 61690.0 61710.0 61740.0 61860.0 61850.0 61890.0 61920.0 61940.0 61880.0 61830.0 61620.0 61100.0 61000.0 61050.0 60980.0 61010.0 61060.0 61130.0 61210.0 61160.0 61150.0 61200.0
61030.0 61010.0 61030.0 61130.0 61180.0 61220.0 61270.0 61280.0 61310.0 61320.0 61330.0 61350.0 61380.0 61400.0 61420.0 61440.0 61460.0 61430.0 61400.0 61450.0 61510.0 61390.0 61440.0 61370.0 61370.0 61280.0 61170.0 61090.0 61080.0 61070.0
61800.0 61760.0 61690.0 61690.0 61670.0 61670.0 61660.0 61670.0 61670.0 61660.0 61690.0 61700.0 61680.0 61650.0 61660.0 61640.0 61590.0 61580.0 61530.0 61490.0 61460.0 61410.0 61370.0 61320.0 61270.0 61260.0 61240.0 61260.0 61180.0 61120.0
61020.0 61010.0 61040.0 61040.0 61040.0 61040.0 61030.0 61040.0 61060.0 61060.0 61060.0 61080.0 61080.0 60980.0 60940.0 60910.0 60880.0 60790.0 60740.0 60780.0 60820.0 60850.0 60870.0 60940.0 60940.0 60960.0 60990.0 60930.0 60870.0 60820.0
61030.0 60950.0 60880.0 60800.0 60880.0 60950.0 61020.0 61020.0 61030.0 61040.0 61060.0 61080.0 61100.0 61140.0 61010.0 61000.0 61000.0 60940.0 60900.0 60930.0 60910.0 60900.0 60920.0 60910.0 60920.0 60930.0 60920.0 60930.0 60940.0 60950.0
60840.0 60850.0 60810.0 60780.0 60820.0 60790.0 60820.0 60830.0 60860.0 60870.0 60870.0 60830.0 60850.0 60840.0 60810.0 60760.0 60790.0 60740.0 60760.0 60820.0 60790.0 60800.0 60820.0 60890.0 60920.0 60910.0 60960.0 60960.0 61010.0 61060.0
61560.0 61610.0 61650.0 61700.0 61710.0 61750.0 61750.0 61760.0 61790.0 61800.0 61880.0 61940.0 62040.0 61970.0 61910.0 61900.0 61890.0 61840.0 61820.0 61790.0 61770.0 61790.0 61760.0 61770.0 61770.0 61750.0 61730.0 61730.0 61730.0 61690.0
61660.0 61660.0 61720.0 61750.0 61820.0 61860.0 61890.0 61920.0 61950.0 62020.0 62090.0 62140.0 62210.0 62230.0 62310.0 62260.0 62280.0 62210.0 62230.0 62270.0 62290.0 62300.0 62310.0 62340.0 62390.0 62450.0 62470.0 62460.0 62460.0 62460.0
55820.0 55830.0 55830.0 55840.0 55820.0 55800.0 55810.0 55800.0 55790.0 55810.0 55820.0 55820.0 55840.0 55900.0 55920.0 55940.0 55900.0 55880.0 55900.0 55900.0 55870.0 55890.0 55920.0 55950.0 55940.0 55980.0 55980.0 55990.0 56000.0 56070.0
56540.0 56510.0 56470.0 56420.0 56400.0 56390.0 56330.0 56340.0 56320.0 56290.0 56270.0 56240.0 56230.0 56240.0 56240.0 56240.0 56260.0 56290.0 56280.0 56240.0 56250.0 56200.0 56190.0 56170.0 56170.0 56170.0 56150.0 56140.0 56160.0 56200.0
54610.0 54580.0 54600.0 54630.0 54660.0 54640.0 54660.0 54650.0 54630.0 54670.0 54650.0 54630.0 54670.0 54700.0 54710.0 54700.0 54720.0 54730.0 54780.0 54820.0 54900.0 54870.0 54840.0 54800.0 54760.0 54740.0 54760.0 54800.0 54820.0 54810.0
55280.0 55290.0 55310.0 55360.0 55400.0 55380.0 55340.0 55350.0 55340.0 55330.0 55310.0 55340.0 55360.0 55420.0 55410.0 55360.0 55310.0 55380.0 55360.0 55430.0 55440.0 55460.0 55500.0 55500.0 55530.0 55550.0 55580.0 55600.0 55610.0 55620.0
57100.0 57170.0 57180.0 57270.0 57300.0 57390.0 57400.0 57420.0 57450.0 57520.0 57510.0 57530.0 57560.0 57560.0 57560.0 57610.0 57620.0 57700.0 57800.0 57820.0 57830.0 57810.0 57770.0 57780.0 57790.0 57800.0 57810.0 57910.0 57870.0 57900.0
57800.0 57850.0 57860.0 57920.0 57950.0 57960.0 57950.0 57980.0 57970.0 57970.0 57970.0 57920.0 57920.0 57950.0 57920.0 57930.0 57950.0 57930.0 57910.0 57930.0 57970.0 57970.0 57970.0 57920.0 57920.0 57930.0 57930.0 57930.0 57900.0 57910.0
