-1.536304 -1.525181 -1.500425 -1.487407 -1.483802 -1.481673 -1.496254 -1.525068 -1.525436 -1.512415 -1.500527 -1.487185 -1.488853 -1.504007 -1.526157 -1.538207 -1.549039 -1.563692 -1.580869 -1.589981 -1.58841 -1.573814 -1.558584 -1.551764 -1.566517 -1.577802 -1.559024 -1.538717 -1.526091 -1.53659 -1.540976 -1.535196 -1.527748 -1.526593 -1.52482 -1.524524 -1.531833 -1.538616 -1.543338 -1.554378 -1.557964 -1.545119 -1.533207 -1.517874 -1.517752 -1.530474 -1.528026 -1.52627
-1.534363 -1.556432 -1.551545 -1.52686 -1.528121 -1.531384 -1.545432 -1.569071 -1.569651 -1.562553 -1.551109 -1.54762 -1.552496 -1.555801 -1.553839 -1.553864 -1.559107 -1.56146 -1.565923 -1.568909 -1.567241 -1.570592 -1.570331 -1.566127 -1.566728 -1.568891 -1.569403 -1.569307 -1.565875 -1.555001 -1.552231 -1.556053 -1.557107 -1.56049 -1.565252 -1.569394 -1.561589 -1.565398 -1.569291 -1.565898 -1.560009 -1.568892 -1.571003 -1.56997 -1.575133 -1.575507 -1.577028 -1.574452
-1.565469 -1.56579 -1.566722 -1.568761 -1.568833 -1.570538 -1.568364 -1.569132 -1.568181 -1.566953 -1.566423 -1.568255 -1.572058 -1.574011 -1.576738 -1.576968 -1.578709 -1.577489 -1.576498 -1.581065 -1.580891 -1.580272 -1.580609 -1.578012 -1.577611 -1.580484 -1.58162 -1.583743 -1.584531 -1.584566 -1.583148 -1.581763 -1.582229 -1.583789 -1.582981 -1.581398 -1.57902 -1.580454 -1.589363 -1.590619 -1.592228 -1.594731 -1.596701 -1.58513 -1.582349 -1.589479 -1.593679 -1.597658
-1.597658 -1.598238 -1.603132 -1.602852 -1.603112 -1.604888 -1.604202 -1.605175 -1.604772 -1.605878 -1.610423 -1.610784 -1.611439 -1.614293 -1.618002 -1.615901 -1.618767 -1.61411 -1.612315 -1.614877 -1.612307 -1.612603 -1.614251 -1.612065 -1.610421 -1.611881 -1.623632 -1.636993 -1.640331 -1.644169 -1.641791 -1.63664 -1.634226 -1.639896 -1.63364 -1.633924 -1.633639 -1.6365 -1.642228 -1.648279 -1.643058 -1.63459 -1.630589 -1.631557 -1.632461 -1.633836 -1.632207 -1.626012
-1.638172 -1.635481 -1.634287 -1.634622 -1.63161 -1.630276 -1.626475 -1.622488 -1.624328 -1.623809 -1.62674 -1.624054 -1.619552 -1.615184 -1.612498 -1.611951 -1.61308 -1.615178 -1.616068 -1.615654 -1.616552 -1.617632 -1.61862 -1.620718 -1.625169 -1.62729 -1.625684 -1.625221 -1.626308 -1.624299 -1.621171 -1.622593 -1.622999 -1.62208 -1.618469 -1.610251 -1.601394 -1.600633 -1.600025 -1.597142 -1.597331 -1.596501 -1.60219 -1.610679 -1.622961 -1.632153 -1.633811 -1.633867
-1.537966 -1.533448 -1.525725 -1.526224 -1.531792 -1.539784 -1.5314 -1.530678 -1.533053 -1.533996 -1.524397 -1.522336 -1.516036 -1.519583 -1.537922 -1.53846 -1.53861 -1.52819 -1.534495 -1.53944 -1.53467 -1.542004 -1.540671 -1.531387 -1.530485 -1.522266 -1.52048 -1.526633 -1.516605 -1.501382 -1.493927 -1.489372 -1.492456 -1.478235 -1.471984 -1.479861 -1.468952 -1.47601 -1.492321 -1.493177 -1.522914 -1.523534 -1.52009 -1.518639 -1.505303 -1.508261 -1.514174 -1.519379
-0.3347692 -0.3340482 -0.332791 -0.3337861 -0.3337083 -0.3345293 -0.3343844 -0.3319169 -0.3315402 -0.3321722 -0.3328819 -0.3324662 -0.3316535 -0.329888 -0.3300234 -0.3302685 -0.3305629 -0.3298072 -0.3268786 -0.3250503 -0.2779678 -0.184555 -0.299938 -0.3262726 -0.322098 -0.3151022 -0.3223209 -0.3323945 -0.3326825 -0.3313957 -0.3280268 -0.3264496 -0.3254009 -0.3250321 -0.325152 -0.3238061 -0.3246136 -0.3215764 -0.3204305 -0.3199367 -0.3202567 -0.3171211 -0.3188092 -0.319904 -0.3233052 -0.3264428 -0.3292691 -0.3335339
-0.9264972 -0.9280177 -0.9275104 -0.9261533 -0.9271176 -0.9321304 -0.9316823 -0.9331862 -0.9335589 -0.9336334 -0.9346938 -0.9369414 -0.9378088 -0.898079 -0.8134781 -0.8973175 -0.9247054 -0.9194099 -0.9168256 -0.9220043 -0.9304007 -0.9249553 -0.9216983 -0.9186857 -0.9171981 -0.9134163 -0.9105719 -0.9090959 -0.9088799 -0.9097028 -0.9077548 -0.90675 -0.9045115 -0.9044481 -0.9035802 -0.9043697 -0.9052328 -0.9050103 -0.9041941 -0.9050849 -0.9070083 -0.9074046 -0.906456 -0.9085031 -0.909472 -0.9081771 -0.9102868 -0.9110704
-0.9171472 -0.9146253 -0.914659 -0.913872 -0.9148222 -0.9150627 -0.9149333 -0.9169463 -0.9194682 -0.9185877 -0.9175877 -0.8258324 -0.6741954 -0.7977522 -0.9136366 -0.923279 -0.9189044 -0.9182572 -0.9191641 -0.9182471 -0.9187236 -0.9196965 -0.9160199 -0.9140321 -0.9134827 -0.9113784 -0.9108763 -0.9128631 -0.9112775 -0.9124702 -0.9135009 -0.9148788 -0.9149565 -0.9165014 -0.918676 -0.9192426 -0.9199664 -0.9207281 -0.922505 -0.9226056 -0.9238683 -0.9255103 -0.9268031 -0.9275935 -0.9280595 -0.9257905 -0.9266901 -0.9277706
-0.8981246 -0.8968945 -0.8998346 -0.8958488 -0.899778 -0.900232 -0.9026359 -0.9025571 -0.9043427 -0.9063527 -0.9096639 -0.91174 -0.9124671 -0.6366059 -0.8733 -0.900411 -0.9034921 -0.9105271 -0.9280574 -0.9296848 -0.9341267 -0.9373847 -0.9381263 -0.9366693 -0.9372769 -0.9362354 -0.9337298 -0.9327359 -0.933148 -0.9335407 -0.935505 -0.9343622 -0.9332095 -0.9343824 -0.9323764 -0.9333003 -0.931901 -0.9336146 -0.9323297 -0.9288987 -0.9218642 -0.9216902 -0.9210904 -0.9189584 -0.9190552 -0.9177758 -0.9165602 -0.919477
-0.9165602 -0.919477 -0.9166541 -0.9156984 -0.9161117 -0.9228575 -0.9221582 -0.9247701 -0.9196199 -0.9182261 -0.9208063 -0.9200647 -0.9117076 -0.5784607 -0.6267354 -0.8064535 -0.8876161 -0.9158164 -0.9197854 -0.9277464 -0.9389169 -0.9416143 -0.9389681 -0.9411148 -0.9426575 -0.9426072 -0.9429013 -0.9459667 -0.9442694 -0.9432072 -0.9465935 -0.9427111 -0.9465247 -0.9464351 -0.9442605 -0.946324 -0.9469522 -0.94904 -0.9483733 -0.950421 -0.9488034 -0.9508318 -0.9479125 -0.9496033 -0.9469537 -0.9455268 -0.9478115 -0.9467325
-0.9503383 -0.9483536 -0.9420898 -0.9413748 -0.9364806 -0.9376819 -0.9381751 -0.9399992 -0.9417819 -0.9425187 -0.9431996 -0.94334 -0.837434 -0.5934401 -0.8824337 -0.9060799 -0.9378016 -0.9398988 -0.9391099 -0.9417071 -0.9415277 -0.9441111 -0.9441122 -0.9419171 -0.9434972 -0.939874 -0.9386145 -0.936066 -0.9330747 -0.9339093 -0.9301448 -0.9291274 -0.9302663 -0.9274684 -0.9266712 -0.927673 -0.9243058 -0.9244171 -0.9245942 -0.9230128 -0.9261809 -0.9257572 -0.934575 -0.9423541 -0.9379234 -0.944075 -0.9448076 -0.9423978
-1.475092 -1.48495 -1.47945 -1.478563 -1.477417 -1.473098 -1.477248 -1.476462 -1.474268 -1.466189 -1.455637 -1.449964 -1.449415 -1.438207 -1.425422 -1.447916 -1.470367 -1.472655 -1.471479 -1.46462 -1.524816 -1.506017 -1.465094 -1.460421 -1.463087 -1.460986 -1.446316 -1.456644 -1.459649 -1.460323 -1.462324 -1.460016 -1.463076 -1.468029 -1.463179 -1.456592 -1.461439 -1.467626 -1.469106 -1.479342 -1.477823 -1.4665 -1.463826 -1.465406 -1.475956 -1.475116 -1.473436 -1.470469
-1.472242 -1.46892 -1.469546 -1.464503 -1.465923 -1.462464 -1.453913 -1.446812 -1.458972 -1.470071 -1.473067 -1.458991 -1.418804 -1.443457 -1.457381 -1.429281 -1.454728 -1.465981 -1.465758 -1.46034 -1.453571 -1.456132 -1.446727 -1.430052 -1.439651 -1.44884 -1.447012 -1.446437 -1.453507 -1.472924 -1.481748 -1.488493 -1.474973 -1.465181 -1.458992 -1.462022 -1.476794 -1.489004 -1.496241 -1.481179 -1.47022 -1.474617 -1.475522 -1.476347 -1.48043 -1.491779 -1.492346 -1.484307
-1.489922 -1.50021 -1.502047 -1.492164 -1.482664 -1.478985 -1.490283 -1.494032 -1.494738 -1.503692 -1.498054 -1.48824 -1.496706 -1.656671 -1.685784 -1.636391 -1.585155 -1.575287 -1.5435 -1.490233 -1.480999 -1.479599 -1.479559 -1.474938 -1.460217 -1.468678 -1.480889 -1.479825 -1.461229 -1.472078 -1.500255 -1.499825 -1.495456 -1.471715 -1.464963 -1.470073 -1.470634 -1.481119 -1.483838 -1.493173 -1.484601 -1.492247 -1.492815 -1.484838 -1.491941 -1.484656 -1.475383 -1.460142
-1.468171 -1.480768 -1.485959 -1.477688 -1.475502 -1.475577 -1.477558 -1.472751 -1.488287 -1.483535 -1.489311 -1.49767 -1.478789 -1.484501 -1.500756 -1.492611 -1.497678 -1.485021 -1.486194 -1.507806 -1.507879 -1.484203 -1.475481 -1.489272 -1.484035 -1.471226 -1.494323 -1.487126 -1.473055 -1.467194 -1.46669 -1.492312 -1.493342 -1.473521 -1.455066 -1.460497 -1.459064 -1.466565 -1.48837 -1.48514 -1.482427 -1.478465 -1.468151 -1.481016 -1.485498 -1.493254 -1.498522 -1.500878
-1.495022 -1.479132 -1.469626 -1.479246 -1.474054 -1.459438 -1.463146 -1.470335 -1.479842 -1.492697 -1.489715 -1.522581 -1.572108 -1.456193 -1.468002 -1.47985 -1.473368 -1.462261 -1.469682 -1.469062 -1.462254 -1.470378 -1.473609 -1.474693 -1.484133 -1.491803 -1.497989 -1.483513 -1.481517 -1.488178 -1.48811 -1.483969 -1.488485 -1.500312 -1.512635 -1.517491 -1.506196 -1.499617 -1.497642 -1.498268 -1.49801 -1.494745 -1.49528 -1.495513 -1.496864 -1.493672 -1.493504 -1.496188
-1.496864 -1.493672 -1.493504 -1.496188 -1.495121 -1.496268 -1.494615 -1.489396 -1.493505 -1.490628 -1.485757 -1.488861 -1.486133 -1.493302 -1.498126 -1.490599 -1.513398 -1.535712 -1.486855 -1.500696 -1.514488 -1.505023 -1.500119 -1.488196 -1.480136 -1.484122 -1.496126 -1.4963 -1.492737 -1.509917 -1.507231 -1.508426 -1.503264 -1.496652 -1.494689 -1.486073 -1.489997 -1.491824 -1.501863 -1.490509 -1.494576 -1.504456 -1.501558 -1.500084 -1.502967 -1.495794 -1.487269 -1.495103
1.232295 1.230781 1.232806 1.232462 1.234872 1.238169 1.236979 1.241094 1.24681 1.254313 1.252349 1.172601 1.256319 1.22866 1.254505 1.256145 1.260921 1.267876 1.262732 1.260578 1.264515 1.251236 1.244552 1.237616 1.230213 1.223696 1.220213 1.218733 1.21512 1.209443 1.211219 1.21644 1.219294 1.220281 1.22086 1.218359 1.21892 1.224501 1.225715 1.224713 1.223089 1.220764 1.221486 1.222872 1.225214 1.228061 1.233048 1.238494
1.231498 1.233197 1.233587 1.236642 1.235204 1.237081 1.231598 1.228162 1.224403 1.216155 1.211588 1.207218 1.207222 1.208091 1.209023 1.151948 1.082969 1.143595 1.170899 1.169855 1.183776 1.186315 1.192021 1.202427 1.205051 1.201915 1.197223 1.198106 1.200874 1.204374 1.208121 1.213969 1.218387 1.218543 1.216169 1.213423 1.209271 1.212087 1.211482 1.215232 1.221395 1.221868 1.230322 1.227762 1.223144 1.225592 1.222929 1.224049
1.178666 1.180328 1.180864 1.178423 1.177855 1.179309 1.1786 1.17806 1.179139 1.179178 1.179494 1.183164 1.183457 1.181954 1.181215 1.18691 1.181377 1.182258 1.193428 1.193277 1.189002 1.188518 1.184237 1.182114 1.180151 1.180548 1.184897 1.180789 1.178703 1.179956 1.181339 1.180679 1.185106 1.18795 1.186097 1.186452 1.185266 1.187036 1.188498 1.1857 1.183513 1.185069 1.184436 1.183295 1.183822 1.182959 1.184239 1.184847
0.6922662 0.6880633 0.6859958 0.6850119 0.6859765 0.6870165 0.6823817 0.6822993 0.6843714 0.6855845 0.6882864 0.6940992 0.6900356 0.6848578 0.6856025 0.7054931 0.7128196 0.687896 0.6849145 0.6749684 0.6768704 0.6804614 0.6831665 0.6856691 0.6884218 0.6902304 0.6891003 0.6887877 0.6861252 0.6853267 0.6851208 0.6815026 0.6821797 0.679846 0.6787927 0.7135067 0.9031496 1.16134 1.387383 1.666475 1.951048 2.047525 2.059021 2.059911 2.059674 2.05967 2.058959 2.057091
2.014722 2.012598 2.013047 2.012828 2.014428 2.013718 2.012682 2.009683 2.012929 2.011422 2.009589 2.009856 2.006253 2.004246 2.004838 2.014967 2.018409 2.000533 1.996317 1.991437 1.995893 1.999375 1.999568 2.003032 2.012048 2.014646 2.016638 2.017555 2.016904 2.016833 2.020087 2.02047 2.0216 2.022239 2.023331 2.024134 2.026952 2.029799 2.030813 2.030842 2.024272 2.017035 2.013089 2.009913 2.010119 2.012736 2.012519 2.007824
1.457374 1.452231 1.450581 1.450887 1.446914 1.433944 1.438517 1.441367 1.446158 1.443608 1.447645 1.445934 1.469659 1.459175 1.146504 1.439162 1.430176 1.446787 1.451296 1.449518 1.442949 1.440002 1.454541 1.460748 1.455332 1.455124 1.453694 1.45678 1.460491 1.463868 1.47094 1.463239 1.455079 1.450174 1.452153 1.448928 1.448124 1.443724 1.446099 1.439571 1.442257 1.437503 1.442261 1.443526 1.442773 1.442567 1.450163 1.442307
3.119473 3.118351 3.120187 3.118922 3.1195 3.120691 3.119102 3.121302 3.120296 3.122236 3.119703 3.121824 3.120943 3.124135 3.122541 3.13029 -3.052658 -3.118843 3.121646 3.130787 3.130248 3.127036 3.125121 3.127512 3.126255 3.128567 3.12995 3.132456 3.133527 3.133059 3.133996 3.133559 3.135495 3.135325 3.138121 3.139175 3.137545 3.137872 3.139214 3.138232 3.139186 3.14005 -3.141577 -3.140441 -3.141 3.140723 -3.140261 -3.138828
3.132562 3.133121 3.134239 3.133024 3.133214 3.131373 3.132202 3.131473 3.133455 3.132574 3.133269 3.13373 3.13197 3.133066 3.133815 3.13285 3.132704 -3.01793 -2.799215 -2.9819 -3.120505 3.116157 3.110615 3.106758 3.100466 3.097225 3.102264 3.101174 3.102359 3.101891 3.102364 3.105067 3.10653 3.104415 3.106859 3.104742 3.103912 3.105451 3.102236 3.100769 3.100776 3.100247 3.099396 3.102079 3.099205 3.101815 3.100573 3.100648
3.106708 3.105528 3.105649 3.106519 3.103938 3.102256 3.101873 3.101035 3.099584 3.101749 3.100417 3.100938 3.103562 3.103218 3.106794 3.10727 3.109062 -3.085412 -2.543488 -2.584574 -2.760453 -2.899599 -2.940116 -2.959932 -2.977768 -2.993773 -2.995723 -2.997729 -2.996779 -2.999529 -3.000244 -2.996685 -2.995789 -2.998678 -3.002758 -3.001806 -3.002842 -3.002312 -3.000683 -2.998375 -2.996921 -2.997026 -2.993104 -2.991927 -2.994081 -2.993092 -2.991156 -2.988825
-2.839929 -2.83994 -2.841515 -2.844191 -2.843968 -2.84478 -2.845195 -2.845319 -2.844359 -2.823345 -2.569207 -2.785834 -2.816493 -2.823525 -2.829822 -2.834199 -2.837557 -2.837249 -2.835553 -2.833298 -2.834188 -2.83366 -2.835763 -2.834676 -2.834196 -2.83199 -2.83315 -2.83333 -2.832136 -2.831254 -2.828602 -2.82699 -2.826509 -2.826121 -2.824467 -2.823924 -2.82579 -2.826764 -2.826793 -2.825392 -2.825469 -2.826339 -2.827016 -2.826125 -2.825788 -2.824647 -2.824204 -2.82542
-2.853096 -2.855439 -2.854584 -2.855437 -2.85685 -2.859118 -2.862278 -2.859016 -2.858732 -2.859931 -2.859614 -2.858003 -2.859396 -2.855569 -2.855703 -2.732955 -2.753384 -2.840955 -2.844948 -2.85032 -2.852746 -2.855706 -2.856333 -2.857513 -2.85357 -2.848999 -2.843351 -2.84083 -2.840644 -2.841746 -2.836447 -2.839668 -2.839781 -2.838405 -2.839153 -2.838145 -2.837829 -2.836719 -2.836884 -2.836021 -2.837451 -2.837472 -2.836796 -2.836799 -2.83641 -2.838874 -2.836277 -2.836001
-2.838239 -2.841914 -2.841846 -2.844847 -2.849229 -2.851467 -2.851044 -2.852204 -2.85301 -2.853852 -2.856822 -2.860257 -2.859061 -2.857894 -2.857503 -2.85878 -2.857703 -2.859702 -2.464165 -2.519188 -2.705588 -2.78027 -2.803501 -2.845263 -2.858309 -2.853791 -2.847703 -2.850407 -2.854608 -2.855798 -2.851998 -2.845493 -2.844754 -2.845979 -2.847178 -2.847819 -2.84888 -2.847935 -2.850387 -2.849397 -2.8544 -2.854715 -2.85721 -2.85702 -2.860037 -2.857536 -2.857927 -2.857896
-0.1921508 -0.2023263 -0.2086258 -0.1968132 -0.1956689 -0.1939274 -0.1883722 -0.1999049 -0.2087765 -0.213315 -0.2094731 -0.2076905 -0.2114033 -0.218522 -0.2114283 -0.2056411 -0.1964028 -0.1940324 -0.1940482 -0.1993198 -0.203622 -0.1988294 -0.1919684 -0.1959818 -0.2012329 -0.2039591 -0.2048707 -0.0638393 0.01723143 -0.06931814 -0.06436008 -0.04065667 -0.01884294 -0.03848711 -0.1237645 -0.1945891 -0.212661 -0.2007909 -0.2145404 -0.1891807 -0.1949757 -0.2047868 -0.2138746 -0.2247579 -0.2331891 -0.218008 -0.2213742 -0.2242018
-0.2131209 -0.2162791 -0.2125835 -0.20935 -0.2137132 -0.2222302 -0.2285949 -0.2217582 -0.2197556 -0.2182916 -0.2189356 -0.2185777 -0.2165426 -0.2166784 -0.2238977 -0.2239926 -0.2176792 -0.2207044 -0.2228734 -0.2198063 -0.2139321 -0.2114396 -0.09777344 -0.03206718 -0.06572817 -0.03687196 -0.0472183 -0.1007281 -0.1925544 -0.2369107 -0.2727264 -0.2681259 -0.2426744 -0.223227 -0.2176954 -0.2197402 -0.2220101 -0.2208593 -0.2212635 -0.2148482 -0.2157611 -0.2199524 -0.2250767 -0.2189682 -0.2165748 -0.2147379 -0.2152953 -0.2115012
-0.2397543 -0.2437222 -0.243327 -0.2432083 -0.2432585 -0.2441687 -0.2407815 -0.2449454 -0.2467319 -0.241951 -0.2428909 -0.2424828 -0.2397764 -0.2398531 -0.2372737 -0.2364317 -0.2324033 -0.2293622 -0.2268365 -0.1503456 0.007951055 0.1889516 0.2218549 0.1842944 0.1622859 0.1429791 0.07633544 0.02585892 -0.06576991 -0.09837853 -0.09031191 -0.08613244 -0.07327314 -0.08848681 -0.08487198 -0.07094371 -0.08018184 -0.08197425 -0.07924107 -0.08565657 -0.09082225 -0.09420142 -0.09959631 -0.09577486 -0.08841147 -0.08443049 -0.08727761 -0.08458984
-0.07828484 -0.07742685 -0.07579798 -0.07715589 -0.08513043 -0.08446162 -0.08653394 -0.0874404 -0.08798122 -0.09386865 -0.09465 -0.09702818 -0.09852376 -0.09648019 -0.09449601 -0.08993927 -0.08607794 -0.08494612 -0.08324908 -0.0863295 -0.08888283 -0.0816526 -0.08179804 -0.08643389 -0.09108686 -0.09352686 -0.09407812 -0.09365844 -0.0969274 -0.09005956 -0.1302191 -0.1995567 -0.2380584 -0.2614923 -0.2316724 -0.1299116 -0.0845314 -0.1203221 -0.1457749 -0.1710163 -0.1546971 -0.1205512 -0.1089785 -0.09399502 -0.08588867 -0.09108273 -0.09889116 -0.1083776
-0.07970405 -0.07967634 -0.07870576 -0.07693662 -0.08175665 -0.07829403 -0.07724088 -0.07902005 -0.07873155 -0.07424213 -0.07294884 -0.06999575 -0.06540882 -0.06591844 -0.06131718 -0.06089112 -0.06347217 -0.06946912 -0.07126451 -0.07035065 -0.09210899 -0.114908 -0.166707 -0.190144 -0.1969264 -0.1934905 -0.1757113 -0.1485001 -0.1077325 -0.09299053 -0.09173625 -0.0926777 -0.08898216 -0.08020055 -0.07959736 -0.08959058 -0.08076726 -0.07566605 -0.07938457 -0.07259461 -0.07282408 -0.06278024 -0.0653573 -0.07319527 -0.08075564 -0.07377066 -0.06740793 -0.06912044
-0.05647298 -0.05728976 -0.06327898 -0.06117642 -0.06379185 -0.06020779 -0.05718716 -0.06328025 -0.06349316 -0.06138887 -0.06152965 -0.06182111 -0.05615564 -0.05632015 -0.05630086 -0.05813276 -0.05927784 -0.0636047 -0.06448099 -0.06534579 -0.06544146 -0.06092636 -0.05080923 -0.03718514 -0.02408538 0.05045194 -0.006058789 -0.02674088 -0.03059517 -0.05001999 -0.06228377 -0.07541334 -0.08228119 -0.0898347 -0.08376671 -0.07517424 -0.07982522 -0.07852083 -0.07502327 -0.0717799 -0.07236414 -0.07685611 -0.07508606 -0.07876493 -0.08037138 -0.07472491 -0.07817653 -0.080275
-2.850505 -2.851669 -2.84985 -2.849625 -2.847609 -2.846332 -2.84851 -2.85188 -2.849803 -2.847746 -2.846417 -2.845564 -2.845461 -2.841901 -2.814058 -2.726129 -2.755199 -2.784545 -2.781678 -2.808468 -2.828285 -2.871249 -2.892457 -2.898166 -2.913031 -2.912501 -2.896998 -2.891224 -2.881079 -2.868543 -2.861722 -2.859973 -2.85814 -2.854873 -2.846828 -2.848017 -2.856119 -2.854722 -2.853562 -2.850023 -2.842956 -2.836848 -2.841234 -2.839508 -2.84005 -2.83968 -2.845312 -2.846403
-2.828862 -2.829952 -2.829848 -2.831523 -2.828889 -2.828424 -2.829591 -2.833399 -2.834232 -2.835268 -2.830499 -2.826609 -2.823878 -2.826128 -2.828082 -2.829483 -2.83511 -2.944343 3.020752 2.768631 2.543332 2.340385 2.191327 2.097954 2.108848 2.187715 2.273742 2.320961 2.35797 2.365234 2.369922 2.388029 2.385654 2.387542 2.393782 2.401541 2.405919 2.40468 2.401052 2.403852 2.413524 2.420217 2.473884 2.577703 2.716513 2.800328 2.944895 3.049482
-2.926793 -2.928438 -2.931035 -2.935753 -2.937706 -2.939501 -2.937099 -2.936605 -2.933725 -2.936478 -2.933199 -2.93145 -2.935863 -2.939284 -2.937502 -2.930837 -2.925402 -2.927343 -2.954884 -2.964418 -3.012694 -2.995499 -2.950926 -2.951537 -2.950157 -2.939579 -2.943828 -2.940584 -2.933048 -2.935377 -2.93496 -2.933123 -2.93301 -2.929664 -2.932675 -2.931309 -2.928459 -2.926327 -2.929655 -2.937173 -2.93791 -2.934597 -2.938401 -2.948463 -2.945128 -2.931261 -2.926829 -2.920834
-2.923236 -2.926467 -2.92508 -2.914789 -2.923468 -2.932196 -2.934201 -2.93115 -2.926254 -2.924855 -2.915691 -2.913476 -2.918429 -2.91528 -2.916931 -2.913646 -2.915136 -2.926834 -2.922339 -2.906351 -2.910894 -2.920962 -2.928695 -2.922446 -2.915355 -2.914195 -2.911206 -2.906503 -2.91118 -2.913369 -2.911829 -2.909058 -2.911495 -2.921985 -2.925272 -2.916444 -2.912047 -2.912572 -2.916972 -2.914937 -2.914253 -2.918001 -2.919142 -2.91314 -2.907887 -2.91216 -2.923001 -2.917869
-2.917966 -2.916121 -2.914823 -2.91488 -2.913472 -2.912484 -2.910806 -2.908651 -2.90665 -2.907404 -2.906499 -2.904535 -2.909187 -2.911118 -2.952104 -3.0835 -3.115373 -3.080139 -3.017754 -3.040298 -3.067509 -3.040936 -2.963749 -2.939833 -2.932366 -2.926387 -2.927363 -2.923398 -2.917513 -2.910449 -2.906858 -2.908118 -2.913798 -2.921257 -2.919421 -2.917542 -2.91916 -2.916941 -2.912938 -2.912262 -2.916284 -2.917597 -2.917877 -2.920262 -2.922588 -2.927053 -2.921757 -2.919159
-2.89171 -2.891877 -2.871504 -2.872051 -2.871858 -2.887796 -2.88645 -2.888748 -2.882582 -2.888705 -2.892677 -2.903626 -2.910096 -2.91193 -2.906151 -2.912769 -2.910308 -2.948419 -2.981148 -2.90935 -2.893756 -2.908656 -2.913568 -2.91283 -2.913413 -2.902534 -2.893212 -2.893602 -2.894739 -2.892621 -2.894069 -2.899285 -2.897024 -2.891299 -2.882963 -2.89406 -2.904318 -2.9149 -2.904961 -2.901975 -2.901958 -2.90113 -2.900589 -2.906832 -2.913647 -2.904207 -2.918223 -2.926555
-1.545825 -1.54793 -1.542269 -1.532383 -1.536653 -1.539482 -1.537304 -1.536035 -1.53525 -1.54038 -1.545712 -1.543351 -1.541773 -1.543859 -1.545192 -1.544962 -1.548788 -1.551156 -1.553462 -1.557204 -1.652431 -1.785182 -1.779909 -1.688887 -1.578222 -1.55349 -1.546384 -1.551631 -1.545177 -1.553877 -1.55179 -1.547219 -1.54704 -1.548129 -1.554852 -1.561211 -1.566962 -1.567599 -1.564888 -1.56022 -1.552809 -1.552674 -1.556578 -1.554425 -1.556879 -1.558586 -1.561932 -1.568128
-1.567774 -1.567374 -1.570847 -1.569977 -1.566945 -1.572038 -1.571285 -1.57409 -1.575011 -1.577887 -1.579535 -1.576899 -1.578614 -1.581161 -1.579387 -1.578305 -1.576885 -1.573441 -1.571067 -1.567488 -1.567495 -1.56485 -1.610833 -1.579165 -1.565564 -1.598769 -1.594325 -1.586435 -1.57448 -1.57714 -1.579508 -1.578225 -1.579807 -1.581405 -1.579429 -1.581228 -1.579432 -1.580114 -1.584981 -1.589907 -1.594595 -1.595739 -1.593812 -1.588414 -1.585687 -1.584622 -1.583457 -1.581304
-1.633961 -1.632617 -1.631068 -1.62764 -1.627729 -1.628387 -1.627863 -1.625902 -1.625504 -1.623365 -1.622206 -1.621647 -1.623136 -1.620633 -1.619571 -1.619806 -1.61755 -1.616247 -1.616514 -1.61839 -1.62103 -1.621762 -1.622839 -1.620166 -1.618075 -1.622303 -1.622521 -1.614949 -1.70238 -1.887227 -2.028342 -2.127999 -2.262898 -2.305264 -2.277749 -2.163848 -2.113605 -2.087999 -2.056789 -2.027138 -2.018651 -2.024476 -2.022594 -2.015556 -2.013137 -2.010191 -2.006281 -2.006257
-1.486282 -1.486873 -1.488017 -1.48899 -1.486593 -1.48678 -1.486984 -1.485346 -1.482933 -1.486328 -1.486561 -1.4865 -1.485924 -1.484849 -1.486871 -1.485605 -1.495481 -1.525325 -1.62474 -1.68348 -1.642606 -1.596867 -1.551987 -1.547439 -1.520083 -1.490929 -1.506336 -1.522306 -1.49794 -1.491518 -1.485094 -1.483762 -1.488072 -1.488534 -1.48508 -1.488414 -1.49361 -1.497943 -1.497372 -1.487903 -1.482203 -1.479987 -1.477896 -1.481391 -1.47927 -1.477604 -1.479914 -1.481813
-1.485036 -1.490951 -1.494903 -1.495734 -1.495336 -1.486909 -1.479245 -1.476438 -1.478593 -1.473472 -1.465359 -1.46532 -1.465504 -1.471615 -1.474875 -1.480912 -1.479764 -1.481413 -1.482734 -1.481023 -1.484002 -1.4807 -1.477992 -1.47686 -1.534268 -1.868845 -2.262726 -2.668151 -3.027547 -3.057863 -2.912593 -2.825436 -2.792909 -2.787427 -2.786023 -2.766667 -2.765697 -2.776069 -2.776207 -2.764719 -2.759505 -2.758017 -2.758501 -2.7587 -2.760927 -2.762638 -2.763073 -2.764417
-1.440665 -1.433699 -1.429337 -1.435241 -1.437611 -1.436035 -1.432782 -1.436967 -1.436627 -1.43337 -1.432073 -1.433436 -1.439991 -1.441513 -1.434844 -1.436031 -1.441897 -1.443437 -1.436585 -1.42755 -1.42729 -1.430716 -1.424961 -1.426823 -1.420252 -1.418069 -1.42318 -1.39046 -1.398841 -1.421535 -1.431414 -1.44048 -1.432766 -1.453112 -1.443769 -1.427135 -1.421169 -1.422111 -1.423331 -1.42505 -1.427138 -1.431066 -1.432697 -1.431212 -1.434986 -1.443285 -1.447228 -1.441834
