-0.000120155 -0.0116732 0.02018317 0.04425321 0.056415 0.0674988 0.04545639 -0.02223514 -0.05451781 -0.0752953 -0.06624691 -0.09018782 -0.06292501 -0.02864036 -0.004678579 -0.044512 -0.07613787 -0.1030343 -0.1347013 -0.1460343 -0.1164555 -0.03438765 0.005759709 0.01753083 -0.01129091 -0.04964341 -0.03197129 0.01310091 0.0307046 0.03225313 0.02894874 0.03976527 0.005197753 -0.01486368 -0.03453112 -0.0399068 -0.0390918 -0.05851533 -0.1045779 -0.1316597 -0.1374452 -0.09055349 -0.06128077 -0.03122462 -0.01670823 -0.01970164 -0.02296872 -0.03721783 -0.05486726 -0.06527508 -0.09703742
-0.06527508 -0.09703742 -0.1308183 -0.1427174 -0.1324968 -0.1156518 -0.088626 -0.06797735 -0.03644354 -0.0512026 -0.0726833 -0.05480379 -0.001508781 0.008789496 0.01390646 0.006363319 -0.004516477 -0.01640004 -0.02391611 -0.03642305 -0.05136342 -0.06177039 -0.06105925 -0.07598402 -0.07679147 -0.07117731 -0.06201128 -0.06161548 -0.04977393 -0.05615972 -0.0592231 -0.04658831 -0.02832446 -0.03535771 -0.0473423 -0.06615656 -0.05618715 -0.04993846 -0.0542976 -0.05043205 -0.05092946 -0.04511302 -0.04567951 -0.03770569 -0.03183547 -0.02775976 -0.03690033 -0.05171271 -0.06865142 -0.06820431 -0.05988495
-0.02997951 -0.03071462 -0.02944052 -0.02501404 -0.02863844 -0.02615336 -0.02581307 -0.02193344 -0.02545981 -0.02385073 -0.02045453 -0.01545786 -0.00313081 -0.002381718 0.000144279 -0.001614664 -0.005853123 -0.003435881 -0.006477559 -0.003691627 -0.004077704 -0.007768823 -0.01568381 -0.02079965 -0.0175226 -0.005368795 -0.006666729 -0.004208189 -0.0166905 -0.0211978 -0.0120595 -0.006197486 -0.02005776 -0.02433105 -0.0226932 -0.01432648 -0.01179901 -0.01007249 -0.005929425 -0.009889618 -0.01869382 -0.02433571 -0.0313415 -0.04776188 -0.04068394 -0.02515065 -0.01483409 -0.002402346 0.001800967 -0.005158244 -0.00208014
0.001800967 -0.005158244 -0.00208014 -0.009188768 -0.006918149 -0.004288456 -0.001119712 0.001437009 -0.002091253 0.002116201 -0.00064522 -0.006014653 -0.007374275 -0.005121827 0.002054874 0.009678178 0.01584353 0.0137056 0.01590215 0.01954832 0.01555698 0.02014444 0.04417002 0.04622756 0.04454336 0.02981298 0.01421189 -0.003780687 -0.006951591 0.005244105 0.01367797 0.02893536 0.04298554 0.02827775 0.01597957 0.01114015 0.01162811 0.01451731 -0.01077147 -0.04362836 -0.0625276 -0.06397431 -0.02712702 -0.004901635 0.01031467 0.006258436 0.00351061 0.003062085 0.01222865 0.0160566 0.01695313
0.0409409 0.04463477 0.04561243 0.03962512 0.01968502 0.02064316 0.02235587 0.004347533 -0.0114873 -0.01863945 -0.01049328 -0.00713994 0.000680624 0.01677239 0.02927769 0.02994055 0.01882387 0.01174939 0.008324163 0.01652944 0.01874399 0.02177295 0.01304741 0.01125763 0.007453583 0.00263746 0.003886968 0.007927419 0.01013662 0.01375947 0.01570884 0.01391103 0.01071878 0.008741132 0.000998555 0.00793655 0.01525052 0.007499991 -0.003810943 -0.006603826 0.01285216 0.02544298 0.0186068 0.002963059 0.00183144 0.01039946 0.01707238 0.02714639 0.01123655 0.001229832 -0.006726623
-0.04349542 -0.03399961 0.0293238 0.05840657 -0.005323391 -0.02596326 -0.03129997 -0.04340009 -0.03268496 -0.02210654 0.003627448 -0.01815434 0.005937394 0.02985978 0.02474016 0.01579886 0.02943872 0.05115934 0.03423538 0.02516274 -0.001313467 -0.007157143 -0.01641511 0.00518467 0.06107535 0.05262192 0.04383019 0.01578471 -0.01981281 -0.02766169 0.009513541 0.006830622 -0.01383396 -0.03973566 -0.09842016 -0.1129877 -0.1261395 -0.1320355 -0.1066931 -0.02966674 -0.01715704 -0.02144673 -0.04541542 -0.07260749 -0.09186899 -0.07872739 -0.08207183 -0.09769715 -0.07995614 -0.05838596 -0.03023536
0.004668341 -0.002289608 0.001734243 0.002929581 0.002597424 0.002038692 0.005101209 0.004400125 0.004138709 -0.002815237 -0.003593739 -0.01081412 -0.01105895 -0.006420304 -0.00667486 0.005358688 0.006263499 0.002776227 0.008690563 0.01686888 0.2221925 0.3935552 0.1858967 -0.05370253 -0.1977703 -0.2633974 -0.2446442 -0.07898762 0.02956324 0.03378015 0.02693032 0.01215352 0.0010729 -0.005669995 -0.01206431 0.0002691763 -0.006021599 -0.002187073 -0.001197677 -0.001499354 0.0001318333 -0.007425498 -0.01119733 -0.01301659 -0.004768869 0.008112162 0.01263051 0.01966584 0.0183768 0.01306495 0.01675493
0.003972992 0.002821236 0.001121812 -0.004341409 -0.007792253 -0.003723834 0.00231304 0.005931655 0.007418722 -0.003342736 -0.01183762 -0.01068079 -0.01310521 0.2203317 0.3685123 0.1601583 -0.07879896 -0.1935662 -0.2237147 -0.1920501 -0.06025543 0.04429936 0.05740199 0.05381564 0.04728161 0.01999216 0.0101557 -0.01056299 -0.004757375 -0.004699984 -0.009946808 -0.003779968 -0.007890151 -0.00998968 -0.007411606 -0.005958027 0.005808459 0.001919586 0.0001890625 -0.00823872 0.0006359721 0.002579681 0.01832943 0.02410786 0.01814768 0.01598308 0.01961495 0.01432228 0.03027229 0.030374 0.02673058
0.03404712 0.02989975 0.02170313 0.01837623 0.01685016 0.009750167 0.01028291 0.01478074 0.01161002 0.01432861 0.03836249 0.3214633 0.4961809 0.3662808 -0.141321 -0.2075343 -0.06147801 -0.0007791679 0.0455537 0.04953239 0.04547705 0.02824583 0.005232711 0.0001577645 -0.003753407 -0.01215265 -0.01249494 -0.001418095 -0.003291175 -0.005841017 -0.001719455 0.006125498 0.007464861 0.004503015 0.00549608 0.003172379 0.004535664 0.002334488 0.002860962 0.004150279 -0.006140086 -0.01412209 -0.01561346 -0.007427329 -0.006267579 -0.001595457 -0.007384037 -0.00797526 -0.009120793 -0.01102657 -0.002166393
0.003296254 -0.004877168 0.003013788 0.004091443 0.007935128 0.00466959 0.002501079 -0.001178375 -0.002666293 0.0004476245 -0.01465628 -0.0002604872 0.0125263 0.3876095 -0.08985706 -0.2387388 -0.2308334 -0.1680627 -0.01631468 0.05326577 0.02857056 0.02319137 0.004703282 -0.01148367 -0.001885776 0.00767068 0.01149029 0.008224237 0.0125398 0.01545875 0.02037251 0.02195865 0.01552883 0.01988527 0.01159119 0.01026741 0.01618336 0.01916852 0.01419795 0.01389914 0.02140505 0.02524873 0.02386587 0.0162755 0.01439187 0.02021746 0.02519319 0.03603686 0.0299754 0.03068934 0.01807384
0.02519319 0.03603686 0.0299754 0.03068934 0.01807384 0.01620011 0.006116983 0.01015023 0.01025911 0.01612624 0.02276586 0.0247401 0.08545785 0.5068713 0.4213845 0.1084937 -0.1695564 -0.2901239 -0.3133731 -0.2432236 -0.08726548 -0.01638587 0.05129168 0.07270494 0.07383548 0.05858153 0.03669248 0.02111875 0.00884976 -0.007659351 -0.009863881 -0.006052526 -0.001868758 0.008769848 0.003656486 0.008754294 0.01163576 0.004851846 -0.005180774 -0.01550997 -0.0168915 -0.01170346 -0.003516281 -0.001735493 0.005239503 0.01105742 0.009563784 0.01099271 0.01257796 0.001640655 -0.01072174
0.005341794 0.0007166594 -0.00561341 0.0004193738 -0.0001390874 -0.006224277 -0.004603881 -0.001615207 0.004036903 0.007087089 0.008610402 0.2750796 0.4124814 -0.202628 -0.3386124 -0.09551993 0.001183008 0.04340187 0.07257155 0.08646878 0.06983033 0.04025183 0.0260969 0.004816573 -0.007436947 -0.01215771 -0.01427271 -0.01572707 -0.01070492 -0.002914943 -0.002436455 -0.001342173 -0.006219654 -0.01118214 -0.01212677 -0.02542575 -0.02314873 -0.01481755 -0.01599524 -0.01024679 -0.006802394 -0.01596497 -0.00520641 -0.0008506184 0.01403801 0.01101348 0.01134412 0.01002418 0.009475107 0.0008467197 -0.01002018
-0.04476312 -0.09718889 -0.06425314 -0.0328669 -0.02295234 -0.03693701 -0.03450077 -0.03441074 -0.02096447 -0.01320358 0.004775839 0.001853223 0.01263491 -0.03254806 -0.04200178 -0.01853297 -0.02890886 -0.01556692 0.001337925 -0.004730824 0.3824046 0.2877234 -0.007709478 -0.2166174 -0.2187896 -0.182157 -0.1108339 -0.05255444 -0.02326751 0.01694291 0.01656297 -0.03475623 -0.0640973 -0.05546715 -0.04581005 -0.04368341 -0.02260856 -0.02257668 -0.02272601 -0.01788265 -0.03667229 -0.05703259 -0.05719912 -0.03284298 -0.03133876 -0.04731136 -0.07699535 -0.07544454 -0.06872607 0.01069927 0.05528269
-0.01093215 -0.0009869168 0.004394809 -0.01306715 -0.0241028 -0.04717615 -0.02467677 -0.01787654 0.003568825 -0.0004903268 -0.02388789 -0.05221758 0.3139053 0.3429013 0.1542194 -0.06073006 -0.2225405 -0.2704857 -0.2694656 -0.240879 -0.1768706 -0.1174635 -0.03499672 0.01414911 0.02069714 0.0180624 -0.0153425 -0.04489499 -0.08343586 -0.09178771 -0.03166017 -0.02322024 -0.03063646 -0.05781163 -0.06188495 -0.04518398 -0.002567985 -0.03047024 -0.02958845 -0.03429067 -0.0151917 -0.02722023 -0.02747649 -0.04834666 -0.04594838 -0.03987166 -0.04531448 -0.03435887 -0.002322951 0.006089989 -0.002704787
-0.05096755 -0.05668312 -0.03787584 -0.02315956 0.01841708 0.04486392 0.02690581 0.04352825 0.02988768 0.01199191 -0.02560662 -0.02053224 0.01942562 0.2617894 0.1506976 -0.009998143 -0.1383344 -0.1488827 -0.1481948 -0.08714042 -0.003996061 0.05258348 0.0291811 -0.03014877 -0.05704105 -0.057629 -0.06427441 -0.04841212 -0.03087831 -0.003794387 0.02133688 -0.0009887139 -0.004258068 -0.01762614 -0.009653336 0.003642318 -0.01208837 -0.02407935 -0.02566719 -0.02322839 -0.0321643 -0.03843586 -0.04785014 -0.07701908 -0.07913026 -0.08444592 -0.08660559 -0.0351716 0.01406625 0.04111558 0.01503858
-0.04388771 -0.07858816 -0.0893974 -0.0744608 0.0003964228 0.0534174 0.05802346 0.0358483 0.005851494 -0.05262444 -0.07828278 -0.0432728 -0.03494982 0.04512155 0.04234934 0.01598265 0.2755294 0.1547915 -0.04275826 -0.117118 -0.1644487 -0.1330022 -0.0503912 -0.01631112 -0.02288863 0.005907234 0.05204576 0.03714837 -0.007062201 0.007962399 -0.02558106 0.01716421 -0.0005555113 0.01587243 0.07318644 0.03561753 -0.01159563 -0.05305862 -0.1416478 -0.1226664 -0.08382777 -0.06339181 -0.01473002 0.02874637 0.0274846 0.04644931 0.01648216 0.003027649 0.04397411 0.02677689 0.01350884
-0.1023026 -0.07387805 -0.0263848 0.006255308 -0.000886125 -0.03322624 -0.04374415 -0.02761449 -0.05356994 -0.06607332 -0.05466925 0.2661801 0.4270267 0.04079657 -0.1677045 -0.2273466 -0.1959812 -0.1096184 -0.07296308 -0.0417896 -0.02475375 -0.0236464 -0.005518634 -0.01047792 -0.01314865 -0.01939007 -0.02761669 -0.02831361 -0.01674879 -0.0002179679 -0.002831995 -0.01299004 0.02873807 0.02987734 0.005413197 -0.04857067 -0.02029293 0.01430613 0.02192402 0.01220165 0.00366564 0.00435741 0.0005319615 -0.009938517 -0.01319819 -0.01423899 -0.01053484 -0.003487483 0.01137134 0.0171728 0.02237868
-0.01319819 -0.01423899 -0.01053484 -0.003487483 0.01137134 0.0171728 0.02237868 0.02690477 0.01472745 0.02175017 0.04560153 0.05196779 0.02348748 0.008278774 0.0008756405 -0.02106225 0.3048463 0.2819982 -0.0003151582 -0.17022 -0.1757231 -0.1347074 -0.09725195 -0.05705882 -0.01580568 0.009092679 -0.003410079 -0.03291272 -0.02963626 -0.04303109 -0.06104057 -0.06593728 -0.05254972 -0.02711341 -0.02608659 -0.04188151 -0.01829713 -0.01681358 -0.007066701 -0.01649449 0.001282824 0.007161379 -0.002766965 0.02297523 0.02299919 -0.007336658 -0.02424461 -0.02884269 -0.01546492 -0.011681 -0.01275508
-0.004360636 -0.01123454 -0.01493156 -0.02006391 -0.01342073 -0.01791802 -0.01906665 -0.0165317 -0.01429215 0.01573069 0.01724346 -0.3776277 0.165866 0.1068154 0.008100794 -0.02471674 -0.03307455 -0.02036017 0.04220914 0.04277737 0.03139009 0.04960711 0.05030151 0.03543263 0.0359421 0.04355304 0.04163575 0.04062944 0.04431226 0.06097095 0.07263581 0.06004407 0.031975 0.01491655 0.01646379 0.01431675 0.01367366 0.009880375 0.008687075 0.009758068 0.01191917 0.01669621 0.02177221 0.02938962 0.03519732 0.03926197 0.0225684 0.01493202 0.005585277 0.002415723 0.008565476
-0.005866751 -0.003122739 -0.005975818 0.002381472 0.004774225 0.004440168 0.009968325 0.0112904 0.01131285 0.006283188 0.00192913 -0.01434452 -0.01595943 -0.03461869 -0.4100877 -0.5281097 -0.3077814 0.04092961 0.2447345 0.2560059 0.2098389 0.13287 0.06059032 0.02256894 0.008462287 0.004905171 -0.01332793 -0.009807877 -0.01493213 -0.02685342 -0.02983193 -0.01988565 0.0006034831 0.002671148 0.0003742586 -0.006147953 -0.02031127 -0.02539948 -0.02467386 -0.01370632 0.01183172 0.02737935 0.03567918 0.03157941 0.01841956 0.01065859 -0.004087929 -0.003536734 -0.007462304 -0.005206545 -0.02621153
0.01956382 0.01583814 0.01575992 0.02716737 0.03282408 0.0342616 0.03248329 0.02844175 0.01949928 0.006799919 -0.0008086472 -0.006449749 -0.003415334 -0.01326369 -0.2800022 -0.1649453 0.00856962 0.1128114 0.01788221 -0.0005529432 -0.02351629 -0.0001823757 0.01981211 0.01324851 0.001309191 -0.01623992 -0.01536291 -0.008867197 -0.00804082 -0.009149695 -0.01078876 -0.004400832 -0.01105225 -0.02910425 -0.03840049 -0.04263277 -0.03476513 -0.03368646 -0.02517039 -0.01553922 -0.01526076 -0.01222093 -0.007812007 -0.01168815 -0.01711508 -0.03456396 -0.04997994 -0.03963741 -0.005016278 0.01104369 0.004640723
0.02989512 0.02743774 0.02342901 0.02461823 0.02232072 0.01726621 0.02458168 0.01922605 0.01353594 0.005608792 -0.005830158 -0.02648884 -0.02009988 -0.00580251 -0.002705174 -0.1365993 -0.2352473 -0.06049359 0.07754542 0.1387353 0.1205079 0.08327296 0.0341798 -0.003400119 -0.02056743 -0.02818761 -0.02853048 -0.02508233 -0.01082673 -0.00387991 -0.009508926 -0.01039141 -0.01247602 -0.007742033 -0.00144636 0.001617798 0.01570438 -0.01292131 -0.02059143 -0.02760621 -0.007447972 -0.02948935 -0.03496203 -0.02559065 -0.0270123 -0.02591161 -0.005214639 -0.006683495 -0.01246051 -0.3398449 -0.5704314
0.005758154 0.01674733 0.01283276 0.01148494 0.01181197 0.01144437 0.009330665 0.01342487 0.0190063 0.00891468 -0.002076973 -0.001541553 -0.003834765 -0.01378615 -0.1475593 -0.1132131 0.01481244 0.06948386 0.08389782 0.08525964 0.06146363 0.05072947 0.03748902 0.01254978 0.0003484074 -0.009458059 -0.04130885 -0.04363776 -0.03852677 -0.01838449 -0.002036941 0.02107847 0.02409651 0.02283064 0.0171734 0.001639542 -0.008138041 -0.0003407116 -0.006476695 -0.002600587 0.02792305 0.0205404 0.01256972 0.01720978 0.02128221 0.0205694 0.01968377 0.01416907 0.02048257 4.456667e-05 -0.0121937
0.04275686 0.01644996 0.01223408 0.01337674 0.01767473 -9.217131e-06 0.01471413 0.02282763 0.0205962 0.001637528 0.003805372 -0.01686233 -0.001520345 -0.04676579 -0.553691 -0.2180051 0.03973817 0.1947384 0.2062446 0.1568434 0.09258572 0.03412688 -0.04261584 -0.06285178 -0.04808722 -0.01600116 0.02069363 0.0141577 -0.01719403 -0.007367493 -0.006407294 0.01575926 0.01343261 -0.01500601 -0.03855437 -0.03504534 -0.01141814 0.005893696 0.0004316028 0.002890567 -0.0152154 -0.04418382 -0.05750259 -0.05933623 -0.06242155 -0.04831919 -0.05066668 -0.05991165 -0.05003392 -0.04351399 -0.04048574
-0.0007095756 -0.001313419 -0.001439777 0.003654064 0.008613979 0.007432596 0.01219269 0.01371578 0.01754706 0.0148768 0.01874743 0.01590008 0.012752 0.007076554 0.009290797 -0.07152607 -0.4249158 -0.26037 0.08125127 0.2261061 0.244736 0.2003473 0.1451371 0.05808252 0.004347806 -0.03735698 -0.03836716 -0.02839959 -0.0204347 -0.01877905 -0.01225378 -0.006759383 -0.002603355 -0.0001705432 0.00402285 0.0104014 0.01039615 0.02123202 0.0196716 0.01673706 0.01974557 0.00771832 0.01309321 0.003697834 0.001839059 0.00133059 0.00437774 -0.006504401 -0.01363318 -0.01545772 -0.01660827
0.002420733 -0.0004716526 -0.005993972 -0.003032279 -0.004234604 0.0006309133 -0.0009939257 0.007998332 0.003885963 0.003122682 0.00477169 0.005024746 0.01081956 0.01244733 0.006460206 0.01348057 0.01187953 -0.3467273 -0.5638657 -0.3188387 0.1277305 0.2946463 0.3489688 0.3279657 0.2693839 0.1759664 0.07332408 -0.007113548 -0.02526189 -0.02985046 -0.01396744 -0.002449417 0.008633136 0.01265385 0.01585705 0.008571745 0.01048127 0.01361441 0.01597278 0.01724827 0.02185257 0.02842009 0.02613126 0.02465452 0.01585717 0.01756208 0.01088556 0.01268981 0.008712163 0.01077876 0.01177462
0.002449371 0.002935575 0.005961578 0.007712814 0.00907136 0.00752357 0.006850202 0.0111597 0.01015944 0.01275821 0.007271184 0.009294087 0.01080568 0.007942898 0.007953309 0.003167036 -0.2414449 -0.6500136 -0.532118 -0.219251 0.243666 0.354119 0.3686394 0.3054924 0.1832181 0.06846568 0.009912986 -0.02305207 -0.03584019 -0.03180278 -0.02568421 -0.01674819 -0.01077693 0.004994816 0.01254909 0.01503976 0.0174599 0.02177287 0.02075237 0.0137855 0.007042635 0.004071458 0.001335499 0.0001122047 0.005196724 0.01054409 0.01391598 0.01847718 0.01767719 0.01154841 0.01190196
0.01263989 0.01292117 0.01229432 0.01642117 0.01344132 0.01502946 0.00785651 0.005395801 0.01374679 -0.1042619 -0.4923274 -0.0484634 0.3051821 0.2864617 0.1196214 -0.02138074 -0.0391193 -0.0216073 -0.008360142 0.002505574 0.008964725 0.0102792 0.01584047 0.02892676 0.03031265 0.02095111 0.01484517 0.01370312 0.01878507 0.0195779 0.01445201 0.003689246 0.003286298 0.01167279 0.01398095 0.006137958 0.00228325 0.002474172 0.006260105 0.009678446 0.007727112 0.005619691 0.00843471 0.007775249 0.002002774 0.0003836609 -0.0009415249 -0.002863335 -8.09162e-05 0.003235197 0.003369612
0.001139085 0.005251985 0.01682363 0.02162331 0.01826887 0.03453972 0.01851711 0.002287895 -0.008442078 -0.003117266 0.01037916 0.01332693 0.01091232 0.00759656 0.003153241 -0.3084461 -0.3127219 -0.01866634 0.1124512 0.1762396 0.1815761 0.1427063 0.101874 0.04411609 0.006156288 -0.0270337 -0.03417566 -0.02443133 -0.01384432 -0.0001223185 0.003878136 0.006840718 0.01234391 0.01035208 0.01589492 0.02076491 0.02415557 0.01746976 0.004291262 0.004244911 -0.008551909 -0.007784441 -0.009090655 -0.007697186 0.0001549386 -0.003324183 0.005290566 0.01340766 0.01284266 0.007514312 0.003792103
-0.004943363 -0.002694253 -0.002115191 0.01035303 0.012454 0.01204684 -0.0003628357 -0.003350649 0.001267975 -0.009593328 -0.01311815 -0.009304747 -0.002145585 -0.001324712 0.002134151 0.003273202 0.009894665 0.0152457 -0.6163099 -0.4071409 0.09038994 0.3950589 0.4607013 0.2772553 0.113301 -0.03632626 -0.06459797 -0.05141364 -0.01497523 0.006121635 0.02083113 0.03478515 0.03561585 0.02708987 0.01851836 0.02358169 0.0161324 0.009059228 0.0134321 0.0122953 0.01995949 0.01717942 0.022991 0.02791406 0.0180101 0.01173399 0.0138185 0.01074072 -0.002290939 0.0003631122 0.002925128
0.04006272 0.04033705 0.03976457 0.01749477 -0.002739993 0.01509068 0.02054825 0.027896 0.03176871 0.02194745 0.0246962 0.02218084 0.02825783 0.0299061 0.03514518 0.02157487 0.0009554841 -0.005327825 0.012766 0.02711171 0.01725477 -0.0001646158 -0.01322483 -0.01718776 0.009850556 0.02502905 0.06451163 0.03497949 -0.01397921 -0.01408937 0.03164124 -0.001407146 0.0009422388 0.03580029 -0.001918227 -0.02599964 -0.0339515 -0.003509095 -0.01976364 0.01493343 0.03932209 0.03019714 0.02877469 0.01664025 -0.01219602 -0.007049771 0.01570597 0.03507339 0.03259329 0.0294425 0.02716457
0.003811092 0.00689843 0.01804961 0.02373836 0.02912506 0.01733026 -0.01417085 -0.008162865 -0.01104894 -0.02353709 -0.01147739 0.004834524 0.01035164 0.01043461 0.01320748 0.01813453 0.03672331 0.0257087 0.01506979 0.004509561 -0.01110224 -0.02859988 0.05335284 0.007295816 -0.05238456 -0.01043696 -0.04162531 0.02043107 0.019218 0.04517579 0.003326507 -0.01015497 -0.03620856 -0.05395278 -0.08036539 -0.05479661 -0.03119929 -0.01795158 -0.001655762 0.001500176 0.008896985 -0.004454455 -0.02987589 -0.02456637 -0.01091641 0.007317651 -0.003084389 -0.02602193 -0.00664541 0.00833756 0.01627262
-0.03348564 -0.03870682 -0.02884078 -0.01640168 0.02203895 0.01675198 -0.000507453 -0.01542776 -0.03271864 -0.03621691 -0.03352726 -0.0236495 -0.01844325 -0.01868035 -0.01116252 -0.007824126 -0.01670288 -0.01386181 0.03944192 0.1167065 0.04329182 0.00119302 -0.04866162 -0.03789045 -0.03973118 -0.03689282 -0.07315616 -0.06535333 -0.002765213 0.05772538 0.05864095 0.02950884 0.01535507 -0.003135597 -0.03582842 -0.05057089 -0.03426858 -0.02523393 -0.02164408 -0.01777464 -0.02455984 -0.02533447 -0.03303596 -0.02814393 -0.04707984 -0.0373631 0.007519213 0.01849978 0.01169961 -8.934241e-05 0.003722336
-0.02869174 -0.02677516 -0.03330993 -0.03945901 -0.04434544 -0.04975523 -0.03794749 -0.0248236 -0.02344016 -0.01125802 0.008186475 0.007724712 0.002732221 0.001494179 -0.003655426 -0.01100242 -0.01407888 -0.01099205 -0.004935309 -0.007077085 -0.0137678 -0.02460035 -0.02665493 -0.02635243 -0.02440076 -0.0127213 -0.01649776 -0.01644359 -0.007136293 -0.03621009 -0.0132171 -0.1041148 -0.07975257 -0.01377732 -0.0288683 0.03131051 0.008345251 -0.03109081 -0.06858134 0.00544647 0.05040912 0.03229308 -0.02047756 -0.05158527 -0.06967347 -0.0819549 -0.0801862 -0.04783544 -0.05728037 -0.02808649 -0.02340877
-0.0263618 -0.01797957 -0.008422479 0.01155707 0.02100557 -0.000188836 -0.01267794 -0.0340559 -0.03238672 -0.0225787 -0.03445822 -0.03223167 -0.02009148 -0.02133154 -0.01720744 -0.009586687 -0.003789051 -0.01099838 -0.01480518 -0.01308247 -0.009489439 -0.04592095 -0.07902986 -0.1131216 -0.1425646 -0.09268285 -0.04664748 -0.05110683 -0.02120338 -0.01365176 -0.01475064 -0.02864209 -0.06706645 -0.08618744 -0.08028632 -0.06820061 -0.0672946 -0.03647506 -0.004866905 0.02377155 0.001796511 -0.01088564 -0.006953632 0.005171992 -0.002358216 -0.006008752 -0.01146908 -0.02389333 -0.04103925 -0.03557974 -0.01912539
-0.02823557 -0.0242619 -0.03848751 -0.05473177 -0.06232369 -0.05750588 -0.02525668 -0.0261296 -0.02742099 -0.03433084 -0.03074314 -0.02127809 -0.02962356 -0.03524673 -0.03816505 -0.03623906 -0.02690562 -0.03225848 -0.04252123 -0.04573067 -0.04336745 -0.03663323 -0.02679916 -0.03395147 0.007390307 0.1293703 -0.00609672 -0.06383956 -0.1022807 -0.06178516 -0.07225357 -0.06319703 -0.01338191 0.03634181 0.01387799 0.001464251 -0.01237317 -0.04132358 -0.03946339 -0.02502751 -0.01654779 -0.02363097 -0.03742369 -0.04755932 -0.05264453 -0.05670784 -0.04609957 -0.01750699 -0.001275721 -0.00252231 -0.01647975
0.02213065 0.02275919 0.02358313 0.02304498 0.01971058 0.01786303 0.01663513 0.01478607 0.01083009 0.007032382 0.005288406 0.007183192 0.006946558 0.006702368 -0.04944435 -0.1155675 -0.08397724 0.02266879 0.06482133 0.12136 0.1472516 0.06633393 0.04310784 0.0403518 -0.01862606 -0.06851759 -0.09518124 -0.08811264 -0.06003615 -0.004832353 0.0472145 0.06437803 0.06109379 0.05713928 0.04187769 0.03532074 0.02017739 0.01936759 0.0217325 0.02482207 0.01776388 0.02676125 0.0279308 0.0253879 0.04202145 0.03588948 0.02453349 0.02855021 0.03553096 0.04220787 0.02611937
0.02599801 0.01834221 0.02077434 0.02122161 0.03234352 0.0399965 0.03754261 0.03114479 0.02950861 0.0158572 0.01898891 0.02463551 0.03054439 0.03808745 0.03127613 0.03162143 0.0430546 0.05584749 0.07654184 0.1069073 0.0972602 0.1049219 0.08970843 0.04700447 0.1267508 0.1308674 0.1279467 0.1188416 0.1098657 0.1033358 0.1012995 0.1028971 0.08687879 0.08881243 0.0918107 0.07164563 0.06086855 0.07175531 0.07497541 0.08296636 0.08180285 0.07464081 0.07039946 0.07377842 0.0571507 0.04324765 0.05290316 0.05240283 0.09982882 0.09084049 0.08106665
0.06098673 0.05739578 0.04431692 0.03156286 0.0330493 0.03952549 0.0400289 0.02845647 0.0265446 0.02815297 0.02420041 0.03222632 0.03409421 0.03312996 0.03030198 0.0361321 0.04688589 0.04547614 0.06223294 0.03846691 0.0614456 0.1038977 0.02461635 -0.01911888 -0.02566742 -0.008839064 0.005890928 0.03310493 0.03870969 0.03573736 0.04193263 0.0398269 0.04723379 0.04544645 0.03774949 0.04203127 0.04006585 0.0382836 0.02491638 0.01771964 0.01990094 0.02476286 0.03283093 0.02339891 0.04711916 0.06754629 0.04697311 0.04495053 0.03076782 0.02306531 0.02110374
0.03588149 0.03978701 0.04505488 0.05206844 0.05084573 0.04464117 0.04862839 0.04972558 0.04124501 0.03949915 0.04191697 0.04014622 0.03873233 0.02364268 0.0130346 0.01616292 0.03245113 0.06052398 0.0721729 0.06052865 0.03494876 0.01810718 0.0005179427 -0.002260259 0.006015905 0.02248382 0.02795725 0.03093905 0.01598713 0.02060644 0.02047881 0.0271908 0.0413994 0.04475694 0.03626757 0.03960706 0.03944087 0.0337674 0.02554999 0.03443259 0.04801021 0.03637655 0.03478075 0.04212552 0.03713715 0.02074412 0.02357849 0.04095992 0.0510125 0.04772415 0.03998573
0.02013874 0.01695132 0.0133302 0.01001075 0.01030508 0.02140057 0.02777913 0.03512473 0.04176931 0.04006384 0.03303813 0.03298968 0.02586546 0.01466357 0.00356495 0.06455214 0.02097421 0.006667302 0.09650588 0.1369988 0.06091658 0.02027383 0.002125744 -0.03592025 -0.05039839 -0.02528645 0.01473119 0.03053447 0.04188174 0.06135898 0.06950732 0.07575683 0.07405881 0.07001742 0.06022727 0.05426813 0.04187773 0.03704665 0.03663319 0.04030447 0.04860533 0.05091215 0.05218428 0.04864248 0.05218942 0.05077478 0.05514323 0.06245711 0.05790833 0.06546935 0.05906611
0.05546393 0.06250207 0.05867758 0.05151196 0.01965183 0.01161501 0.02185377 0.04091587 0.07440553 0.06537961 0.0444935 0.03039471 0.002686154 -0.003955604 0.004609591 0.0241768 0.1878255 0.2778016 0.09592805 -0.04803952 -0.1113413 -0.1221105 -0.0617675 -0.01158029 0.0351074 0.05237331 0.04481471 0.03675705 0.05965139 0.06118333 0.0585374 0.04313471 0.0469123 0.04815032 0.05292826 0.03268509 0.02758706 0.02836968 0.01953395 0.01790061 0.01180842 0.006071211 0.01240678 0.03856688 0.05807219 0.0621692 0.07417709 0.06638306 0.05423452 0.04669262 0.05176787
-0.02140461 -0.02328054 -0.01787794 -0.02746171 -0.02594941 -0.01952872 -0.01273069 -0.0138639 -0.01706902 -0.03607719 -0.03730396 -0.03585453 -0.04546364 -0.05328093 -0.05189536 -0.05940196 -0.05662886 -0.06812012 -0.05822533 0.03023334 0.1114091 0.0201126 -0.1287661 -0.1910323 -0.167969 -0.08423199 -0.03575336 -0.04041491 -0.01708934 0.002967384 -0.0006033101 -0.02273717 -0.04959926 -0.07978807 -0.09105475 -0.06764616 -0.0545235 -0.05501636 -0.02866178 -0.02003148 -0.004617677 0.01707661 0.03261614 0.01664644 0.007413316 -0.008351477 -0.03023468 -0.03874882 -0.04536816 -0.03645024 -0.02533489
0.006884363 0.02050682 0.01959571 0.0175777 0.01787007 0.006783096 -0.008699797 -0.004989081 -0.01282097 -0.02181592 -0.01789205 -0.01116544 -0.01345116 -0.01196433 -0.001996135 0.001754512 0.002527316 -0.003450271 -0.008348671 -0.009197061 0.004410564 0.108829 0.1477389 0.05427118 -0.1172372 -0.1918239 -0.2261559 -0.1783848 -0.1103534 -0.04744253 -0.008525023 0.01067572 0.0002148371 -0.01514713 -0.02590097 -0.0225579 -0.01918485 -0.008072902 -0.01008213 -0.0155311 -0.01684662 -0.01346201 -0.01836977 -0.0202841 -0.01935159 -0.01022887 -0.0009860088 -0.00787414 -0.01414612 -0.03121325 -0.03459776
0.01222812 0.01944808 0.02099603 0.0191696 0.02219343 0.01711725 0.01607374 0.01417392 0.01391471 0.005023211 0.001989218 -0.0007582311 0.001085417 0.0001103481 0.005300976 0.009064877 0.009884116 0.01123055 0.01107508 0.007996025 -0.0003953892 -0.00215449 -0.001372254 -0.006335404 -0.004562055 0.003369044 0.005602543 0.04927548 0.2224126 0.1989438 0.07355367 -0.06726526 -0.138232 -0.10843 -0.1767579 -0.1759812 -0.1480057 -0.05222891 -0.02576639 0.002549197 0.03500011 0.07989053 0.06976113 0.04523282 0.03610437 0.007635413 -0.000863252 -0.000822544 0.002496233 0.02882556 0.05629743
-0.01885082 -0.02380659 -0.0254045 -0.03018361 -0.03501936 -0.03669887 -0.02869806 -0.02821754 -0.02837741 -0.02984521 -0.03032609 -0.03140607 -0.03295793 -0.03068002 -0.02847236 -0.01876181 0.02509186 0.292154 0.2397543 0.05328497 -0.1855511 -0.3000313 -0.261539 -0.1839066 -0.1263024 -0.08233377 -0.02377048 -0.009982965 -0.02157792 -0.04834415 -0.05398041 -0.02897913 -0.03920783 -0.04180523 -0.04021685 -0.03660346 -0.04006519 -0.04372178 -0.05040089 -0.05122883 -0.04567929 -0.04241148 -0.04097414 -0.03285408 -0.03115383 -0.02959653 -0.03609162 -0.03219628 -0.03182008 -0.03330846 -0.03607838
0.008200475 0.01143993 0.01608993 0.00315517 -0.01672382 -0.01476326 0.01258719 0.008760394 0.001424314 0.007342317 0.009217422 0.0007698078 -0.01027374 -0.01899691 -0.02314539 -0.01815386 -0.01367594 -0.01733468 -0.02175604 -0.01577446 -0.005695479 -0.004736903 -0.01155562 -0.01867613 -0.003155248 0.120853 0.0988609 0.1230586 -0.06867727 -0.1359979 -0.09762387 -0.06523725 -0.03464525 -0.0118122 0.02190312 0.02631399 0.03209494 0.06375528 0.06120962 0.06772619 0.03250048 0.01617397 0.02113285 0.0428563 0.05829893 0.06931312 0.07214959 0.06781998 0.05413526 0.04045004 0.03580029
-0.05226059 -0.00866866 -0.007328722 -0.006490605 -0.01727753 -0.03904558 -0.05151506 -0.0558376 -0.04795513 -0.0327815 -0.02621184 -0.02531982 -0.02525605 -0.03818087 -0.05097435 -0.0389731 -0.01748805 -0.02809942 -0.02848071 -0.03218592 -0.02826042 -0.02414498 -0.027093 -0.03020445 0.05601665 0.04741098 0.02024279 -0.03390982 -0.03887557 -0.07991236 -0.118627 -0.1285957 -0.1054241 -0.1176734 -0.1084406 -0.08115648 -0.05903677 -0.03187738 -0.0266367 -0.0189389 -0.02777215 -0.042374 -0.03955775 -0.04590449 -0.06019552 -0.04626383 -0.03750708 -0.04055287 -0.03471792 -0.02914923 -0.01979343
