54.58 54.59 54.61 54.61 54.63 54.64 54.66 54.68 54.68 54.71 54.73 54.73 54.75 54.78 54.8 54.83 54.86 54.86 54.88 54.87 54.9 54.92 54.92 54.94 54.96 54.96 54.99 54.99 55.01 55.04 55.04 55.06 55.08 55.07 55.09 55.11 55.11 55.13 55.14 55.16 55.16 55.18 55.18 55.2 55.22 55.21 55.23 55.23
55.27 55.27 55.29 55.31 55.32 55.31 55.33 55.34 55.34 55.36 55.37 55.38 55.39 55.39 55.43 55.43 55.44 55.45 55.46 55.47 55.47 55.46 55.47 55.47 55.48 55.49 55.49 55.51 55.51 55.52 55.53 55.53 55.55 55.56 55.57 55.59 55.59 55.61 55.63 55.63 55.65 55.65 55.67 55.69 55.7 55.71 55.72 55.73
55.92 55.92 55.9 55.9 55.9 55.89 55.89 55.89 55.89 55.89 55.89 55.88 55.88 55.88 55.88 55.88 55.88 55.88 55.88 55.88 55.88 55.89 55.89 55.89 55.89 55.89 55.9 55.9 55.9 55.9 55.9 55.9 55.9 55.91 55.91 55.91 55.91 55.91 55.92 55.93 55.93 55.94 55.95 55.95 55.95 55.95 55.94 55.94
55.92 55.92 55.91 55.92 55.91 55.91 55.91 55.91 55.91 55.91 55.91 55.91 55.9 55.9 55.9 55.9 55.91 55.91 55.92 55.92 55.92 55.93 55.94 55.94 55.95 55.95 55.94 55.94 55.94 55.94 55.94 55.93 55.92 55.9 55.9 55.9 55.9 55.9 55.89 55.89 55.89 55.89 55.88 55.87 55.86 55.85 55.85 55.85
55.87 55.87 55.88 55.89 55.9 55.9 55.9 55.9 55.89 55.89 55.88 55.88 55.88 55.88 55.88 55.88 55.87 55.86 55.86 55.86 55.86 55.86 55.86 55.85 55.85 55.86 55.86 55.86 55.86 55.86 55.87 55.87 55.87 55.87 55.88 55.88 55.88 55.88 55.88 55.87 55.87 55.87 55.87 55.87 55.87 55.88 55.88 55.88
69.56 69.55 69.55 69.54 69.55 69.55 69.54 69.54 69.53 69.52 69.52 69.53 69.53 69.54 69.55 69.57 69.57 69.59 69.59 69.61 69.63 69.66 69.68999 69.7 69.71 69.7 69.72 69.72 69.74 69.76 69.77 69.8 69.83 69.84 69.87 69.9 69.9 69.92 69.93999 69.93999 69.97 69.98 69.99 70.0 70.01 70.03 70.03 70.05
250.93 250.93 250.92 250.93 250.93 250.93 250.94 250.95 250.95 250.95 250.96 250.96 250.97 250.98 250.99 250.99 251.0 251.0 251.02 251.03 251.05 251.08 251.08 251.1 251.12 251.14 251.14 251.15 251.17 251.18 251.19 251.2 251.19 251.19 251.19 251.19 251.18 251.17 251.14 251.12 251.11 251.09 251.07 251.02 250.95 250.9 250.87 250.85
249.46 249.46 249.46 249.46 249.46 249.46 249.46 249.46 249.45 249.45 249.45 249.45 249.46 249.47 249.49 249.5 249.51 249.51 249.51 249.5 249.49 249.48 249.48 249.48 249.47 249.47 249.47 249.47 249.46 249.46 249.46 249.45 249.45 249.45 249.45 249.45 249.45 249.45 249.45 249.45 249.45 249.45 249.45 249.46 249.46 249.46 249.46 249.46
249.47 249.47 249.47 249.46 249.46 249.46 249.46 249.46 249.45 249.45 249.45 249.47 249.47 249.45 249.43 249.46 249.46 249.46 249.45 249.45 249.45 249.45 249.45 249.47 249.48 249.5 249.51 249.52 249.54 249.54 249.54 249.54 249.53 249.52 249.51 249.5 249.49 249.48 249.48 249.47 249.46 249.45 249.44 249.44 249.43 249.43 249.43 249.43
249.44 249.44 249.44 249.44 249.44 249.45 249.45 249.45 249.45 249.46 249.46 249.47 249.46 249.38 249.38 249.39 249.4 249.41 249.43 249.44 249.45 249.45 249.45 249.45 249.45 249.45 249.45 249.44 249.44 249.44 249.44 249.44 249.44 249.44 249.44 249.44 249.44 249.44 249.43 249.43 249.43 249.43 249.43 249.43 249.43 249.43 249.43 249.44
249.43 249.43 249.43 249.44 249.44 249.44 249.44 249.44 249.44 249.44 249.44 249.44 249.44 249.44 249.46 249.41 249.36 249.34 249.34 249.35 249.37 249.39 249.4 249.41 249.41 249.42 249.42 249.42 249.42 249.42 249.42 249.42 249.42 249.42 249.42 249.42 249.42 249.42 249.42 249.42 249.42 249.42 249.43 249.43 249.44 249.44 249.44 249.44
249.45 249.45 249.45 249.45 249.45 249.45 249.45 249.45 249.45 249.46 249.46 249.46 249.47 249.43 249.36 249.36 249.36 249.37 249.38 249.39 249.39 249.4 249.4 249.4 249.41 249.41 249.41 249.42 249.42 249.42 249.43 249.43 249.43 249.44 249.44 249.44 249.45 249.45 249.45 249.44 249.42 249.39 249.36 249.3 249.25 249.2 249.19 249.2
48.56 48.57 48.57 48.57 48.57 48.57 48.56 48.56 48.56 48.55 48.55 48.54 48.53 48.52 48.51 48.5 48.5 48.51 48.52 48.52 48.55 48.55 48.55 48.56 48.55 48.54 48.52 48.51 48.51 48.51 48.52 48.52 48.53 48.54 48.54 48.55 48.54 48.54 48.54 48.55 48.56 48.56 48.56 48.56 48.55 48.56 48.55 48.55
48.52 48.53 48.54 48.54 48.54 48.54 48.54 48.54 48.54 48.54 48.55 48.56 48.58 48.59 48.58 48.58 48.58 48.57 48.56 48.55 48.54 48.54 48.53 48.53 48.53 48.53 48.54 48.55 48.55 48.55 48.54 48.55 48.55 48.54 48.52 48.52 48.51 48.52 48.53 48.54 48.55 48.55 48.55 48.54 48.53 48.51 48.5 48.51
48.59 48.59 48.58 48.58 48.57 48.55 48.53 48.53 48.53 48.54 48.54 48.54 48.53 48.53 48.49 48.45 48.38 48.35 48.31 48.28 48.27 48.29 48.31 48.33 48.34 48.35 48.35 48.35 48.36 48.36 48.36 48.37 48.39 48.4 48.42 48.42 48.43 48.43 48.44 48.45 48.46 48.47 48.48 48.48 48.47 48.47 48.46 48.45
48.45 48.44 48.43 48.43 48.43 48.43 48.43 48.44 48.44 48.44 48.44 48.44 48.44 48.43 48.42 48.41 48.42 48.41 48.4 48.41 48.42 48.42 48.41 48.41 48.42 48.42 48.43 48.44 48.45 48.45 48.46 48.46 48.47 48.48 48.49 48.51 48.52 48.51 48.5 48.5 48.49 48.49 48.48 48.47 48.47 48.48 48.49 48.5
48.52 48.51 48.5 48.49 48.48 48.47 48.46 48.46 48.45 48.45 48.45 48.46 48.44 48.38 48.35 48.34 48.34 48.33 48.32 48.32 48.32 48.32 48.32 48.33 48.34 48.34 48.35 48.35 48.35 48.35 48.36 48.37 48.38 48.4 48.42 48.44 48.45 48.45 48.46 48.46 48.46 48.46 48.46 48.46 48.46 48.47 48.47 48.46
48.46 48.47 48.47 48.46 48.46 48.46 48.46 48.47 48.47 48.47 48.47 48.46 48.45 48.45 48.45 48.46 48.47 48.48 48.46 48.47 48.46 48.46 48.45 48.45 48.46 48.47 48.48 48.5 48.51 48.53 48.54 48.55 48.55 48.56 48.56 48.56 48.55 48.55 48.55 48.55 48.55 48.54 48.53 48.53 48.52 48.52 48.51 48.51
253.87 253.86 253.86 253.86 253.85 253.84 253.84 253.83 253.82 253.8 253.79 253.77 253.74 253.76 253.76 253.73 253.72 253.71 253.69 253.69 253.68 253.67 253.67 253.67 253.65 253.63 253.62 253.62 253.6 253.59 253.58 253.56 253.56 253.55 253.55 253.55 253.55 253.55 253.55 253.54 253.53 253.52 253.51 253.49 253.48 253.48 253.48 253.48
253.38 253.38 253.38 253.38 253.36 253.36 253.36 253.35 253.35 253.34 253.33 253.33 253.32 253.31 253.31 253.31 253.29 253.27 253.24 253.22 253.22 253.23 253.24 253.26 253.27 253.27 253.25 253.24 253.22 253.2 253.19 253.18 253.17 253.16 253.16 253.15 253.15 253.14 253.14 253.13 253.13 253.13 253.13 253.13 253.13 253.13 253.13 253.12
252.94 252.94 252.94 252.94 252.94 252.94 252.94 252.94 252.94 252.94 252.94 252.95 252.95 252.96 252.98 252.98 252.99 252.99 252.99 252.98 252.99 253.01 253.01 253.01 253.01 253.02 253.02 253.02 253.02 253.02 253.01 253.01 253.01 253.0 253.0 253.0 253.01 253.01 253.0 253.01 253.0 253.01 253.01 253.0 253.0 253.0 253.0 253.0
251.99 251.98 251.98 251.97 251.98 251.98 251.98 251.98 251.98 251.98 251.98 251.98 251.98 251.98 251.98 252.0 252.0 252.0 252.0 252.0 252.0 252.0 252.0 252.0 252.0 251.99 251.99 251.99 251.98 251.98 251.98 251.98 251.98 251.98 251.99 252.0 252.0 252.0 252.0 252.0 252.0 251.99 251.99 251.99 251.98 251.98 251.98 251.96
251.36 251.36 251.35 251.34 251.34 251.33 251.33 251.32 251.31 251.3 251.29 251.27 251.26 251.25 251.24 251.26 251.25 251.24 251.24 251.23 251.24 251.23 251.22 251.22 251.2 251.2 251.18 251.16 251.15 251.14 251.13 251.12 251.11 251.11 251.1 251.1 251.1 251.1 251.09 251.09 251.09 251.1 251.1 251.1 251.1 251.1 251.1 251.11
70.45 70.43999 70.43999 70.45 70.45 70.46 70.48 70.49 70.51 70.52 70.54 70.55 70.55 70.56 70.57 70.52 70.51 70.53 70.55 70.56 70.56 70.56 70.56 70.56 70.56 70.55 70.54 70.54 70.54 70.54 70.54 70.54 70.54 70.54 70.54 70.54 70.54 70.54 70.54 70.54 70.55 70.55 70.55 70.54 70.54 70.54 70.55 70.55
257.11 257.09 257.09 257.08 257.07 257.07 257.06 257.05 257.04 257.03 257.03 257.02 257.02 257.02 257.02 257.03 257.06 257.06 257.05 257.04 257.03 257.03 257.02 257.02 257.02 257.02 257.0 257.0 257.0 256.99 256.99 256.99 256.99 256.99 256.99 256.99 256.99 256.99 256.99 256.99 256.99 256.99 256.98 256.97 256.97 256.96 256.97 256.96
256.24 256.23 256.23 256.22 256.21 256.22 256.21 256.21 256.2 256.2 256.19 256.18 256.17 256.17 256.16 256.16 256.15 256.17 256.17 256.14 256.14 256.15 256.16 256.15 256.14 256.13 256.11 256.11 256.1 256.08 256.07 256.06 256.05 256.05 256.04 256.03 256.02 256.01 256.01 256.0 255.99 255.98 255.97 255.97 255.96 255.96 255.95 255.95
255.73 255.72 255.72 255.71 255.7 255.7 255.69 255.69 255.69 255.68 255.68 255.67 255.66 255.66 255.65 255.64 255.64 255.64 255.64 255.58 255.52 255.49 255.5 255.51 255.53 255.53 255.52 255.53 255.51 255.51 255.5 255.49 255.48 255.47 255.46 255.44 255.44 255.43 255.42 255.42 255.41 255.4 255.4 255.39 255.39 255.38 255.38 255.38
254.79 254.78 254.78 254.77 254.76 254.76 254.75 254.74 254.74 254.73 254.76 254.72 254.74 254.72 254.7 254.66 254.66 254.65 254.64 254.63 254.61 254.61 254.61 254.59 254.59 254.58 254.57 254.57 254.57 254.56 254.56 254.56 254.55 254.55 254.54 254.54 254.54 254.54 254.54 254.54 254.54 254.54 254.54 254.54 254.54 254.54 254.54 254.55
254.07 254.07 254.07 254.07 254.06 254.06 254.06 254.06 254.06 254.06 254.05 254.05 254.05 254.05 254.05 254.07 254.08 254.08 254.09 254.09 254.09 254.08 254.08 254.08 254.07 254.07 254.07 254.07 254.07 254.06 254.06 254.06 254.06 254.06 254.06 254.06 254.06 254.06 254.06 254.06 254.06 254.06 254.06 254.06 254.06 254.06 254.06 254.06
254.06 254.06 254.06 254.06 254.06 254.06 254.06 254.06 254.06 254.06 254.06 254.06 254.07 254.07 254.06 254.07 254.06 254.06 254.1 254.0 253.95 253.95 253.99 254.01 254.03 254.03 254.02 254.01 254.01 254.01 254.01 254.01 254.01 254.01 254.02 254.02 254.02 254.02 254.03 254.03 254.03 254.03 254.04 254.04 254.04 254.04 254.05 254.05
61.81 61.8 61.8 61.81 61.81 61.81 61.81 61.81 61.82 61.82 61.83 61.84 61.85 61.86 61.87 61.88 61.88 61.89 61.89 61.9 61.9 61.91 61.91 61.91 61.92 61.91 61.9 61.9 61.89 61.9 61.9 61.9 61.91 61.91 61.91 61.91 61.91 61.9 61.9 61.89 61.88 61.88 61.87 61.86 61.86 61.85 61.84 61.83
61.85 61.85 61.85 61.85 61.85 61.85 61.85 61.86 61.86 61.87 61.87 61.87 61.87 61.87 61.87 61.86 61.86 61.85 61.85 61.85 61.84 61.84 61.84 61.84 61.84 61.84 61.84 61.84 61.84 61.85 61.86 61.87 61.87 61.87 61.87 61.87 61.87 61.87 61.87 61.86 61.86 61.85 61.84 61.84 61.83 61.83 61.83 61.82
62.17 62.17 62.17 62.18 62.18 62.18 62.17 62.17 62.17 62.18 62.18 62.19 62.19 62.19 62.19 62.18 62.18 62.18 62.18 62.18 62.19 62.21 62.24 62.28 62.32 62.34 62.34 62.32 62.3 62.3 62.32 62.32 62.32 62.31 62.3 62.29 62.28 62.26 62.25 62.23 62.22 62.2 62.19 62.18 62.17 62.17 62.17 62.17
62.18 62.19 62.19 62.19 62.19 62.19 62.19 62.19 62.2 62.21 62.21 62.22 62.23 62.23 62.24 62.23 62.23 62.22 62.21 62.21 62.21 62.21 62.22 62.23 62.24 62.27 62.29 62.3 62.32 62.32 62.34 62.38 62.43 62.47 62.48 62.48 62.47 62.44 62.42 62.39 62.37 62.35 62.34 62.32 62.31 62.3 62.29 62.28
62.2 62.2 62.2 62.21 62.22 62.23 62.23 62.23 62.23 62.23 62.23 62.24 62.24 62.24 62.23 62.23 62.22 62.21 62.21 62.21 62.23 62.24 62.26 62.26 62.25 62.22 62.17 62.12 62.07 62.04 62.03 62.02 62.02 62.02 62.01 62.01 62.02 62.03 62.05 62.06 62.08 62.1 62.11 62.12 62.13 62.15 62.16 62.18
62.41 62.43 62.44 62.46 62.47 62.47 62.48 62.49 62.49 62.49 62.49 62.5 62.5 62.5 62.5 62.5 62.5 62.5 62.5 62.5 62.5 62.5 62.5 62.5 62.51 62.54 62.57 62.58 62.59 62.58 62.55 62.53 62.52 62.53 62.53 62.53 62.52 62.51 62.49 62.48 62.47 62.46 62.44 62.44 62.43 62.42 62.42 62.41
61.38 61.38 61.39 61.39 61.39 61.39 61.39 61.39 61.39 61.4 61.4 61.4 61.41 61.41 61.41 61.43 61.45 61.46 61.47 61.48 61.49 61.49 61.49 61.5 61.5 61.5 61.49 61.48 61.48 61.48 61.47 61.46 61.45 61.44 61.43 61.43 61.42 61.42 61.41 61.41 61.4 61.39 61.39 61.38 61.37 61.37 61.36 61.36
61.32 61.32 61.32 61.32 61.32 61.32 61.31 61.31 61.31 61.31 61.31 61.31 61.32 61.32 61.33 61.33 61.33 61.33 61.34 61.35 61.35 61.35 61.33 61.31 61.28 61.23 61.17 61.14 61.15 61.17 61.19 61.21 61.23 61.23 61.24 61.25 61.25 61.26 61.27 61.28 61.28 61.29 61.29 61.3 61.31 61.32 61.33 61.34
61.58 61.57 61.56 61.54 61.53 61.53 61.52 61.52 61.53 61.53 61.54 61.55 61.55 61.56 61.57 61.58 61.58 61.59 61.59 61.62 61.65 61.68 61.68 61.65 61.63 61.62 61.62 61.62 61.62 61.61 61.6 61.59 61.58 61.57 61.56 61.55 61.55 61.55 61.55 61.55 61.55 61.56 61.57 61.57 61.56 61.56 61.55 61.53
61.53 61.53 61.53 61.53 61.53 61.53 61.53 61.53 61.53 61.53 61.53 61.53 61.53 61.53 61.53 61.53 61.54 61.54 61.54 61.54 61.53 61.51 61.5 61.5 61.5 61.49 61.49 61.49 61.48 61.48 61.48 61.47 61.47 61.48 61.48 61.49 61.5 61.5 61.5 61.5 61.5 61.5 61.5 61.52 61.55 61.62 61.69 61.76
61.98 61.97 61.97 61.97 61.97 61.96 61.96 61.96 61.96 61.95 61.95 61.94 61.94 61.95 61.97 61.99 62.03 62.06 62.06 62.05 62.04 62.0 61.98 61.98 61.98 61.98 61.98 61.98 61.98 61.97 61.97 61.96 61.96 61.96 61.96 61.96 61.96 61.96 61.97 61.97 61.97 61.97 61.97 61.98 61.99 62.01 62.01 62.02
61.92 61.93 61.93 61.93 61.92 61.91 61.91 61.91 61.91 61.9 61.9 61.9 61.9 61.91 61.91 61.92 61.91 61.93 61.94 61.93 61.92 61.9 61.89 61.88 61.88 61.87 61.86 61.85 61.84 61.84 61.84 61.85 61.85 61.86 61.87 61.87 61.88 61.88 61.88 61.88 61.88 61.88 61.88 61.88 61.89 61.89 61.89 61.89
53.98 53.98 53.99 53.99 53.98 53.98 53.98 53.99 53.99 53.99 53.99 53.99 53.99 54.0 54.0 54.0 54.01 54.01 54.01 54.01 54.03 54.05 54.07 54.08 54.08 54.05 54.03 54.02 54.0 53.99 53.98 53.98 53.98 53.97 53.97 53.97 53.97 53.97 53.97 53.97 53.97 53.97 53.97 53.97 53.97 53.98 53.99 54.0
54.13 54.13 54.14 54.14 54.14 54.15 54.15 54.16 54.16 54.16 54.15 54.15 54.15 54.15 54.15 54.16 54.16 54.16 54.16 54.16 54.17 54.19 54.21 54.22 54.21 54.21 54.21 54.2 54.19 54.19 54.18 54.18 54.17 54.17 54.17 54.16 54.15 54.15 54.15 54.14 54.14 54.14 54.15 54.15 54.15 54.15 54.14 54.14
54.1 54.1 54.1 54.09 54.09 54.09 54.08 54.08 54.07 54.07 54.06 54.06 54.06 54.06 54.06 54.07 54.07 54.08 54.08 54.09 54.09 54.1 54.1 54.1 54.11 54.11 54.11 54.12 54.13 54.14 54.16 54.18 54.2 54.21 54.21 54.18 54.16 54.15 54.16 54.17 54.17 54.17 54.17 54.17 54.17 54.16 54.16 54.15
54.13 54.12 54.12 54.12 54.12 54.12 54.11 54.11 54.11 54.11 54.11 54.11 54.11 54.11 54.1 54.1 54.11 54.13 54.14 54.14 54.13 54.12 54.12 54.11 54.11 54.11 54.11 54.12 54.12 54.11 54.11 54.12 54.13 54.14 54.15 54.15 54.15 54.15 54.15 54.14 54.14 54.14 54.13 54.13 54.13 54.13 54.14 54.14
54.48 54.48 54.5 54.5 54.51 54.52 54.52 54.53 54.54 54.54 54.55 54.56 54.56 54.57 54.58 54.59 54.59 54.61 54.62 54.62 54.64 54.66 54.67 54.67 54.68 54.7 54.72 54.75 54.78 54.82 54.84 54.84 54.81 54.81 54.81 54.81 54.81 54.82 54.81 54.81 54.82 54.8 54.8 54.8 54.79 54.79 54.78 54.79
55.62 55.63 55.64 55.65 55.65 55.66 55.67 55.68 55.69 55.7 55.7 55.7 55.7 55.7 55.7 55.7 55.7 55.71 55.71 55.71 55.7 55.69 55.68 55.68 55.69 55.71 55.72 55.72 55.71 55.7 55.7 55.7 55.7 55.71 55.72 55.73 55.73 55.73 55.73 55.74 55.74 55.74 55.75 55.75 55.75 55.75 55.76 55.76
