-95.0 -95.0 -95.0 -95.0 -95.0 -95.0 -95.0 -95.0 -95.0 -95.0 -95.0 -95.0 -95.0 -95.0 -95.0 -95.0 -95.0 -95.0 -95.0 -95.0 -95.0 -95.0 -95.0 -95.0 -95.0 -95.0 -95.0 -95.0 -95.0 -95.0 -95.0 -95.0 -95.0 -95.0 -95.0 -95.0 -95.0 -95.0 -95.0 -95.0 -95.0 -95.0 -95.0 -95.0 -95.0 -95.0 -95.0 -95.0 -95.0 -95.0 -95.0 -95.0 -95.0 -95.0 -95.0 -95.0 -95.0 -95.0 -95.0 -95.0
-95.0 -95.0 -95.0 -95.0 -95.0 -95.0 -95.0 -95.0 -95.0 -95.0 -95.0 -95.0 -95.0 -95.0 -95.0 -95.0 -95.0 -95.0 -95.0 -95.0 -95.0 -95.0 -95.0 -95.0 -95.0 -95.0 -95.0 -95.0 -95.0 -95.0 -95.0 -95.0 -95.0 -95.0 -95.0 -95.0 -95.0 -95.0 -95.0 -95.0 -95.0 -95.0 -95.0 -95.0 -95.0 -95.0 -95.0 -95.0 -95.0 -95.0 -95.0 -95.0 -95.0 -95.0 -95.0 -95.0 -95.0 -95.0 -95.0 -95.0
-95.0 -95.0 -95.0 -95.0 -95.0 -95.0 -95.0 -95.0 -95.0 -95.0 -95.0 -95.0 -95.0 -95.0 -95.0 -95.0 -95.0 -95.0 -95.0 -95.0 -95.0 -95.0 -95.0 -95.0 -95.0 -95.0 -95.0 -95.0 -95.0 -95.0 -95.0 -95.0 -95.0 -95.0 -95.0 -95.0 -95.0 -95.0 -95.0 -95.0 -95.0 -95.0 -95.0 -95.0 -95.0 -95.0 -95.0 -95.0 -95.0 -95.0 -95.0 -95.0 -95.0 -95.0 -95.0 -95.0 -95.0 -95.0 -95.0 -95.0
-95.0 -95.0 -95.0 -95.0 -95.0 -95.0 -95.0 -95.0 -95.0 -95.0 -95.0 -95.0 -95.0 -95.0 -95.0 -95.0 -95.0 -95.0 -95.0 -95.0 -95.0 -95.0 -95.0 -95.0 -95.0 -95.0 -95.0 -95.0 -95.0 -95.0 -95.0 -95.0 -95.0 -95.0 -95.0 -95.0 -95.0 -95.0 -95.0 -95.0 -95.0 -95.0 -95.0 -95.0 -95.0 -95.0 -95.0 -95.0 -95.0 -95.0 -95.0 -95.0 -95.0 -95.0 -95.0 -95.0 -95.0 -95.0 -95.0 -95.0
-95.0 -95.0 -95.0 -95.0 -95.0 -95.0 -95.0 -95.0 -95.0 -95.0 -95.0 -95.0 -95.0 -95.0 -95.0 -95.0 -95.0 -95.0 -95.0 -95.0 -95.0 -95.0 -95.0 -95.0 -95.0 -95.0 -95.0 -95.0 -95.0 -95.0 -95.0 -95.0 -95.0 -95.0 -95.0 -95.0 -95.0 -95.0 -95.0 -95.0 -95.0 -95.0 -95.0 -95.0 -95.0 -95.0 -95.0 -95.0 -95.0 -95.0 -95.0 -95.0 -95.0 -95.0 -95.0 -95.0 -95.0 -95.0 -95.0 -95.0
-81.0 -81.0 -81.0 -81.0 -81.0 -81.0 -81.0 -81.0 -81.0 -81.0 -81.0 -81.0 -81.0 -81.0 -81.0 -81.0 -81.0 -81.0 -81.0 -81.0 -81.0 -81.0 -81.0 -81.0 -81.0 -81.0 -81.0 -81.0 -81.0 -81.0 -81.0 -81.0 -81.0 -81.0 -81.0 -81.0 -81.0 -81.0 -81.0 -81.0 -81.0 -81.0 -81.0 -81.0 -81.0 -81.0 -81.0 -81.0 -81.0 -81.0 -81.0 -81.0 -81.0 -81.0 -81.0 -81.0 -81.0 -81.0 -81.0 -81.0
-17.0 -17.0 -17.0 -17.0 -17.0 -17.0 -17.0 -17.0 -17.0 -17.0 -17.0 -17.0 -17.0 -17.0 -17.0 -17.0 -17.0 -17.0 -17.0 -17.0 -17.0 -17.0 -17.0 -17.0 -17.0 -17.0 -17.0 -17.0 -17.0 -17.0 -17.0 -17.0 -17.0 -17.0 -17.0 -17.0 -17.0 -17.0 -17.0 -17.0 -17.0 -17.0 -17.0 -17.0 -17.0 -17.0 -17.0 -17.0 -17.0 -17.0 -17.0 -17.0 -17.0 -17.0 -17.0 -17.0 -17.0 -17.0 -17.0 -17.0
-48.0 -48.0 -48.0 -48.0 -48.0 -48.0 -48.0 -48.0 -48.0 -48.0 -48.0 -48.0 -48.0 -48.0 -48.0 -48.0 -48.0 -48.0 -48.0 -48.0 -48.0 -48.0 -48.0 -48.0 -48.0 -48.0 -48.0 -48.0 -48.0 -48.0 -48.0 -48.0 -48.0 -48.0 -48.0 -48.0 -48.0 -48.0 -48.0 -48.0 -48.0 -48.0 -48.0 -48.0 -48.0 -48.0 -48.0 -48.0 -48.0 -48.0 -48.0 -48.0 -48.0 -48.0 -48.0 -48.0 -48.0 -48.0 -48.0 -48.0
-48.0 -48.0 -48.0 -48.0 -48.0 -48.0 -48.0 -48.0 -48.0 -48.0 -48.0 -48.0 -48.0 -48.0 -48.0 -48.0 -48.0 -48.0 -48.0 -48.0 -48.0 -48.0 -48.0 -48.0 -48.0 -48.0 -48.0 -48.0 -48.0 -48.0 -48.0 -48.0 -48.0 -48.0 -48.0 -48.0 -48.0 -48.0 -48.0 -48.0 -48.0 -48.0 -48.0 -48.0 -48.0 -48.0 -48.0 -48.0 -48.0 -48.0 -48.0 -48.0 -48.0 -48.0 -48.0 -48.0 -48.0 -48.0 -48.0 -48.0
-48.0 -48.0 -48.0 -48.0 -48.0 -48.0 -48.0 -48.0 -48.0 -48.0 -48.0 -48.0 -48.0 -48.0 -48.0 -48.0 -48.0 -48.0 -48.0 -48.0 -48.0 -48.0 -48.0 -48.0 -48.0 -48.0 -48.0 -48.0 -48.0 -48.0 -48.0 -48.0 -48.0 -48.0 -48.0 -48.0 -48.0 -48.0 -48.0 -48.0 -48.0 -48.0 -48.0 -48.0 -48.0 -48.0 -48.0 -48.0 -48.0 -48.0 -48.0 -48.0 -48.0 -48.0 -48.0 -48.0 -48.0 -48.0 -48.0 -48.0
-48.0 -48.0 -48.0 -48.0 -48.0 -48.0 -48.0 -48.0 -48.0 -48.0 -48.0 -48.0 -48.0 -48.0 -48.0 -48.0 -48.0 -48.0 -48.0 -48.0 -48.0 -48.0 -48.0 -48.0 -48.0 -48.0 -48.0 -48.0 -48.0 -48.0 -48.0 -48.0 -48.0 -48.0 -48.0 -48.0 -48.0 -48.0 -48.0 -48.0 -48.0 -48.0 -48.0 -48.0 -48.0 -48.0 -48.0 -48.0 -48.0 -48.0 -48.0 -48.0 -48.0 -48.0 -48.0 -48.0 -48.0 -48.0 -48.0 -48.0
-48.0 -48.0 -48.0 -48.0 -48.0 -48.0 -48.0 -48.0 -48.0 -48.0 -48.0 -48.0 -48.0 -48.0 -48.0 -48.0 -48.0 -48.0 -48.0 -48.0 -48.0 -48.0 -48.0 -48.0 -48.0 -48.0 -48.0 -48.0 -48.0 -48.0 -48.0 -48.0 -48.0 -48.0 -48.0 -48.0 -48.0 -48.0 -48.0 -48.0 -48.0 -48.0 -48.0 -48.0 -48.0 -48.0 -48.0 -49.0 -49.0 -49.0 -49.0 -49.0 -49.0 -49.0 -49.0 -49.0 -49.0 -49.0 -49.0 -50.0
-83.0 -83.0 -83.0 -83.0 -83.0 -83.0 -83.0 -83.0 -83.0 -83.0 -83.0 -83.0 -83.0 -83.0 -83.0 -83.0 -83.0 -83.0 -83.0 -83.0 -83.0 -83.0 -83.0 -83.0 -83.0 -83.0 -83.0 -83.0 -83.0 -83.0 -83.0 -83.0 -83.0 -83.0 -83.0 -83.0 -83.0 -83.0 -83.0 -83.0 -83.0 -83.0 -83.0 -83.0 -83.0 -83.0 -83.0 -83.0 -83.0 -83.0 -83.0 -83.0 -83.0 -83.0 -83.0 -83.0 -83.0 -83.0 -83.0 -83.0
-83.0 -83.0 -83.0 -83.0 -83.0 -83.0 -83.0 -83.0 -83.0 -83.0 -83.0 -83.0 -83.0 -83.0 -83.0 -83.0 -83.0 -83.0 -83.0 -83.0 -83.0 -83.0 -83.0 -83.0 -83.0 -83.0 -83.0 -83.0 -83.0 -83.0 -83.0 -83.0 -83.0 -83.0 -83.0 -83.0 -83.0 -83.0 -83.0 -83.0 -83.0 -83.0 -83.0 -83.0 -83.0 -83.0 -83.0 -83.0 -83.0 -83.0 -83.0 -83.0 -83.0 -83.0 -83.0 -83.0 -83.0 -83.0 -83.0 -83.0
-83.0 -83.0 -83.0 -83.0 -83.0 -83.0 -83.0 -83.0 -83.0 -83.0 -83.0 -83.0 -83.0 -83.0 -83.0 -83.0 -83.0 -83.0 -83.0 -83.0 -83.0 -83.0 -83.0 -83.0 -83.0 -83.0 -83.0 -83.0 -83.0 -83.0 -83.0 -83.0 -83.0 -83.0 -83.0 -83.0 -83.0 -83.0 -83.0 -83.0 -83.0 -83.0 -83.0 -83.0 -83.0 -83.0 -83.0 -83.0 -83.0 -83.0 -83.0 -83.0 -83.0 -83.0 -83.0 -83.0 -83.0 -83.0 -83.0 -83.0
-83.0 -83.0 -83.0 -83.0 -83.0 -83.0 -83.0 -83.0 -83.0 -83.0 -83.0 -83.0 -83.0 -83.0 -83.0 -83.0 -83.0 -83.0 -83.0 -83.0 -83.0 -83.0 -83.0 -83.0 -83.0 -83.0 -83.0 -83.0 -83.0 -83.0 -83.0 -83.0 -83.0 -83.0 -83.0 -83.0 -83.0 -83.0 -83.0 -83.0 -83.0 -83.0 -83.0 -83.0 -83.0 -83.0 -83.0 -83.0 -83.0 -83.0 -83.0 -83.0 -83.0 -83.0 -83.0 -83.0 -83.0 -83.0 -83.0 -83.0
-83.0 -83.0 -83.0 -83.0 -83.0 -83.0 -83.0 -83.0 -83.0 -83.0 -83.0 -83.0 -83.0 -83.0 -83.0 -83.0 -83.0 -83.0 -83.0 -83.0 -83.0 -83.0 -83.0 -83.0 -83.0 -83.0 -83.0 -83.0 -83.0 -83.0 -83.0 -83.0 -83.0 -83.0 -83.0 -83.0 -83.0 -83.0 -83.0 -83.0 -83.0 -83.0 -83.0 -83.0 -83.0 -83.0 -83.0 -83.0 -83.0 -83.0 -83.0 -83.0 -83.0 -83.0 -83.0 -83.0 -83.0 -83.0 -83.0 -83.0
-83.0 -83.0 -83.0 -83.0 -83.0 -83.0 -83.0 -83.0 -83.0 -83.0 -83.0 -83.0 -83.0 -83.0 -83.0 -83.0 -83.0 -83.0 -83.0 -83.0 -83.0 -83.0 -83.0 -83.0 -83.0 -83.0 -83.0 -83.0 -83.0 -83.0 -83.0 -83.0 -83.0 -83.0 -83.0 -83.0 -83.0 -83.0 -83.0 -83.0 -83.0 -83.0 -83.0 -83.0 -83.0 -83.0 -83.0 -83.0 -83.0 -83.0 -83.0 -83.0 -83.0 -83.0 -83.0 -83.0 -83.0 -83.0 -83.0 -83.0
67.0 67.0 67.0 67.0 67.0 67.0 67.0 67.0 67.0 67.0 67.0 67.0 67.0 67.0 67.0 67.0 67.0 67.0 67.0 67.0 67.0 67.0 67.0 67.0 67.0 67.0 67.0 67.0 67.0 67.0 67.0 67.0 67.0 67.0 67.0 67.0 67.0 67.0 67.0 67.0 67.0 67.0 67.0 67.0 67.0 67.0 67.0 67.0 67.0 67.0 67.0 67.0 67.0 67.0 67.0 67.0 67.0 67.0 67.0 67.0
67.0 67.0 67.0 67.0 67.0 67.0 67.0 67.0 67.0 67.0 67.0 67.0 67.0 67.0 67.0 67.0 67.0 67.0 67.0 67.0 67.0 67.0 67.0 67.0 67.0 67.0 67.0 67.0 67.0 67.0 67.0 67.0 67.0 67.0 67.0 67.0 67.0 67.0 67.0 67.0 67.0 67.0 67.0 67.0 67.0 67.0 67.0 67.0 67.0 67.0 67.0 67.0 67.0 67.0 67.0 67.0 67.0 67.0 67.0 67.0
67.0 67.0 67.0 67.0 67.0 67.0 67.0 67.0 67.0 67.0 67.0 67.0 67.0 67.0 67.0 67.0 67.0 67.0 67.0 67.0 67.0 67.0 67.0 67.0 67.0 67.0 67.0 67.0 67.0 67.0 67.0 67.0 67.0 67.0 67.0 67.0 67.0 67.0 67.0 67.0 67.0 67.0 67.0 67.0 67.0 67.0 67.0 67.0 67.0 67.0 67.0 67.0 67.0 67.0 67.0 67.0 67.0 67.0 67.0 67.0
40.0 40.0 40.0 40.0 40.0 40.0 40.0 40.0 40.0 40.0 40.0 40.0 40.0 40.0 40.0 40.0 40.0 40.0 40.0 40.0 40.0 40.0 40.0 40.0 40.0 40.0 40.0 40.0 40.0 40.0 40.0 40.0 40.0 40.0 40.0 40.0 40.0 40.0 40.0 40.0 42.0 50.0 55.0 66.0 72.0 86.0 92.0 99.0 111.0 119.0 119.0 119.0 119.0 119.0 119.0 119.0 119.0 119.0 119.0 119.0
119.0 119.0 119.0 119.0 119.0 119.0 119.0 119.0 119.0 119.0 119.0 119.0 119.0 119.0 119.0 119.0 119.0 119.0 119.0 119.0 119.0 119.0 119.0 119.0 119.0 119.0 119.0 119.0 119.0 119.0 119.0 119.0 119.0 119.0 119.0 119.0 119.0 119.0 119.0 119.0 119.0 119.0 119.0 119.0 119.0 119.0 119.0 119.0 119.0 119.0 119.0 119.0 119.0 119.0 119.0 119.0 119.0 119.0 119.0 119.0
89.0 89.0 89.0 89.0 89.0 89.0 89.0 89.0 89.0 89.0 89.0 89.0 89.0 89.0 89.0 89.0 89.0 89.0 89.0 89.0 89.0 89.0 89.0 89.0 89.0 89.0 89.0 89.0 89.0 89.0 89.0 89.0 89.0 89.0 89.0 89.0 89.0 89.0 89.0 89.0 89.0 89.0 89.0 89.0 89.0 89.0 89.0 89.0 89.0 89.0 89.0 89.0 89.0 89.0 89.0 89.0 89.0 89.0 89.0 89.0
174.0 174.0 174.0 174.0 174.0 174.0 174.0 174.0 174.0 174.0 174.0 174.0 174.0 174.0 174.0 174.0 174.0 174.0 174.0 174.0 174.0 174.0 174.0 174.0 174.0 174.0 174.0 174.0 174.0 174.0 174.0 174.0 174.0 174.0 174.0 174.0 174.0 174.0 174.0 174.0 174.0 174.0 174.0 174.0 174.0 174.0 174.0 174.0 174.0 174.0 174.0 174.0 174.0 174.0 174.0 174.0 174.0 174.0 174.0 174.0
174.0 174.0 174.0 174.0 174.0 174.0 174.0 174.0 174.0 174.0 174.0 174.0 174.0 174.0 174.0 174.0 174.0 174.0 174.0 174.0 174.0 174.0 174.0 174.0 174.0 174.0 174.0 174.0 174.0 174.0 174.0 174.0 174.0 174.0 174.0 174.0 174.0 174.0 174.0 174.0 174.0 174.0 174.0 174.0 174.0 174.0 174.0 174.0 174.0 174.0 174.0 174.0 174.0 174.0 174.0 174.0 174.0 174.0 174.0 174.0
174.0 174.0 174.0 174.0 174.0 174.0 174.0 174.0 174.0 174.0 174.0 174.0 174.0 174.0 174.0 174.0 174.0 174.0 174.0 174.0 174.0 174.0 -177.0 -174.0 -174.0 -174.0 -174.0 -174.0 -174.0 -174.0 -174.0 -174.0 -174.0 -174.0 -174.0 -174.0 -174.0 -174.0 -174.0 -174.0 -174.0 -174.0 -174.0 -174.0 -174.0 -174.0 -174.0 -174.0 -174.0 -174.0 -174.0 -174.0 -174.0 -174.0 -174.0 -174.0 -174.0 -174.0 -174.0 -174.0
-166.0 -166.0 -166.0 -166.0 -166.0 -166.0 -166.0 -166.0 -166.0 -166.0 -166.0 -166.0 -166.0 -166.0 -166.0 -166.0 -166.0 -166.0 -166.0 -166.0 -166.0 -166.0 -166.0 -166.0 -166.0 -166.0 -166.0 -166.0 -166.0 -166.0 -166.0 -166.0 -166.0 -166.0 -166.0 -166.0 -166.0 -166.0 -166.0 -166.0 -166.0 -166.0 -166.0 -166.0 -166.0 -166.0 -166.0 -166.0 -166.0 -166.0 -166.0 -166.0 -166.0 -166.0 -166.0 -166.0 -166.0 -166.0 -166.0 -166.0
-166.0 -166.0 -166.0 -166.0 -166.0 -166.0 -166.0 -166.0 -166.0 -166.0 -166.0 -166.0 -166.0 -166.0 -166.0 -166.0 -166.0 -166.0 -166.0 -166.0 -166.0 -166.0 -166.0 -166.0 -166.0 -166.0 -166.0 -166.0 -166.0 -166.0 -166.0 -166.0 -166.0 -166.0 -166.0 -166.0 -166.0 -166.0 -166.0 -166.0 -166.0 -166.0 -166.0 -166.0 -166.0 -166.0 -166.0 -166.0 -166.0 -166.0 -166.0 -166.0 -166.0 -166.0 -166.0 -166.0 -166.0 -166.0 -166.0 -166.0
-166.0 -166.0 -166.0 -166.0 -166.0 -166.0 -166.0 -166.0 -166.0 -166.0 -166.0 -166.0 -166.0 -166.0 -166.0 -166.0 -166.0 -166.0 -166.0 -166.0 -166.0 -166.0 -166.0 -166.0 -166.0 -166.0 -166.0 -166.0 -166.0 -166.0 -166.0 -166.0 -166.0 -166.0 -166.0 -166.0 -166.0 -166.0 -166.0 -166.0 -166.0 -166.0 -166.0 -166.0 -166.0 -166.0 -166.0 -166.0 -166.0 -166.0 -166.0 -166.0 -166.0 -166.0 -166.0 -166.0 -166.0 -166.0 -166.0 -166.0
-6.0 -6.0 -6.0 -6.0 -6.0 -6.0 -6.0 -6.0 -6.0 -6.0 -6.0 -6.0 -6.0 -6.0 -6.0 -6.0 -6.0 -6.0 -6.0 -6.0 -6.0 -6.0 -6.0 -6.0 -6.0 -6.0 -6.0 -6.0 -6.0 -6.0 -6.0 -6.0 -6.0 -6.0 -6.0 -6.0 -6.0 -6.0 -6.0 -6.0 -6.0 -6.0 -6.0 -6.0 -6.0 -6.0 -6.0 -6.0 -6.0 -6.0 -6.0 -6.0 -6.0 -6.0 -6.0 -6.0 -6.0 -6.0 -6.0 -6.0
-6.0 -6.0 -6.0 -6.0 -6.0 -6.0 -6.0 -6.0 -6.0 -6.0 -6.0 -6.0 -6.0 -6.0 -6.0 -6.0 -6.0 -6.0 -6.0 -6.0 -6.0 -6.0 -6.0 -6.0 -6.0 -6.0 -6.0 -6.0 -6.0 -6.0 -6.0 -6.0 -6.0 -6.0 -6.0 -6.0 -6.0 -6.0 -6.0 -6.0 -6.0 -6.0 -6.0 -6.0 -6.0 -6.0 -6.0 -6.0 -6.0 -6.0 -6.0 -6.0 -6.0 -6.0 -6.0 -6.0 -6.0 -6.0 -6.0 -6.0
-6.0 -6.0 -6.0 -6.0 -6.0 -6.0 -6.0 -6.0 -6.0 -6.0 -6.0 -6.0 -6.0 -6.0 -6.0 -6.0 -6.0 -6.0 -6.0 -6.0 -6.0 -6.0 -6.0 -6.0 -6.0 -6.0 -6.0 -6.0 -3.0 2.0 2.0 2.0 2.0 2.0 2.0 2.0 2.0 2.0 2.0 2.0 2.0 2.0 2.0 2.0 2.0 2.0 2.0 2.0 2.0 2.0 2.0 2.0 2.0 2.0 2.0 2.0 2.0 2.0 2.0 2.0
2.0 2.0 2.0 2.0 2.0 2.0 2.0 2.0 2.0 2.0 2.0 2.0 2.0 2.0 2.0 2.0 2.0 2.0 2.0 2.0 2.0 2.0 2.0 2.0 2.0 2.0 2.0 2.0 2.0 2.0 2.0 2.0 2.0 2.0 2.0 2.0 2.0 2.0 2.0 2.0 2.0 2.0 2.0 2.0 2.0 2.0 2.0 2.0 2.0 2.0 2.0 2.0 2.0 2.0 2.0 2.0 2.0 2.0 2.0 2.0
2.0 2.0 2.0 2.0 2.0 2.0 2.0 2.0 2.0 2.0 2.0 2.0 2.0 2.0 2.0 2.0 2.0 2.0 2.0 2.0 2.0 2.0 2.0 2.0 2.0 2.0 2.0 2.0 2.0 2.0 2.0 2.0 2.0 2.0 2.0 2.0 2.0 2.0 2.0 2.0 2.0 2.0 2.0 2.0 2.0 2.0 2.0 2.0 2.0 2.0 2.0 2.0 2.0 2.0 2.0 2.0 2.0 2.0 2.0 2.0
2.0 2.0 2.0 2.0 2.0 2.0 2.0 2.0 2.0 2.0 2.0 2.0 2.0 2.0 2.0 2.0 2.0 2.0 2.0 2.0 2.0 2.0 2.0 2.0 2.0 2.0 2.0 2.0 2.0 2.0 2.0 2.0 2.0 2.0 2.0 2.0 2.0 2.0 2.0 2.0 2.0 2.0 2.0 2.0 2.0 2.0 2.0 2.0 2.0 2.0 2.0 2.0 2.0 2.0 2.0 2.0 2.0 2.0 2.0 2.0
-163.0 -163.0 -163.0 -163.0 -163.0 -163.0 -163.0 -163.0 -163.0 -163.0 -163.0 -163.0 -163.0 -163.0 -163.0 -163.0 -163.0 -163.0 -163.0 -163.0 -163.0 -163.0 -163.0 -163.0 -163.0 -163.0 -163.0 -163.0 -163.0 -163.0 -163.0 -163.0 -163.0 -163.0 -163.0 -163.0 -163.0 -163.0 -163.0 -163.0 -163.0 -163.0 -163.0 -163.0 -163.0 -163.0 -163.0 -163.0 -163.0 -163.0 -163.0 -163.0 -163.0 -163.0 -163.0 -163.0 -163.0 -163.0 -163.0 -163.0
-163.0 -163.0 -163.0 -163.0 -163.0 -163.0 -163.0 -163.0 -163.0 -163.0 -163.0 -163.0 -163.0 -163.0 -163.0 -163.0 -163.0 -163.0 -163.0 -163.0 -163.0 -163.0 -169.0 178.0 166.0 154.0 144.0 137.0 135.0 135.0 135.0 135.0 135.0 135.0 135.0 135.0 135.0 135.0 135.0 135.0 135.0 135.0 135.0 135.0 135.0 135.0 135.0 135.0 135.0 135.0 136.0 139.0 143.0 149.0 153.0 159.0 163.0 168.0 173.0 175.0
-172.0 -172.0 -172.0 -172.0 -172.0 -172.0 -172.0 -172.0 -172.0 -172.0 -172.0 -172.0 -172.0 -172.0 -172.0 -172.0 -172.0 -172.0 -172.0 -172.0 -172.0 -172.0 -172.0 -172.0 -172.0 -172.0 -172.0 -172.0 -172.0 -172.0 -172.0 -172.0 -172.0 -172.0 -172.0 -172.0 -172.0 -172.0 -172.0 -172.0 -172.0 -172.0 -172.0 -172.0 -172.0 -172.0 -172.0 -172.0 -172.0 -172.0 -172.0 -172.0 -172.0 -172.0 -172.0 -172.0 -172.0 -172.0 -172.0 -172.0
-172.0 -172.0 -172.0 -172.0 -172.0 -172.0 -172.0 -172.0 -172.0 -172.0 -172.0 -172.0 -172.0 -172.0 -172.0 -172.0 -172.0 -172.0 -172.0 -172.0 -172.0 -172.0 -172.0 -172.0 -172.0 -172.0 -172.0 -172.0 -172.0 -172.0 -172.0 -172.0 -172.0 -172.0 -172.0 -172.0 -172.0 -172.0 -172.0 -172.0 -172.0 -172.0 -172.0 -172.0 -172.0 -172.0 -172.0 -172.0 -172.0 -172.0 -172.0 -172.0 -172.0 -172.0 -172.0 -172.0 -172.0 -172.0 -172.0 -172.0
-172.0 -172.0 -172.0 -172.0 -172.0 -172.0 -172.0 -172.0 -172.0 -172.0 -172.0 -172.0 -172.0 -172.0 -172.0 -172.0 -172.0 -172.0 -172.0 -172.0 -172.0 -172.0 -172.0 -172.0 -172.0 -172.0 -172.0 -172.0 -172.0 -172.0 -172.0 -172.0 -172.0 -172.0 -172.0 -172.0 -172.0 -172.0 -172.0 -172.0 -172.0 -172.0 -172.0 -172.0 -172.0 -172.0 -172.0 -172.0 -172.0 -172.0 -172.0 -172.0 -172.0 -172.0 -172.0 -172.0 -172.0 -172.0 -172.0 -172.0
-172.0 -172.0 -172.0 -172.0 -172.0 -172.0 -172.0 -172.0 -172.0 -172.0 -172.0 -172.0 -172.0 -172.0 -172.0 -172.0 -172.0 -172.0 -172.0 -172.0 -172.0 -172.0 -172.0 -172.0 -172.0 -172.0 -172.0 -172.0 -172.0 -172.0 -172.0 -172.0 -172.0 -172.0 -172.0 -172.0 -172.0 -172.0 -172.0 -172.0 -172.0 -172.0 -172.0 -172.0 -172.0 -172.0 -172.0 -172.0 -172.0 -172.0 -172.0 -172.0 -172.0 -172.0 -172.0 -172.0 -172.0 -172.0 -172.0 -172.0
-91.0 -91.0 -91.0 -91.0 -91.0 -91.0 -91.0 -91.0 -91.0 -91.0 -91.0 -91.0 -91.0 -91.0 -91.0 -91.0 -91.0 -91.0 -91.0 -91.0 -91.0 -91.0 -91.0 -91.0 -91.0 -91.0 -91.0 -91.0 -91.0 -91.0 -91.0 -91.0 -91.0 -91.0 -91.0 -91.0 -91.0 -91.0 -91.0 -91.0 -91.0 -91.0 -91.0 -91.0 -91.0 -91.0 -91.0 -91.0 -91.0 -91.0 -91.0 -91.0 -91.0 -91.0 -91.0 -91.0 -91.0 -91.0 -91.0 -91.0
-91.0 -91.0 -91.0 -91.0 -91.0 -91.0 -91.0 -91.0 -91.0 -91.0 -91.0 -91.0 -91.0 -91.0 -91.0 -91.0 -91.0 -91.0 -91.0 -91.0 -91.0 -91.0 -91.0 -91.0 -91.0 -91.0 -91.0 -91.0 -91.0 -91.0 -91.0 -91.0 -91.0 -91.0 -91.0 -91.0 -91.0 -91.0 -91.0 -91.0 -91.0 -91.0 -91.0 -91.0 -91.0 -91.0 -91.0 -91.0 -91.0 -91.0 -91.0 -91.0 -91.0 -91.0 -91.0 -91.0 -91.0 -91.0 -91.0 -91.0
-91.0 -91.0 -91.0 -91.0 -91.0 -91.0 -91.0 -91.0 -91.0 -91.0 -91.0 -91.0 -91.0 -91.0 -91.0 -91.0 -91.0 -91.0 -91.0 -91.0 -91.0 -91.0 -91.0 -91.0 -91.0 -91.0 -91.0 -91.0 -91.0 -91.0 -91.0 -91.0 -91.0 -91.0 -91.0 -94.0 -99.0 -105.0 -110.0 -113.0 -113.0 -113.0 -113.0 -113.0 -113.0 -113.0 -113.0 -113.0 -113.0 -113.0 -113.0 -113.0 -113.0 -113.0 -113.0 -113.0 -113.0 -113.0 -113.0 -113.0
-83.0 -83.0 -83.0 -83.0 -83.0 -83.0 -83.0 -83.0 -83.0 -83.0 -83.0 -83.0 -83.0 -83.0 -83.0 -83.0 -83.0 -83.0 -83.0 -83.0 -83.0 -83.0 -83.0 -83.0 -83.0 -83.0 -83.0 -83.0 -83.0 -83.0 -83.0 -83.0 -83.0 -83.0 -83.0 -83.0 -83.0 -83.0 -83.0 -83.0 -83.0 -83.0 -83.0 -83.0 -83.0 -83.0 -83.0 -83.0 -83.0 -83.0 -83.0 -83.0 -83.0 -83.0 -83.0 -83.0 -83.0 -83.0 -83.0 -83.0
-83.0 -83.0 -83.0 -83.0 -83.0 -83.0 -83.0 -83.0 -83.0 -83.0 -83.0 -83.0 -83.0 -83.0 -83.0 -83.0 -83.0 -83.0 -83.0 -83.0 -83.0 -83.0 -83.0 -83.0 -83.0 -83.0 -83.0 -83.0 -83.0 -83.0 -85.0 -98.0 -122.0 -140.0 -154.0 -157.0 -157.0 -157.0 -157.0 -157.0 -157.0 -157.0 -157.0 -157.0 -157.0 -157.0 -157.0 -157.0 -157.0 -157.0 -157.0 -157.0 -157.0 -157.0 -157.0 -157.0 -157.0 -157.0 -157.0 -157.0
-82.0 -82.0 -82.0 -82.0 -82.0 -82.0 -82.0 -82.0 -82.0 -82.0 -82.0 -82.0 -82.0 -82.0 -82.0 -82.0 -82.0 -82.0 -82.0 -82.0 -82.0 -82.0 -82.0 -82.0 -82.0 -82.0 -82.0 -82.0 -82.0 -82.0 -82.0 -82.0 -82.0 -82.0 -82.0 -82.0 -82.0 -82.0 -82.0 -82.0 -82.0 -82.0 -82.0 -82.0 -82.0 -82.0 -82.0 -82.0 -82.0 -82.0 -82.0 -82.0 -82.0 -82.0 -82.0 -82.0 -82.0 -82.0 -82.0 -82.0
