332.0 300.0 281.0 248.0 258.0 259.0 265.0 310.0 322.0 295.0 278.0 258.0 261.0 277.0 299.0 295.0 313.0 351.0 383.0 427.0 392.0 408.0 367.0 354.0 324.0 366.0 390.0 323.0 283.0 243.0 308.0 317.0 348.0 314.0 310.0 322.0 298.0 312.0 329.0 280.0 341.0 361.0 332.0 308.0 286.0 287.0 310.0 315.0 307.0
359.0 380.0 291.0 288.0 302.0 296.0 316.0 358.0 402.0 329.0 292.0 303.0 337.0 333.0 318.0 318.0 309.0 310.0 328.0 321.0 337.0 339.0 349.0 349.0 336.0 327.0 371.0 347.0 336.0 341.0 297.0 324.0 321.0 347.0 331.0 328.0 318.0 335.0 312.0 342.0 338.0 312.0 319.0 330.0 324.0 324.0 320.0 325.0 329.0
317.0 332.0 325.0 329.0 325.0 326.0 314.0 319.0 315.0 318.0 303.0 331.0 326.0 326.0 330.0 338.0 336.0 328.0 327.0 335.0 347.0 341.0 327.0 321.0 309.0 332.0 331.0 341.0 322.0 340.0 334.0 330.0 317.0 317.0 336.0 338.0 335.0 314.0 338.0 342.0 324.0 335.0 329.0 321.0 307.0 305.0 308.0 353.0 333.0
338.0 331.0 330.0 321.0 344.0 327.0 341.0 345.0 336.0 329.0 331.0 337.0 338.0 352.0 345.0 345.0 336.0 330.0 327.0 335.0 330.0 345.0 315.0 332.0 321.0 355.0 368.0 360.0 392.0 378.0 379.0 407.0 378.0 422.0 387.0 364.0 374.0 369.0 350.0 364.0 364.0 343.0 354.0 347.0 370.0 359.0 363.0 371.0 368.0
347.0 352.0 325.0 320.0 328.0 312.0 321.0 331.0 317.0 317.0 315.0 331.0 320.0 307.0 307.0 303.0 315.0 304.0 304.0 305.0 310.0 319.0 328.0 320.0 331.0 322.0 315.0 332.0 327.0 326.0 328.0 316.0 319.0 334.0 322.0 314.0 285.0 289.0 297.0 284.0 294.0 284.0 295.0 291.0 293.0 313.0 333.0 334.0 321.0
421.0 455.0 403.0 455.0 383.0 405.0 455.0 364.0 387.0 407.0 427.0 364.0 337.0 348.0 395.0 405.0 430.0 397.0 393.0 399.0 452.0 424.0 389.0 416.0 397.0 414.0 446.0 389.0 402.0 398.0 390.0 348.0 346.0 347.0 341.0 315.0 296.0 292.0 257.0 271.0 357.0 358.0 372.0 403.0 401.0 381.0 343.0 381.0 361.0
342.0 381.0 342.0 392.0 385.0 370.0 365.0 345.0 399.0 371.0 368.0 345.0 333.0 407.0 361.0 383.0 341.0 386.0 411.0 345.0 369.0 97.0 432.0 472.0 360.0 360.0 363.0 406.0 381.0 374.0 389.0 332.0 360.0 341.0 362.0 351.0 353.0 343.0 332.0 321.0 269.0 266.0 323.0 392.0 435.0 435.0 411.0 401.0 350.0
365.0 364.0 355.0 353.0 379.0 363.0 408.0 378.0 358.0 404.0 412.0 385.0 414.0 258.0 415.0 475.0 369.0 371.0 421.0 390.0 424.0 393.0 394.0 427.0 417.0 417.0 362.0 339.0 418.0 360.0 382.0 359.0 348.0 376.0 348.0 381.0 367.0 400.0 349.0 364.0 354.0 368.0 356.0 344.0 381.0 362.0 336.0 341.0 385.0
358.0 393.0 376.0 376.0 357.0 366.0 358.0 351.0 349.0 373.0 365.0 382.0 263.0 475.0 355.0 385.0 391.0 335.0 362.0 367.0 391.0 400.0 353.0 363.0 379.0 344.0 352.0 355.0 330.0 340.0 360.0 325.0 353.0 336.0 353.0 345.0 389.0 369.0 350.0 369.0 354.0 358.0 374.0 407.0 382.0 400.0 354.0 402.0 361.0
343.0 328.0 363.0 338.0 328.0 350.0 322.0 323.0 333.0 29.0 453.0 378.0 342.0 361.0 362.0 342.0 363.0 358.0 333.0 363.0 365.0 362.0 369.0 348.0 354.0 368.0 362.0 338.0 351.0 374.0 345.0 363.0 335.0 355.0 346.0 332.0 334.0 312.0 323.0 345.0 302.0 307.0 329.0 348.0 312.0 356.0 344.0 336.0 325.0
329.0 348.0 312.0 356.0 344.0 336.0 325.0 356.0 331.0 347.0 23.0 171.0 475.0 475.0 475.0 475.0 423.0 396.0 370.0 362.0 351.0 360.0 347.0 383.0 356.0 390.0 375.0 360.0 390.0 383.0 390.0 402.0 347.0 399.0 388.0 388.0 390.0 384.0 367.0 374.0 360.0 389.0 366.0 375.0 372.0 372.0 417.0 356.0 375.0
396.0 390.0 367.0 377.0 379.0 375.0 375.0 394.0 371.0 393.0 414.0 49.0 475.0 427.0 419.0 366.0 359.0 387.0 416.0 370.0 421.0 408.0 375.0 387.0 399.0 343.0 390.0 348.0 374.0 365.0 354.0 351.0 366.0 361.0 359.0 337.0 356.0 346.0 324.0 321.0 355.0 274.0 346.0 357.0 397.0 444.0 418.0 385.0 358.0
419.0 438.0 403.0 430.0 376.0 397.0 418.0 381.0 369.0 425.0 370.0 386.0 340.0 316.0 328.0 439.0 419.0 434.0 402.0 479.0 447.0 339.0 269.0 335.0 384.0 358.0 398.0 396.0 425.0 401.0 384.0 382.0 399.0 385.0 363.0 389.0 450.0 427.0 421.0 426.0 408.0 410.0 405.0 465.0 454.0 387.0 397.0 387.0 385.0
416.0 394.0 412.0 393.0 388.0 378.0 353.0 328.0 420.0 466.0 391.0 350.0 376.0 324.0 425.0 264.0 241.0 350.0 380.0 366.0 346.0 372.0 392.0 361.0 361.0 386.0 376.0 359.0 377.0 403.0 395.0 422.0 401.0 388.0 382.0 392.0 380.0 460.0 449.0 443.0 390.0 381.0 387.0 425.0 384.0 413.0 471.0 453.0 436.0
401.0 449.0 383.0 432.0 409.0 476.0 475.0 438.0 431.0 421.0 406.0 429.0 297.0 352.0 399.0 496.0 496.0 496.0 439.0 481.0 496.0 430.0 383.0 340.0 365.0 431.0 409.0 389.0 356.0 388.0 426.0 457.0 474.0 406.0 377.0 411.0 407.0 427.0 452.0 428.0 413.0 434.0 430.0 480.0 340.0 454.0 434.0 386.0 403.0
396.0 439.0 459.0 392.0 479.0 462.0 439.0 433.0 425.0 379.0 441.0 474.0 347.0 493.0 497.0 446.0 390.0 404.0 453.0 424.0 440.0 419.0 448.0 497.0 497.0 470.0 386.0 497.0 425.0 398.0 493.0 369.0 498.0 460.0 411.0 433.0 408.0 372.0 408.0 467.0 428.0 435.0 419.0 413.0 478.0 443.0 448.0 443.0 398.0
467.0 404.0 451.0 449.0 440.0 391.0 397.0 424.0 430.0 402.0 417.0 403.0 500.0 500.0 350.0 372.0 414.0 407.0 431.0 404.0 394.0 424.0 421.0 383.0 404.0 424.0 429.0 449.0 376.0 457.0 437.0 383.0 338.0 427.0 465.0 419.0 398.0 432.0 412.0 400.0 418.0 403.0 390.0 390.0 391.0 396.0 387.0 399.0 411.0
396.0 387.0 399.0 411.0 400.0 394.0 379.0 381.0 378.0 389.0 417.0 407.0 414.0 454.0 408.0 398.0 500.0 498.0 388.0 386.0 433.0 475.0 496.0 465.0 456.0 460.0 465.0 460.0 442.0 454.0 473.0 402.0 445.0 445.0 415.0 447.0 411.0 401.0 454.0 429.0 448.0 388.0 417.0 466.0 478.0 424.0 445.0 407.0 439.0
332.0 335.0 308.0 325.0 304.0 322.0 303.0 313.0 307.0 292.0 288.0 475.0 285.0 326.0 313.0 335.0 295.0 245.0 226.0 252.0 201.0 243.0 256.0 242.0 242.0 260.0 272.0 267.0 277.0 317.0 299.0 311.0 291.0 311.0 321.0 301.0 316.0 299.0 318.0 321.0 304.0 312.0 294.0 312.0 332.0 329.0 314.0 301.0 313.0
317.0 300.0 292.0 320.0 326.0 331.0 343.0 322.0 380.0 385.0 373.0 355.0 390.0 354.0 346.0 15.0 475.0 475.0 475.0 450.0 341.0 403.0 321.0 314.0 280.0 331.0 355.0 316.0 337.0 334.0 318.0 326.0 296.0 338.0 311.0 318.0 328.0 330.0 343.0 308.0 292.0 288.0 270.0 284.0 279.0 285.0 291.0 318.0 311.0
301.0 291.0 288.0 332.0 328.0 315.0 309.0 316.0 317.0 328.0 324.0 328.0 282.0 290.0 15.0 276.0 384.0 366.0 344.0 292.0 322.0 327.0 281.0 305.0 319.0 336.0 321.0 320.0 311.0 339.0 318.0 332.0 322.0 326.0 316.0 304.0 289.0 327.0 339.0 289.0 324.0 316.0 313.0 327.0 307.0 323.0 318.0 314.0 311.0
346.0 332.0 341.0 324.0 309.0 292.0 309.0 309.0 314.0 307.0 291.0 282.0 316.0 333.0 331.0 308.0 43.0 382.0 406.0 322.0 322.0 361.0 307.0 309.0 287.0 281.0 285.0 308.0 315.0 314.0 315.0 316.0 317.0 325.0 331.0 324.0 354.0 354.0 328.0 352.0 330.0 322.0 386.0 309.0 325.0 323.0 327.0 327.0 328.0
327.0 330.0 345.0 342.0 356.0 353.0 372.0 337.0 371.0 396.0 375.0 368.0 379.0 345.0 15.0 406.0 459.0 403.0 404.0 375.0 410.0 355.0 381.0 358.0 348.0 341.0 321.0 325.0 367.0 335.0 336.0 356.0 350.0 329.0 312.0 319.0 314.0 312.0 350.0 358.0 353.0 365.0 331.0 361.0 342.0 343.0 377.0 398.0 363.0
331.0 292.0 322.0 283.0 331.0 349.0 303.0 284.0 306.0 307.0 306.0 301.0 303.0 15.0 468.0 453.0 309.0 227.0 258.0 322.0 312.0 298.0 248.0 253.0 282.0 299.0 277.0 301.0 229.0 274.0 262.0 263.0 299.0 240.0 241.0 293.0 275.0 313.0 294.0 317.0 277.0 264.0 304.0 274.0 305.0 306.0 265.0 265.0 293.0
286.0 314.0 308.0 317.0 285.0 305.0 279.0 297.0 297.0 321.0 288.0 316.0 304.0 310.0 294.0 232.0 299.0 316.0 336.0 346.0 352.0 343.0 303.0 326.0 282.0 332.0 298.0 298.0 287.0 287.0 313.0 296.0 287.0 282.0 293.0 299.0 289.0 315.0 301.0 320.0 311.0 305.0 296.0 312.0 281.0 299.0 292.0 306.0 276.0
292.0 289.0 296.0 291.0 286.0 278.0 282.0 309.0 283.0 286.0 313.0 308.0 309.0 283.0 273.0 315.0 286.0 296.0 129.0 188.0 336.0 277.0 337.0 349.0 340.0 310.0 318.0 296.0 285.0 289.0 286.0 300.0 289.0 264.0 279.0 286.0 273.0 302.0 318.0 293.0 288.0 296.0 306.0 301.0 287.0 281.0 316.0 293.0 293.0
296.0 280.0 319.0 290.0 294.0 314.0 298.0 316.0 309.0 300.0 314.0 298.0 323.0 319.0 296.0 302.0 312.0 313.0 59.0 236.0 265.0 449.0 408.0 438.0 377.0 375.0 327.0 310.0 306.0 307.0 295.0 313.0 289.0 311.0 328.0 309.0 317.0 302.0 296.0 317.0 314.0 309.0 314.0 311.0 282.0 309.0 283.0 280.0 299.0
279.0 307.0 306.0 316.0 307.0 295.0 291.0 301.0 290.0 296.0 89.0 244.0 386.0 312.0 305.0 309.0 323.0 295.0 300.0 296.0 322.0 327.0 320.0 301.0 289.0 314.0 301.0 317.0 288.0 295.0 283.0 293.0 291.0 283.0 282.0 301.0 301.0 309.0 304.0 307.0 304.0 316.0 304.0 291.0 295.0 311.0 300.0 334.0 310.0
318.0 302.0 315.0 328.0 314.0 341.0 310.0 313.0 312.0 308.0 330.0 307.0 308.0 72.0 219.0 339.0 347.0 319.0 336.0 340.0 321.0 300.0 289.0 314.0 282.0 288.0 320.0 284.0 297.0 270.0 288.0 301.0 286.0 285.0 297.0 288.0 308.0 275.0 326.0 297.0 295.0 284.0 277.0 281.0 303.0 290.0 305.0 320.0 289.0
282.0 291.0 300.0 310.0 323.0 302.0 316.0 314.0 321.0 299.0 305.0 308.0 336.0 293.0 303.0 326.0 334.0 297.0 320.0 67.0 245.0 445.0 475.0 392.0 333.0 292.0 293.0 290.0 320.0 311.0 297.0 301.0 297.0 290.0 310.0 300.0 309.0 305.0 313.0 306.0 298.0 300.0 324.0 324.0 300.0 313.0 295.0 313.0 307.0
308.0 329.0 340.0 313.0 290.0 288.0 291.0 315.0 349.0 333.0 347.0 337.0 343.0 337.0 340.0 309.0 290.0 295.0 326.0 319.0 332.0 337.0 323.0 304.0 300.0 336.0 321.0 338.0 340.0 300.0 83.0 141.0 236.0 96.0 265.0 61.0 176.0 276.0 339.0 343.0 283.0 355.0 280.0 269.0 327.0 326.0 370.0 390.0 314.0
312.0 325.0 318.0 331.0 334.0 379.0 362.0 323.0 309.0 317.0 308.0 328.0 340.0 338.0 359.0 346.0 330.0 319.0 333.0 324.0 318.0 329.0 237.0 64.0 158.0 224.0 95.0 220.0 321.0 349.0 389.0 339.0 354.0 373.0 291.0 321.0 303.0 314.0 336.0 338.0 317.0 333.0 319.0 318.0 335.0 332.0 334.0 334.0 330.0
366.0 379.0 380.0 408.0 407.0 421.0 400.0 402.0 370.0 380.0 388.0 380.0 396.0 392.0 391.0 394.0 375.0 374.0 371.0 194.0 32.0 24.0 25.0 96.0 218.0 154.0 346.0 396.0 418.0 405.0 333.0 348.0 332.0 297.0 363.0 280.0 299.0 341.0 373.0 329.0 351.0 357.0 365.0 358.0 381.0 364.0 326.0 344.0 363.0
333.0 324.0 327.0 342.0 358.0 342.0 338.0 362.0 337.0 377.0 364.0 370.0 362.0 373.0 370.0 368.0 349.0 347.0 364.0 353.0 364.0 344.0 337.0 331.0 351.0 344.0 355.0 352.0 353.0 372.0 169.0 207.0 348.0 474.0 474.0 451.0 334.0 227.0 474.0 474.0 474.0 433.0 375.0 379.0 342.0 330.0 353.0 350.0 399.0
363.0 328.0 352.0 369.0 356.0 343.0 338.0 325.0 347.0 338.0 323.0 324.0 313.0 316.0 328.0 326.0 352.0 337.0 346.0 342.0 317.0 349.0 436.0 342.0 475.0 475.0 475.0 452.0 455.0 439.0 441.0 414.0 414.0 381.0 366.0 351.0 404.0 332.0 372.0 353.0 331.0 340.0 335.0 330.0 371.0 355.0 345.0 304.0 346.0
373.0 376.0 379.0 393.0 363.0 375.0 372.0 372.0 389.0 389.0 390.0 396.0 368.0 369.0 378.0 363.0 372.0 363.0 364.0 385.0 383.0 374.0 378.0 347.0 332.0 255.0 303.0 303.0 286.0 285.0 376.0 412.0 449.0 380.0 398.0 351.0 341.0 371.0 360.0 352.0 364.0 350.0 353.0 339.0 379.0 363.0 345.0 361.0 378.0
333.0 321.0 322.0 314.0 328.0 327.0 332.0 328.0 315.0 315.0 317.0 304.0 319.0 310.0 344.0 174.0 230.0 352.0 282.0 392.0 341.0 407.0 407.0 451.0 440.0 395.0 365.0 364.0 372.0 362.0 362.0 352.0 357.0 360.0 328.0 334.0 355.0 369.0 346.0 340.0 320.0 317.0 306.0 325.0 331.0 345.0 338.0 335.0 340.0
331.0 327.0 332.0 322.0 331.0 330.0 324.0 342.0 342.0 338.0 346.0 338.0 321.0 323.0 319.0 334.0 337.0 445.0 454.0 454.0 216.0 416.0 454.0 379.0 404.0 346.0 450.0 442.0 432.0 354.0 340.0 345.0 292.0 315.0 327.0 309.0 306.0 280.0 307.0 326.0 315.0 313.0 280.0 364.0 332.0 298.0 286.0 287.0 294.0
324.0 348.0 351.0 357.0 373.0 352.0 345.0 332.0 327.0 336.0 329.0 315.0 326.0 346.0 336.0 306.0 305.0 318.0 459.0 326.0 319.0 373.0 304.0 313.0 333.0 327.0 313.0 319.0 320.0 315.0 319.0 325.0 311.0 329.0 331.0 344.0 309.0 324.0 312.0 303.0 315.0 307.0 291.0 311.0 340.0 344.0 330.0 321.0 327.0
308.0 307.0 309.0 315.0 331.0 349.0 348.0 338.0 323.0 327.0 306.0 305.0 322.0 312.0 304.0 297.0 315.0 275.0 335.0 254.0 317.0 348.0 323.0 311.0 289.0 318.0 310.0 284.0 302.0 307.0 314.0 310.0 336.0 341.0 323.0 305.0 289.0 304.0 327.0 321.0 323.0 346.0 347.0 397.0 414.0 386.0 365.0 321.0 271.0
334.0 324.0 320.0 325.0 322.0 318.0 317.0 306.0 324.0 329.0 315.0 329.0 342.0 354.0 466.0 458.0 324.0 376.0 272.0 466.0 466.0 367.0 329.0 332.0 355.0 347.0 368.0 336.0 342.0 345.0 337.0 348.0 357.0 369.0 349.0 339.0 342.0 338.0 314.0 330.0 335.0 335.0 332.0 329.0 326.0 322.0 335.0 311.0 322.0
292.0 274.0 275.0 307.0 317.0 322.0 277.0 331.0 344.0 330.0 322.0 334.0 292.0 290.0 311.0 342.0 475.0 475.0 288.0 196.0 272.0 310.0 362.0 384.0 373.0 360.0 340.0 381.0 358.0 353.0 365.0 353.0 357.0 321.0 330.0 363.0 376.0 356.0 359.0 336.0 352.0 352.0 362.0 377.0 363.0 333.0 416.0 424.0 365.0
340.0 365.0 375.0 320.0 323.0 357.0 355.0 346.0 347.0 326.0 363.0 349.0 335.0 327.0 341.0 338.0 317.0 337.0 334.0 345.0 361.0 451.0 441.0 402.0 362.0 251.0 337.0 320.0 366.0 326.0 335.0 371.0 363.0 330.0 330.0 310.0 335.0 356.0 355.0 381.0 355.0 365.0 370.0 342.0 335.0 338.0 333.0 332.0 315.0
323.0 341.0 337.0 343.0 338.0 333.0 343.0 353.0 336.0 339.0 346.0 349.0 355.0 366.0 342.0 339.0 351.0 347.0 335.0 345.0 360.0 339.0 353.0 405.0 186.0 379.0 360.0 366.0 344.0 357.0 382.0 367.0 352.0 356.0 346.0 350.0 333.0 357.0 371.0 370.0 356.0 380.0 395.0 389.0 368.0 381.0 380.0 392.0 360.0
340.0 345.0 341.0 337.0 349.0 350.0 341.0 359.0 344.0 349.0 338.0 340.0 334.0 337.0 348.0 335.0 322.0 340.0 337.0 333.0 338.0 331.0 348.0 342.0 330.0 346.0 345.0 350.0 314.0 463.0 409.0 284.0 463.0 463.0 463.0 346.0 399.0 427.0 463.0 421.0 347.0 385.0 385.0 387.0 355.0 364.0 330.0 336.0 340.0
351.0 360.0 344.0 352.0 341.0 352.0 357.0 338.0 355.0 356.0 361.0 358.0 361.0 353.0 359.0 363.0 146.0 403.0 468.0 294.0 468.0 399.0 468.0 468.0 468.0 345.0 370.0 468.0 468.0 407.0 405.0 361.0 383.0 389.0 366.0 364.0 407.0 400.0 408.0 419.0 389.0 372.0 369.0 371.0 365.0 374.0 372.0 375.0 371.0
405.0 403.0 389.0 377.0 393.0 401.0 374.0 380.0 381.0 359.0 350.0 344.0 361.0 372.0 380.0 396.0 382.0 379.0 379.0 370.0 380.0 394.0 359.0 373.0 378.0 253.0 454.0 155.0 402.0 464.0 409.0 328.0 378.0 391.0 384.0 439.0 366.0 359.0 406.0 415.0 330.0 346.0 357.0 342.0 358.0 361.0 380.0 371.0 368.0
386.0 400.0 377.0 386.0 402.0 380.0 384.0 369.0 381.0 365.0 371.0 366.0 405.0 390.0 372.0 380.0 390.0 377.0 376.0 337.0 353.0 380.0 373.0 373.0 382.0 328.0 284.0 344.0 276.0 369.0 360.0 424.0 382.0 376.0 425.0 364.0 344.0 380.0 353.0 362.0 396.0 358.0 361.0 374.0 350.0 387.0 406.0 396.0 378.0
