2140.0 2150.0 2170.0 2170.0 2200.0 2200.0 2220.0 2240.0 2240.0 2260.0 2270.0 2290.0 2310.0 2310.0 2340.0 2380.0 2390.0 2420.0 2420.0 2440.0 2430.0 2450.0 2480.0 2480.0 2500.0 2500.0 2520.0 2540.0 2550.0 2570.0 2570.0 2600.0 2600.0 2620.0 2640.0 2630.0 2650.0 2670.0 2670.0 2690.0 2700.0 2720.0 2720.0 2740.0 2740.0 2760.0 2770.0 2770.0 2790.0 2790.0 2810.0 2830.0 2830.0 2850.0
2830.0 2830.0 2850.0 2850.0 2870.0 2860.0 2880.0 2890.0 2880.0 2900.0 2900.0 2930.0 2950.0 2940.0 2950.0 2950.0 2970.0 2990.0 3000.0 3010.0 3020.0 3030.0 3020.0 3020.0 3020.0 3030.0 3040.0 3040.0 3050.0 3050.0 3070.0 3080.0 3080.0 3090.0 3090.0 3110.0 3110.0 3130.0 3140.0 3150.0 3170.0 3180.0 3190.0 3210.0 3210.0 3220.0 3250.0 3250.0 3270.0 3270.0 3280.0 3290.0 3280.0 3290.0
3480.0 3470.0 3460.0 3460.0 3460.0 3450.0 3450.0 3450.0 3450.0 3450.0 3450.0 3450.0 3440.0 3440.0 3440.0 3440.0 3440.0 3440.0 3440.0 3440.0 3440.0 3440.0 3450.0 3450.0 3450.0 3450.0 3450.0 3460.0 3460.0 3460.0 3460.0 3460.0 3460.0 3460.0 3470.0 3470.0 3470.0 3470.0 3470.0 3480.0 3490.0 3490.0 3500.0 3500.0 3510.0 3510.0 3510.0 3500.0 3500.0 3490.0 3480.0 3480.0 3480.0 3470.0
3480.0 3480.0 3470.0 3480.0 3470.0 3470.0 3470.0 3470.0 3470.0 3470.0 3470.0 3470.0 3460.0 3460.0 3460.0 3460.0 3470.0 3470.0 3480.0 3480.0 3480.0 3490.0 3500.0 3500.0 3510.0 3510.0 3500.0 3500.0 3500.0 3500.0 3500.0 3500.0 3490.0 3480.0 3470.0 3460.0 3460.0 3460.0 3460.0 3460.0 3450.0 3450.0 3450.0 3450.0 3450.0 3440.0 3420.0 3420.0 3410.0 3410.0 3400.0 3400.0 3390.0 3390.0
3420.0 3430.0 3440.0 3450.0 3460.0 3460.0 3460.0 3460.0 3460.0 3450.0 3450.0 3440.0 3440.0 3440.0 3440.0 3440.0 3440.0 3430.0 3420.0 3420.0 3420.0 3420.0 3420.0 3420.0 3410.0 3410.0 3420.0 3420.0 3420.0 3420.0 3420.0 3430.0 3430.0 3430.0 3430.0 3440.0 3440.0 3440.0 3440.0 3440.0 3440.0 3430.0 3430.0 3430.0 3430.0 3430.0 3430.0 3440.0 3440.0 3440.0 3450.0 3450.0 3450.0 3450.0
8270.0 8260.0 8250.0 8260.0 8260.0 8260.0 8260.0 8260.0 8240.0 8240.0 8230.0 8230.0 8240.0 8240.0 8250.0 8260.0 8270.0 8280.0 8300.0 8300.0 8320.0 8340.0 8370.0 8370.0 8400.0 8410.0 8410.0 8420.0 8430.0 8430.0 8450.0 8450.0 8470.0 8500.0 8520.0 8550.0 8580.0 8590.0 8610.0 8630.0 8630.0 8650.0 8670.0 8690.0 8700.0 8710.0 8720.0 8730.0 8740.0 8740.0 8760.0 8780.0 8780.0 8800.0
1810.0 1820.0 1810.0 1820.0 1820.0 1820.0 1830.0 1830.0 1840.0 1850.0 1840.0 1850.0 1860.0 1860.0 1870.0 1880.0 1880.0 1890.0 1900.0 1910.0 1920.0 1940.0 1970.0 1970.0 1990.0 2010.0 2030.0 2030.0 2040.0 2060.0 2070.0 2080.0 2090.0 2080.0 2080.0 2080.0 2070.0 2020.0 2000.0 1990.0 1970.0 1940.0 1890.0 1830.0 1790.0 1760.0 1740.0 1740.0 1760.0 1770.0 1770.0 1780.0 1790.0 1800.0
350.0 350.0 350.0 350.0 350.0 350.0 350.0 340.0 340.0 340.0 340.0 340.0 350.0 360.0 380.0 390.0 390.0 400.0 400.0 390.0 380.0 380.0 370.0 370.0 370.0 360.0 360.0 360.0 360.0 350.0 350.0 350.0 340.0 340.0 340.0 340.0 340.0 340.0 340.0 340.0 340.0 340.0 340.0 340.0 350.0 350.0 350.0 350.0 350.0 350.0 350.0 360.0 360.0 360.0
360.0 360.0 360.0 360.0 350.0 350.0 350.0 350.0 340.0 340.0 340.0 340.0 360.0 340.0 320.0 350.0 350.0 350.0 340.0 340.0 340.0 340.0 340.0 370.0 380.0 400.0 400.0 420.0 420.0 430.0 430.0 430.0 420.0 410.0 410.0 400.0 390.0 380.0 370.0 360.0 360.0 350.0 340.0 340.0 330.0 320.0 320.0 320.0 320.0 320.0 320.0 320.0 320.0 320.0
330.0 330.0 330.0 330.0 330.0 340.0 340.0 340.0 340.0 350.0 350.0 350.0 350.0 360.0 270.0 270.0 280.0 290.0 300.0 310.0 320.0 330.0 330.0 340.0 340.0 340.0 340.0 340.0 340.0 340.0 330.0 330.0 330.0 330.0 330.0 330.0 330.0 330.0 330.0 330.0 330.0 320.0 320.0 320.0 320.0 320.0 320.0 320.0 320.0 320.0 330.0 330.0 330.0 330.0
320.0 320.0 320.0 330.0 330.0 330.0 330.0 330.0 330.0 330.0 330.0 330.0 330.0 350.0 330.0 290.0 240.0 230.0 230.0 240.0 260.0 280.0 290.0 300.0 300.0 310.0 310.0 310.0 310.0 310.0 310.0 310.0 310.0 310.0 310.0 310.0 310.0 310.0 310.0 310.0 310.0 310.0 320.0 320.0 330.0 330.0 330.0 330.0 330.0 330.0 330.0 330.0 330.0 330.0
340.0 340.0 340.0 340.0 340.0 340.0 340.0 340.0 340.0 340.0 340.0 350.0 350.0 370.0 310.0 250.0 250.0 250.0 260.0 270.0 280.0 280.0 290.0 290.0 290.0 300.0 300.0 300.0 300.0 310.0 310.0 310.0 320.0 320.0 320.0 330.0 330.0 330.0 340.0 340.0 340.0 330.0 320.0 290.0 260.0 220.0 160.0 110.0 90.0 80.0 90.0 110.0 120.0 120.0
7830.0 7830.0 7830.0 7830.0 7830.0 7830.0 7820.0 7820.0 7820.0 7810.0 7810.0 7800.0 7790.0 7780.0 7770.0 7770.0 7760.0 7770.0 7780.0 7780.0 7810.0 7820.0 7810.0 7820.0 7820.0 7810.0 7790.0 7780.0 7770.0 7770.0 7770.0 7780.0 7780.0 7790.0 7800.0 7800.0 7810.0 7800.0 7800.0 7800.0 7810.0 7820.0 7820.0 7820.0 7820.0 7810.0 7810.0 7810.0 7810.0 7800.0 7780.0 7770.0 7770.0 7770.0
7780.0 7790.0 7800.0 7800.0 7800.0 7800.0 7800.0 7800.0 7800.0 7800.0 7810.0 7820.0 7840.0 7850.0 7840.0 7840.0 7840.0 7830.0 7830.0 7810.0 7810.0 7800.0 7790.0 7790.0 7790.0 7790.0 7800.0 7810.0 7810.0 7810.0 7810.0 7800.0 7810.0 7810.0 7800.0 7790.0 7780.0 7780.0 7780.0 7790.0 7790.0 7800.0 7810.0 7810.0 7810.0 7800.0 7790.0 7770.0 7760.0 7770.0 7780.0 7800.0 7830.0 7840.0
7850.0 7850.0 7840.0 7840.0 7830.0 7810.0 7790.0 7790.0 7790.0 7800.0 7800.0 7800.0 7790.0 7790.0 7760.0 7720.0 7660.0 7620.0 7590.0 7540.0 7530.0 7540.0 7560.0 7580.0 7600.0 7600.0 7610.0 7610.0 7620.0 7620.0 7620.0 7620.0 7630.0 7640.0 7650.0 7670.0 7680.0 7680.0 7690.0 7690.0 7700.0 7710.0 7720.0 7730.0 7740.0 7740.0 7740.0 7730.0 7720.0 7710.0 7710.0 7700.0 7700.0 7710.0
7710.0 7700.0 7690.0 7690.0 7690.0 7690.0 7690.0 7700.0 7700.0 7700.0 7700.0 7700.0 7700.0 7700.0 7690.0 7680.0 7670.0 7680.0 7680.0 7670.0 7660.0 7670.0 7680.0 7680.0 7670.0 7670.0 7670.0 7680.0 7690.0 7700.0 7710.0 7710.0 7720.0 7720.0 7730.0 7740.0 7750.0 7760.0 7770.0 7780.0 7770.0 7760.0 7760.0 7750.0 7750.0 7750.0 7740.0 7730.0 7730.0 7740.0 7750.0 7760.0 7760.0 7760.0
7770.0 7760.0 7760.0 7750.0 7740.0 7730.0 7720.0 7720.0 7710.0 7710.0 7710.0 7720.0 7700.0 7650.0 7620.0 7610.0 7600.0 7590.0 7580.0 7580.0 7580.0 7580.0 7580.0 7590.0 7600.0 7600.0 7610.0 7610.0 7610.0 7610.0 7610.0 7620.0 7630.0 7650.0 7660.0 7680.0 7700.0 7710.0 7710.0 7720.0 7720.0 7720.0 7720.0 7720.0 7720.0 7720.0 7730.0 7730.0 7730.0 7720.0 7720.0 7720.0 7720.0 7730.0
7720.0 7730.0 7730.0 7730.0 7720.0 7720.0 7720.0 7720.0 7730.0 7730.0 7730.0 7720.0 7720.0 7710.0 7710.0 7710.0 7720.0 7740.0 7730.0 7720.0 7730.0 7720.0 7720.0 7710.0 7710.0 7720.0 7720.0 7730.0 7750.0 7760.0 7770.0 7780.0 7790.0 7800.0 7810.0 7820.0 7820.0 7820.0 7820.0 7810.0 7810.0 7810.0 7810.0 7810.0 7800.0 7800.0 7790.0 7780.0 7780.0 7780.0 7770.0 7770.0 7770.0 7760.0
-520.0 -530.0 -530.0 -530.0 -540.0 -550.0 -550.0 -560.0 -570.0 -590.0 -600.0 -600.0 -630.0 -640.0 -630.0 -630.0 -630.0 -650.0 -670.0 -690.0 -700.0 -710.0 -720.0 -720.0 -720.0 -730.0 -740.0 -760.0 -760.0 -770.0 -780.0 -790.0 -800.0 -810.0 -830.0 -830.0 -840.0 -840.0 -840.0 -840.0 -840.0 -840.0 -850.0 -860.0 -860.0 -880.0 -880.0 -900.0 -910.0 -910.0 -910.0 -910.0 -910.0 -900.0
-1010.0 -1020.0 -1010.0 -1020.0 -1030.0 -1030.0 -1030.0 -1040.0 -1040.0 -1050.0 -1060.0 -1060.0 -1070.0 -1080.0 -1080.0 -1090.0 -1080.0 -1110.0 -1150.0 -1160.0 -1170.0 -1170.0 -1160.0 -1140.0 -1120.0 -1120.0 -1120.0 -1140.0 -1150.0 -1170.0 -1190.0 -1200.0 -1210.0 -1220.0 -1230.0 -1230.0 -1240.0 -1240.0 -1250.0 -1250.0 -1260.0 -1260.0 -1260.0 -1260.0 -1260.0 -1260.0 -1260.0 -1260.0 -1260.0 -1270.0 -1270.0 -1270.0 -1270.0 -1260.0
-1450.0 -1450.0 -1450.0 -1450.0 -1450.0 -1450.0 -1450.0 -1450.0 -1450.0 -1450.0 -1450.0 -1440.0 -1440.0 -1430.0 -1430.0 -1410.0 -1410.0 -1400.0 -1400.0 -1400.0 -1410.0 -1400.0 -1400.0 -1380.0 -1380.0 -1380.0 -1370.0 -1370.0 -1370.0 -1370.0 -1370.0 -1370.0 -1370.0 -1380.0 -1380.0 -1380.0 -1390.0 -1390.0 -1390.0 -1380.0 -1380.0 -1380.0 -1380.0 -1390.0 -1380.0 -1380.0 -1390.0 -1390.0 -1390.0 -1390.0 -1390.0 -1390.0 -1390.0 -1390.0
-2400.0 -2410.0 -2410.0 -2410.0 -2420.0 -2410.0 -2410.0 -2410.0 -2410.0 -2410.0 -2410.0 -2410.0 -2410.0 -2410.0 -2410.0 -2400.0 -2390.0 -2390.0 -2390.0 -2390.0 -2390.0 -2390.0 -2390.0 -2390.0 -2390.0 -2390.0 -2400.0 -2400.0 -2400.0 -2410.0 -2410.0 -2410.0 -2410.0 -2410.0 -2410.0 -2400.0 -2400.0 -2390.0 -2390.0 -2390.0 -2390.0 -2390.0 -2400.0 -2400.0 -2400.0 -2410.0 -2410.0 -2410.0 -2430.0 -2460.0 -2480.0 -2490.0 -2500.0 -2500.0
-3030.0 -3040.0 -3040.0 -3050.0 -3060.0 -3070.0 -3070.0 -3080.0 -3090.0 -3100.0 -3120.0 -3130.0 -3140.0 -3140.0 -3140.0 -3140.0 -3140.0 -3150.0 -3150.0 -3160.0 -3160.0 -3160.0 -3170.0 -3170.0 -3190.0 -3190.0 -3210.0 -3230.0 -3230.0 -3250.0 -3260.0 -3270.0 -3280.0 -3280.0 -3290.0 -3290.0 -3290.0 -3290.0 -3300.0 -3300.0 -3300.0 -3300.0 -3290.0 -3290.0 -3290.0 -3290.0 -3290.0 -3280.0 -3280.0 -3280.0 -3280.0 -3280.0 -3280.0 -3280.0
-1490.0 -1490.0 -1490.0 -1480.0 -1470.0 -1460.0 -1440.0 -1430.0 -1420.0 -1400.0 -1390.0 -1380.0 -1380.0 -1370.0 -1360.0 -1400.0 -1420.0 -1400.0 -1380.0 -1370.0 -1370.0 -1370.0 -1370.0 -1370.0 -1370.0 -1380.0 -1390.0 -1390.0 -1390.0 -1390.0 -1390.0 -1390.0 -1390.0 -1390.0 -1390.0 -1390.0 -1390.0 -1390.0 -1390.0 -1390.0 -1380.0 -1380.0 -1380.0 -1380.0 -1390.0 -1390.0 -1390.0 -1380.0 -1380.0 -1380.0 -1390.0 -1390.0 -1400.0 -1400.0
-410.0 -430.0 -430.0 -440.0 -450.0 -450.0 -460.0 -470.0 -480.0 -490.0 -490.0 -500.0 -500.0 -500.0 -500.0 -500.0 -470.0 -460.0 -470.0 -480.0 -480.0 -490.0 -490.0 -490.0 -500.0 -500.0 -500.0 -500.0 -510.0 -520.0 -520.0 -530.0 -530.0 -530.0 -530.0 -530.0 -530.0 -530.0 -530.0 -530.0 -530.0 -530.0 -530.0 -530.0 -540.0 -540.0 -550.0 -550.0 -560.0 -560.0 -560.0 -570.0 -570.0 -570.0
-1280.0 -1290.0 -1290.0 -1300.0 -1310.0 -1300.0 -1310.0 -1310.0 -1320.0 -1320.0 -1330.0 -1340.0 -1340.0 -1350.0 -1360.0 -1360.0 -1370.0 -1360.0 -1350.0 -1360.0 -1390.0 -1370.0 -1360.0 -1370.0 -1370.0 -1390.0 -1390.0 -1410.0 -1410.0 -1420.0 -1440.0 -1450.0 -1460.0 -1460.0 -1470.0 -1480.0 -1490.0 -1500.0 -1500.0 -1510.0 -1510.0 -1520.0 -1540.0 -1540.0 -1550.0 -1550.0 -1560.0 -1560.0 -1570.0 -1570.0 -1570.0 -1580.0 -1580.0 -1590.0
-1790.0 -1800.0 -1800.0 -1810.0 -1820.0 -1830.0 -1840.0 -1830.0 -1840.0 -1840.0 -1850.0 -1860.0 -1860.0 -1870.0 -1880.0 -1880.0 -1890.0 -1870.0 -1930.0 -1990.0 -2030.0 -2020.0 -2010.0 -2000.0 -1990.0 -1990.0 -2000.0 -2000.0 -2010.0 -2010.0 -2030.0 -2030.0 -2050.0 -2060.0 -2070.0 -2080.0 -2090.0 -2090.0 -2100.0 -2100.0 -2110.0 -2120.0 -2120.0 -2130.0 -2130.0 -2130.0 -2140.0 -2130.0 -2140.0 -2160.0 -2170.0 -2170.0 -2180.0 -2190.0
-2730.0 -2730.0 -2740.0 -2750.0 -2750.0 -2760.0 -2760.0 -2770.0 -2770.0 -2780.0 -2790.0 -2760.0 -2800.0 -2790.0 -2780.0 -2820.0 -2820.0 -2870.0 -2870.0 -2880.0 -2890.0 -2900.0 -2910.0 -2910.0 -2920.0 -2930.0 -2930.0 -2940.0 -2950.0 -2950.0 -2950.0 -2950.0 -2960.0 -2960.0 -2960.0 -2970.0 -2980.0 -2980.0 -2980.0 -2980.0 -2980.0 -2980.0 -2980.0 -2980.0 -2980.0 -2980.0 -2980.0 -2980.0 -2980.0 -2970.0 -2970.0 -2970.0 -2970.0 -2970.0
-3450.0 -3450.0 -3450.0 -3460.0 -3460.0 -3460.0 -3460.0 -3460.0 -3460.0 -3460.0 -3460.0 -3460.0 -3470.0 -3470.0 -3470.0 -3470.0 -3450.0 -3440.0 -3440.0 -3440.0 -3430.0 -3430.0 -3440.0 -3440.0 -3440.0 -3450.0 -3450.0 -3450.0 -3450.0 -3450.0 -3450.0 -3460.0 -3460.0 -3460.0 -3460.0 -3460.0 -3460.0 -3460.0 -3460.0 -3460.0 -3460.0 -3460.0 -3460.0 -3460.0 -3460.0 -3460.0 -3460.0 -3460.0 -3460.0 -3460.0 -3460.0 -3460.0 -3460.0 -3460.0
-3460.0 -3460.0 -3460.0 -3460.0 -3460.0 -3460.0 -3460.0 -3460.0 -3460.0 -3460.0 -3460.0 -3460.0 -3460.0 -3450.0 -3450.0 -3460.0 -3450.0 -3460.0 -3460.0 -3430.0 -3560.0 -3560.0 -3540.0 -3520.0 -3490.0 -3490.0 -3490.0 -3510.0 -3510.0 -3510.0 -3510.0 -3510.0 -3510.0 -3500.0 -3500.0 -3500.0 -3500.0 -3500.0 -3490.0 -3490.0 -3490.0 -3490.0 -3480.0 -3480.0 -3480.0 -3480.0 -3470.0 -3470.0 -3470.0 -3470.0 -3460.0 -3460.0 -3460.0 -3460.0
180.0 170.0 170.0 180.0 180.0 180.0 180.0 180.0 190.0 190.0 200.0 210.0 210.0 220.0 230.0 240.0 250.0 260.0 260.0 260.0 270.0 270.0 280.0 280.0 280.0 280.0 280.0 280.0 270.0 260.0 260.0 270.0 270.0 280.0 280.0 280.0 280.0 280.0 280.0 270.0 270.0 260.0 250.0 250.0 240.0 230.0 230.0 220.0 210.0 200.0 200.0 190.0 190.0 190.0
220.0 220.0 220.0 220.0 220.0 220.0 220.0 220.0 230.0 240.0 240.0 250.0 240.0 240.0 240.0 230.0 230.0 220.0 220.0 220.0 220.0 210.0 210.0 210.0 210.0 210.0 210.0 210.0 210.0 210.0 210.0 220.0 230.0 240.0 240.0 240.0 240.0 240.0 230.0 230.0 220.0 220.0 210.0 200.0 200.0 200.0 200.0 190.0 190.0 180.0 170.0 170.0 170.0 170.0
540.0 540.0 540.0 550.0 550.0 550.0 550.0 550.0 540.0 550.0 550.0 560.0 560.0 560.0 560.0 550.0 550.0 550.0 550.0 550.0 550.0 550.0 560.0 590.0 620.0 660.0 690.0 710.0 710.0 690.0 670.0 670.0 690.0 690.0 690.0 680.0 670.0 660.0 650.0 640.0 620.0 600.0 590.0 580.0 560.0 550.0 540.0 540.0 540.0 540.0 540.0 540.0 530.0 530.0
550.0 560.0 560.0 560.0 560.0 560.0 560.0 570.0 570.0 580.0 580.0 590.0 600.0 600.0 610.0 600.0 600.0 590.0 580.0 580.0 580.0 580.0 580.0 590.0 610.0 630.0 650.0 670.0 680.0 690.0 700.0 730.0 770.0 820.0 850.0 860.0 850.0 830.0 810.0 780.0 760.0 730.0 720.0 700.0 690.0 680.0 670.0 660.0 650.0 650.0 650.0 640.0 630.0 620.0
560.0 570.0 570.0 580.0 590.0 590.0 600.0 600.0 600.0 600.0 600.0 610.0 610.0 610.0 600.0 600.0 590.0 590.0 580.0 580.0 580.0 600.0 610.0 630.0 630.0 620.0 580.0 540.0 480.0 430.0 410.0 400.0 390.0 390.0 390.0 380.0 380.0 390.0 400.0 410.0 430.0 450.0 460.0 470.0 480.0 500.0 510.0 520.0 530.0 550.0 560.0 570.0 580.0 600.0
780.0 790.0 810.0 820.0 830.0 840.0 850.0 850.0 860.0 860.0 860.0 860.0 870.0 870.0 870.0 870.0 870.0 870.0 870.0 870.0 870.0 870.0 870.0 870.0 870.0 880.0 910.0 940.0 950.0 960.0 950.0 920.0 900.0 890.0 890.0 900.0 900.0 900.0 890.0 880.0 860.0 850.0 840.0 830.0 820.0 810.0 800.0 790.0 790.0 780.0 780.0 780.0 780.0 770.0
800.0 810.0 810.0 820.0 820.0 820.0 820.0 820.0 820.0 830.0 830.0 830.0 830.0 840.0 840.0 840.0 850.0 870.0 890.0 900.0 910.0 910.0 920.0 920.0 930.0 930.0 930.0 920.0 920.0 910.0 910.0 900.0 900.0 890.0 880.0 870.0 860.0 850.0 850.0 850.0 840.0 840.0 830.0 820.0 820.0 810.0 800.0 800.0 800.0 790.0 790.0 790.0 780.0 770.0
750.0 750.0 750.0 750.0 750.0 750.0 750.0 740.0 740.0 740.0 740.0 740.0 740.0 750.0 750.0 760.0 760.0 760.0 760.0 770.0 780.0 780.0 780.0 770.0 740.0 710.0 670.0 620.0 580.0 570.0 590.0 610.0 630.0 640.0 660.0 660.0 670.0 680.0 680.0 690.0 700.0 700.0 710.0 710.0 720.0 720.0 730.0 740.0 750.0 760.0 760.0 770.0 790.0 780.0
1000.0 1000.0 990.0 970.0 960.0 960.0 950.0 950.0 960.0 960.0 970.0 970.0 980.0 990.0 990.0 1000.0 1010.0 1020.0 1020.0 1030.0 1060.0 1090.0 1120.0 1110.0 1080.0 1060.0 1050.0 1050.0 1050.0 1050.0 1040.0 1030.0 1020.0 1010.0 1000.0 990.0 980.0 980.0 980.0 980.0 980.0 980.0 980.0 990.0 1000.0 1000.0 990.0 990.0 980.0 970.0 960.0 950.0 950.0 950.0
960.0 960.0 960.0 960.0 960.0 960.0 960.0 960.0 960.0 960.0 960.0 960.0 960.0 960.0 960.0 960.0 970.0 970.0 970.0 960.0 950.0 940.0 930.0 930.0 930.0 920.0 920.0 920.0 920.0 910.0 910.0 910.0 900.0 900.0 910.0 920.0 920.0 930.0 930.0 930.0 930.0 930.0 930.0 930.0 950.0 990.0 1050.0 1120.0 1190.0 1290.0 1330.0 1350.0 1350.0 1350.0
1410.0 1410.0 1400.0 1400.0 1400.0 1390.0 1390.0 1390.0 1390.0 1390.0 1380.0 1380.0 1380.0 1370.0 1370.0 1390.0 1410.0 1440.0 1480.0 1490.0 1490.0 1480.0 1450.0 1430.0 1410.0 1410.0 1410.0 1410.0 1410.0 1410.0 1410.0 1400.0 1400.0 1390.0 1390.0 1390.0 1390.0 1390.0 1390.0 1390.0 1390.0 1400.0 1400.0 1400.0 1400.0 1400.0 1410.0 1420.0 1430.0 1440.0 1450.0 1450.0 1450.0 1450.0
1350.0 1360.0 1360.0 1360.0 1350.0 1340.0 1340.0 1340.0 1340.0 1330.0 1330.0 1330.0 1330.0 1340.0 1340.0 1350.0 1340.0 1350.0 1370.0 1360.0 1350.0 1340.0 1320.0 1320.0 1310.0 1300.0 1290.0 1280.0 1280.0 1270.0 1270.0 1270.0 1280.0 1280.0 1290.0 1300.0 1300.0 1310.0 1310.0 1310.0 1310.0 1310.0 1310.0 1310.0 1310.0 1310.0 1320.0 1320.0 1320.0 1330.0 1330.0 1330.0 1330.0 1330.0
2400.0 2400.0 2410.0 2410.0 2400.0 2400.0 2400.0 2400.0 2410.0 2400.0 2410.0 2410.0 2410.0 2420.0 2420.0 2420.0 2420.0 2430.0 2430.0 2430.0 2440.0 2460.0 2480.0 2500.0 2510.0 2500.0 2470.0 2450.0 2440.0 2420.0 2420.0 2410.0 2400.0 2400.0 2390.0 2390.0 2390.0 2390.0 2390.0 2390.0 2390.0 2390.0 2390.0 2390.0 2390.0 2390.0 2400.0 2410.0 2420.0 2420.0 2420.0 2420.0 2420.0 2420.0
2550.0 2550.0 2560.0 2560.0 2560.0 2570.0 2570.0 2580.0 2580.0 2580.0 2570.0 2570.0 2570.0 2570.0 2570.0 2580.0 2580.0 2580.0 2580.0 2580.0 2590.0 2590.0 2590.0 2610.0 2630.0 2640.0 2630.0 2630.0 2620.0 2620.0 2600.0 2600.0 2590.0 2590.0 2590.0 2580.0 2570.0 2570.0 2570.0 2570.0 2560.0 2560.0 2570.0 2570.0 2570.0 2570.0 2570.0 2560.0 2560.0 2560.0 2560.0 2550.0 2550.0 2550.0
2520.0 2520.0 2520.0 2510.0 2510.0 2510.0 2500.0 2500.0 2490.0 2490.0 2480.0 2480.0 2480.0 2480.0 2480.0 2490.0 2490.0 2490.0 2500.0 2500.0 2510.0 2510.0 2520.0 2520.0 2520.0 2530.0 2530.0 2530.0 2540.0 2550.0 2560.0 2570.0 2600.0 2620.0 2630.0 2630.0 2610.0 2580.0 2570.0 2580.0 2590.0 2590.0 2590.0 2590.0 2590.0 2590.0 2580.0 2580.0 2570.0 2570.0 2560.0 2560.0 2560.0 2560.0
2540.0 2540.0 2540.0 2540.0 2540.0 2540.0 2530.0 2530.0 2530.0 2530.0 2530.0 2530.0 2530.0 2530.0 2520.0 2520.0 2520.0 2530.0 2550.0 2560.0 2560.0 2550.0 2550.0 2540.0 2540.0 2530.0 2530.0 2530.0 2530.0 2540.0 2540.0 2540.0 2530.0 2540.0 2550.0 2560.0 2570.0 2570.0 2570.0 2570.0 2570.0 2570.0 2560.0 2560.0 2550.0 2550.0 2550.0 2550.0 2560.0 2560.0 2560.0 2560.0 2560.0 2560.0
2900.0 2900.0 2920.0 2920.0 2930.0 2940.0 2940.0 2950.0 2960.0 2960.0 2970.0 2980.0 2980.0 2990.0 3000.0 3000.0 3010.0 3030.0 3040.0 3040.0 3060.0 3080.0 3080.0 3090.0 3100.0 3100.0 3130.0 3150.0 3180.0 3220.0 3250.0 3260.0 3260.0 3230.0 3230.0 3230.0 3230.0 3230.0 3240.0 3230.0 3240.0 3230.0 3230.0 3230.0 3220.0 3220.0 3210.0 3210.0 3210.0 3210.0 3200.0 3210.0 3200.0 3210.0
4040.0 4050.0 4060.0 4070.0 4070.0 4080.0 4090.0 4100.0 4110.0 4120.0 4120.0 4120.0 4120.0 4120.0 4120.0 4120.0 4120.0 4130.0 4130.0 4130.0 4120.0 4120.0 4110.0 4100.0 4100.0 4120.0 4130.0 4140.0 4140.0 4130.0 4120.0 4120.0 4120.0 4120.0 4130.0 4140.0 4150.0 4150.0 4150.0 4150.0 4150.0 4160.0 4160.0 4160.0 4170.0 4170.0 4170.0 4180.0 4180.0 4180.0 4180.0 4180.0 4180.0 4180.0
