495222695.0 495349925.0 495470626.0 495591875.0 495692615.0 495793584.0 495917162.0 496038623.0 496161609.0 496263763.0 496405125.0 496526652.0 496687465.0 496787934.0 496927919.0 497073496.0 497193735.0 497295624.0 497397688.0 497497934.0 497618336.0 497738820.0 497921396.0 498025630.0 498128826.0 498250615.0 498384570.0 498493578.0 498615744.0 498737056.0 498858536.0 498979138.0 499100352.0 499248094.0 499371919.0 499515608.0 499635804.0 499737576.0 499837900.0 499941053.0 500042088.0 500144157.0 500266493.0 500365627.0 500487090.0 500630855.0 500752117.0 500852728.0 500990116.0
501376941.0 501483057.0 501633833.0 501748110.0 501854357.0 501973376.0 502122101.0 502214654.0 502358298.0 502459252.0 502581540.0 502682669.0 502803120.0 502907503.0 503032110.0 503153709.0 503273656.0 503416392.0 503516907.0 503636758.0 503756938.0 503899600.0 504044856.0 504166756.0 504287883.0 504410667.0 504552382.0 504674811.0 504795418.0 504915718.0 505055614.0 505156035.0 505256836.0 505378085.0 505498853.0 505618911.0 505719749.0 505840663.0 505981495.0 506101559.0 506222325.0 506323729.0 506464888.0 506586774.0 506686745.0 506787907.0 506909362.0 507009772.0 507112048.0
513298926.0 513484158.0 513603847.0 513704439.0 513847852.0 513969363.0 514090153.0 514212529.0 514353115.0 514455768.0 514556740.0 514657802.0 514801153.0 514920911.0 515041341.0 515163941.0 515285063.0 515407652.0 515508735.0 515608201.0 515728436.0 515848841.0 515969387.0 516073163.0 516232689.0 516333709.0 516453825.0 516579780.0 516719106.0 516841877.0 516965773.0 517067599.0 517208705.0 517329263.0 517432723.0 517531810.0 517633108.0 517773433.0 517874814.0 517995598.0 518095042.0 518236077.0 518336360.0 518459100.0 518580672.0 518700725.0 518824588.0 518962822.0 519065613.0
519308434.0 519408553.0 519530063.0 519651130.0 519752693.0 519896357.0 520016887.0 520117436.0 520236829.0 520381641.0 520502883.0 520625130.0 520764790.0 520867564.0 520967490.0 521090476.0 521192877.0 521315833.0 521437654.0 521558852.0 521680713.0 521800460.0 521924290.0 522024911.0 522126055.0 522284461.0 522388204.0 522509154.0 522629686.0 522729340.0 522850785.0 522975708.0 523097656.0 523201494.0 523323888.0 523444875.0 523565780.0 523665777.0 523807787.0 523910365.0 524030977.0 524151486.0 524252324.0 524392134.0 524492358.0 524616765.0 524738635.0 524879931.0 524980711.0
531215397.0 531338554.0 531439597.0 531580161.0 531703170.0 531844372.0 531944423.0 532070340.0 532209900.0 532290619.0 532415667.0 532515724.0 532636570.0 532736775.0 532860052.0 532980513.0 533121875.0 533242179.0 533362822.0 533465731.0 533588863.0 533730631.0 533830028.0 533940732.0 534030946.0 534151033.0 534271828.0 534372345.0 534492503.0 534592925.0 534734553.0 534855041.0 534977543.0 535079111.0 535200788.0 535342130.0 535462751.0 535584716.0 535705695.0 535826818.0 535967706.0 536110466.0 536233314.0 536353125.0 536476862.0 536586634.0 536697888.0 536799043.0 536920550.0
186008242.0 186113407.0 186215493.0 186380049.0 186483718.0 186606106.0 186749073.0 186892617.0 186996544.0 187127263.0 187264090.0 187352983.0 187494504.0 187596139.0 187761848.0 187908058.0 188056007.0 188177732.0 188303622.0 188435452.0 188526185.0 188688836.0 188900536.0 189084153.0 189205858.0 189317643.0 189502593.0 189627732.0 189754833.0 189860350.0 189989984.0 190094804.0 190216748.0 190363065.0 190496398.0 190618185.0 190762245.0 190906842.0 191072573.0 191198392.0 191301725.0 191427744.0 191609281.0 191755747.0 191875677.0 191997114.0 192160067.0 192280737.0 192403442.0
571207582.0 571307947.0 571450273.0 571571684.0 571711220.0 571831647.0 571941410.0 572071211.0 572191735.0 572311626.0 572415900.0 572581572.0 572740985.0 572862114.0 572983981.0 573123702.0 573223808.0 573345612.0 573470136.0 573591961.0 573711967.0 573812437.0 573952755.0 574072380.0 574172465.0 574272197.0 574395866.0 574537542.0 574777367.0 575057083.0 575277495.0 575543705.0 575643198.0 575903515.0 576143163.0 576263121.0 576488324.0 576748356.0 577228144.0 577369166.0 577615103.0 577715131.0 577835224.0 577975662.0 578083203.0 578175614.0 578296360.0 578418841.0 578540630.0
614181710.0 614301148.0 614445844.0 614567619.0 614707186.0 614927537.0 615167394.0 615287171.0 615429928.0 615553123.0 615772590.0 615892705.0 616152948.0 616373572.0 616498655.0 616618386.0 616738357.0 616838616.0 616958700.0 617078376.0 617318385.0 617463425.0 617583921.0 617703817.0 617803751.0 617903871.0 618011365.0 618103869.0 618224212.0 618323689.0 618447841.0 618571476.0 618671781.0 618793262.0 618894516.0 619033802.0 619174140.0 619294335.0 619416821.0 619581175.0 619681328.0 619860879.0 619981778.0 620120898.0 620241674.0 620382123.0 620510149.0 620649103.0 620769361.0
623148761.0 623239701.0 623348723.0 623466943.0 623567459.0 623687097.0 623807411.0 623947466.0 624066966.0 624187703.0 624327108.0 624449975.0 624593749.0 624835872.0 625056386.0 625296926.0 625438563.0 625579203.0 625699203.0 625940506.0 626060664.0 626201464.0 626647888.0 626867692.0 626988481.0 627088457.0 627188451.0 627288718.0 627391474.0 627536642.0 627655991.0 627776717.0 627896027.0 628015993.0 628156131.0 628256396.0 628378386.0 628503123.0 628622612.0 628762834.0 628883352.0 629015137.0 629122764.0 629242848.0 629362825.0 629467921.0 629609663.0 629709717.0 629809653.0
638311137.0 638559436.0 638800731.0 638901402.0 639161565.0 639281607.0 639566890.0 639846874.0 640127463.0 640346942.0 640470942.0 640732722.0 641032816.0 641352423.0 641582254.0 641722119.0 641981825.0 642101767.0 642362128.0 642489780.0 642613780.0 642874988.0 643095349.0 643195791.0 643295781.0 643397291.0 643539218.0 643680164.0 643781717.0 643902865.0 644022802.0 644143150.0 644263674.0 644405436.0 644549727.0 645052351.0 645252218.0 645479656.0 645622801.0 645722559.0 645943523.0 646043648.0 646609865.0 646829465.0 646929427.0 647130146.0 647370648.0 647519994.0 647619207.0
646609865.0 646829465.0 646929427.0 647130146.0 647370648.0 647519994.0 647619207.0 647739229.0 647859480.0 647979146.0 648119614.0 648239334.0 648359353.0 648485431.0 648584770.0 648684961.0 648804896.0 648965337.0 649084805.0 649184807.0 649304781.0 649406137.0 649538862.0 649651125.0 649791211.0 649911510.0 650031191.0 650151513.0 650271186.0 650413932.0 650576566.0 650696497.0 650796685.0 650897163.0 651017440.0 651157149.0 651297085.0 651504972.0 651644711.0 651784145.0 651924479.0 652044673.0 652184163.0 652284632.0 652426814.0 652571410.0 652711552.0 652813121.0 652952736.0
654241193.0 654341219.0 654487547.0 654649219.0 654869484.0 655089771.0 655190210.0 655453099.0 655574763.0 655674783.0 656094901.0 656194952.0 656436577.0 656680087.0 656920412.0 657180212.0 657280779.0 657382737.0 657484478.0 657604597.0 657714313.0 657814650.0 657924668.0 658024763.0 658124655.0 658224619.0 658324920.0 658447479.0 658591484.0 658691537.0 658791795.0 658892216.0 659052095.0 659172476.0 659272086.0 659393838.0 659557956.0 659657639.0 659777923.0 659898091.0 660038379.0 660157909.0 660257922.0 660380947.0 660562692.0 660662652.0 660763106.0 660882988.0 661043575.0
280669479.0 280775528.0 280899276.0 281068726.0 281196607.0 281317610.0 281440000.0 281540310.0 281707462.0 281815055.0 281916459.0 282042386.0 282170553.0 282315603.0 282464818.0 282636233.0 282757265.0 282858727.0 282981964.0 283123191.0 283245799.0 283395229.0 283522820.0 283732467.0 283854230.0 283983873.0 284128509.0 284299648.0 284424451.0 284548705.0 284694771.0 284838831.0 285005572.0 285108622.0 285257251.0 285386283.0 285531523.0 285674597.0 285780448.0 285906475.0 286030835.0 286173266.0 286276159.0 286400581.0 286565730.0 286673429.0 286795614.0 286896811.0 286997994.0
309601980.0 309747146.0 309868177.0 309991258.0 310113300.0 310236670.0 310401680.0 310546774.0 310668116.0 310793601.0 310917783.0 311060339.0 311181568.0 311289845.0 311412598.0 311533470.0 311655622.0 311796947.0 311898563.0 312021245.0 312137468.0 312223992.0 312326374.0 312455657.0 312558374.0 312663693.0 312785278.0 312971089.0 313092367.0 313213764.0 313356583.0 313541520.0 313646505.0 313810506.0 313932535.0 314080620.0 314232121.0 314353547.0 314476682.0 314668600.0 314793412.0 314916819.0 315062970.0 315167535.0 315288133.0 315391651.0 315513421.0 315681686.0 315785334.0
316612200.0 316737427.0 316860043.0 316986286.0 317147654.0 317312473.0 317498446.0 317602437.0 317746792.0 317870683.0 318012442.0 318133736.0 318256230.0 318379964.0 318502241.0 318604529.0 318749690.0 318852786.0 319015257.0 319156658.0 319307482.0 319471617.0 319621226.0 319763521.0 319906281.0 320032438.0 320158481.0 320300071.0 320432534.0 320545738.0 320730828.0 320872859.0 321018107.0 321118649.0 321261594.0 321387416.0 321532041.0 321657833.0 321813621.0 321924357.0 322047938.0 322191490.0 322336609.0 322441970.0 322568598.0 322692602.0 322824593.0 322921974.0 323049162.0
323709521.0 323853106.0 323953467.0 324114853.0 324240455.0 324404112.0 324526811.0 324652964.0 324818397.0 324939254.0 325086367.0 325233524.0 325350344.0 325450347.0 325595470.0 325735616.0 325860001.0 326004776.0 326126858.0 326292572.0 326414438.0 326540939.0 326703621.0 326830992.0 326952954.0 327076062.0 327182720.0 327327824.0 327450970.0 327552834.0 327688797.0 327800686.0 327945334.0 328067831.0 328219593.0 328345563.0 328530680.0 328655735.0 328777978.0 328903721.0 329111423.0 329237578.0 329340640.0 329466536.0 329630328.0 329734604.0 329858775.0 329978425.0 330118975.0
339650250.0 339770555.0 339872735.0 339994441.0 340140530.0 340269684.0 340416846.0 340556421.0 340660226.0 340802587.0 340924434.0 341066593.0 341188011.0 341329656.0 341474818.0 341597770.0 341765351.0 341911715.0 342033655.0 342165079.0 342290710.0 342431776.0 342597734.0 342709577.0 342849235.0 342990793.0 343112567.0 343281509.0 343430890.0 343534586.0 343639060.0 343741233.0 343848764.0 343969286.0 344076686.0 344221799.0 344423630.0 344533321.0 344659339.0 344781477.0 344927637.0 345089781.0 345211677.0 345333375.0 345454431.0 345579993.0 345704366.0 345852953.0 345977460.0
345579993.0 345704366.0 345852953.0 345977460.0 346127620.0 346252783.0 346358059.0 346500016.0 346631344.0 346758541.0 346880982.0 347003712.0 347128243.0 347255079.0 347358526.0 347483802.0 347606274.0 347727634.0 347915570.0 348057569.0 348179068.0 348325399.0 348448482.0 348578612.0 348726477.0 348848946.0 348970342.0 349093093.0 349259791.0 349401701.0 349565661.0 349666255.0 349768446.0 349930484.0 350054639.0 350176131.0 350298088.0 350439854.0 350561048.0 350683114.0 350804384.0 350945691.0 351070067.0 351190052.0 351302294.0 351424956.0 351546780.0 351701847.0 351833191.0
343158686.0 343278121.0 343380926.0 343527859.0 343667894.0 343808183.0 343948178.0 344087942.0 344207831.0 344328199.0 344593383.0 344834561.0 344954203.0 345174196.0 345294625.0 345417418.0 345561159.0 345801146.0 345901774.0 346041157.0 346260996.0 346505948.0 346625700.0 346745586.0 347025806.0 347145422.0 347245417.0 347366693.0 347469653.0 347590358.0 347710584.0 347810670.0 347950373.0 348070143.0 348190222.0 348330109.0 348433905.0 348556696.0 348696903.0 348796910.0 348936711.0 349036914.0 349156807.0 349256730.0 349356916.0 349502781.0 349602654.0 349702857.0 349802909.0
357179457.0 357279687.0 357382485.0 357505774.0 357625436.0 357725484.0 357845515.0 357977644.0 358085123.0 358205201.0 358305503.0 358429687.0 358569706.0 358690066.0 358842528.0 358929985.0 359069794.0 359169809.0 359309899.0 359434175.0 359576784.0 359696812.0 359796942.0 359916652.0 360037115.0 360176655.0 360276739.0 360378610.0 360540491.0 360660719.0 360760839.0 360860533.0 360960970.0 361060554.0 361160520.0 361261204.0 361383634.0 361507252.0 361626981.0 361746801.0 361906929.0 362027578.0 362166977.0 362287403.0 362410160.0 362552535.0 362652694.0 362787706.0 362912917.0
372170941.0 372270885.0 372393910.0 372546708.0 372656808.0 372796985.0 372896745.0 372997363.0 373096745.0 373196762.0 373316750.0 373440625.0 373582100.0 373742672.0 373861824.0 373991770.0 374081794.0 374202134.0 374527160.0 374806944.0 374927796.0 375027386.0 375573388.0 375693443.0 375843190.0 376053709.0 376253936.0 376396709.0 376538954.0 376819329.0 377078860.0 377199125.0 377339363.0 377463739.0 377584686.0 377705083.0 377864687.0 377985175.0 378085331.0 378205328.0 378325377.0 378490661.0 378610413.0 378730738.0 378830658.0 378950457.0 379051519.0 379171097.0 379301356.0
400164993.0 400285779.0 400387145.0 400532955.0 400654671.0 400755900.0 400855929.0 400965931.0 401076318.0 401196604.0 401316989.0 401425690.0 401589178.0 401716844.0 401829199.0 401949526.0 402049491.0 402189199.0 402309647.0 402452657.0 402571528.0 402671506.0 402791544.0 402911814.0 403031524.0 403131444.0 403231490.0 403331458.0 403435499.0 403556985.0 403697182.0 403817457.0 403957131.0 404077579.0 404216933.0 404337132.0 404583213.0 404803133.0 405043118.0 405509516.0 405749180.0 406028871.0 406149401.0 406370572.0 406533451.0 406632784.0 406873429.0 406972872.0 407172753.0
420226605.0 420326576.0 420511515.0 420631336.0 420732163.0 420852375.0 421031901.0 421132423.0 421231819.0 421352152.0 421540585.0 421640757.0 421770922.0 421880844.0 422000797.0 422121616.0 422220806.0 422341460.0 422485556.0 422605616.0 422745152.0 422845396.0 422945288.0 423045776.0 423165428.0 423305167.0 423590877.0 423710991.0 423851087.0 423950938.0 424061488.0 424171173.0 424291567.0 424515968.0 424755985.0 425016288.0 425295985.0 425418973.0 425639770.0 425759901.0 425919898.0 426120274.0 426339825.0 426485691.0 426587816.0 426707703.0 426927947.0 427087971.0 427187720.0
241079139.0 241261316.0 241382352.0 241503790.0 241625546.0 241727586.0 241869040.0 241990452.0 242112480.0 242253918.0 242415083.0 242557842.0 242709004.0 242820787.0 242944101.0 243104692.0 243205112.0 243346615.0 243446618.0 243557915.0 243688360.0 243808914.0 243951927.0 244092655.0 244212630.0 244333795.0 244456415.0 244577743.0 244719011.0 244838772.0 244959505.0 245061378.0 245181912.0 245283683.0 245425116.0 245546740.0 245668639.0 245769417.0 245912425.0 246053139.0 246194197.0 246320349.0 246448765.0 246605644.0 246726839.0 246870144.0 247011924.0 247133069.0 247254072.0
77165400.0 77387554.0 77529664.0 77649391.0 77750214.0 77870400.0 78010817.0 78150701.0 78250931.0 78373520.0 78495639.0 78595576.0 78736530.0 78817220.0 78937926.0 79078227.0 79178321.0 79317950.0 79443464.0 79567172.0 79708218.0 79808669.0 79947966.0 80068357.0 80188810.0 80288643.0 80433812.0 80574806.0 80675389.0 80795415.0 80915581.0 81016460.0 81135364.0 81235738.0 81335382.0 81481228.0 81581616.0 81721979.0 81842114.0 81962489.0 82082904.0 82202465.0 82322804.0 82450613.0 82590516.0 82730321.0 82850594.0 82970206.0 83090530.0
97140179.0 97260561.0 97403467.0 97524719.0 97644710.0 97745901.0 97866741.0 97966988.0 98087580.0 98187702.0 98308650.0 98434682.0 98575800.0 98695915.0 98815751.0 98916192.0 99035641.0 99136528.0 99236511.0 99336460.0 99501613.0 99621414.0 99721150.0 99821616.0 99921112.0 100021111.0 100141188.0 100261141.0 100424962.0 100546361.0 100666213.0 100805989.0 100946517.0 101065937.0 101186164.0 101306112.0 101452613.0 101553705.0 101653796.0 101754126.0 101893624.0 102013453.0 102113497.0 102233517.0 102333810.0 102457462.0 102578180.0 102678603.0 102798887.0
108147427.0 108267661.0 108412455.0 108573886.0 108715159.0 108816279.0 108915937.0 109016641.0 109137477.0 109256913.0 109402116.0 109527175.0 109627192.0 109747380.0 109867434.0 110027809.0 110147369.0 110267530.0 110390686.0 110533249.0 110633695.0 110755630.0 110895515.0 110995785.0 111115868.0 111255647.0 111397601.0 111539934.0 111639985.0 111759913.0 111859873.0 111960822.0 112060743.0 112160819.0 112301693.0 112465545.0 112585552.0 112686657.0 112805588.0 112906455.0 113046652.0 113187441.0 113306928.0 113450170.0 113576185.0 113716155.0 113818410.0 113938401.0 114038216.0
123172862.0 123272717.0 123395414.0 123536839.0 123637401.0 123757629.0 123876946.0 123997421.0 124257371.0 124379189.0 124604924.0 124725443.0 124845680.0 125125480.0 125527545.0 125629905.0 125750602.0 126187575.0 126412797.0 126556205.0 126776096.0 126916336.0 127055694.0 127155958.0 127275829.0 127438829.0 127600926.0 127721159.0 127880961.0 127981237.0 128121374.0 128241000.0 128363987.0 128545522.0 128645907.0 128745643.0 128845676.0 128966113.0 129085819.0 129206576.0 129326126.0 129491888.0 129590839.0 129711495.0 129831806.0 129931856.0 130051637.0 130171801.0 130291187.0
145268207.0 145432310.0 145554081.0 145834234.0 146093887.0 146314328.0 146539381.0 146791758.0 146919477.0 147039358.0 147159337.0 147299230.0 147417753.0 147524884.0 147644672.0 147784974.0 147904663.0 148024665.0 148244905.0 148387791.0 148510978.0 148611167.0 148731335.0 148870905.0 149011222.0 149110733.0 149210890.0 149352416.0 149455165.0 149576116.0 149696408.0 149836445.0 149956113.0 150075979.0 150196141.0 150336165.0 150440218.0 150560855.0 150661607.0 150841955.0 150942157.0 151062772.0 151161960.0 151281936.0 151404597.0 151546110.0 151666474.0 151786534.0 151926652.0
152146382.0 152266281.0 152388644.0 152511648.0 152610958.0 152731394.0 152831593.0 152931924.0 153053714.0 153173881.0 153291643.0 153374962.0 153497749.0 153597433.0 153736983.0 153817144.0 153937500.0 154037166.0 154177141.0 154421575.0 154643424.0 154783940.0 155043193.0 155263187.0 155383946.0 155624730.0 155724958.0 155965145.0 156225441.0 156345147.0 156470459.0 156731191.0 156871177.0 156991196.0 157130909.0 157231671.0 157351218.0 157499935.0 157619731.0 157759831.0 157882415.0 158022908.0 158185608.0 158305190.0 158428852.0 158549150.0 158689133.0 158828952.0 158929971.0
245160551.0 245282085.0 245407465.0 245552620.0 245680575.0 245809849.0 245941619.0 246067082.0 246231454.0 246374512.0 246495861.0 246680074.0 246841776.0 246963845.0 247085536.0 247232752.0 247435652.0 247600323.0 247722011.0 247831281.0 248016998.0 248138693.0 248242749.0 248384481.0 248506365.0 248631847.0 248783286.0 248986555.0 249111475.0 249259385.0 249382075.0 249529474.0 249651619.0 249772599.0 249896958.0 250041666.0 250185304.0 250307374.0 250429653.0 250576088.0 250724123.0 250829342.0 250931842.0 251078128.0 251220452.0 251366553.0 251473249.0 251617067.0 251745144.0
254221037.0 254343663.0 254510482.0 254612335.0 254715052.0 254818836.0 254943469.0 255085405.0 255229890.0 255350449.0 255475015.0 255576854.0 255702050.0 255823681.0 255969958.0 256097226.0 256238997.0 256361713.0 256469136.0 256590731.0 256691082.0 256813591.0 256935782.0 257061821.0 257185213.0 257294504.0 257418695.0 257581353.0 257683276.0 257797412.0 257928428.0 258039603.0 258146049.0 258289433.0 258454802.0 258598600.0 258739067.0 259003583.0 259132593.0 259280652.0 259407780.0 259535338.0 259698398.0 259860796.0 259981879.0 260124104.0 260245514.0 260372097.0 260494052.0
271204664.0 271722691.0 271869183.0 272074080.0 272197940.0 272339545.0 272746863.0 272858618.0 273106745.0 273208667.0 273335028.0 273496060.0 273637656.0 273759062.0 273880941.0 274002196.0 274165820.0 274307467.0 274460260.0 274631559.0 274732709.0 274856440.0 274961659.0 275065081.0 275210780.0 275354438.0 275476588.0 275597357.0 275780005.0 275925536.0 276046317.0 276152531.0 276293754.0 276416492.0 276544008.0 276670757.0 276812736.0 276934706.0 277076808.0 277197039.0 277301372.0 277445645.0 277551809.0 277652975.0 277774981.0 277916673.0 278044724.0 278206243.0 278329562.0
279133742.0 279255547.0 279376753.0 279478321.0 279600336.0 279743298.0 279864979.0 279986899.0 280108801.0 280212793.0 280411111.0 280516883.0 280657511.0 280779117.0 280941312.0 281103476.0 281245877.0 281367285.0 281491404.0 281632457.0 281735447.0 281880927.0 282003606.0 282127965.0 282278715.0 282405860.0 282570299.0 282697871.0 282840299.0 282961324.0 283083479.0 283266305.0 283367050.0 283514075.0 283636029.0 283757076.0 283900677.0 284000426.0 284122294.0 284223319.0 284345581.0 284452713.0 284576015.0 284700677.0 284883551.0 285004795.0 285132774.0 285233638.0 285355203.0
290110359.0 290211564.0 290334671.0 290459394.0 290624100.0 290751814.0 290857728.0 290982031.0 291133322.0 291279313.0 291423052.0 291585132.0 291707675.0 291830012.0 291971995.0 292101642.0 292291592.0 292421555.0 292544442.0 292668579.0 292812040.0 292939735.0 293041751.0 293163133.0 293263643.0 293366650.0 293495356.0 293598825.0 293721335.0 293863409.0 293964817.0 294090027.0 294210998.0 294333112.0 294434537.0 294575789.0 294700618.0 294844178.0 294990463.0 295132401.0 295235739.0 295398750.0 295524789.0 295751685.0 295919583.0 296021862.0 296148252.0 296255387.0 296401727.0
309153421.0 309279276.0 309460728.0 309643822.0 309764650.0 309906005.0 310027690.0 310210822.0 310332484.0 310436775.0 310541100.0 310646602.0 310789293.0 310913450.0 311055064.0 311218762.0 311345867.0 311492004.0 311614786.0 311737304.0 311838728.0 311960643.0 312081710.0 312204003.0 312305044.0 312446768.0 312569581.0 312695642.0 312802696.0 312927708.0 313049691.0 313217651.0 313341996.0 313587070.0 313728961.0 313872762.0 314033706.0 314154420.0 314322532.0 314444396.0 314589967.0 314718718.0 314840358.0 315005970.0 315154326.0 315276709.0 315404454.0 315529076.0 315675374.0
200345148.0 200466447.0 200606502.0 200742350.0 200843447.0 200932559.0 201054103.0 201155600.0 201277472.0 201399376.0 201539330.0 201680638.0 201812612.0 201920591.0 202020188.0 202181150.0 202302186.0 202443476.0 202565459.0 202707181.0 202808411.0 202929943.0 203031721.0 203174321.0 203295564.0 203416394.0 203558165.0 203659634.0 203781687.0 203902569.0 204064596.0 204205434.0 204331350.0 204453439.0 204576660.0 204698551.0 204799510.0 204902408.0 205003540.0 205126535.0 205246853.0 205368148.0 205491677.0 205611877.0 205774625.0 205895934.0 206016728.0 206159684.0 206301629.0
209260658.0 209383570.0 209525576.0 209689263.0 209826690.0 209930871.0 210032475.0 210194737.0 210336355.0 210457363.0 210599744.0 210701414.0 210806599.0 210950413.0 211070948.0 211193535.0 211313522.0 211433606.0 211595046.0 211755233.0 211876594.0 211978365.0 212079062.0 212180611.0 212302218.0 212403959.0 212525519.0 212695949.0 212786492.0 212909733.0 213030436.0 213172593.0 213314246.0 213414720.0 213537415.0 213657919.0 213800978.0 213902471.0 214043751.0 214168565.0 214269153.0 214392485.0 214514948.0 214663635.0 214776437.0 214898938.0 215019735.0 215121402.0 215263291.0
231330657.0 231451737.0 231612618.0 231736901.0 231877553.0 232037409.0 232178923.0 232299667.0 232439922.0 232560847.0 232682427.0 232804113.0 232926452.0 233027717.0 233128664.0 233270655.0 233394168.0 233493752.0 233636375.0 233777763.0 233920426.0 234062158.0 234240881.0 234385002.0 234547355.0 234648801.0 234790685.0 234889973.0 235030390.0 235151592.0 235273261.0 235357514.0 235457530.0 235578427.0 235699570.0 235879874.0 236002990.0 236164452.0 236268414.0 236369171.0 236510701.0 236650914.0 236771888.0 236873613.0 237033731.0 237174555.0 237313206.0 237415219.0 237557912.0
238285478.0 238405382.0 238508351.0 238629444.0 238769963.0 238874497.0 238996392.0 239121130.0 239240958.0 239365404.0 239487254.0 239609510.0 239771299.0 239894138.0 240034302.0 240156276.0 240282563.0 240427634.0 240568606.0 240670341.0 240790564.0 240912346.0 241051652.0 241173743.0 241295715.0 241437609.0 241559598.0 241682379.0 241813620.0 241925750.0 242107155.0 242228465.0 242349487.0 242535168.0 242715231.0 242816438.0 242958279.0 243059501.0 243164255.0 243266915.0 243407723.0 243528702.0 243630689.0 243733497.0 243854377.0 244016331.0 244139239.0 244241849.0 244383589.0
247281178.0 247403400.0 247524840.0 247645646.0 247766938.0 247868322.0 247990423.0 248092473.0 248233931.0 248355345.0 248477610.0 248600553.0 248741244.0 248884471.0 249004734.0 249126408.0 249226644.0 249369386.0 249510731.0 249632423.0 249735155.0 249835553.0 249957848.0 250079142.0 250180896.0 250301759.0 250424452.0 250525648.0 250646797.0 250767139.0 250887362.0 251068157.0 251168445.0 251319993.0 251450150.0 251551270.0 251671618.0 251793570.0 251925378.0 252040515.0 252182111.0 252303613.0 252426966.0 252574033.0 252711271.0 252852711.0 252973710.0 253095144.0 253235214.0
273277712.0 273419504.0 273521560.0 273642291.0 273811949.0 273917311.0 274038627.0 274159515.0 274280657.0 274422584.0 274563382.0 274684546.0 274785470.0 274889413.0 275070602.0 275172185.0 275313597.0 275434661.0 275557161.0 275678505.0 275823251.0 275965522.0 276086970.0 276208003.0 276371953.0 276494599.0 276614643.0 276756347.0 276897343.0 277017928.0 277160608.0 277300453.0 277442904.0 277563637.0 277707533.0 277828607.0 277949612.0 278070187.0 278191644.0 278311939.0 278472631.0 278592443.0 278734948.0 278855667.0 278997501.0 279157521.0 279303156.0 279423641.0 279564605.0
218461314.0 218602650.0 218703452.0 218826803.0 218950510.0 219074421.0 219175941.0 219308629.0 219417097.0 219518323.0 219640969.0 219742103.0 219863613.0 219966808.0 220087211.0 220192293.0 220332784.0 220454150.0 220555362.0 220681334.0 220803312.0 220904360.0 221030194.0 221150920.0 221272340.0 221396888.0 221541140.0 221683670.0 221810427.0 221946407.0 222058927.0 222200905.0 222323002.0 222424279.0 222545646.0 222666815.0 222787472.0 222929821.0 223032116.0 223152945.0 223256218.0 223357217.0 223477464.0 223602597.0 223724272.0 223869470.0 223991549.0 224112560.0 224234410.0
228494561.0 228636648.0 228758203.0 228902537.0 229030508.0 229152607.0 229275414.0 229442680.0 229562850.0 229663320.0 229804426.0 229971381.0 230112198.0 230213334.0 230355546.0 230516690.0 230660213.0 230760293.0 230895941.0 231005603.0 231128858.0 231250733.0 231372506.0 231515140.0 231677598.0 231819108.0 231919500.0 232020209.0 232120916.0 232220513.0 232322204.0 232427198.0 232531880.0 232694626.0 232816199.0 232956887.0 233078777.0 233200443.0 233344365.0 233468159.0 233590425.0 233690399.0 233792475.0 233912880.0 234033347.0 234156368.0 234297190.0 234418718.0 234519692.0
258456093.0 258560617.0 258683777.0 258823276.0 258955389.0 259089840.0 259210988.0 259311691.0 259433295.0 259533264.0 259658454.0 259798815.0 259921297.0 260062169.0 260182516.0 260322141.0 260403693.0 260504529.0 260607422.0 260727541.0 260856251.0 260978447.0 261100144.0 261221394.0 261341262.0 261464581.0 261588363.0 261692367.0 261860274.0 262042003.0 262165410.0 262287427.0 262390905.0 262520979.0 262612538.0 262752447.0 262876497.0 262996453.0 263117183.0 263259506.0 263379486.0 263482898.0 263608662.0 263709618.0 263833096.0 263932783.0 264076101.0 264178925.0 264299588.0
273492647.0 273596687.0 273697114.0 273846680.0 273998844.0 274119066.0 274241843.0 274342886.0 274509487.0 274631691.0 274731951.0 274857576.0 274960087.0 275063052.0 275187397.0 275286926.0 275408269.0 275553171.0 275674617.0 275841424.0 275950286.0 276084688.0 276208569.0 276328911.0 276448867.0 276591225.0 276690903.0 276836205.0 276958404.0 277079627.0 277180336.0 277312136.0 277422660.0 277546893.0 277667531.0 277791551.0 277912317.0 278034462.0 278154869.0 278255370.0 278376319.0 278497527.0 278620625.0 278746674.0 278870841.0 278993098.0 279114456.0 279237903.0 279379563.0
292487907.0 292590920.0 292692394.0 292794553.0 292896785.0 293039658.0 293180126.0 293328628.0 293454507.0 293598523.0 293719353.0 293861618.0 293983442.0 294145660.0 294291660.0 294435013.0 294579290.0 294723177.0 294846375.0 294968299.0 295170919.0 295334537.0 295422620.0 295526949.0 295650430.0 295754507.0 295903494.0 296027823.0 296149917.0 296292890.0 296438186.0 296580297.0 296708101.0 296852651.0 296972650.0 297117532.0 297239436.0 297401508.0 297522082.0 297643397.0 297763577.0 297892373.0 298009333.0 298129605.0 298253457.0 298359117.0 298478407.0 298641080.0 298799436.0
326418172.0 326541532.0 326681559.0 326829292.0 326930661.0 327031243.0 327156790.0 327257460.0 327377874.0 327479883.0 327604536.0 327725189.0 327867314.0 327989390.0 328110418.0 328252253.0 328378247.0 328499588.0 328641057.0 328763585.0 328907908.0 329008348.0 329154337.0 329276626.0 329419345.0 329539903.0 329639884.0 329763674.0 329886799.0 330006758.0 330115287.0 330223168.0 330347360.0 330468226.0 330610862.0 330733524.0 330853784.0 330996498.0 331159081.0 331284535.0 331425901.0 331547554.0 331668497.0 331812828.0 331911855.0 332034527.0 332156133.0 332299780.0 332441788.0
