0.078605 0.04955557 0.04930413 0.06546387 0.0659266 0.06571233 0.06793026 0.05979541 0.04988823 0.003209916 -0.01715849 -0.02552502 -0.004468626 0.0305675 0.07040571 0.07256799 0.06267659 0.02277568 -0.01584441 -0.04354652 -0.002215644 0.02019037 0.0100232 0.02756315 0.04750544 0.04163641 0.03888748 0.08626897 0.1250047 0.1296319 0.1037548 0.02367494 -0.02600758 -0.01727597 -0.02236482 -0.00692668 0.01384184 0.02104263 0.03433016 0.01061288 -0.006637625 0.00806493 0.007694348 0.01950764 0.02315332 0.03836058 0.04530926 0.04528589
0.06453963 0.02371454 -0.0437673 -0.05670094 -0.02965684 0.009514028 0.05530992 0.07438464 0.01555727 -0.02591243 -0.008576157 0.02299477 0.0458755 0.03448885 0.01857227 -0.002453261 0.01234572 0.007864418 -0.01135379 -0.03548091 -0.05173339 -0.04908929 -0.04415922 -0.05696205 -0.04952551 -0.05932296 -0.06212356 -0.05285173 -0.05649809 -0.06065339 -0.04467526 -0.02789149 -0.04979308 -0.05584412 -0.04542413 -0.03674378 -0.06766161 -0.07234638 -0.09228684 -0.1021053 -0.09015917 -0.07147038 -0.0643831 -0.05768282 -0.06195977 -0.06486171 -0.0704463 -0.07498252
0.01193997 0.01035555 0.001033115 -0.001007137 0.000859647 -0.000108442 0.00103384 -0.01007294 -0.01131148 -0.004011638 0.007878899 0.0149398 0.02773176 0.02764163 0.02332714 0.01145408 -0.000111643 -0.001993243 0.002209242 0.008850173 0.005632964 0.006296619 0.001566426 0.01091558 0.0312244 0.02594203 0.02012812 0.006784055 0.002158627 0.006605028 0.01506742 0.02484235 0.02625662 0.01860606 -0.001645093 -0.02200237 -0.01739946 -0.003437699 -0.006631806 -0.009647413 -0.0139107 -0.007869748 0.01121592 0.02804183 0.04242733 0.04718761 0.03735375 0.02103765
0.02103765 0.008368893 -8.66e-05 -0.004792221 -0.01102982 -0.01676109 -0.01900768 -0.02813737 -0.03109694 -0.03711107 -0.01783483 -0.01167371 -0.007378077 -0.00297505 -0.002660849 -0.01257729 -0.02144476 -0.02894199 -0.03224078 -0.02695464 -0.02605684 -0.02388356 -0.02223598 -0.0213095 -0.01819462 -0.006017895 0.000483155 -0.005675407 -0.02196672 -0.02514298 -0.01229081 -0.02582934 -0.009137332 -0.0151773 0.001165017 0.01476843 0.03597706 0.05516034 0.05643148 0.05059295 0.04101154 0.01805734 0.01432051 0.006698661 0.009554069 0.00931996 0.01062308 0.001311401
0.05941927 0.06554474 0.06189997 0.05403924 0.03401886 0.02731008 0.004558266 0.001950051 0.003626838 0.01127125 0.01775045 0.03174086 0.03639451 0.03585024 0.03658896 0.03551108 0.03656757 0.03995375 0.04660627 0.05058065 0.04066976 0.02269116 0.01409528 0.0182482 0.02292003 0.03708295 0.03500061 0.02277909 0.01651095 0.01264984 0.01481679 0.01254328 0.008699352 0.01894196 0.0170678 0.01896163 0.01160588 0.001364582 0.01003387 0.0223203 0.04829107 0.04747787 0.04487472 0.04598503 0.05334681 0.06367759 0.06648684 0.06018566
0.1167647 0.1072273 0.1307241 0.1290062 0.09112417 0.0807404 0.08093212 0.08181413 0.09569448 0.09494343 0.1004835 0.1107576 0.1416276 0.09093529 0.05396146 0.0560079 0.05248304 0.04065464 0.04002489 0.02862824 0.02457617 0.0369111 0.01272155 0.03146238 0.02564567 0.03201655 0.04668988 0.05301138 0.04531807 0.02884666 0.04481546 0.04161607 0.05371909 0.03181628 0.02022662 0.04188879 0.06135366 0.0853539 0.09406252 0.06042548 0.06753303 0.04710793 0.02053288 -5.490092e-05 0.02803049 0.03401688 0.03209671 0.03377431
-0.004043254 -0.002254704 -0.00459173 -0.001409749 0.0004378816 0.001295716 0.001737959 0.007841993 0.01530831 0.007977061 0.006464756 0.002617107 0.002586505 0.001467728 0.00148313 0.003038584 0.001089492 5.60111e-05 0.00182239 -0.0006826873 0.2050083 0.3548381 0.1075808 -0.07793579 -0.168743 -0.1826776 -0.1568542 -0.0529505 0.002666192 0.008457751 0.005428897 0.009340412 0.009362684 0.00775897 0.007061854 7.403791e-05 -9.618583e-05 0.003578712 -0.002229007 -0.004856452 -0.001936419 0.005245222 0.006272828 0.003562639 -0.001068951 0.0003431378 -0.002831138 -0.002758542
0.008208868 0.004773002 0.006249627 0.008113198 0.003306899 -0.005149873 -0.01196298 -0.01293444 -0.01185241 0.001482894 0.0005642136 -0.001255983 -0.001042283 0.2247362 0.3497757 0.09458056 -0.1061855 -0.1784818 -0.1787632 -0.141204 -0.0484338 -0.009003827 -0.01067303 -0.01184998 -0.01298526 -0.006629989 0.001147861 0.006764455 0.01666317 0.01746342 0.01501537 0.01414333 0.01542418 0.01795083 0.0133511 0.003271037 0.001132012 -0.01107115 -0.01063438 -0.004347275 0.003497632 0.005058377 0.002442505 0.005223057 0.003015557 0.004251122 0.01015265 0.01741557
0.0207367 0.02585568 0.02717513 0.02351386 0.02643749 0.01538815 0.007333532 0.005755649 0.005244544 0.005707633 0.01390653 0.310801 0.5091519 0.2842312 -0.138775 -0.1465505 -0.04770862 -0.01552527 0.01575192 0.01943722 0.02528284 0.02758852 0.03339858 0.03390604 0.03186626 0.01886845 0.005847493 -0.003449892 -0.01040053 -0.007316201 -0.002378562 -0.001321681 0.005282282 0.00448887 0.006934307 0.00629979 0.002590926 0.0005055286 0.0006809467 -0.0005463978 -0.0006611368 -0.003232806 0.0002593575 0.002862247 0.00193397 0.006405414 0.002237479 -0.00301768
-0.00117284 0.001348091 0.006941039 0.006973064 0.006153687 0.007313902 0.006602128 0.006984522 -0.00412847 -0.009287649 -0.003886573 0.005491391 0.008199856 0.3463362 -0.1125628 -0.1994346 -0.1399147 -0.08481569 -0.02205976 -0.01616431 -0.01216906 -0.01348016 -0.01632486 -0.02081632 -0.02410774 -0.01842462 -0.01174971 -0.009851527 -0.01127921 -0.007674918 -0.01060896 -0.01176608 -0.01604869 -0.02043184 -0.02108726 -0.0257365 -0.02419407 -0.01837916 -0.01841602 -0.009349045 0.0001116029 0.006273373 -0.007482986 -0.006121902 -0.007896375 0.0003355644 0.006245397 0.00315069
0.006245397 0.00315069 0.003297723 -0.01118339 -0.0164315 -0.007433079 -6.61991e-05 0.005846674 0.00787144 0.01625835 0.01260714 0.002677061 0.05027294 0.5244981 0.2604247 -0.0009946908 -0.1565624 -0.1917245 -0.1556281 -0.08874886 -0.01538356 0.001745229 0.01537955 0.02356946 0.01944189 0.01242191 0.005271958 -0.002570647 -0.004001872 -0.004628513 -0.008595058 -0.008600923 -0.005201521 -0.004880907 -0.005066664 -0.005712649 -0.008374901 -0.01208026 -0.01590109 -0.01835507 -0.01744821 -0.01920764 -0.01318197 -0.01005884 -0.009172334 -0.003257465 -0.004479059 -0.002472458
-0.01886699 -0.02239849 -0.02909408 -0.03371247 -0.03004266 -0.02791595 -0.02951442 -0.0291457 -0.01862547 -0.004555695 0.0004663103 0.006728518 0.2706751 0.3695658 -0.2076564 -0.2074259 -0.03047792 0.003522656 0.01384713 0.01422597 0.008837553 -0.0007567311 -0.0123976 -0.01297202 -0.008121514 -0.005286418 0.0003901139 0.003447683 0.008483529 0.007275576 0.005737836 0.007062395 0.008510545 0.0006381971 -0.003203353 -0.01169198 -0.01600496 -0.01621828 -0.01517675 -0.01090842 -0.01396178 -0.01628312 -0.01312198 -0.02074339 -0.0187018 -0.01320943 -0.009256866 -0.009847002
0.08013067 0.06495751 0.06189779 0.07479134 0.08004773 0.06104318 0.07170007 0.05448531 0.05972406 0.07216048 0.04052513 0.02396093 0.01003249 0.04761322 0.0953234 0.0967604 0.06355915 0.04081462 0.02196647 0.005443697 -0.4278772 -0.2119819 0.03411546 0.2423961 0.2395039 0.1953474 0.1551651 0.08223174 0.07022583 0.0653467 0.06567282 0.05126258 0.06077554 0.07672984 0.07958278 0.07780677 0.07121409 0.04952351 0.04454903 0.07428937 0.09119723 0.0864114 0.09031967 0.09681798 0.0881146 0.09287467 0.1029244 0.1139398
0.04406388 0.0339698 0.03958052 0.05669599 0.07402717 0.1017342 0.1282043 0.1254281 0.08591872 0.041898 0.03132001 0.04451649 -0.3387249 -0.3378227 -0.003043012 0.1688945 0.2526689 0.2600843 0.2179426 0.1396695 0.1037732 0.1064436 0.1155074 0.06899118 0.04714425 0.06377368 0.04428652 0.02210569 -0.001593027 0.03015683 0.1275157 0.1492453 0.1536296 0.1218009 0.06405547 0.04619021 0.02448427 -0.03161764 -0.001050405 0.03754818 0.04902795 0.04863224 0.04877415 0.06894352 0.07255375 0.08204166 0.08143416 0.06279371
0.05743183 0.06553531 0.05159711 0.08194243 0.08165181 0.1014239 0.06211238 0.08453522 0.04457237 0.02745432 0.0247016 0.04699082 0.03945206 -0.2045077 -0.04278616 0.06198728 0.1702694 0.1943764 0.1911053 0.2041403 0.1491148 0.07222211 0.02460834 0.006003862 0.03612562 0.035588 0.01083682 0.03257395 0.06321453 0.1079575 0.06065708 0.01874529 0.02760585 0.05784536 0.06296839 0.06622743 0.0587809 0.05832712 0.06350103 0.07469928 0.07139914 0.09025363 0.06128538 0.1141411 0.1021633 0.07977914 0.07366487 0.06871983
0.07788932 0.06962304 0.07361047 0.04764247 0.0747827 0.09456749 0.1068168 0.09788714 0.1209374 0.1008262 0.08889573 0.08444867 0.101708 0.105819 0.08011563 0.05828362 -0.2116321 -0.07832633 0.08184358 0.1540868 0.1936322 0.2134371 0.2307622 0.1607476 0.1078037 0.07724807 0.03669042 0.03842754 0.02796526 0.05352016 0.06207393 0.08893301 0.1031989 0.116794 0.1291549 0.06864027 0.03897512 0.06717107 0.07634035 0.09493252 0.1074881 0.09816407 0.1003004 0.1273839 0.1224043 0.08394615 0.02263185 0.03315195
0.06061559 0.06382751 0.07428599 0.1010804 0.08323056 0.04978669 0.1008473 0.1175512 0.09040193 0.07840195 0.07889263 -0.2837529 -0.345308 -0.02010007 0.1150688 0.1819148 0.1904555 0.1900389 0.1462444 0.1187732 0.09007429 0.05139953 0.05628872 0.05623316 0.08935436 0.07118281 0.07596731 0.06066903 0.06743442 0.07526056 0.04565468 0.04195516 0.03759937 0.001143438 -0.01448552 0.04705404 0.0642947 0.04337063 0.03850232 0.03350741 0.03968935 0.04390401 0.04236968 0.03507828 0.03455069 0.02727438 0.02150591 0.02075555
0.03455069 0.02727438 0.02150591 0.02075555 0.03134501 0.03567265 0.05600143 0.05518767 0.04737286 0.05769954 0.05622429 0.0515678 0.04379636 0.0495382 0.05170138 0.04983744 -0.3632258 -0.35174 -0.04656833 0.2048109 0.3155806 0.3159503 0.2717462 0.2153447 0.1615048 0.1415651 0.1128212 0.1109687 0.1209676 0.1282511 0.1445633 0.1418636 0.1367278 0.1312396 0.1197506 0.1176616 0.1195024 0.1070018 0.1299462 0.1341483 0.1416817 0.1471977 0.1321489 0.1411256 0.1425718 0.1095616 0.09204181 0.08545544
-0.02570036 -0.02453163 -0.02279833 -0.02266899 -0.02258518 -0.03167357 -0.03676828 -0.04334827 -0.04644191 -0.03063488 -0.01732833 0.3139617 -0.04367348 -0.1339194 -0.08169004 -0.0526235 -0.04036309 -0.02054522 -0.02767262 -0.03984413 -0.04855412 -0.08090888 -0.09325416 -0.08138497 -0.06318048 -0.06065167 -0.05318405 -0.03936977 -0.01993173 -0.007707601 -0.001285544 -0.002262323 -0.006231854 -0.01812967 -0.01828361 -0.01755149 -0.01123246 -0.01279927 -0.02132878 -0.02819689 -0.02684565 -0.024856 -0.01996862 -0.01004284 -0.00872275 -0.009213611 -0.02102772 -0.02900123
-0.01548559 0.001957994 0.01572886 0.02502742 0.03228857 0.02847813 0.01938039 0.008426098 0.001896738 -0.01152014 -0.02228817 -0.02305897 -0.007598156 0.01007517 0.03395612 0.4419999 0.5749021 0.2770873 -0.07765562 -0.1974562 -0.2291543 -0.2004422 -0.1585616 -0.111476 -0.06325132 -0.01592014 -0.005130436 0.008647121 0.01981016 0.01641946 0.007957213 -0.01010992 -0.01690874 -0.01792385 -0.0242196 -0.0227069 -0.01459351 -0.005372752 -0.001251753 0.01098552 0.01052378 0.02212473 0.03740533 0.03643964 0.008837546 -0.0270644 -0.0434913 -0.05328025
-0.05067626 -0.04687921 -0.04650543 -0.04616913 -0.04582407 -0.03673631 -0.03734675 -0.04361355 -0.05032244 -0.06067754 -0.06272288 -0.05232699 -0.03787098 -0.009534074 0.2686494 0.1575082 0.006170642 -0.09809719 -0.06115153 -0.05306987 0.0008135745 0.01840519 0.02609151 0.002047591 -0.006955124 -0.01247571 0.003724792 -0.01050145 -0.02159991 -0.02265401 -0.01162974 -0.007631323 -0.008550211 -0.01401198 -0.02480179 -0.03342403 -0.03713347 -0.02688862 -0.01710087 -0.0133025 -0.02350955 -0.0369225 -0.03786235 -0.02923882 -0.03186931 -0.04115669 -0.04279587 -0.03606664
-0.1180142 -0.1100371 -0.09786115 -0.06032515 -0.03560551 -0.02819434 -0.02120676 -0.02588974 -0.03656053 -0.04434924 -0.04760908 -0.06343673 -0.06972137 -0.06183269 -0.03947949 0.1158056 0.2381276 0.06395716 -0.06282582 -0.1385785 -0.1390854 -0.1212734 -0.09837332 -0.07453685 -0.05411198 -0.04029525 -0.03042666 -0.02487234 -0.01361599 -0.008465691 -0.005934015 -0.005906374 -0.008604511 -0.01150678 -0.01882396 -0.01155815 0.002567067 -0.001190553 -0.03513775 -0.02275565 0.002357029 0.01969346 0.003430931 0.007356659 0.005766413 -0.00340242 -0.01720649 -0.02477
-0.002752662 0.001387996 0.004438038 0.01987009 0.02121441 0.01614052 0.002290764 -0.01050238 -0.01220983 -0.0154632 -0.01702959 -0.01503014 -0.007139769 0.00494654 0.0171833 0.1758005 0.1353853 0.007150516 -0.07464322 -0.1068368 -0.09072724 -0.05601277 -0.03535544 -0.01943134 0.0007456004 0.008806634 0.02020147 0.03715093 0.04396839 0.03272412 0.02295359 0.01776537 0.004145174 -0.002955631 -0.004127956 -0.004768263 -0.01028873 -0.002696099 -0.01295656 -0.01430225 -0.01697171 -0.01056318 -0.004048561 -0.002392058 -0.0007891955 -0.003952322 -0.01143036 -0.02879154
-0.05386245 -0.04834821 -0.0107052 -0.005286152 0.002292163 -0.005251171 -0.01754484 -0.03389158 -0.04702679 -0.06485973 -0.04387896 -0.02356192 -0.01335164 0.05709972 0.6276177 0.176019 0.04274796 -0.05998324 -0.1257124 -0.1561708 -0.1511054 -0.1139604 -0.1065969 -0.0898222 -0.06125059 -0.01994266 0.01149618 -0.004451558 0.002743411 0.03970912 0.03434277 0.03270452 0.01483319 0.02390898 0.02053027 0.02106193 0.03991794 0.03233805 0.007369827 0.02049255 0.01206134 0.02700554 0.02669713 0.02945279 0.01168744 0.03067451 0.02948662 0.03724093
-0.01525121 -0.01286995 -0.008983817 -0.006727312 -0.00655897 -0.006664886 -0.007705814 -0.002187042 -0.003786991 -0.005639242 -0.008429503 -0.008362762 -0.01113953 -0.009464144 -0.008773902 -0.08010079 -0.4644724 -0.2381179 0.07848699 0.16493 0.1186746 0.07063252 0.01214367 -0.01983221 -0.03675639 -0.03386456 -0.02806148 -0.02034057 -0.01091727 -0.002939072 0.002465809 0.0004826658 -0.001083472 -0.004718326 -0.008593832 -0.01351598 -0.0214258 -0.02521168 -0.02860602 -0.02809009 -0.03071655 -0.03219506 -0.03558844 -0.02893248 -0.02786546 -0.02624445 -0.02747043 -0.03000646
-0.01906133 -0.02053558 -0.01882364 -0.01434042 -0.01092113 -0.008748774 -0.00495558 -0.003264719 -0.001399733 -0.003156979 -0.007570568 -0.003286635 -0.00398583 -0.00999927 -0.0170245 -0.0190543 -0.01752936 -0.3888164 -0.6146778 -0.2090847 0.1019205 0.1651628 0.1468755 0.1149134 0.05839952 0.005187702 -0.01914489 -0.02141517 -0.02509521 -0.02372177 -0.02793816 -0.02736031 -0.02217023 -0.0269927 -0.02478689 -0.02099683 -0.01696597 -0.006237357 -0.0003671766 -0.001982747 -0.005778024 -0.009699011 -0.0128036 -0.02085073 -0.02231243 -0.02042279 -0.02137962 -0.02255706
-0.02770659 -0.02510355 -0.0125848 -0.01032497 -0.005072764 -0.0009959246 0.0004246348 0.003096034 0.0005118544 -0.003820509 -0.003390682 -0.006320818 -0.007532465 -0.01372851 -0.02091839 -0.0187977 -0.01692086 -0.2412078 -0.7501921 -0.3891408 -0.05568083 0.1894877 0.2189873 0.1672996 0.09723655 0.03028561 -0.02407542 -0.04734408 -0.04499082 -0.03052629 -0.01855963 -0.009419876 -0.01152917 -0.01492705 -0.01482184 -0.000426349 0.004771755 0.004518826 0.0006295231 -0.005251157 -0.01043799 -0.01113288 -0.01080418 -0.01569964 -0.01420072 -0.009706928 -0.002753678 -0.001335897
0.001538258 0.002769149 0.007090888 0.001131556 -0.002950999 -0.001633125 -0.002229223 -0.003100344 -0.006746651 -0.1054048 -0.5403723 -0.00502159 0.1406067 0.1123266 0.02171881 -0.02013791 -0.008836771 0.006200475 0.003650533 -0.003365443 -0.01658114 -0.01125317 -0.001059615 0.00841786 0.01421758 0.0203268 0.009986208 0.005927939 0.005053872 0.008117183 0.01571542 0.01149179 0.004719529 -0.0008149563 -0.005417712 -0.006224088 -0.002628202 0.0001796228 0.003902142 0.006109891 0.01036863 0.01248706 0.006661589 0.001597392 -0.002273598 -0.006720471 -0.003074922 0.001247899
-0.02159886 -0.0171677 -0.004215274 0.007837315 0.01683912 0.01295663 0.02005501 0.01775775 0.01340137 0.002482431 -0.005378641 -0.002393958 -0.004648113 -0.005851238 -0.009683236 -0.2989552 -0.1696608 0.01496723 0.06937496 0.08509236 0.07129127 0.04582001 0.02369661 0.006070374 0.000696127 -0.004211396 -0.008465908 -0.007272652 -0.006442829 -0.008210048 0.005091378 0.0048026 0.0009367596 0.003183433 0.005983321 0.009228794 0.007030483 0.002930227 -0.002890503 0.0007286899 -0.0005907223 -0.006950437 0.0005299536 0.01134185 0.007302319 0.01669347 0.01049192 0.019987
0.007952565 0.006775428 -0.001104355 -0.001712053 -0.002791144 -0.002676023 0.0032003 0.01202983 0.0185738 0.02360529 0.02281615 0.02295486 0.02545593 0.02654859 0.0281106 0.02619977 0.0188218 0.01210524 -0.7417527 -0.301743 0.1097175 0.2690273 0.2564363 0.06431868 -0.006683657 -0.01305967 0.009612692 0.01133586 0.008532812 0.01377751 0.02494872 0.009435641 -0.001367118 -0.01138669 -0.01399431 -0.005652892 -0.001327285 0.00262159 0.003707811 0.002811992 0.01176605 0.01437602 0.01876138 0.02287489 0.02299334 0.02254584 0.02621926 0.02194135
-0.01647216 -0.0309635 -0.04344448 -0.05423886 -0.05240298 -0.02368284 -0.03580007 -0.06504677 -0.04527957 -0.05107785 -0.03713666 -0.01320129 -0.01872201 -0.01829653 -0.01784865 -0.01148557 -0.002025644 -0.006469179 -0.0352839 -0.04666336 -0.05057954 -0.03631487 -0.01727517 -0.002349561 0.008173787 0.007286011 0.004239076 0.1141758 0.02099529 -0.02856272 -0.006140662 -0.03802675 0.002425382 -0.05018607 -0.02306772 -0.07481068 -0.146964 -0.1524911 -0.1078345 -0.1242405 -0.08363871 -0.07676339 -0.04270517 -0.0582586 -0.06562363 -0.02364976 -0.01300851 0.002549184
-0.00657179 0.004338094 0.0005152965 -0.008924914 -0.01983036 -0.03781492 -0.05061691 -0.03159765 -0.02391046 -0.009032235 0.002950782 -0.0006336718 -0.01442113 -0.02486891 -0.0306018 -0.01785567 0.0005307837 -0.004530162 0.002949774 0.004187268 -0.001807014 -0.006179826 0.08163235 0.06160277 0.04449757 -0.03148461 -0.06671188 -0.1473438 -0.1828502 -0.1547339 -0.09651873 -0.09583433 -0.1238577 -0.07785662 -0.03203485 -0.04385698 -0.05624827 -0.06607015 -0.05325764 -0.03571441 -0.02121922 -0.008445342 0.002872842 -0.001040956 -0.03755556 -0.04057084 -0.05006411 -0.0415855
0.01698555 0.0325534 0.03436768 0.01572645 0.004071035 -0.03541619 -0.009378734 0.02701959 0.04193434 0.04508615 0.04575611 0.0436806 0.02093027 0.005207211 -8.255502e-05 0.004182511 0.005078045 0.006564558 0.02009238 0.156108 0.2324873 0.3296888 0.286058 0.03498175 -0.2615334 -0.5010813 -0.4735667 -0.3861553 -0.1727453 -0.05881007 -0.0001834553 -0.004702708 -0.005670815 -0.002250327 -0.01086333 -0.02543556 -0.04314026 -0.05291459 -0.05574225 -0.05098432 -0.03879176 -0.03098836 -0.0122116 -0.02832203 -0.06751804 -0.05650453 -0.04127244 -0.03576368
0.002150471 0.003650669 -0.003711852 -0.008887684 -0.01870543 -0.02294465 -0.01992708 -0.01569437 -0.01618936 -0.01575186 -0.01372711 -0.0154233 -0.001661976 0.004437414 -0.002679017 0.004582582 0.02976619 0.03713207 0.03064501 0.02632494 0.02209109 0.01979271 0.02632911 0.02509773 0.01258249 0.002957108 -0.01030909 -0.01839061 -0.006200064 0.1356706 0.3154054 0.2658901 0.0351477 -0.2681534 -0.3574912 -0.3811944 -0.2998919 -0.2475787 -0.2641168 -0.1234239 -0.03995762 -0.03609417 -0.0462172 -0.01660073 -0.01538773 -0.01410658 -0.02008394 -0.0199157
0.0111455 -0.003207671 -0.02176926 -0.03018474 -0.03107545 -0.02761674 -0.01139076 0.0216977 0.02828717 0.02315377 0.007618039 -0.001258275 -0.003814695 -0.02157457 -0.02924159 -0.05188657 -0.03367185 -0.01468251 0.004052472 0.2628409 0.06446546 0.04868419 -0.06155901 -0.1789463 -0.2834766 -0.2216805 -0.1673676 -0.1409027 -0.08707627 -0.06087856 -0.0348931 -0.03076145 -0.05068121 -0.0660945 -0.03763752 -0.00348668 0.005119365 -0.02064283 -0.02510209 -0.03217742 -0.06345375 -0.06657729 -0.07199256 -0.04721535 -0.04246617 -0.01141939 -0.006232808 -0.0006830221
0.03730579 0.02204817 -0.00195101 -0.01115531 0.004276685 0.008248982 0.02744622 0.03209365 0.02302689 0.005280372 0.00526595 0.007204111 0.01674119 0.03019448 0.02488508 0.02998304 0.04338093 0.04138811 0.02725423 0.009561945 -0.001293007 -0.006782 0.01092148 0.07397768 0.512616 0.2731569 0.02153897 -0.1928793 -0.2188408 -0.329706 -0.3128505 -0.226772 -0.0418701 0.03577894 0.02907714 0.03740016 0.02193067 -0.0002929726 -0.01518102 -0.01641391 -0.01456531 -0.006099311 -0.01203038 -0.0294127 -0.03337041 -0.03708605 -0.02663183 -0.01958145
0.005105074 0.009008622 0.01618509 0.01614284 0.01337738 0.01302921 0.01408632 0.01630595 0.01817328 0.01540607 0.01074624 0.001035499 -0.002424342 -0.008027741 -0.1046426 -0.1833215 -0.1837016 -0.05827222 -0.01429196 0.1005654 0.1818107 0.2604712 0.2845904 0.2646111 0.2239955 0.1902158 0.1593575 0.1250138 0.08938114 0.04753302 0.03058257 0.007364335 -0.00281266 -0.0008978773 0.009609682 0.02004359 0.02626858 0.02912287 0.03372729 0.04079198 0.03890379 0.03574937 0.03427294 0.04212112 0.03857945 0.009782528 -0.001201438 -0.0006183595
0.03708135 0.04009145 0.03576664 0.04494126 0.05767929 0.05617306 0.04686572 0.0390409 0.04126767 0.05218165 0.05396311 0.04464301 0.03955035 0.03298933 0.0330728 0.03489269 -0.002328335 -0.01058846 -0.03197844 -0.02701189 0.03285407 0.09158002 0.06970391 0.02258067 0.03838338 0.0436479 0.02628168 -0.008128427 -0.04119811 -0.05019522 -0.04395576 -0.02936117 -0.0291139 -0.01601315 -0.01145543 -0.01008445 -0.005651223 -0.01379386 -0.03670307 -0.03812823 -0.04050918 -0.03442044 -0.03858497 -0.04370571 -0.02516926 -0.02801632 -0.04556255 -0.05422293
0.06366473 0.05369034 0.0375048 0.01949132 0.013668 0.03319921 0.04411171 0.05003497 0.0440506 0.04492897 0.04247867 0.04492751 0.03554048 0.03169937 0.02762024 0.03027626 0.03087063 0.01272609 -0.2726608 -0.1114907 0.116328 0.2777162 0.2016123 0.1136741 0.05445825 -0.002521945 0.004329791 0.01140974 0.006546545 0.01180104 0.01983922 0.02283849 0.02126193 0.01038302 -0.00352586 0.0282382 0.02809051 0.02242959 0.02563969 0.04556932 0.04940281 0.05717669 0.01387462 0.009839892 0.0439169 0.04741608 0.04953638 0.04430698
0.06176201 0.04602254 0.04819027 0.04276981 0.01079389 -0.0005397411 0.003768728 0.01285167 0.02415973 0.03240171 0.03850492 0.02536315 0.019228 0.008925238 0.009874169 0.01298959 -0.002683306 -0.007389825 0.01896852 0.05650783 0.03501727 -0.01002991 0.002796953 0.02560988 0.0329671 0.03153674 0.01313902 0.005344333 0.01119895 0.02448295 0.0375494 0.04137819 0.02367813 0.02014296 0.01120514 0.03551726 0.03620312 0.02714599 0.01837913 0.01900049 0.0191353 0.02364461 0.04624049 0.04969082 0.03051837 0.008422387 -0.001115015 0.002848912
0.02218313 0.02922289 0.0333947 0.04006 0.03387877 0.02472561 0.01592401 0.01439684 0.005483839 -0.0001430314 -0.006297117 -0.007452191 -0.01332379 -0.011563 -0.18585 -0.15172 -0.1961168 -0.05826227 0.2019059 0.3497614 0.3067148 0.2774944 0.2809574 0.1880894 0.1122852 0.03368561 0.008981457 0.002630239 0.003110706 0.01982093 0.02297373 0.02361367 0.02657135 0.03947978 0.05543103 0.0542559 0.04987223 0.05170221 0.04978261 0.04401549 0.03681136 0.03570988 0.03829806 0.04653212 0.04537847 0.0516545 0.06222946 0.04640966
0.07895656 0.1008396 0.1142853 0.108307 0.07137515 0.05109843 0.03310331 0.07993879 0.07172517 0.05256719 0.0313058 0.0227446 0.03946166 0.0677445 0.08219716 0.07360635 0.01228288 -0.2747472 -0.2141123 0.04176435 0.1748511 0.2114663 0.1817564 0.1459649 0.1056888 0.08075061 0.05166265 0.03346686 0.02368689 0.03191675 0.05141086 0.08150363 0.0901346 0.08043333 0.07828869 0.06804358 0.06411484 0.1001732 0.1031861 0.08842541 0.07178983 0.058546 0.01364323 -0.01501019 -0.01358736 0.01925568 0.0004421442 -0.0004926697
0.04199627 0.02808246 0.02128182 0.02713355 0.02846561 0.02702946 0.01883239 0.02150237 0.03083403 0.04144 0.04359376 0.04714392 0.04070828 0.03302827 0.03040874 0.02659243 0.0162728 0.01475781 0.01181874 0.06198089 0.147694 0.0626981 -0.04642298 -0.07095902 -0.02472266 -0.07115547 0.003818847 -0.005379608 0.05362233 0.01761769 -0.002691294 0.05542013 0.0495711 0.06182653 0.07521196 0.03875541 0.004816487 -0.01734105 -0.01621228 0.000396651 0.01263221 0.03550944 0.0424852 0.05036213 0.04768227 0.04701241 0.05402152 0.06452082
0.03885671 0.0424033 0.05023554 0.05378011 0.05236742 0.05664803 0.06418156 0.07749499 0.07209614 0.07629834 0.06802981 0.06592452 0.05686397 0.05257608 0.05161426 0.06322455 0.07026096 0.0674022 0.0542111 0.04402166 0.0385365 0.1173972 0.1480028 0.09057331 0.0425916 0.01740808 -0.01458644 -0.007314644 0.008446095 0.01022666 0.01437458 0.03076174 0.04883115 0.06427501 0.07297584 0.07126257 0.05042604 0.03991374 0.04295175 0.04888729 0.05789474 0.04611131 0.03756949 0.0181594 0.01545729 0.02340609 0.03390294 0.04432473
0.03497593 0.03760802 0.03857967 0.0338232 0.03068989 0.02580818 0.02005052 0.02061265 0.01668858 0.01912972 0.02504796 0.02731507 0.02928419 0.02345811 0.02363831 0.02360116 0.02430273 0.02351972 0.02220891 0.02220741 0.02314739 0.0299153 0.03515596 0.04537804 0.04346042 0.04086021 0.03983056 0.03725614 0.1798015 0.05967498 -0.01756468 -0.005684247 0.00546191 0.060308 0.168995 0.1525816 0.1155814 0.06161505 -0.02243437 -0.03336153 -0.02745394 0.008901661 0.002907413 0.01682177 0.04134807 0.05438208 0.05414409 0.06377238
0.01481703 0.01931192 0.01873962 0.03033287 0.03590661 0.04131144 0.03638986 0.03357367 0.03073248 0.03053906 0.02910809 0.03109334 0.03536918 0.03513622 0.03615872 0.03545361 0.1092347 0.07136776 0.07798368 0.06362657 -0.03517679 -0.01570258 -0.06907815 -0.0488563 -0.01892262 0.05479615 0.1252596 0.03943187 -0.002659437 0.00468546 0.0213971 0.07593101 0.09050111 0.06884497 0.07160836 0.07237557 0.04559363 0.03166306 0.02074668 0.02843775 0.04984362 0.06344748 0.08140866 0.08612894 0.08012613 0.07323789 0.05985995 0.05988647
0.06911843 0.06931005 0.06042796 0.04736299 0.04489637 0.05803331 0.06497982 0.07605043 0.07617273 0.06708009 0.05203351 0.05663419 0.06169559 0.0586176 0.05337766 0.04518924 0.03709204 0.0423334 0.0466904 0.05878608 0.06439817 0.05173128 0.03545003 0.03452431 0.2378469 -0.0599018 0.03491376 0.06081845 0.1038937 0.1542166 0.1422372 0.06404407 -0.003727611 -0.02190109 -0.03660335 -0.03427536 0.005388089 0.03345862 0.001323671 -0.006197209 0.003158409 0.01101541 0.02823106 0.03718321 0.02872221 0.02670141 0.01613848 0.007440519
0.06106757 0.08121357 0.07559255 0.08468147 0.07691526 0.06397691 0.04769316 0.04692809 0.05642658 0.05770568 0.0576207 0.07312126 0.06276765 0.04590079 0.04102992 0.04440909 0.04961202 0.04984919 0.04764952 0.06958351 0.07228843 0.0665691 0.05552907 0.05678856 0.05834928 0.03848587 0.0321787 0.03729359 0.04989871 0.02746165 0.0394116 0.02319985 0.05908105 0.0296134 0.02230126 0.02340789 0.02058468 0.0334865 0.04802519 0.05808334 0.05257192 0.05302229 0.04682743 0.0324587 0.02229395 0.02011302 0.01220517 0.02689584
