476418687.0 476418690.0 476418693.0 476418698.0 476418702.0 476418707.0 476418714.0 476418720.0 476418723.0 476418726.0 476418730.0 476418735.0 476418740.0 476418741.0 476418739.0 476418736.0 476418734.0 476418731.0 476418729.0 476418730.0 476418733.0 476418736.0 476418737.0 476418738.0 476418738.0 476418737.0 476418736.0 476418735.0 476418735.0 476418734.0
476418734.0 476418736.0 476418738.0 476418738.0 476418736.0 476418733.0 476418733.0 476418731.0 476418728.0 476418727.0 476418727.0 476418727.0 476418729.0 476418732.0 476418735.0 476418737.0 476418739.0 476418741.0 476418741.0 476418740.0 476418739.0 476418738.0 476418738.0 476418738.0 476418737.0 476418736.0 476418734.0 476418728.0 476418726.0 476418723.0
476418613.0 476418613.0 476418613.0 476418615.0 476418616.0 476418616.0 476418617.0 476418618.0 476418618.0 476418619.0 476418621.0 476418624.0 476418626.0 476418629.0 476418630.0 476418632.0 476418633.0 476418636.0 476418639.0 476418642.0 476418648.0 476418652.0 476418656.0 476418659.0 476418663.0 476418665.0 476418666.0 476418667.0 476418670.0 476418674.0
476418674.0 476418679.0 476418684.0 476418687.0 476418692.0 476418695.0 476418698.0 476418700.0 476418702.0 476418704.0 476418706.0 476418707.0 476418707.0 476418708.0 476418707.0 476418705.0 476418704.0 476418701.0 476418698.0 476418695.0 476418690.0 476418684.0 476418679.0 476418674.0 476418671.0 476418669.0 476418669.0 476418668.0 476418668.0 476418667.0
476418588.0 476418587.0 476418588.0 476418589.0 476418591.0 476418595.0 476418595.0 476418594.0 476418594.0 476418593.0 476418593.0 476418594.0 476418595.0 476418597.0 476418599.0 476418603.0 476418604.0 476418607.0 476418611.0 476418614.0 476418616.0 476418618.0 476418619.0 476418620.0 476418620.0 476418620.0 476418619.0 476418620.0 476418622.0 476418623.0
476420117.0 476420121.0 476420125.0 476420131.0 476420137.0 476420141.0 476420146.0 476420150.0 476420155.0 476420161.0 476420170.0 476420175.0 476420181.0 476420185.0 476420188.0 476420194.0 476420196.0 476420197.0 476420194.0 476420192.0 476420187.0 476420179.0 476420173.0 476420166.0 476420158.0 476420153.0 476420146.0 476420142.0 476420140.0 476420136.0
391732225.0 391732227.0 391732229.0 391732231.0 391732234.0 391732239.0 391732244.0 391732248.0 391732252.0 391732257.0 391732261.0 391732266.0 391732270.0 391732272.0 391732270.0 391732260.0 391732250.0 391732250.0 391732260.0 391732266.0 391732269.0 391732272.0 391732273.0 391732276.0 391732279.0 391732281.0 391732286.0 391732286.0 391732287.0 391732286.0
391732210.0 391732210.0 391732211.0 391732213.0 391732213.0 391732214.0 391732213.0 391732214.0 391732217.0 391732227.0 391732229.0 391732233.0 391732232.0 391732233.0 391732233.0 391732234.0 391732234.0 391732237.0 391732239.0 391732242.0 391732245.0 391732249.0 391732253.0 391732256.0 391732259.0 391732260.0 391732262.0 391732263.0 391732265.0 391732267.0
391732287.0 391732287.0 391732287.0 391732286.0 391732286.0 391732285.0 391732285.0 391732292.0 391732290.0 391732283.0 391732279.0 391732275.0 391732272.0 391732277.0 391732279.0 391732278.0 391732277.0 391732275.0 391732272.0 391732270.0 391732268.0 391732265.0 391732263.0 391732261.0 391732259.0 391732256.0 391732254.0 391732252.0 391732251.0 391732250.0
391732218.0 391732219.0 391732223.0 391732226.0 391732229.0 391732237.0 391732240.0 391732247.0 391732246.0 391732248.0 391732255.0 391732257.0 391732258.0 391732259.0 391732265.0 391732267.0 391732269.0 391732273.0 391732276.0 391732278.0 391732280.0 391732280.0 391732282.0 391732279.0 391732278.0 391732277.0 391732272.0 391732271.0 391732268.0 391732259.0
391732272.0 391732271.0 391732268.0 391732259.0 391732257.0 391732255.0 391732253.0 391732251.0 391732248.0 391732240.0 391732233.0 391732232.0 391732231.0 391732232.0 391732232.0 391732233.0 391732234.0 391732234.0 391732234.0 391732233.0 391732232.0 391732233.0 391732233.0 391732234.0 391732235.0 391732237.0 391732239.0 391732241.0 391732243.0 391732244.0
391732257.0 391732258.0 391732255.0 391732253.0 391732248.0 391732245.0 391732247.0 391732243.0 391732240.0 391732238.0 391732242.0 391732242.0 391732241.0 391732240.0 391732240.0 391732241.0 391732239.0 391732236.0 391732235.0 391732234.0 391732234.0 391732234.0 391732235.0 391732235.0 391732236.0 391732236.0 391732237.0 391732237.0 391732235.0 391732234.0
476420103.0 476420105.0 476420108.0 476420112.0 476420116.0 476420120.0 476420126.0 476420129.0 476420132.0 476420133.0 476420135.0 476420138.0 476420140.0 476420142.0 476420137.0 476420117.0 476420104.0 476420097.0 476420095.0 476420095.0 476420096.0 476420096.0 476420096.0 476420095.0 476420094.0 476420093.0 476420091.0 476420089.0 476420085.0 476420081.0
476420160.0 476420160.0 476420159.0 476420156.0 476420154.0 476420154.0 476420155.0 476420155.0 476420155.0 476420152.0 476420133.0 476420118.0 476420109.0 476420109.0 476420109.0 476420113.0 476420115.0 476420117.0 476420118.0 476420119.0 476420117.0 476420118.0 476420124.0 476420131.0 476420140.0 476420147.0 476420153.0 476420153.0 476420155.0 476420154.0
476420148.0 476420147.0 476420145.0 476420143.0 476420143.0 476420143.0 476420144.0 476420143.0 476420141.0 476420134.0 476420121.0 476420107.0 476420102.0 476420097.0 476420099.0 476420104.0 476420107.0 476420108.0 476420109.0 476420109.0 476420108.0 476420108.0 476420110.0 476420111.0 476420112.0 476420110.0 476420107.0 476420105.0 476420102.0 476420100.0
476420100.0 476420099.0 476420096.0 476420094.0 476420091.0 476420089.0 476420089.0 476420089.0 476420088.0 476420090.0 476420091.0 476420094.0 476420093.0 476420087.0 476420076.0 476420070.0 476420067.0 476420070.0 476420078.0 476420086.0 476420091.0 476420094.0 476420098.0 476420099.0 476420102.0 476420105.0 476420110.0 476420112.0 476420114.0 476420117.0
476420101.0 476420110.0 476420117.0 476420123.0 476420131.0 476420136.0 476420143.0 476420151.0 476420162.0 476420163.0 476420154.0 476420148.0 476420144.0 476420148.0 476420155.0 476420162.0 476420170.0 476420174.0 476420179.0 476420184.0 476420188.0 476420194.0 476420198.0 476420201.0 476420204.0 476420206.0 476420207.0 476420208.0 476420208.0 476420206.0
476420205.0 476420203.0 476420202.0 476420200.0 476420195.0 476420189.0 476420185.0 476420180.0 476420173.0 476420166.0 476420158.0 476420149.0 476420128.0 476420097.0 476420069.0 476420051.0 476420042.0 476420038.0 476420036.0 476420034.0 476420032.0 476420030.0 476420031.0 476420031.0 476420033.0 476420035.0 476420038.0 476420041.0 476420044.0 476420047.0
391732608.0 391732610.0 391732612.0 391732615.0 391732618.0 391732622.0 391732627.0 391732631.0 391732636.0 391732625.0 391732620.0 391732614.0 391732612.0 391732614.0 391732615.0 391732620.0 391732623.0 391732629.0 391732637.0 391732644.0 391732651.0 391732659.0 391732665.0 391732668.0 391732671.0 391732674.0 391732677.0 391732681.0 391732682.0 391732684.0
391732622.0 391732624.0 391732625.0 391732625.0 391732625.0 391732625.0 391732625.0 391732625.0 391732626.0 391732626.0 391732619.0 391732603.0 391732595.0 391732593.0 391732594.0 391732597.0 391732600.0 391732601.0 391732603.0 391732605.0 391732607.0 391732609.0 391732611.0 391732612.0 391732613.0 391732612.0 391732609.0 391732605.0 391732601.0 391732598.0
391732642.0 391732642.0 391732641.0 391732639.0 391732637.0 391732637.0 391732637.0 391732637.0 391732639.0 391732640.0 391732635.0 391732629.0 391732617.0 391732620.0 391732621.0 391732619.0 391732614.0 391732610.0 391732607.0 391732606.0 391732603.0 391732599.0 391732596.0 391732594.0 391732591.0 391732589.0 391732588.0 391732586.0 391732586.0 391732587.0
391732315.0 391732317.0 391732322.0 391732326.0 391732328.0 391732329.0 391732330.0 391732333.0 391732337.0 391732338.0 391732340.0 391732340.0 391732338.0 391732337.0 391732337.0 391732338.0 391732340.0 391732343.0 391732345.0 391732347.0 391732351.0 391732354.0 391732357.0 391732358.0 391732365.0 391732371.0 391732377.0 391732377.0 391732377.0 391732375.0
391732402.0 391732403.0 391732403.0 391732401.0 391732402.0 391732403.0 391732404.0 391732405.0 391732407.0 391732408.0 391732406.0 391732398.0 391732394.0 391732396.0 391732397.0 391732400.0 391732403.0 391732403.0 391732401.0 391732395.0 391732393.0 391732392.0 391732389.0 391732379.0 391732375.0 391732374.0 391732374.0 391732376.0 391732377.0 391732376.0
476420853.0 476420856.0 476420861.0 476420866.0 476420870.0 476420876.0 476420880.0 476420887.0 476420895.0 476420904.0 476420909.0 476420899.0 476420890.0 476420884.0 476420883.0 476420887.0 476420892.0 476420900.0 476420907.0 476420915.0 476420921.0 476420928.0 476420934.0 476420938.0 476420941.0 476420944.0 476420947.0 476420950.0 476420952.0 476420954.0
391732758.0 391732756.0 391732755.0 391732754.0 391732753.0 391732752.0 391732750.0 391732748.0 391732747.0 391732746.0 391732746.0 391732741.0 391732726.0 391732714.0 391732711.0 391732716.0 391732722.0 391732730.0 391732733.0 391732735.0 391732737.0 391732738.0 391732738.0 391732741.0 391732742.0 391732745.0 391732748.0 391732751.0 391732755.0 391732760.0
391732740.0 391732740.0 391732739.0 391732738.0 391732737.0 391732736.0 391732735.0 391732734.0 391732734.0 391732733.0 391732733.0 391732727.0 391732705.0 391732687.0 391732680.0 391732683.0 391732690.0 391732697.0 391732702.0 391732705.0 391732710.0 391732714.0 391732717.0 391732719.0 391732723.0 391732725.0 391732730.0 391732734.0 391732739.0 391732744.0
391732772.0 391732772.0 391732772.0 391732771.0 391732771.0 391732771.0 391732771.0 391732771.0 391732771.0 391732771.0 391732770.0 391732770.0 391732759.0 391732729.0 391732706.0 391732696.0 391732699.0 391732707.0 391732714.0 391732721.0 391732725.0 391732730.0 391732732.0 391732735.0 391732739.0 391732740.0 391732742.0 391732746.0 391732747.0 391732752.0
391732752.0 391732752.0 391732752.0 391732753.0 391732753.0 391732754.0 391732753.0 391732744.0 391732700.0 391732693.0 391732702.0 391732714.0 391732716.0 391732719.0 391732722.0 391732725.0 391732728.0 391732732.0 391732737.0 391732742.0 391732745.0 391732750.0 391732754.0 391732758.0 391732762.0 391732766.0 391732771.0 391732775.0 391732779.0 391732783.0
391732745.0 391732748.0 391732751.0 391732759.0 391732761.0 391732773.0 391732776.0 391732779.0 391732783.0 391732783.0 391732774.0 391732761.0 391732756.0 391732756.0 391732759.0 391732763.0 391732767.0 391732768.0 391732769.0 391732769.0 391732770.0 391732771.0 391732775.0 391732777.0 391732779.0 391732780.0 391732780.0 391732780.0 391732779.0 391732779.0
391732781.0 391732781.0 391732781.0 391732780.0 391732780.0 391732778.0 391732776.0 391732774.0 391732772.0 391732769.0 391732763.0 391732749.0 391732679.0 391732667.0 391732678.0 391732685.0 391732696.0 391732699.0 391732703.0 391732707.0 391732711.0 391732716.0 391732720.0 391732724.0 391732726.0 391732736.0 391732741.0 391732745.0 391732751.0 391732755.0
476419983.0 476419984.0 476419985.0 476419985.0 476419985.0 476419985.0 476419986.0 476419983.0 476419979.0 476419977.0 476419974.0 476419969.0 476419965.0 476419962.0 476419958.0 476419956.0 476419955.0 476419955.0 476419954.0 476419954.0 476419954.0 476419952.0 476419950.0 476419952.0 476419953.0 476419957.0 476419958.0 476419961.0 476419966.0 476419970.0
476419986.0 476419985.0 476419985.0 476419983.0 476419981.0 476419979.0 476419978.0 476419978.0 476419977.0 476419974.0 476419973.0 476419969.0 476419966.0 476419960.0 476419955.0 476419952.0 476419947.0 476419945.0 476419946.0 476419945.0 476419943.0 476419939.0 476419934.0 476419931.0 476419932.0 476419932.0 476419932.0 476419931.0 476419931.0 476419932.0
476419932.0 476419928.0 476419929.0 476419926.0 476419924.0 476419922.0 476419919.0 476419917.0 476419915.0 476419915.0 476419915.0 476419913.0 476419913.0 476419913.0 476419913.0 476419905.0 476419896.0 476419887.0 476419886.0 476419894.0 476419904.0 476419912.0 476419917.0 476419919.0 476419921.0 476419921.0 476419924.0 476419926.0 476419931.0 476419935.0
476419950.0 476419952.0 476419955.0 476419960.0 476419967.0 476419970.0 476419973.0 476419977.0 476419981.0 476419984.0 476419991.0 476419990.0 476419991.0 476419993.0 476419992.0 476419992.0 476419990.0 476419990.0 476419990.0 476419988.0 476419985.0 476419984.0 476419981.0 476419977.0 476419973.0 476419969.0 476419969.0 476419966.0 476419961.0 476419955.0
476419966.0 476419965.0 476419963.0 476419959.0 476419955.0 476419953.0 476419951.0 476419950.0 476419949.0 476419948.0 476419947.0 476419943.0 476419941.0 476419939.0 476419929.0 476419922.0 476419916.0 476419910.0 476419911.0 476419908.0 476419906.0 476419905.0 476419906.0 476419907.0 476419912.0 476419917.0 476419923.0 476419926.0 476419929.0 476419931.0
476419967.0 476419964.0 476419963.0 476419963.0 476419962.0 476419963.0 476419964.0 476419966.0 476419967.0 476419969.0 476419970.0 476419972.0 476419974.0 476419976.0 476419977.0 476419979.0 476419981.0 476419977.0 476419972.0 476419969.0 476419968.0 476419972.0 476419979.0 476419983.0 476419985.0 476419986.0 476419985.0 476419985.0 476419985.0 476419984.0
476420001.0 476420000.0 476419998.0 476419999.0 476420000.0 476420001.0 476420004.0 476420008.0 476420010.0 476420014.0 476420015.0 476420013.0 476420007.0 476420005.0 476420013.0 476420017.0 476420023.0 476420028.0 476420026.0 476420024.0 476420019.0 476420016.0 476420019.0 476420019.0 476420019.0 476420019.0 476420020.0 476420020.0 476420020.0 476420021.0
476420024.0 476420023.0 476420022.0 476420020.0 476420017.0 476420016.0 476420014.0 476420014.0 476420012.0 476420010.0 476420006.0 476420003.0 476420001.0 476419995.0 476419993.0 476419988.0 476419981.0 476419971.0 476419959.0 476419949.0 476419942.0 476419932.0 476419925.0 476419920.0 476419913.0 476419907.0 476419904.0 476419898.0 476419894.0 476419890.0
476419981.0 476419980.0 476419981.0 476419980.0 476419982.0 476419984.0 476419985.0 476419986.0 476419989.0 476419989.0 476419990.0 476419990.0 476419994.0 476419999.0 476420000.0 476420005.0 476420009.0 476420017.0 476420018.0 476420020.0 476420024.0 476420027.0 476420031.0 476420036.0 476420040.0 476420046.0 476420052.0 476420056.0 476420062.0 476420064.0
476420081.0 476420082.0 476420082.0 476420082.0 476420085.0 476420086.0 476420089.0 476420089.0 476420092.0 476420094.0 476420093.0 476420092.0 476420096.0 476420098.0 476420098.0 476420097.0 476420097.0 476420094.0 476420094.0 476420093.0 476420090.0 476420089.0 476420087.0 476420085.0 476420083.0 476420078.0 476420076.0 476420073.0 476420069.0 476420067.0
476420049.0 476420046.0 476420045.0 476420041.0 476420038.0 476420037.0 476420036.0 476420034.0 476420033.0 476420032.0 476420032.0 476420033.0 476420034.0 476420035.0 476420034.0 476420031.0 476420023.0 476420015.0 476420005.0 476419998.0 476419994.0 476419988.0 476419984.0 476419981.0 476419979.0 476419975.0 476419970.0 476419967.0 476419964.0 476419962.0
476420082.0 476420086.0 476420090.0 476420094.0 476420096.0 476420099.0 476420100.0 476420102.0 476420104.0 476420106.0 476420106.0 476420104.0 476420109.0 476420117.0 476420121.0 476420120.0 476420114.0 476420109.0 476420104.0 476420098.0 476420091.0 476420086.0 476420081.0 476420078.0 476420075.0 476420075.0 476420072.0 476420070.0 476420065.0 476420062.0
476419907.0 476419912.0 476419915.0 476419918.0 476419922.0 476419924.0 476419925.0 476419930.0 476419935.0 476419937.0 476419940.0 476419944.0 476419946.0 476419950.0 476419953.0 476419955.0 476419951.0 476419948.0 476419943.0 476419939.0 476419934.0 476419933.0 476419929.0 476419927.0 476419925.0 476419920.0 476419913.0 476419908.0 476419904.0 476419899.0
476419863.0 476419860.0 476419858.0 476419855.0 476419851.0 476419849.0 476419847.0 476419846.0 476419846.0 476419846.0 476419846.0 476419847.0 476419850.0 476419851.0 476419853.0 476419855.0 476419858.0 476419866.0 476419872.0 476419880.0 476419882.0 476419884.0 476419885.0 476419885.0 476419886.0 476419888.0 476419890.0 476419891.0 476419893.0 476419895.0
476419887.0 476419886.0 476419887.0 476419889.0 476419890.0 476419891.0 476419891.0 476419891.0 476419889.0 476419889.0 476419888.0 476419886.0 476419883.0 476419880.0 476419878.0 476419875.0 476419874.0 476419872.0 476419873.0 476419876.0 476419881.0 476419883.0 476419880.0 476419881.0 476419880.0 476419876.0 476419872.0 476419868.0 476419864.0 476419861.0
476419868.0 476419867.0 476419866.0 476419864.0 476419864.0 476419862.0 476419860.0 476419859.0 476419859.0 476419857.0 476419855.0 476419855.0 476419858.0 476419860.0 476419861.0 476419858.0 476419851.0 476419849.0 476419843.0 476419841.0 476419836.0 476419833.0 476419831.0 476419830.0 476419829.0 476419826.0 476419824.0 476419822.0 476419819.0 476419820.0
476419920.0 476419921.0 476419923.0 476419925.0 476419927.0 476419926.0 476419928.0 476419931.0 476419935.0 476419938.0 476419940.0 476419943.0 476419944.0 476419946.0 476419949.0 476419952.0 476419954.0 476419959.0 476419962.0 476419965.0 476419963.0 476419958.0 476419951.0 476419943.0 476419934.0 476419924.0 476419915.0 476419904.0 476419899.0 476419890.0
476419879.0 476419879.0 476419879.0 476419880.0 476419880.0 476419882.0 476419885.0 476419886.0 476419888.0 476419889.0 476419889.0 476419890.0 476419891.0 476419891.0 476419894.0 476419895.0 476419899.0 476419900.0 476419902.0 476419904.0 476419907.0 476419909.0 476419910.0 476419909.0 476419910.0 476419912.0 476419913.0 476419915.0 476419917.0 476419918.0
