180.0 157.0 241.0 265.0 251.0 263.0 251.0 188.0 197.0 208.0 237.0 236.0 274.0 259.0 220.0 181.0 181.0 151.0 112.0 104.0 119.0 136.0 156.0 175.0 174.0 141.0 114.0 176.0 238.0 221.0 189.0 187.0 193.0 197.0 229.0 220.0 230.0 227.0 190.0 185.0 158.0 149.0 198.0 199.0 230.0 229.0 213.0 214.0 223.0
173.0 143.0 211.0 240.0 225.0 230.0 223.0 189.0 165.0 151.0 199.0 226.0 230.0 200.0 205.0 194.0 214.0 199.0 194.0 180.0 179.0 207.0 202.0 201.0 200.0 206.0 203.0 203.0 214.0 205.0 232.0 246.0 248.0 237.0 222.0 219.0 211.0 216.0 236.0 194.0 201.0 215.0 223.0 198.0 211.0 219.0 202.0 203.0 203.0
219.0 222.0 218.0 217.0 214.0 210.0 224.0 206.0 214.0 217.0 221.0 222.0 219.0 207.0 210.0 199.0 197.0 210.0 208.0 211.0 193.0 207.0 190.0 205.0 222.0 206.0 207.0 201.0 193.0 199.0 215.0 208.0 212.0 200.0 201.0 202.0 208.0 222.0 199.0 178.0 182.0 176.0 181.0 170.0 188.0 222.0 222.0 206.0 198.0
192.0 182.0 182.0 182.0 181.0 181.0 172.0 173.0 178.0 172.0 167.0 179.0 167.0 162.0 168.0 150.0 165.0 174.0 167.0 165.0 171.0 178.0 161.0 169.0 174.0 143.0 131.0 115.0 118.0 126.0 121.0 148.0 143.0 121.0 126.0 134.0 146.0 146.0 138.0 119.0 110.0 113.0 132.0 159.0 152.0 144.0 133.0 145.0 154.0
161.0 151.0 161.0 159.0 148.0 151.0 150.0 159.0 179.0 166.0 168.0 165.0 169.0 173.0 184.0 190.0 195.0 192.0 188.0 194.0 204.0 191.0 190.0 178.0 195.0 180.0 182.0 178.0 181.0 182.0 182.0 186.0 182.0 180.0 177.0 177.0 195.0 208.0 212.0 212.0 212.0 227.0 219.0 216.0 202.0 190.0 180.0 186.0 186.0
136.0 149.0 151.0 186.0 149.0 115.0 112.0 158.0 174.0 146.0 145.0 189.0 149.0 230.0 164.0 119.0 138.0 142.0 166.0 153.0 144.0 151.0 150.0 124.0 146.0 179.0 163.0 183.0 196.0 158.0 188.0 227.0 232.0 204.0 216.0 206.0 231.0 221.0 263.0 238.0 216.0 220.0 170.0 175.0 166.0 195.0 220.0 199.0 192.0
211.0 231.0 221.0 258.0 226.0 212.0 239.0 205.0 242.0 218.0 247.0 207.0 199.0 241.0 215.0 230.0 197.0 248.0 252.0 209.0 244.0 358.0 348.0 136.0 142.0 185.0 199.0 211.0 240.0 247.0 233.0 220.0 257.0 222.0 241.0 258.0 243.0 222.0 233.0 215.0 191.0 176.0 223.0 249.0 277.0 279.0 233.0 244.0 206.0
240.0 227.0 249.0 222.0 237.0 207.0 221.0 229.0 204.0 239.0 232.0 203.0 228.0 475.0 218.0 146.0 116.0 123.0 220.0 175.0 226.0 210.0 224.0 262.0 269.0 259.0 231.0 225.0 277.0 252.0 271.0 255.0 227.0 260.0 269.0 278.0 264.0 274.0 234.0 255.0 252.0 253.0 230.0 223.0 275.0 228.0 207.0 214.0 245.0
233.0 229.0 248.0 236.0 226.0 217.0 204.0 227.0 203.0 201.0 205.0 237.0 475.0 321.0 102.0 162.0 236.0 225.0 231.0 232.0 247.0 261.0 238.0 246.0 267.0 236.0 251.0 253.0 218.0 234.0 243.0 222.0 239.0 233.0 231.0 232.0 245.0 237.0 225.0 237.0 233.0 212.0 220.0 260.0 239.0 248.0 216.0 240.0 214.0
306.0 290.0 303.0 306.0 293.0 264.0 255.0 241.0 251.0 475.0 475.0 172.0 300.0 253.0 274.0 262.0 258.0 243.0 231.0 246.0 246.0 248.0 264.0 256.0 241.0 257.0 237.0 230.0 242.0 254.0 244.0 235.0 237.0 252.0 236.0 275.0 282.0 251.0 272.0 252.0 241.0 258.0 284.0 267.0 232.0 235.0 243.0 271.0 278.0
284.0 267.0 232.0 235.0 243.0 271.0 278.0 256.0 246.0 264.0 171.0 347.0 280.0 173.0 158.0 197.0 291.0 253.0 239.0 242.0 254.0 235.0 234.0 247.0 223.0 226.0 241.0 249.0 232.0 244.0 219.0 247.0 222.0 248.0 232.0 238.0 219.0 226.0 215.0 212.0 197.0 203.0 222.0 232.0 217.0 233.0 221.0 199.0 198.0
226.0 230.0 216.0 239.0 234.0 208.0 203.0 240.0 201.0 243.0 243.0 350.0 316.0 72.0 307.0 224.0 223.0 244.0 237.0 205.0 240.0 227.0 208.0 247.0 230.0 214.0 245.0 225.0 247.0 246.0 254.0 264.0 251.0 268.0 250.0 240.0 262.0 253.0 229.0 217.0 230.0 205.0 217.0 243.0 279.0 300.0 270.0 249.0 250.0
156.0 191.0 197.0 174.0 181.0 185.0 161.0 187.0 189.0 211.0 201.0 221.0 221.0 295.0 279.0 160.0 188.0 190.0 188.0 176.0 255.0 186.0 210.0 243.0 222.0 257.0 225.0 198.0 213.0 179.0 184.0 186.0 176.0 189.0 199.0 209.0 182.0 168.0 181.0 155.0 169.0 200.0 204.0 178.0 166.0 169.0 188.0 213.0 242.0
207.0 193.0 178.0 205.0 196.0 214.0 235.0 270.0 216.0 171.0 190.0 198.0 312.0 374.0 246.0 273.0 279.0 255.0 257.0 258.0 281.0 255.0 269.0 268.0 240.0 241.0 221.0 255.0 210.0 196.0 214.0 190.0 184.0 218.0 264.0 244.0 255.0 212.0 164.0 170.0 184.0 230.0 198.0 213.0 196.0 225.0 222.0 195.0 207.0
185.0 155.0 169.0 206.0 244.0 179.0 203.0 138.0 134.0 122.0 179.0 175.0 20.0 68.0 39.0 180.0 117.0 122.0 271.0 244.0 186.0 178.0 160.0 199.0 218.0 156.0 178.0 188.0 238.0 257.0 211.0 131.0 140.0 145.0 213.0 212.0 184.0 196.0 173.0 187.0 154.0 153.0 160.0 124.0 226.0 158.0 157.0 203.0 218.0
205.0 166.0 167.0 200.0 198.0 192.0 187.0 189.0 175.0 153.0 203.0 136.0 217.0 241.0 88.0 186.0 108.0 195.0 174.0 144.0 114.0 206.0 274.0 230.0 183.0 185.0 231.0 138.0 139.0 213.0 187.0 259.0 147.0 173.0 229.0 263.0 176.0 176.0 216.0 160.0 196.0 193.0 181.0 237.0 201.0 193.0 177.0 92.0 149.0
160.0 228.0 210.0 215.0 180.0 224.0 249.0 213.0 173.0 171.0 184.0 144.0 156.0 285.0 211.0 221.0 250.0 247.0 209.0 235.0 240.0 197.0 225.0 212.0 211.0 197.0 190.0 180.0 265.0 237.0 183.0 195.0 213.0 166.0 108.0 132.0 161.0 169.0 166.0 189.0 169.0 164.0 183.0 179.0 170.0 175.0 173.0 176.0 169.0
175.0 173.0 176.0 169.0 174.0 173.0 179.0 185.0 171.0 187.0 195.0 207.0 183.0 193.0 169.0 191.0 91.0 210.0 106.0 187.0 188.0 219.0 218.0 210.0 223.0 208.0 186.0 151.0 175.0 181.0 149.0 149.0 149.0 164.0 169.0 151.0 165.0 193.0 183.0 168.0 167.0 155.0 189.0 158.0 146.0 191.0 172.0 147.0 166.0
267.0 248.0 244.0 244.0 241.0 256.0 232.0 241.0 281.0 270.0 294.0 179.0 475.0 264.0 259.0 253.0 232.0 289.0 276.0 299.0 299.0 318.0 344.0 297.0 294.0 270.0 247.0 236.0 245.0 231.0 211.0 231.0 222.0 208.0 216.0 223.0 229.0 222.0 231.0 230.0 215.0 240.0 227.0 247.0 245.0 234.0 229.0 219.0 231.0
252.0 234.0 229.0 265.0 265.0 256.0 237.0 207.0 235.0 224.0 201.0 196.0 232.0 208.0 240.0 231.0 364.0 156.0 242.0 341.0 306.0 292.0 213.0 236.0 224.0 264.0 250.0 230.0 275.0 269.0 265.0 291.0 309.0 307.0 274.0 265.0 256.0 290.0 292.0 280.0 275.0 319.0 326.0 339.0 309.0 291.0 316.0 336.0 327.0
207.0 222.0 227.0 239.0 235.0 247.0 235.0 227.0 220.0 221.0 210.0 233.0 220.0 212.0 146.0 295.0 251.0 223.0 269.0 243.0 268.0 258.0 252.0 248.0 222.0 238.0 224.0 233.0 273.0 251.0 249.0 241.0 250.0 256.0 260.0 263.0 240.0 252.0 256.0 254.0 274.0 262.0 258.0 270.0 258.0 286.0 276.0 253.0 258.0
243.0 231.0 245.0 260.0 249.0 238.0 235.0 222.0 236.0 235.0 214.0 219.0 228.0 215.0 262.0 243.0 361.0 279.0 216.0 219.0 227.0 270.0 237.0 205.0 222.0 232.0 244.0 232.0 240.0 232.0 248.0 235.0 226.0 228.0 225.0 225.0 169.0 235.0 193.0 222.0 214.0 238.0 196.0 241.0 256.0 261.0 257.0 265.0 263.0
207.0 212.0 223.0 218.0 219.0 209.0 211.0 202.0 213.0 215.0 215.0 208.0 219.0 192.0 175.0 262.0 190.0 190.0 161.0 174.0 224.0 172.0 210.0 213.0 221.0 228.0 210.0 211.0 241.0 241.0 226.0 239.0 250.0 229.0 234.0 234.0 243.0 235.0 218.0 222.0 224.0 221.0 190.0 210.0 208.0 200.0 212.0 203.0 191.0
212.0 243.0 223.0 235.0 172.0 190.0 185.0 185.0 158.0 210.0 164.0 229.0 194.0 95.0 58.0 456.0 260.0 175.0 227.0 212.0 207.0 208.0 155.0 202.0 213.0 233.0 240.0 212.0 230.0 237.0 236.0 262.0 184.0 180.0 222.0 206.0 230.0 221.0 220.0 194.0 222.0 193.0 213.0 224.0 202.0 239.0 196.0 222.0 197.0
201.0 220.0 196.0 217.0 192.0 195.0 189.0 193.0 197.0 214.0 181.0 202.0 218.0 199.0 195.0 15.0 272.0 254.0 226.0 231.0 235.0 232.0 187.0 202.0 169.0 186.0 190.0 190.0 192.0 198.0 207.0 209.0 197.0 194.0 211.0 222.0 209.0 224.0 215.0 230.0 196.0 210.0 209.0 215.0 193.0 209.0 211.0 213.0 188.0
228.0 213.0 230.0 217.0 227.0 204.0 207.0 228.0 216.0 227.0 221.0 241.0 215.0 216.0 207.0 232.0 219.0 198.0 15.0 475.0 351.0 159.0 145.0 205.0 243.0 221.0 241.0 192.0 223.0 212.0 213.0 220.0 206.0 201.0 218.0 198.0 206.0 211.0 221.0 225.0 210.0 203.0 220.0 212.0 204.0 198.0 215.0 211.0 222.0
203.0 179.0 198.0 192.0 186.0 199.0 178.0 218.0 191.0 183.0 192.0 184.0 226.0 214.0 189.0 205.0 222.0 202.0 15.0 475.0 475.0 321.0 169.0 185.0 229.0 209.0 186.0 181.0 184.0 202.0 173.0 209.0 195.0 216.0 189.0 197.0 199.0 181.0 190.0 207.0 224.0 202.0 212.0 216.0 188.0 212.0 192.0 202.0 205.0
204.0 212.0 227.0 200.0 203.0 197.0 182.0 194.0 195.0 203.0 15.0 475.0 325.0 176.0 176.0 176.0 202.0 186.0 190.0 176.0 191.0 203.0 189.0 185.0 182.0 209.0 185.0 184.0 183.0 204.0 189.0 214.0 216.0 202.0 201.0 215.0 221.0 225.0 211.0 212.0 206.0 204.0 195.0 192.0 197.0 212.0 195.0 213.0 205.0
188.0 203.0 197.0 214.0 208.0 208.0 200.0 195.0 206.0 194.0 202.0 206.0 191.0 15.0 353.0 220.0 241.0 187.0 194.0 231.0 193.0 200.0 202.0 232.0 210.0 213.0 226.0 229.0 229.0 189.0 244.0 226.0 234.0 227.0 234.0 216.0 261.0 214.0 251.0 244.0 224.0 230.0 220.0 230.0 263.0 242.0 252.0 268.0 233.0
220.0 248.0 224.0 220.0 230.0 206.0 213.0 223.0 219.0 207.0 193.0 188.0 210.0 189.0 205.0 231.0 210.0 209.0 211.0 15.0 475.0 342.0 171.0 199.0 156.0 207.0 217.0 203.0 223.0 212.0 210.0 227.0 227.0 225.0 222.0 218.0 237.0 210.0 233.0 210.0 201.0 214.0 210.0 200.0 185.0 180.0 184.0 202.0 180.0
210.0 199.0 184.0 182.0 202.0 219.0 212.0 203.0 187.0 174.0 183.0 203.0 196.0 167.0 178.0 195.0 219.0 212.0 200.0 207.0 188.0 179.0 189.0 208.0 216.0 203.0 192.0 203.0 183.0 250.0 361.0 366.0 280.0 424.0 390.0 424.0 299.0 241.0 154.0 156.0 244.0 202.0 208.0 260.0 197.0 220.0 177.0 174.0 176.0
205.0 213.0 205.0 218.0 206.0 169.0 166.0 173.0 206.0 182.0 190.0 196.0 191.0 192.0 185.0 183.0 213.0 188.0 191.0 197.0 203.0 177.0 388.0 298.0 329.0 386.0 412.0 424.0 223.0 218.0 153.0 95.0 142.0 139.0 237.0 187.0 221.0 196.0 191.0 219.0 223.0 220.0 210.0 194.0 216.0 205.0 227.0 202.0 211.0
193.0 173.0 183.0 174.0 186.0 170.0 188.0 174.0 170.0 182.0 180.0 177.0 176.0 180.0 191.0 188.0 190.0 192.0 205.0 470.0 470.0 470.0 470.0 381.0 360.0 177.0 411.0 266.0 187.0 176.0 213.0 213.0 226.0 252.0 198.0 217.0 238.0 230.0 220.0 240.0 236.0 215.0 219.0 222.0 206.0 173.0 233.0 238.0 226.0
228.0 240.0 237.0 223.0 217.0 202.0 215.0 217.0 197.0 204.0 200.0 193.0 196.0 203.0 193.0 195.0 226.0 226.0 214.0 216.0 209.0 212.0 229.0 206.0 194.0 201.0 181.0 182.0 187.0 175.0 298.0 86.0 54.0 58.0 15.0 166.0 236.0 308.0 79.0 51.0 195.0 192.0 205.0 211.0 209.0 238.0 209.0 181.0 200.0
203.0 213.0 206.0 213.0 208.0 195.0 207.0 214.0 214.0 226.0 219.0 215.0 229.0 228.0 233.0 236.0 231.0 242.0 226.0 235.0 339.0 118.0 185.0 43.0 17.0 34.0 124.0 171.0 197.0 310.0 265.0 236.0 205.0 183.0 225.0 232.0 201.0 215.0 207.0 191.0 218.0 194.0 236.0 222.0 196.0 232.0 234.0 252.0 231.0
230.0 237.0 220.0 201.0 212.0 193.0 243.0 225.0 198.0 209.0 212.0 210.0 215.0 218.0 216.0 220.0 215.0 214.0 207.0 197.0 194.0 195.0 192.0 232.0 206.0 413.0 263.0 192.0 151.0 273.0 192.0 242.0 207.0 221.0 185.0 206.0 226.0 208.0 214.0 233.0 241.0 234.0 233.0 230.0 222.0 213.0 230.0 228.0 232.0
175.0 179.0 187.0 177.0 187.0 185.0 185.0 180.0 182.0 186.0 184.0 178.0 174.0 181.0 113.0 261.0 174.0 204.0 242.0 178.0 209.0 126.0 134.0 110.0 116.0 107.0 131.0 146.0 132.0 152.0 148.0 147.0 151.0 155.0 170.0 165.0 140.0 140.0 151.0 157.0 156.0 178.0 168.0 166.0 178.0 169.0 153.0 148.0 158.0
180.0 166.0 169.0 160.0 171.0 168.0 177.0 166.0 166.0 169.0 169.0 176.0 175.0 167.0 166.0 151.0 152.0 101.0 15.0 29.0 102.0 33.0 19.0 45.0 84.0 40.0 217.0 217.0 148.0 169.0 148.0 150.0 167.0 155.0 163.0 172.0 176.0 170.0 172.0 157.0 172.0 177.0 192.0 132.0 143.0 148.0 157.0 141.0 143.0
181.0 184.0 171.0 157.0 151.0 165.0 162.0 154.0 159.0 154.0 149.0 165.0 150.0 145.0 137.0 151.0 167.0 156.0 15.0 52.0 86.0 79.0 185.0 202.0 135.0 136.0 154.0 138.0 142.0 152.0 157.0 155.0 156.0 161.0 155.0 151.0 165.0 157.0 173.0 154.0 145.0 126.0 140.0 140.0 126.0 131.0 150.0 175.0 159.0
169.0 155.0 172.0 183.0 165.0 135.0 155.0 163.0 173.0 165.0 194.0 178.0 165.0 182.0 178.0 179.0 168.0 202.0 155.0 235.0 168.0 151.0 153.0 166.0 182.0 179.0 165.0 182.0 182.0 176.0 174.0 202.0 192.0 167.0 148.0 179.0 182.0 179.0 170.0 182.0 189.0 185.0 217.0 248.0 259.0 240.0 184.0 174.0 169.0
181.0 179.0 178.0 186.0 181.0 198.0 192.0 198.0 197.0 192.0 195.0 199.0 184.0 169.0 17.0 38.0 15.0 15.0 281.0 23.0 50.0 165.0 233.0 195.0 170.0 167.0 164.0 156.0 176.0 193.0 185.0 183.0 172.0 163.0 164.0 165.0 160.0 154.0 170.0 168.0 162.0 157.0 167.0 154.0 147.0 146.0 129.0 148.0 146.0
164.0 217.0 216.0 213.0 170.0 157.0 200.0 180.0 205.0 168.0 147.0 148.0 132.0 144.0 140.0 107.0 26.0 114.0 167.0 214.0 165.0 162.0 171.0 143.0 171.0 181.0 179.0 180.0 181.0 186.0 178.0 187.0 164.0 190.0 189.0 166.0 152.0 155.0 182.0 177.0 176.0 187.0 161.0 150.0 155.0 170.0 117.0 136.0 140.0
183.0 168.0 183.0 194.0 210.0 192.0 189.0 201.0 207.0 206.0 192.0 203.0 195.0 187.0 193.0 188.0 188.0 185.0 174.0 186.0 329.0 41.0 16.0 22.0 108.0 241.0 214.0 255.0 180.0 241.0 214.0 196.0 218.0 229.0 206.0 211.0 226.0 196.0 160.0 178.0 174.0 190.0 206.0 228.0 201.0 204.0 189.0 189.0 190.0
174.0 179.0 183.0 175.0 172.0 173.0 169.0 172.0 160.0 160.0 158.0 168.0 157.0 161.0 160.0 167.0 170.0 176.0 177.0 183.0 183.0 273.0 237.0 114.0 175.0 91.0 100.0 174.0 192.0 199.0 185.0 167.0 176.0 179.0 173.0 180.0 186.0 183.0 190.0 187.0 168.0 166.0 162.0 151.0 159.0 169.0 183.0 181.0 180.0
165.0 184.0 184.0 173.0 183.0 173.0 173.0 188.0 189.0 189.0 188.0 187.0 185.0 184.0 199.0 192.0 198.0 195.0 190.0 195.0 182.0 180.0 185.0 178.0 189.0 209.0 188.0 194.0 230.0 71.0 244.0 28.0 18.0 19.0 59.0 27.0 273.0 184.0 164.0 115.0 205.0 200.0 186.0 155.0 177.0 199.0 180.0 204.0 199.0
177.0 184.0 175.0 176.0 180.0 185.0 189.0 186.0 188.0 188.0 184.0 185.0 184.0 184.0 182.0 197.0 173.0 203.0 161.0 35.0 67.0 118.0 152.0 136.0 173.0 261.0 272.0 65.0 145.0 225.0 192.0 236.0 197.0 175.0 177.0 207.0 168.0 169.0 171.0 167.0 204.0 196.0 206.0 209.0 199.0 205.0 215.0 191.0 194.0
174.0 169.0 150.0 145.0 157.0 172.0 188.0 191.0 204.0 185.0 215.0 214.0 218.0 209.0 215.0 197.0 191.0 191.0 192.0 201.0 198.0 194.0 181.0 201.0 212.0 476.0 39.0 237.0 31.0 21.0 43.0 228.0 215.0 173.0 177.0 94.0 187.0 208.0 133.0 158.0 162.0 186.0 185.0 192.0 191.0 191.0 193.0 192.0 188.0
186.0 234.0 222.0 218.0 192.0 191.0 201.0 195.0 199.0 204.0 209.0 222.0 204.0 189.0 197.0 190.0 204.0 175.0 181.0 225.0 222.0 221.0 221.0 231.0 217.0 216.0 199.0 231.0 339.0 224.0 237.0 169.0 256.0 161.0 169.0 212.0 233.0 246.0 245.0 255.0 221.0 222.0 225.0 212.0 217.0 206.0 184.0 184.0 206.0
