495220000.0 495419000.0 495622000.0 495824000.0 496026000.0 496228000.0 496413000.0 496614000.0 496815000.0 497017000.0 497218000.0 497419000.0 497620000.0 497825000.0 498008000.0 498209000.0 498410000.0 498611000.0 498814000.0 499017000.0 499221000.0 499424000.0 499606000.0 499811000.0 500013000.0 500216000.0 500418000.0 500620000.0 500823000.0 501026000.0
501206000.0 501428000.0 501631000.0 501833000.0 502033000.0 502234000.0 502436000.0 502638000.0 502820000.0 503022000.0 503224000.0 503424000.0 503624000.0 503824000.0 504027000.0 504227000.0 504428000.0 504631000.0 505030000.0 505232000.0 505433000.0 505634000.0 505835000.0 506035000.0 506236000.0 506437000.0 506638000.0 507043000.0 507227000.0 507430000.0
513235000.0 513440000.0 513641000.0 513824000.0 514026000.0 514227000.0 514428000.0 514629000.0 514831000.0 515031000.0 515232000.0 515432000.0 515634000.0 515833000.0 516034000.0 516236000.0 516436000.0 516639000.0 516838000.0 517041000.0 517444000.0 517645000.0 517826000.0 518027000.0 518227000.0 518429000.0 518630000.0 518831000.0 519034000.0 519235000.0
519235000.0 519439000.0 519641000.0 519842000.0 520044000.0 520227000.0 520431000.0 520634000.0 520834000.0 521035000.0 521235000.0 521437000.0 521639000.0 521840000.0 522042000.0 522244000.0 522444000.0 522647000.0 522829000.0 523034000.0 523237000.0 523442000.0 523643000.0 523827000.0 524028000.0 524229000.0 524429000.0 524631000.0 524837000.0 525037000.0
531239000.0 531441000.0 531644000.0 531826000.0 532027000.0 532228000.0 532429000.0 532629000.0 532829000.0 533031000.0 533231000.0 533435000.0 533637000.0 533838000.0 534038000.0 534222000.0 534422000.0 534623000.0 534825000.0 535028000.0 535231000.0 535432000.0 535635000.0 535836000.0 536037000.0 536242000.0 536423000.0 536627000.0 536830000.0 537033000.0
186056000.0 186260000.0 186447000.0 186655000.0 186858000.0 187047000.0 187254000.0 187441000.0 187645000.0 187853000.0 188055000.0 188258000.0 188461000.0 188645000.0 188856000.0 189059000.0 189261000.0 189446000.0 189657000.0 189863000.0 190047000.0 190255000.0 190461000.0 190664000.0 190851000.0 191058000.0 191250000.0 191455000.0 191661000.0 191862000.0
571245000.0 571447000.0 571649000.0 571849000.0 572049000.0 572248000.0 572435000.0 572636000.0 572837000.0 573039000.0 573239000.0 573447000.0 573649000.0 573849000.0 574050000.0 574249000.0 574454000.0 574635000.0 575035000.0 575234000.0 575439000.0 575640000.0 575841000.0 576240000.0 576444000.0 576646000.0 577246000.0 577448000.0 577632000.0 577833000.0
614239000.0 614443000.0 614645000.0 614845000.0 615245000.0 615448000.0 615650000.0 615850000.0 616050000.0 617036000.0 617236000.0 617641000.0 617842000.0 618041000.0 618241000.0 618445000.0 618646000.0 618849000.0 619049000.0 619249000.0 619435000.0 619641000.0 619841000.0 620041000.0 620241000.0 620446000.0 620647000.0 620847000.0 621046000.0 621247000.0
623239000.0 623443000.0 623644000.0 623844000.0 624044000.0 624244000.0 624447000.0 625051000.0 625252000.0 625635000.0 625835000.0 626236000.0 626643000.0 626843000.0 627044000.0 627243000.0 627448000.0 627631000.0 627850000.0 628051000.0 628250000.0 628436000.0 628637000.0 628837000.0 629037000.0 629237000.0 629440000.0 629642000.0 629842000.0 630042000.0
638238000.0 638446000.0 638849000.0 639051000.0 639251000.0 639834000.0 640034000.0 640639000.0 641041000.0 641242000.0 641851000.0 642051000.0 642231000.0 642455000.0 642840000.0 643041000.0 643241000.0 643443000.0 643645000.0 643848000.0 644048000.0 644249000.0 644452000.0 645252000.0 645457000.0 645640000.0 646446000.0 646647000.0 646847000.0 647454000.0
646446000.0 646647000.0 646847000.0 647454000.0 647637000.0 647837000.0 648037000.0 648237000.0 648441000.0 648643000.0 648845000.0 649044000.0 649244000.0 649448000.0 649648000.0 649848000.0 650049000.0 650248000.0 650452000.0 650654000.0 650854000.0 651055000.0 651254000.0 651439000.0 651642000.0 651842000.0 652042000.0 652242000.0 652445000.0 652646000.0
654256000.0 654441000.0 654847000.0 655047000.0 655652000.0 656052000.0 656455000.0 656638000.0 656838000.0 657038000.0 657441000.0 657642000.0 657842000.0 658042000.0 658242000.0 658445000.0 658649000.0 658849000.0 659050000.0 659249000.0 659453000.0 659655000.0 659855000.0 660056000.0 660255000.0 660440000.0 660640000.0 660841000.0 661041000.0 661241000.0
280569000.0 280753000.0 280961000.0 281166000.0 281368000.0 281551000.0 281758000.0 281967000.0 282158000.0 282363000.0 282551000.0 282754000.0 282959000.0 283161000.0 283351000.0 283559000.0 283761000.0 283951000.0 284155000.0 284359000.0 284567000.0 284753000.0 284959000.0 285165000.0 285353000.0 285558000.0 285760000.0 285966000.0 286150000.0 286356000.0
309566000.0 309754000.0 309960000.0 310163000.0 310349000.0 310552000.0 310759000.0 310946000.0 311148000.0 311352000.0 311554000.0 311756000.0 311959000.0 312162000.0 312350000.0 312557000.0 312762000.0 312948000.0 313150000.0 313354000.0 313560000.0 313745000.0 313947000.0 314156000.0 314360000.0 314547000.0 314750000.0 314958000.0 315165000.0 315350000.0
316564000.0 316748000.0 316955000.0 317159000.0 317362000.0 317547000.0 317752000.0 317959000.0 318161000.0 318351000.0 318553000.0 318758000.0 318962000.0 319165000.0 319348000.0 319556000.0 319761000.0 319966000.0 320155000.0 320359000.0 320561000.0 320769000.0 320952000.0 321159000.0 321362000.0 321553000.0 321758000.0 321960000.0 322163000.0 322367000.0
323552000.0 323757000.0 323959000.0 324162000.0 324345000.0 324551000.0 324754000.0 324956000.0 325161000.0 325362000.0 325566000.0 325754000.0 325957000.0 326165000.0 326350000.0 326555000.0 326763000.0 326968000.0 327152000.0 327356000.0 327560000.0 327747000.0 327950000.0 328156000.0 328361000.0 328552000.0 328756000.0 328960000.0 329163000.0 329354000.0
339560000.0 339764000.0 339966000.0 340152000.0 340360000.0 340566000.0 340749000.0 340953000.0 341154000.0 341359000.0 341565000.0 341750000.0 341961000.0 342164000.0 342351000.0 342554000.0 342762000.0 342965000.0 343168000.0 343356000.0 343543000.0 343752000.0 343960000.0 344146000.0 344349000.0 344552000.0 344758000.0 344963000.0 345166000.0 345350000.0
345555000.0 345757000.0 345962000.0 346150000.0 346356000.0 346560000.0 346748000.0 346952000.0 347159000.0 347346000.0 347550000.0 347755000.0 347961000.0 348166000.0 348351000.0 348557000.0 348744000.0 348948000.0 349152000.0 349355000.0 349557000.0 349761000.0 349963000.0 350168000.0 350350000.0 350554000.0 350756000.0 350960000.0 351164000.0 351348000.0
343247000.0 343435000.0 343638000.0 343838000.0 344038000.0 344238000.0 344442000.0 344643000.0 344844000.0 345244000.0 345448000.0 345631000.0 346051000.0 346434000.0 346635000.0 347036000.0 347235000.0 347438000.0 347640000.0 347840000.0 348040000.0 348240000.0 348444000.0 348646000.0 348827000.0 349047000.0 349246000.0 349430000.0 349632000.0 349833000.0
357229000.0 357434000.0 357635000.0 357835000.0 358035000.0 358235000.0 358439000.0 358640000.0 358840000.0 359040000.0 359240000.0 359444000.0 359646000.0 359846000.0 360046000.0 360246000.0 360429000.0 360630000.0 360850000.0 361030000.0 361230000.0 361433000.0 361637000.0 361837000.0 362037000.0 362237000.0 362440000.0 362642000.0 362843000.0 363043000.0
372234000.0 372438000.0 372639000.0 372840000.0 373040000.0 373240000.0 373442000.0 373644000.0 373845000.0 374044000.0 374244000.0 374447000.0 375230000.0 375636000.0 375837000.0 376440000.0 376842000.0 377041000.0 377241000.0 377446000.0 377647000.0 377847000.0 378048000.0 378247000.0 378450000.0 378633000.0 378834000.0 379034000.0 379235000.0 379437000.0
400240000.0 400446000.0 400629000.0 400831000.0 401051000.0 401231000.0 401456000.0 401637000.0 401837000.0 402037000.0 402237000.0 402439000.0 402639000.0 402839000.0 403039000.0 403239000.0 403443000.0 403645000.0 403844000.0 404044000.0 404244000.0 404447000.0 404631000.0 405030000.0 405434000.0 405636000.0 406037000.0 406439000.0 406643000.0 406843000.0
420234000.0 420438000.0 420639000.0 420839000.0 421039000.0 421240000.0 421444000.0 421648000.0 421848000.0 422048000.0 422248000.0 422432000.0 422633000.0 422833000.0 423033000.0 423253000.0 423438000.0 423638000.0 423839000.0 424039000.0 424238000.0 424441000.0 424643000.0 425043000.0 425243000.0 425446000.0 425627000.0 426047000.0 426247000.0 426452000.0
241055000.0 241256000.0 241459000.0 241661000.0 241864000.0 242066000.0 242269000.0 242452000.0 242654000.0 242857000.0 243062000.0 243263000.0 243464000.0 243667000.0 243867000.0 244067000.0 244268000.0 244451000.0 244654000.0 244854000.0 245056000.0 245262000.0 245464000.0 245666000.0 245869000.0 246051000.0 246256000.0 246460000.0 246663000.0 246865000.0
77033000.0 77233000.0 77435000.0 77617000.0 77838000.0 78018000.0 78218000.0 78421000.0 78624000.0 78825000.0 79026000.0 79228000.0 79432000.0 79635000.0 79816000.0 80015000.0 80216000.0 80421000.0 80622000.0 80823000.0 81023000.0 81223000.0 81426000.0 81628000.0 81830000.0 82029000.0 82231000.0 82434000.0 82635000.0 82836000.0
97228000.0 97431000.0 97632000.0 97833000.0 98036000.0 98237000.0 98422000.0 98623000.0 98824000.0 99023000.0 99224000.0 99427000.0 99629000.0 99828000.0 100029000.0 100229000.0 100434000.0 100635000.0 100835000.0 101035000.0 101235000.0 101439000.0 101621000.0 101821000.0 102021000.0 102221000.0 102423000.0 102626000.0 102826000.0 103026000.0
108234000.0 108437000.0 108619000.0 108821000.0 109022000.0 109223000.0 109423000.0 109625000.0 109825000.0 110025000.0 110225000.0 110428000.0 110629000.0 110830000.0 111030000.0 111230000.0 111433000.0 111635000.0 111835000.0 112036000.0 112235000.0 112419000.0 112621000.0 112821000.0 113021000.0 113222000.0 113423000.0 113626000.0 113828000.0 114431000.0
123223000.0 123426000.0 123627000.0 123827000.0 124027000.0 124227000.0 124632000.0 124833000.0 125233000.0 125436000.0 125837000.0 126421000.0 126623000.0 126824000.0 127024000.0 127223000.0 127426000.0 127629000.0 127829000.0 128029000.0 128228000.0 128431000.0 128633000.0 128833000.0 129034000.0 129233000.0 129437000.0 129619000.0 129839000.0 130019000.0
145038000.0 145238000.0 145443000.0 146044000.0 146244000.0 146849000.0 147049000.0 147249000.0 147454000.0 147635000.0 147834000.0 148034000.0 148235000.0 148439000.0 148641000.0 148841000.0 149041000.0 149240000.0 149444000.0 149646000.0 149846000.0 150045000.0 150246000.0 150449000.0 150651000.0 150852000.0 151052000.0 151251000.0 151435000.0 151636000.0
152236000.0 152440000.0 152642000.0 152843000.0 153043000.0 153243000.0 153446000.0 153647000.0 153847000.0 154047000.0 154451000.0 154652000.0 155052000.0 155252000.0 155635000.0 155835000.0 156641000.0 156841000.0 157041000.0 157241000.0 157447000.0 157649000.0 157850000.0 158051000.0 158250000.0 158655000.0 158855000.0 159055000.0 159255000.0 159438000.0
245228000.0 245432000.0 245634000.0 245817000.0 246023000.0 246228000.0 246430000.0 246632000.0 246816000.0 247018000.0 247221000.0 247425000.0 247631000.0 247819000.0 248022000.0 248226000.0 248431000.0 248616000.0 249026000.0 249236000.0 249422000.0 249629000.0 249832000.0 250020000.0 250226000.0 250429000.0 250637000.0 250824000.0 251032000.0 251217000.0
254228000.0 254434000.0 254621000.0 254827000.0 255032000.0 255215000.0 255417000.0 255620000.0 255823000.0 256031000.0 256234000.0 256417000.0 256620000.0 256824000.0 257029000.0 257232000.0 257416000.0 257621000.0 257827000.0 258029000.0 258217000.0 258421000.0 258624000.0 259012000.0 259223000.0 259428000.0 259632000.0 259814000.0 260017000.0 260219000.0
271236000.0 271818000.0 272226000.0 272618000.0 272823000.0 273031000.0 273216000.0 273420000.0 273622000.0 273824000.0 274026000.0 274229000.0 274433000.0 274615000.0 274817000.0 275021000.0 275226000.0 275431000.0 275632000.0 275835000.0 276039000.0 276221000.0 276427000.0 276634000.0 276817000.0 277021000.0 277223000.0 277428000.0 277631000.0 277834000.0
279227000.0 279430000.0 279633000.0 279815000.0 280019000.0 280222000.0 280424000.0 280627000.0 280830000.0 281032000.0 281235000.0 281417000.0 281623000.0 281829000.0 282032000.0 282221000.0 282426000.0 282632000.0 282834000.0 283017000.0 283220000.0 283428000.0 283632000.0 283836000.0 284019000.0 284220000.0 284430000.0 284616000.0 284821000.0 285024000.0
290220000.0 290424000.0 290631000.0 290821000.0 291034000.0 291225000.0 291429000.0 291631000.0 291835000.0 292023000.0 292230000.0 292419000.0 292624000.0 292828000.0 293030000.0 293233000.0 293417000.0 293627000.0 293832000.0 294017000.0 294219000.0 294422000.0 294627000.0 294833000.0 295017000.0 295221000.0 295429000.0 295636000.0 295824000.0 296032000.0
309235000.0 309419000.0 309619000.0 309821000.0 310026000.0 310230000.0 310433000.0 310623000.0 310828000.0 311032000.0 311237000.0 311423000.0 311625000.0 311828000.0 312031000.0 312234000.0 312435000.0 312620000.0 312831000.0 313035000.0 313217000.0 313420000.0 313622000.0 313825000.0 314028000.0 314230000.0 314417000.0 314622000.0 314828000.0 315032000.0
200230000.0 200453000.0 200638000.0 200841000.0 201043000.0 201246000.0 201428000.0 201630000.0 201830000.0 202050000.0 202231000.0 202433000.0 202636000.0 202838000.0 203040000.0 203242000.0 203445000.0 203648000.0 203831000.0 204033000.0 204235000.0 204440000.0 204643000.0 204846000.0 205030000.0 205232000.0 205435000.0 205637000.0 205840000.0 206042000.0
209245000.0 209429000.0 209632000.0 209834000.0 210038000.0 210240000.0 210442000.0 210645000.0 210847000.0 211049000.0 211231000.0 211431000.0 211632000.0 211833000.0 212035000.0 212238000.0 212441000.0 212643000.0 212844000.0 213048000.0 213250000.0 213433000.0 213636000.0 213839000.0 214041000.0 214245000.0 214449000.0 214630000.0 214832000.0 215035000.0
231236000.0 231439000.0 231641000.0 231842000.0 232043000.0 232243000.0 232445000.0 232647000.0 232851000.0 233035000.0 233237000.0 233439000.0 233642000.0 233844000.0 234047000.0 234250000.0 234452000.0 234655000.0 234838000.0 235040000.0 235243000.0 235445000.0 235646000.0 235848000.0 236051000.0 236233000.0 236438000.0 236639000.0 236840000.0 237042000.0
238232000.0 238433000.0 238634000.0 238835000.0 239036000.0 239238000.0 239441000.0 239643000.0 239845000.0 240049000.0 240233000.0 240435000.0 240638000.0 240840000.0 241041000.0 241244000.0 241447000.0 241650000.0 241850000.0 242037000.0 242238000.0 242440000.0 242642000.0 242843000.0 243043000.0 243244000.0 243446000.0 243650000.0 243832000.0 244035000.0
247236000.0 247441000.0 247643000.0 247845000.0 248048000.0 248251000.0 248434000.0 248638000.0 248840000.0 249043000.0 249245000.0 249448000.0 249652000.0 249855000.0 250039000.0 250240000.0 250441000.0 250644000.0 250845000.0 251045000.0 251246000.0 251447000.0 251650000.0 251853000.0 252037000.0 252240000.0 252443000.0 252645000.0 252848000.0 253052000.0
273243000.0 273445000.0 273647000.0 273850000.0 274033000.0 274235000.0 274437000.0 274639000.0 274844000.0 275048000.0 275250000.0 275451000.0 275655000.0 275839000.0 276042000.0 276245000.0 276448000.0 276651000.0 276852000.0 277033000.0 277235000.0 277440000.0 277641000.0 277844000.0 278045000.0 278247000.0 278447000.0 278648000.0 278850000.0 279033000.0
218524000.0 218728000.0 218933000.0 219133000.0 219335000.0 219537000.0 219741000.0 219945000.0 220129000.0 220330000.0 220533000.0 220737000.0 220939000.0 221141000.0 221322000.0 221526000.0 221730000.0 221931000.0 222134000.0 222337000.0 222540000.0 222742000.0 222928000.0 223131000.0 223335000.0 223535000.0 223741000.0 223927000.0 224129000.0 224331000.0
228337000.0 228540000.0 228743000.0 228945000.0 229131000.0 229334000.0 229535000.0 229737000.0 229940000.0 230142000.0 230323000.0 230526000.0 230730000.0 230933000.0 231134000.0 231338000.0 231540000.0 231723000.0 231924000.0 232126000.0 232328000.0 232531000.0 232735000.0 232936000.0 233139000.0 233342000.0 233524000.0 233726000.0 233930000.0 234133000.0
258538000.0 258741000.0 258945000.0 259127000.0 259330000.0 259531000.0 259733000.0 259935000.0 260135000.0 260336000.0 260536000.0 260737000.0 260925000.0 261127000.0 261329000.0 261533000.0 261738000.0 261940000.0 262143000.0 262346000.0 262546000.0 262727000.0 262929000.0 263129000.0 263332000.0 263536000.0 263739000.0 263944000.0 264146000.0 264329000.0
273543000.0 273728000.0 273937000.0 274140000.0 274342000.0 274544000.0 274746000.0 274927000.0 275129000.0 275329000.0 275531000.0 275734000.0 275940000.0 276146000.0 276328000.0 276529000.0 276731000.0 276935000.0 277139000.0 277342000.0 277544000.0 277729000.0 277930000.0 278133000.0 278336000.0 278538000.0 278742000.0 278943000.0 279145000.0 279346000.0
292538000.0 292743000.0 292926000.0 293129000.0 293340000.0 293544000.0 293746000.0 293930000.0 294133000.0 294340000.0 294546000.0 294730000.0 294933000.0 295136000.0 295345000.0 295531000.0 295742000.0 295931000.0 296136000.0 296342000.0 296545000.0 296728000.0 296928000.0 297133000.0 297337000.0 297538000.0 297740000.0 297942000.0 298144000.0 298328000.0
326546000.0 326728000.0 326930000.0 327134000.0 327338000.0 327540000.0 327742000.0 327945000.0 328129000.0 328332000.0 328536000.0 328738000.0 328942000.0 329144000.0 329347000.0 329529000.0 329732000.0 329932000.0 330133000.0 330337000.0 330539000.0 330743000.0 330946000.0 331148000.0 331334000.0 331537000.0 331739000.0 331939000.0 332142000.0 332343000.0
