-1.679341 -1.667884 -1.642108 -1.628648 -1.624738 -1.622101 -1.636505 -1.665322 -1.665615 -1.652503 -1.640012 -1.626436 -1.627372 -1.641947 -1.663486 -1.675594 -1.686354 -1.700995 -1.718207 -1.727141 -1.72493 -1.709593 -1.693904 -1.686893 -1.701513 -1.712839 -1.693756 -1.672996 -1.65981 -1.670082 -1.674379 -1.668416 -1.661217 -1.660017 -1.65797 -1.65703 -1.66404 -1.670723 -1.675374 -1.68614 -1.689372 -1.675747 -1.663581 -1.647548 -1.646852 -1.659209 -1.656557 -1.654665
-1.66122 -1.683165 -1.678279 -1.653312 -1.653042 -1.655833 -1.669232 -1.692303 -1.692294 -1.685163 -1.673449 -1.669068 -1.672739 -1.67567 -1.673341 -1.678012 -1.680157 -1.684555 -1.687425 -1.685489 -1.688378 -1.687655 -1.683104 -1.683138 -1.684563 -1.684652 -1.684212 -1.680363 -1.669219 -1.666038 -1.669172 -1.669591 -1.672779 -1.677323 -1.681317 -1.673032 -1.676426 -1.680052 -1.676293 -1.669885 -1.678156 -1.679937 -1.678524 -1.682886 -1.682919 -1.684237 -1.68139 -1.68161
-1.65625 -1.654441 -1.653797 -1.654343 -1.656007 -1.655757 -1.657074 -1.654652 -1.655023 -1.653628 -1.652002 -1.651022 -1.652549 -1.655824 -1.657425 -1.659778 -1.65972 -1.661165 -1.65954 -1.658225 -1.662322 -1.661725 -1.660688 -1.660776 -1.657648 -1.656876 -1.659296 -1.660039 -1.661686 -1.661839 -1.661383 -1.659338 -1.657554 -1.65778 -1.65906 -1.657826 -1.655843 -1.653103 -1.654097 -1.662679 -1.6637 -1.665475 -1.664856 -1.6671 -1.668726 -1.656543 -1.653364 -1.659992
-1.66723 -1.667587 -1.672172 -1.67161 -1.671563 -1.673018 -1.671748 -1.672271 -1.671657 -1.672344 -1.676469 -1.676612 -1.676986 -1.679557 -1.68296 -1.680529 -1.683082 -1.678168 -1.675866 -1.678079 -1.675184 -1.675176 -1.676275 -1.673884 -1.672054 -1.673278 -1.684754 -1.697856 -1.700961 -1.704426 -1.701624 -1.696069 -1.693297 -1.698346 -1.691899 -1.691885 -1.691277 -1.694126 -1.700042 -1.706093 -1.700524 -1.691482 -1.687146 -1.687846 -1.68852 -1.689654 -1.687802 -1.68129
-1.679328 -1.676366 -1.675064 -1.675306 -1.672163 -1.670599 -1.666635 -1.662459 -1.664091 -1.663309 -1.665891 -1.663043 -1.658286 -1.653606 -1.650606 -1.649819 -1.650799 -1.652708 -1.65352 -1.652903 -1.653507 -1.654424 -1.655286 -1.656834 -1.660822 -1.66274 -1.66087 -1.660098 -1.660854 -1.658638 -1.655196 -1.656427 -1.656659 -1.655446 -1.651696 -1.643202 -1.634084 -1.633121 -1.63231 -1.629081 -1.628995 -1.627931 -1.633297 -1.641368 -1.65325 -1.661991 -1.663344 -1.66303
-1.435495 -1.431234 -1.424612 -1.425247 -1.430809 -1.438652 -1.43022 -1.429487 -1.431978 -1.433032 -1.423643 -1.421589 -1.415365 -1.419155 -1.437541 -1.437925 -1.438177 -1.427802 -1.434127 -1.438892 -1.434484 -1.441916 -1.440807 -1.431519 -1.430931 -1.42284 -1.421094 -1.427243 -1.417249 -1.402092 -1.394769 -1.390551 -1.394039 -1.379757 -1.373458 -1.381375 -1.370812 -1.377799 -1.394231 -1.395612 -1.425847 -1.426684 -1.423358 -1.421945 -1.408429 -1.411344 -1.417435 -1.422723
-0.3308881 -0.3301939 -0.328779 -0.3296754 -0.3295496 -0.3302457 -0.3299447 -0.3273384 -0.3267729 -0.3273198 -0.3279968 -0.3273352 -0.3263432 -0.3245171 -0.3245825 -0.3246497 -0.3247772 -0.3238469 -0.3206693 -0.3186513 -0.271302 -0.1783547 -0.2918315 -0.3159705 -0.3113033 -0.3043967 -0.3119791 -0.322071 -0.3210814 -0.3193643 -0.315819 -0.3142099 -0.313192 -0.312842 -0.3128205 -0.3112364 -0.3118064 -0.3086709 -0.3073106 -0.3067361 -0.3069804 -0.303497 -0.3053316 -0.3064168 -0.3097325 -0.3129359 -0.3157802 -0.3200721
-0.8550111 -0.8564671 -0.8558069 -0.8544763 -0.8553295 -0.8601155 -0.8595451 -0.8609495 -0.8612114 -0.86105 -0.862202 -0.8644975 -0.8654113 -0.8246497 -0.7614355 -0.8675762 -0.8612857 -0.8596599 -0.8658069 -0.8733965 -0.867034 -0.8635148 -0.860297 -0.8587516 -0.8550326 -0.8520299 -0.8505499 -0.8502275 -0.8510457 -0.8492801 -0.8481104 -0.8456787 -0.845506 -0.8445912 -0.8451952 -0.8459071 -0.8456243 -0.8446151 -0.8453596 -0.8471086 -0.8476123 -0.8466064 -0.8487774 -0.849631 -0.8482659 -0.8506351 -0.8514771 -0.8511121
-0.8561921 -0.8536153 -0.8535789 -0.8527216 -0.8535753 -0.8537231 -0.8533488 -0.8552191 -0.8577392 -0.8568102 -0.8556199 -0.7630125 -0.6191243 -0.7439634 -0.8475889 -0.8602833 -0.8562691 -0.8553759 -0.8558041 -0.8546079 -0.8547084 -0.8553554 -0.8510692 -0.8485714 -0.8477958 -0.8455935 -0.8451943 -0.8471711 -0.8456576 -0.8466806 -0.847428 -0.8486434 -0.8488023 -0.8501432 -0.8521847 -0.8526474 -0.8532363 -0.85374 -0.8553017 -0.8553298 -0.8565329 -0.858017 -0.8589756 -0.859651 -0.859951 -0.857663 -0.8584269 -0.8594258
-0.8326188 -0.8312717 -0.8341697 -0.8302138 -0.8340053 -0.8343171 -0.8366383 -0.8364417 -0.8400391 -0.8431353 -0.8452193 -0.8461758 -0.5822871 -0.7976398 -0.8268191 -0.831525 -0.8375397 -0.8520481 -0.8515949 -0.8595251 -0.860726 -0.8593728 -0.859641 -0.8582212 -0.8557652 -0.8547672 -0.8550943 -0.8553949 -0.8571859 -0.855961 -0.8548594 -0.8559151 -0.85405 -0.8549739 -0.8535007 -0.8552058 -0.8539206 -0.8505373 -0.843434 -0.8431141 -0.8425362 -0.8404192 -0.8404561 -0.8390402 -0.8378757 -0.8405983 -0.8362272 -0.8378792
-0.8378757 -0.8405983 -0.8362272 -0.8378792 -0.8368673 -0.8372775 -0.843947 -0.843338 -0.8459238 -0.8408409 -0.839404 -0.8418757 -0.8413795 -0.8320528 -0.4955464 -0.5493897 -0.7268849 -0.8071281 -0.8377004 -0.842546 -0.8532296 -0.8607596 -0.8609055 -0.8559667 -0.8573663 -0.8586364 -0.8588838 -0.8596325 -0.863049 -0.8616766 -0.8609949 -0.8644725 -0.8605626 -0.864324 -0.8640749 -0.862042 -0.8639597 -0.8643566 -0.8665152 -0.8661077 -0.8685346 -0.8670722 -0.8690385 -0.866182 -0.8678858 -0.8652025 -0.8637114 -0.8660482
-0.8698295 -0.868152 -0.8621565 -0.8615761 -0.8567209 -0.858018 -0.8585343 -0.8603417 -0.8624973 -0.8633368 -0.8640397 -0.8642901 -0.7559209 -0.5142919 -0.7996604 -0.8248337 -0.8556397 -0.859136 -0.8586702 -0.8615264 -0.8612068 -0.8637392 -0.8639213 -0.8619683 -0.8638235 -0.8603545 -0.8592884 -0.8570491 -0.8543623 -0.8553892 -0.8517606 -0.8510329 -0.8524245 -0.8498614 -0.8491812 -0.8502582 -0.8471068 -0.8472549 -0.8473998 -0.8459567 -0.849067 -0.8485801 -0.8573522 -0.8651252 -0.8608947 -0.8672293 -0.8683384 -0.8660605
-1.457571 -1.467728 -1.462203 -1.461394 -1.460445 -1.456306 -1.460511 -1.459802 -1.457729 -1.449785 -1.439143 -1.433581 -1.433183 -1.422342 -1.40979 -1.432397 -1.455106 -1.457687 -1.456818 -1.450292 -1.510182 -1.493163 -1.452015 -1.44714 -1.450015 -1.447645 -1.433375 -1.444387 -1.447632 -1.44842 -1.450871 -1.449364 -1.452968 -1.458032 -1.453289 -1.446819 -1.451788 -1.458354 -1.460084 -1.470589 -1.469499 -1.458609 -1.456017 -1.457463 -1.468237 -1.467652 -1.466384 -1.463474
-1.453015 -1.449645 -1.450082 -1.444906 -1.446156 -1.442551 -1.433759 -1.426424 -1.438433 -1.449439 -1.452571 -1.438333 -1.398202 -1.424932 -1.435552 -1.407134 -1.431076 -1.44165 -1.440901 -1.435666 -1.429495 -1.432843 -1.424183 -1.408243 -1.418032 -1.427179 -1.425049 -1.424133 -1.431045 -1.449747 -1.458502 -1.46562 -1.452301 -1.442556 -1.436459 -1.439521 -1.454311 -1.467039 -1.474276 -1.459523 -1.448721 -1.453199 -1.453925 -1.454816 -1.458935 -1.470277 -1.470782 -1.462607
-1.46821 -1.478209 -1.479843 -1.469853 -1.460295 -1.456615 -1.467981 -1.471653 -1.472503 -1.481781 -1.476466 -1.466655 -1.474784 -1.633337 -1.663121 -1.614914 -1.564915 -1.554206 -1.521855 -1.467424 -1.457252 -1.455259 -1.455442 -1.451484 -1.437153 -1.445638 -1.457995 -1.456837 -1.438268 -1.436492 -1.449173 -1.477679 -1.477433 -1.473273 -1.449414 -1.442527 -1.447258 -1.447815 -1.458324 -1.461044 -1.470146 -1.461705 -1.469115 -1.469793 -1.46156 -1.468582 -1.461385 -1.451595
-1.444849 -1.457645 -1.463096 -1.454832 -1.451904 -1.451502 -1.453427 -1.448843 -1.464635 -1.4605 -1.466505 -1.474664 -1.455869 -1.460664 -1.477152 -1.469237 -1.474281 -1.462379 -1.465251 -1.485659 -1.485516 -1.461162 -1.451197 -1.464636 -1.459353 -1.44622 -1.468724 -1.461778 -1.448257 -1.442081 -1.441983 -1.467036 -1.468418 -1.448648 -1.429479 -1.435275 -1.434131 -1.441958 -1.464702 -1.461218 -1.458019 -1.453839 -1.442908 -1.455225 -1.459765 -1.46724 -1.47286 -1.475317
-1.462047 -1.446002 -1.436021 -1.445308 -1.439825 -1.424947 -1.42828 -1.434918 -1.444588 -1.457465 -1.45435 -1.486298 -1.541844 -1.424347 -1.43242 -1.442126 -1.434696 -1.423136 -1.430615 -1.430018 -1.423325 -1.431479 -1.434513 -1.435749 -1.445094 -1.452771 -1.45906 -1.444636 -1.442682 -1.449272 -1.449294 -1.445242 -1.449358 -1.46101 -1.473534 -1.478836 -1.467223 -1.46037 -1.458238 -1.458727 -1.458382 -1.455034 -1.45553 -1.455822 -1.457221 -1.454137 -1.453975 -1.456627
-1.457221 -1.454137 -1.453975 -1.456627 -1.455513 -1.456645 -1.454908 -1.449739 -1.453972 -1.451012 -1.446108 -1.449221 -1.446604 -1.453469 -1.458278 -1.450894 -1.472091 -1.497986 -1.448576 -1.461064 -1.473404 -1.463112 -1.45803 -1.446039 -1.43808 -1.442175 -1.454443 -1.454771 -1.451281 -1.468703 -1.466176 -1.467505 -1.46235 -1.455589 -1.453621 -1.445116 -1.448618 -1.450543 -1.460644 -1.449398 -1.453372 -1.46316 -1.460386 -1.458831 -1.461692 -1.454707 -1.446263 -1.454017
1.187265 1.185654 1.187564 1.187237 1.189639 1.193384 1.19213 1.19621 1.20211 1.209923 1.208069 1.12299 1.213299 1.187642 1.212595 1.21429 1.219233 1.226451 1.221411 1.219454 1.223256 1.209652 1.202805 1.195721 1.188081 1.177842 1.17626 1.172899 1.166968 1.168554 1.1738 1.176794 1.177908 1.178435 1.175864 1.176407 1.181877 1.183014 1.181991 1.180497 1.178088 1.178756 1.180128 1.1824 1.18509 1.189905 1.195191 1.200334
1.18784 1.189582 1.190052 1.193154 1.191776 1.193725 1.188279 1.184905 1.181258 1.173168 1.168664 1.164227 1.164334 1.165142 1.166094 1.107931 1.034807 1.098451 1.149866 1.152195 1.166366 1.169833 1.1766 1.187373 1.189896 1.186594 1.182015 1.183176 1.186051 1.189866 1.193871 1.199811 1.204172 1.20428 1.201955 1.199289 1.195113 1.197856 1.197199 1.200812 1.207098 1.207542 1.216108 1.213624 1.208943 1.211362 1.208703 1.209865
1.17814 1.179876 1.180485 1.178355 1.177862 1.179248 1.17843 1.177791 1.1787 1.178478 1.178586 1.182116 1.182396 1.180577 1.174355 1.182282 1.181228 1.184822 1.193374 1.193143 1.189669 1.188689 1.188465 1.184421 1.182615 1.180582 1.18081 1.18514 1.181174 1.178978 1.180212 1.181492 1.180838 1.185229 1.188007 1.186042 1.186428 1.185322 1.187238 1.18889 1.186258 1.184114 1.185753 1.185184 1.184701 1.18376 1.184933 1.185676
0.7138116 0.707173 0.7061716 0.7070652 0.7081451 0.7037594 0.7036183 0.7057354 0.7070304 0.7096438 0.7154984 0.7116464 0.7067736 0.7077131 0.7264845 0.7305725 0.7089952 0.7084441 0.6994954 0.7016305 0.705225 0.7078787 0.7101932 0.712917 0.7148072 0.7139267 0.713868 0.711618 0.7110191 0.7111526 0.7078571 0.7087611 0.7065057 0.7052256 0.7402401 0.9302338 1.189092 1.415506 1.5527 1.69539 1.980329 2.077106 2.088462 2.088742 2.08978 2.0899 2.090135 2.089712
2.081281 2.079139 2.079555 2.079174 2.079886 2.079113 2.078051 2.07492 2.078132 2.076654 2.074803 2.074919 2.071255 2.069143 2.069635 2.078781 2.0825 2.066113 2.062047 2.056986 2.061277 2.064518 2.064698 2.06822 2.077143 2.0795 2.081298 2.08135 2.080682 2.080582 2.083943 2.084385 2.085617 2.086303 2.087241 2.088009 2.090741 2.091257 2.092514 2.092628 2.086082 2.079137 2.078762 2.075108 2.071891 2.072203 2.074885 2.074661
1.577709 1.572165 1.570274 1.570861 1.566989 1.553978 1.558389 1.561435 1.566236 1.56358 1.567365 1.564627 1.588074 1.577624 1.256773 1.553743 1.554305 1.575531 1.583902 1.582205 1.573452 1.56887 1.58143 1.587275 1.582391 1.583259 1.583224 1.586803 1.590267 1.593899 1.601233 1.59411 1.586189 1.5812 1.583316 1.580237 1.579867 1.575764 1.578366 1.572111 1.57504 1.570051 1.574737 1.576337 1.57583 1.575788 1.583675 1.576022
3.050252 3.048881 3.050376 3.048794 3.049024 3.049931 3.047934 3.049978 3.048749 3.050552 3.047846 3.049677 3.048443 3.051041 3.049116 3.056376 -3.127473 3.088794 3.044961 3.057178 3.054996 3.050618 3.046763 3.04751 3.044908 3.046966 3.048555 3.051337 3.052507 3.052086 3.053185 3.052512 3.054165 3.053579 3.055985 3.056656 3.054676 3.054657 3.05555 3.054312 3.054832 3.055521 3.056776 3.057772 3.05717 3.055545 3.057233 3.058211
3.057632 3.058079 3.059109 3.058054 3.058316 3.056522 3.057435 3.056712 3.058729 3.057848 3.058561 3.059026 3.057221 3.058362 3.059242 3.058366 3.058404 -3.090624 -2.870932 -3.056324 3.098796 3.077456 3.07062 3.063167 3.058225 3.053251 3.049719 3.05365 3.052525 3.053816 3.053567 3.054064 3.056683 3.058051 3.055777 3.058123 3.055954 3.055024 3.056517 3.053683 3.052111 3.052094 3.051484 3.050467 3.052999 3.049931 3.052433 3.051014
3.04821 3.04708 3.047082 3.048136 3.045449 3.043622 3.043061 3.042104 3.040523 3.042538 3.040917 3.041319 3.043745 3.043224 3.046763 3.047085 3.048631 3.135251 -2.616688 -2.657508 -2.82514 -2.949878 -2.994176 -3.017454 -3.034779 -3.049292 -3.049162 -3.049961 -3.048361 -3.050721 -3.051045 -3.047161 -3.046032 -3.048197 -3.05215 -3.051345 -3.052442 -3.052056 -3.050529 -3.048379 -3.047033 -3.047241 -3.043432 -3.042467 -3.044863 -3.044047 -3.042376 -3.040669
-2.901794 -2.901924 -2.903596 -2.90622 -2.906057 -2.907024 -2.90742 -2.907559 -2.906749 -2.885152 -2.629803 -2.860126 -2.889628 -2.89744 -2.904657 -2.909264 -2.912581 -2.911852 -2.909955 -2.907611 -2.907973 -2.909907 -2.908593 -2.908007 -2.90565 -2.906572 -2.906658 -2.905444 -2.904595 -2.901809 -2.900095 -2.899529 -2.899054 -2.897376 -2.896844 -2.898624 -2.899616 -2.899643 -2.898241 -2.898291 -2.899102 -2.899787 -2.898893 -2.898513 -2.897399 -2.896965 -2.898103 -2.898724
-2.905918 -2.908055 -2.906885 -2.90753 -2.908794 -2.911022 -2.914153 -2.910981 -2.910705 -2.911875 -2.911477 -2.909766 -2.911092 -2.907161 -2.907258 -2.791061 -2.812931 -2.896875 -2.899789 -2.904448 -2.907203 -2.910658 -2.911164 -2.913117 -2.909733 -2.905559 -2.899903 -2.897007 -2.896423 -2.897208 -2.891906 -2.895056 -2.895119 -2.893732 -2.894305 -2.893203 -2.892752 -2.891588 -2.891771 -2.89079 -2.892084 -2.891796 -2.890807 -2.890695 -2.889942 -2.892187 -2.889448 -2.888936
-2.890503 -2.893849 -2.893543 -2.896399 -2.900754 -2.902964 -2.902594 -2.903835 -2.904507 -2.905248 -2.908047 -2.911376 -2.91016 -2.908951 -2.908419 -2.909644 -2.908554 -2.910428 -2.516868 -2.574142 -2.753361 -2.823123 -2.89688 -2.910557 -2.906415 -2.899471 -2.901587 -2.905269 -2.9062 -2.9021 -2.895284 -2.89447 -2.895692 -2.89678 -2.897347 -2.898475 -2.89756 -2.899962 -2.898994 -2.904043 -2.904402 -2.906989 -2.906862 -2.91002 -2.90779 -2.908331 -2.908273 -2.907091
-0.1076242 -0.1175693 -0.1236879 -0.1118893 -0.1107398 -0.10864 -0.1029186 -0.1140803 -0.1226662 -0.1271614 -0.1233289 -0.1214691 -0.1248773 -0.1315318 -0.12412 -0.1183608 -0.1090882 -0.106424 -0.1060495 -0.1108567 -0.1149969 -0.1101494 -0.1031374 -0.1070003 -0.1119291 -0.1143765 -0.1192136 0.02617159 0.1072972 0.02022461 0.02546565 0.05006265 0.07223681 0.05256958 -0.03234625 -0.1038186 -0.1219175 -0.1095703 -0.1233456 -0.09820717 -0.104159 -0.1142185 -0.1231963 -0.1339608 -0.1420372 -0.1265055 -0.1295272 -0.1320264
-0.1179053 -0.1208006 -0.1168251 -0.113365 -0.1174999 -0.1259466 -0.1321146 -0.1251337 -0.1230191 -0.1215231 -0.1219631 -0.1213827 -0.1189522 -0.1189318 -0.1260318 -0.126075 -0.1197071 -0.1226317 -0.1248278 -0.1217873 -0.1158907 -0.1133978 0.001001413 0.06621619 0.0320624 0.06156375 0.05194156 -0.0007110342 -0.09259085 -0.1373324 -0.1736396 -0.1695801 -0.1442783 -0.1249075 -0.1189071 -0.1189492 -0.1205578 -0.1224437 -0.1210336 -0.1211797 -0.1146353 -0.1156499 -0.1198897 -0.1249579 -0.1187203 -0.115967 -0.1137549 -0.1141653
-0.1253295 -0.1292401 -0.1287351 -0.1284576 -0.1286834 -0.1284613 -0.1290044 -0.1275775 -0.1261581 -0.1303791 -0.1271032 -0.1278926 -0.1272123 -0.124203 -0.1241887 -0.1215805 -0.1209506 -0.1171867 -0.1140269 -0.1114119 -0.03476785 0.1227505 0.3034828 0.3359355 0.2987904 0.2809747 0.2629707 0.196031 0.1440685 0.05143746 0.01915167 0.0276752 0.03212609 0.04303572 0.04572029 0.03078361 0.03451036 0.04887776 0.03992903 0.0383123 0.04116115 0.03473001 0.02947491 0.02600867 0.02058648 0.02464323 0.03217026 0.03658584
0.04298038 0.04416239 0.04608807 0.04490101 0.03722342 0.0379905 0.03601321 0.03519178 0.03402404 0.028277 0.02796228 0.02585697 0.02430678 0.02661333 0.02888012 0.03370696 0.0377484 0.038908 0.04075702 0.03793785 0.03553128 0.04298236 0.04304066 0.03850042 0.03400588 0.03184555 0.03137425 0.03185834 0.02883968 0.03556916 -0.008706642 -0.0782905 -0.1154887 -0.1363648 -0.105767 -0.003669985 0.04080338 0.003181732 -0.02390424 -0.04785388 -0.0312509 0.002923613 0.01417361 0.02972575 0.03804047 0.03298671 0.02542923 0.01672928
0.04207134 0.04202272 0.04311232 0.04490206 0.03985703 0.0430694 0.04393531 0.04178528 0.04193757 0.0462096 0.04755926 0.05050952 0.05518056 0.054571 0.05914898 0.05987552 0.05711855 0.05075452 0.04868642 0.04818614 0.02561113 0.002962026 -0.04862024 -0.07154515 -0.07873933 -0.07514883 -0.05728253 -0.03031318 0.01030034 0.02488248 0.02623115 0.02555674 0.02971527 0.0387273 0.0392927 0.0290131 0.03758614 0.04256786 0.03876957 0.04548564 0.04539881 0.05552061 0.05296394 0.0449742 0.0373321 0.04400436 0.05023891 0.04838456
0.0519622 0.05116612 0.04511175 0.04721132 0.04453078 0.04788606 0.05088899 0.04451342 0.04425568 0.04627487 0.04611507 0.04589 0.05157172 0.05130186 0.05130479 0.04927969 0.04800633 0.04364197 0.04279576 0.04196068 0.0419393 0.04651469 0.0565731 0.06988872 0.0795878 0.1518447 0.09645353 0.09313785 0.09359417 0.07381506 0.06070227 0.04657481 0.03910536 0.03138729 0.03746269 0.04644247 0.04207172 0.04365624 0.04737112 0.05070369 0.05027293 0.04577241 0.04726587 0.04346094 0.04170905 0.04733475 0.04401606 0.04210564
-2.841948 -2.8433 -2.841881 -2.841969 -2.840195 -2.839306 -2.841758 -2.845406 -2.843437 -2.84147 -2.840354 -2.839617 -2.839912 -2.836731 -2.80944 -2.723159 -2.752053 -2.779058 -2.775844 -2.802633 -2.822627 -2.865608 -2.887506 -2.894012 -2.909238 -2.908984 -2.893808 -2.888756 -2.879113 -2.867471 -2.861007 -2.859837 -2.858239 -2.855394 -2.848092 -2.849772 -2.858329 -2.857531 -2.856728 -2.853664 -2.846916 -2.840984 -2.845654 -2.844075 -2.844873 -2.845243 -2.851546 -2.85272
-2.843916 -2.845455 -2.845738 -2.847692 -2.845121 -2.844655 -2.846124 -2.850586 -2.851997 -2.853462 -2.848915 -2.845245 -2.843147 -2.845494 -2.847935 -2.850087 -2.856134 -2.965538 2.997599 2.745198 2.519938 2.317081 2.168125 2.075649 2.086383 2.165459 2.251652 2.29766 2.33336 2.339181 2.341991 2.358662 2.355177 2.355444 2.359926 2.366182 2.369719 2.367252 2.361957 2.363135 2.371702 2.376996 2.429244 2.531765 2.669323 2.754296 2.897263 3.001291
-3.016387 -3.006439 -3.008111 -3.010942 -3.016074 -3.018231 -3.019948 -3.017734 -3.017362 -3.014747 -3.016825 -3.013962 -3.012515 -3.01702 -3.020458 -3.018753 -3.012135 -3.006844 -3.008996 -3.037083 -3.04646 -3.093292 -3.069907 -3.025543 -3.026986 -3.026382 -3.016081 -3.020379 -3.01689 -3.009488 -3.012102 -3.011865 -3.010231 -3.010283 -3.007235 -3.010634 -3.009444 -3.006592 -3.00458 -3.008161 -3.016002 -3.017019 -3.013922 -3.018162 -3.028372 -3.024895 -3.010858 -3.006541
-3.003752 -3.00736 -3.00644 -2.996614 -3.005561 -3.013907 -3.016245 -3.013528 -3.009351 -3.008253 -2.999261 -2.997396 -3.002624 -2.999175 -3.000953 -2.997737 -2.999525 -3.012136 -3.007898 -2.992151 -2.996979 -3.007494 -3.015977 -3.009663 -3.00243 -3.000063 -2.996697 -2.992589 -2.997726 -3.000304 -2.999097 -2.996791 -2.999321 -3.010237 -3.01335 -3.00455 -3.000144 -3.000842 -3.005757 -3.004416 -3.004069 -3.008053 -3.009399 -3.003458 -2.998422 -3.002835 -3.013583 -3.008492
-3.011062 -3.009159 -3.007987 -3.008148 -3.004901 -3.004027 -3.001587 -2.999675 -2.998111 -2.998301 -2.996491 -3.001227 -3.003541 -3.044741 3.106731 3.074593 3.109703 -3.109557 -3.131157 3.125324 -3.131448 -3.054666 -3.030872 -3.023974 -3.019914 -3.021956 -3.018193 -3.012142 -3.005403 -3.002162 -3.003534 -3.009632 -3.016641 -3.014903 -3.011712 -3.01361 -3.011783 -3.007841 -3.007175 -3.011437 -3.012944 -3.013325 -3.016332 -3.018939 -3.023505 -3.018409 -3.016119 -3.022284
-2.996243 -2.99665 -2.976462 -2.977208 -2.977353 -2.993334 -2.992031 -2.99268 -2.986274 -2.992568 -2.99672 -3.008268 -3.014871 -3.016742 -3.011095 -3.017763 -3.015841 -3.055714 -3.090173 -3.016072 -3.00018 -3.015473 -3.020564 -3.019971 -3.020705 -3.00994 -3.000554 -3.000843 -3.001972 -3.000078 -3.001832 -3.007392 -3.00556 -3.000249 -2.9921 -3.003535 -3.013885 -3.024359 -3.014444 -3.011506 -3.011568 -3.011065 -3.010928 -3.018035 -3.025095 -3.014991 -3.028069 -3.035975
-1.587307 -1.589113 -1.583102 -1.57286 -1.576723 -1.579058 -1.576604 -1.575063 -1.574019 -1.579082 -1.58422 -1.581449 -1.579678 -1.581344 -1.582378 -1.581859 -1.585388 -1.587613 -1.589495 -1.59227 -1.686764 -1.820818 -1.816131 -1.726259 -1.614843 -1.588797 -1.580636 -1.585618 -1.578329 -1.586199 -1.58369 -1.579082 -1.578395 -1.577878 -1.578571 -1.584816 -1.59128 -1.596948 -1.597191 -1.594193 -1.589225 -1.581462 -1.58119 -1.584842 -1.58249 -1.584684 -1.586103 -1.5892
-1.586347 -1.585675 -1.589048 -1.588049 -1.584754 -1.589553 -1.588581 -1.591079 -1.591808 -1.594476 -1.595716 -1.592708 -1.594213 -1.596584 -1.594571 -1.593182 -1.591629 -1.588013 -1.585439 -1.581854 -1.578407 -1.62451 -1.592749 -1.578857 -1.611092 -1.606375 -1.598377 -1.587218 -1.589754 -1.593148 -1.59187 -1.590266 -1.591483 -1.592607 -1.59031 -1.591753 -1.589613 -1.590019 -1.594626 -1.599361 -1.603728 -1.604511 -1.602368 -1.596719 -1.593579 -1.592362 -1.590937 -1.588481
-1.59766 -1.596255 -1.595214 -1.591959 -1.592072 -1.592787 -1.592208 -1.590225 -1.589877 -1.587759 -1.586619 -1.58609 -1.587592 -1.585163 -1.584089 -1.584337 -1.582135 -1.580844 -1.581122 -1.583055 -1.585828 -1.586614 -1.587628 -1.584947 -1.582762 -1.586829 -1.586984 -1.57916 -1.666262 -1.852705 -1.997194 -2.104103 -2.23942 -2.282819 -2.255159 -2.141191 -2.090682 -2.064203 -2.032475 -2.002393 -1.993853 -1.99935 -1.997421 -1.991034 -1.988604 -1.985426 -1.981346 -1.981156
-1.463067 -1.463759 -1.464993 -1.465953 -1.463552 -1.46363 -1.463869 -1.462266 -1.45981 -1.463024 -1.463388 -1.463465 -1.463039 -1.462093 -1.464265 -1.463068 -1.473172 -1.502627 -1.602811 -1.662233 -1.621573 -1.574741 -1.529513 -1.52527 -1.497274 -1.46784 -1.4827 -1.498608 -1.474469 -1.467915 -1.461512 -1.460137 -1.46433 -1.46486 -1.461495 -1.464894 -1.4702 -1.474654 -1.474234 -1.464923 -1.459313 -1.45726 -1.45508 -1.458498 -1.456443 -1.454822 -1.457298 -1.459309
-1.461012 -1.466977 -1.471521 -1.471192 -1.472188 -1.471754 -1.463037 -1.455495 -1.452792 -1.454994 -1.449955 -1.44198 -1.442044 -1.442339 -1.448489 -1.451828 -1.458006 -1.457043 -1.45881 -1.460163 -1.458448 -1.461432 -1.458134 -1.455426 -1.454204 -1.510784 -1.845548 -2.242127 -2.648921 -3.009647 -3.040011 -2.894638 -2.807231 -2.774037 -2.767711 -2.7682 -2.748348 -2.746544 -2.756367 -2.756396 -2.744606 -2.739317 -2.738051 -2.738657 -2.738705 -2.740639 -2.7422 -2.742632
-1.433453 -1.426591 -1.422525 -1.428613 -1.431193 -1.429917 -1.42693 -1.431155 -1.430961 -1.427901 -1.426887 -1.428449 -1.435145 -1.436853 -1.430395 -1.431665 -1.437621 -1.439417 -1.432494 -1.423518 -1.423265 -1.426536 -1.420999 -1.423053 -1.416322 -1.414268 -1.419198 -1.386747 -1.3949 -1.417966 -1.428082 -1.437301 -1.429761 -1.45045 -1.441029 -1.424569 -1.418766 -1.419756 -1.420949 -1.422699 -1.42489 -1.428932 -1.430835 -1.429531 -1.433407 -1.441735 -1.445903 -1.440612
