0.08669743 0.05748849 0.05715765 0.07325797 0.07389896 0.07397656 0.07648442 0.06911053 0.06015107 0.01279509 -0.008644425 -0.01830658 0.003598277 0.03906939 0.07858822 0.0800809 0.06979947 0.02980343 -0.009056197 -0.03725288 0.001900194 0.02667838 0.01703142 0.03074833 0.05441029 0.0493458 0.04640323 0.09376168 0.1332121 0.1376256 0.1110312 0.03174098 -0.01689541 -0.007513908 -0.01301384 0.002574436 0.02386758 0.03053203 0.04245264 0.0218262 0.001391944 0.01368396 0.01568885 0.02769993 0.03067417 0.04466147 0.05260152 0.0523041 0.05302909 0.07161166 0.03083959
0.07161166 0.03083959 -0.03621966 -0.04815204 -0.02024277 0.01992799 0.06546437 0.08426038 0.025705 -0.01272126 0.000688588 0.03367364 0.05773542 0.04652297 0.02961887 0.008110521 0.02630297 0.02053507 0.001139816 -0.02221049 -0.03751877 -0.03453585 -0.03016958 -0.0434459 -0.03644526 -0.04527935 -0.04937013 -0.04004695 -0.043542 -0.0474066 -0.03133651 -0.01489347 -0.03735912 -0.04391372 -0.03348411 -0.02413229 -0.05451026 -0.05898569 -0.07766967 -0.08694558 -0.0750835 -0.05728764 -0.05088093 -0.0436899 -0.04966535 -0.05280441 -0.05793196 -0.06341422 -0.05388131 -0.06188495 -0.06805387
0.02147968 0.0186755 0.01043611 0.008090029 0.009530349 0.008369867 0.009162549 -0.002286615 -0.002847598 0.004779228 0.01665377 0.023679 0.03636742 0.03609446 0.03181283 0.02044184 0.008536737 0.006165731 0.01044873 0.01727093 0.01442725 0.01546195 0.01103951 0.01990868 0.03976966 0.03428263 0.02898052 0.01593228 0.01109605 0.01564043 0.02435649 0.03445618 0.03631685 0.02895904 0.008922739 -0.01130568 -0.006745383 0.007126915 0.003840711 0.000687761 -0.002472917 -0.004674943 0.00188611 0.020933 0.0380553 0.05278796 0.05702971 0.04658923 0.03064054 0.01825924 0.01134681
0.03064054 0.01825924 0.01134681 0.005053083 -0.00115719 -0.006039819 -0.00794656 -0.01756699 -0.021242 -0.0282728 -0.01121859 -0.002001594 0.001860961 0.006752382 0.007040011 -0.003337762 -0.01234024 -0.01963468 -0.02301008 -0.0175557 -0.01584499 -0.01337972 -0.01056109 -0.01287833 -0.01049478 0.003122424 0.009593008 0.00377399 -0.01336045 -0.01639495 -0.002728914 -0.01683797 -0.000138411 0.00134372 -0.005577896 0.008129304 0.02478218 0.0462424 0.06534985 0.06739756 0.06156525 0.05055004 0.02780294 0.02567746 0.01793574 0.02147375 0.0221893 0.02369321 0.01432604 0.01615486 0.02445653
0.06845751 0.07676989 0.06818818 0.06246606 0.04423096 0.03738239 0.01489414 0.01285858 0.0140143 0.02103886 0.02704045 0.0408996 0.04586557 0.04533865 0.04582294 0.04415385 0.04481101 0.04795876 0.05396704 0.05727228 0.04786105 0.03019848 0.02151326 0.02540154 0.02929252 0.04345449 0.03957216 0.02790841 0.02189646 0.01757868 0.01982917 0.01773262 0.01377581 0.02396702 0.02204995 0.02434363 0.01764273 0.008563064 0.01774385 0.03001478 0.05517248 0.05410427 0.05147353 0.05269492 0.06008855 0.07004383 0.07278429 0.06651144 0.03156802 0.001305249 -0.00253406
0.1132394 0.1064247 0.1274931 0.1259197 0.08820223 0.0781431 0.07831122 0.07615947 0.09337201 0.09434016 0.09634023 0.1087172 0.1403556 0.08919854 0.05277729 0.05534999 0.05207866 0.04049067 0.04048068 0.03204836 0.02586621 0.03845936 0.01171639 0.03036883 0.02554004 0.03150096 0.04647125 0.05302903 0.04524117 0.0289826 0.04545137 0.04316486 0.05553515 0.0329253 0.02089867 0.0433483 0.06391496 0.08625366 0.09494279 0.06227976 0.07023041 0.04905542 0.02230227 0.003528733 0.03133611 0.03709364 0.03547739 0.03589458 0.0386662 0.04287686 0.04342074
9.033362e-05 0.0002230474 -0.001780653 -0.0002197117 0.00143479 0.003569669 0.006463366 0.01056699 0.01395366 0.009012048 0.008296772 0.002748838 0.00234386 0.003652469 0.006070522 0.007667004 0.004854042 0.002385106 0.00332578 0.000681225 0.2064544 0.3569653 0.1117116 -0.07478488 -0.1666916 -0.1790969 -0.1513078 -0.04690969 0.002707719 0.006348116 0.005324521 0.005336309 0.008107685 0.009526026 0.006555482 0.005675853 -0.0009189725 -0.003737761 -0.001099531 -0.003806566 -0.005325451 -0.002603696 -0.0002230195 -0.003116283 -0.006933575 -0.005894611 -0.009756348 -0.01046235 -0.01172642 -0.008130781 -0.002380458
0.01662296 0.01312058 0.01293069 0.01431407 0.009826175 0.002691732 -0.003255227 -0.005008341 -0.004916187 0.00516017 0.003676747 0.00185859 0.004901215 0.2291705 0.3459366 0.08881348 -0.1072336 -0.1729973 -0.1705511 -0.1293313 -0.0402631 -0.003732342 -0.005098437 -0.006159055 -0.007714929 -0.002030093 0.006857719 0.01339411 0.02211554 0.02276819 0.02143634 0.02054781 0.0208554 0.02010647 0.01407219 0.005473439 0.004518237 -0.007679658 -0.009560359 -0.002076226 0.006862492 0.007950933 0.004283205 0.007485852 0.007737651 0.008819047 0.0131709 0.01598278 0.02057639 0.02012218 0.01967483
0.02313962 0.02727282 0.0282164 0.02493802 0.0275355 0.015375 0.008634733 0.007803595 0.007396272 0.008200409 0.01669621 0.3134893 0.5013928 0.2689236 -0.1536378 -0.1353806 -0.03700888 -0.006204309 0.02150671 0.02370925 0.02999417 0.03189004 0.03870317 0.03288835 0.02631577 0.01513768 0.007316651 0.002717408 0.002344471 0.002392775 0.006341529 0.01068431 0.01134978 0.0172208 0.01493641 0.01767622 0.01808909 0.01507349 0.01217158 0.01074547 0.01017721 0.01102051 0.009514668 0.01186507 0.01326002 0.01137822 0.01531607 0.01051017 0.005774315 0.00294596 0.003840105
-0.001443278 0.001840011 0.008231052 0.008274928 0.005435437 0.007660872 0.005580195 0.003392457 -0.008470869 -0.01278389 -0.009462811 -7.969919e-05 0.002404818 0.3292798 -0.1230917 -0.1853829 -0.1157611 -0.06066091 0.001671646 0.006797817 0.01107442 0.01062965 0.006191402 0.00150554 -0.001373509 0.001697782 0.007346939 0.007662273 0.007927335 0.009242539 0.006194042 0.004527739 0.000516113 -0.002905355 -0.002887872 -0.007528565 -0.006275997 -0.001129768 -0.001421796 0.005750508 0.0156051 0.01982057 0.005399041 0.005155803 0.002718824 0.009270681 0.01226572 0.009743196 0.007345675 -0.006789145 -0.01156704
0.01226572 0.009743196 0.007345675 -0.006789145 -0.01156704 -0.002899548 0.004075327 0.01040863 0.01394064 0.02647537 0.02290731 0.0150093 0.06451009 0.5371916 0.2660125 -0.0004028371 -0.1394722 -0.1635265 -0.1268338 -0.05714606 0.01904058 0.03326616 0.04520338 0.05270985 0.04888724 0.04096694 0.03352164 0.02471831 0.02218141 0.02059371 0.01558943 0.01476232 0.0174213 0.01800192 0.01870907 0.01830595 0.01548379 0.01085186 0.0061764 0.001703773 0.001606078 -0.0009861864 0.003497112 0.005650048 0.006802688 0.01280818 0.01153061 0.01227502 0.008873109 0.006401579 0.008026334
-0.006217082 -0.01003614 -0.01641036 -0.0202065 -0.01608911 -0.01425761 -0.01801323 -0.01811523 -0.007686847 0.005658514 0.009715173 0.2803178 0.3778497 -0.2071046 -0.1964152 -0.02632118 0.005255631 0.01295861 0.01206896 0.008257507 -2.378749e-05 -0.01067092 -0.01213633 -0.007603683 -0.00329314 0.002865201 0.004980036 0.009760574 0.008567372 0.007073642 0.008507346 0.01028675 0.002206317 -0.001940041 -0.01024138 -0.01264046 -0.01265313 -0.01095572 -0.006588719 -0.01216238 -0.01597368 -0.01438945 -0.02182209 -0.019256 -0.01342138 -0.01032015 -0.009822812 -0.006964239 -0.004405362 -0.0004542512 0.005700271
0.08332641 0.07300001 0.06607352 0.07928573 0.0835048 0.06338825 0.07483494 0.05665612 0.05930096 0.07633176 0.0442732 0.02651382 0.01423541 0.05276383 0.1002092 0.1012942 0.06755082 0.04434133 0.02486264 0.009078082 -0.4224527 -0.2491625 0.0391206 0.2490155 0.2467457 0.1998394 0.1594528 0.09672106 0.07827225 0.07481405 0.07621759 0.0616158 0.07227217 0.08719382 0.08875944 0.08786663 0.08124541 0.06050675 0.05482502 0.08462443 0.1014035 0.09611496 0.09951185 0.1056971 0.09779704 0.1024977 0.1123668 0.1228723 0.1580045 0.1254453 0.1212791
0.047683 0.03696025 0.04192855 0.05890002 0.07641511 0.1033027 0.1316495 0.128058 0.09121366 0.0455514 0.03631787 0.05064986 -0.3352289 -0.339785 -0.007356858 0.1628732 0.240972 0.256595 0.2120348 0.1329395 0.09740411 0.1008437 0.1105767 0.06941263 0.04377395 0.06092507 0.04334795 0.02230727 -0.001345887 0.0315278 0.1289817 0.1505032 0.1543677 0.1224714 0.06572156 0.04945165 0.02909387 -0.02609923 0.005243598 0.04334158 0.05435965 0.05444794 0.05413697 0.07342062 0.07746045 0.08760929 0.08732165 0.06847624 0.06103003 0.08701337 0.06992767
0.06400099 0.07282876 0.05874474 0.08816605 0.08864707 0.1087654 0.06887291 0.09018611 0.05199131 0.03501645 0.03215246 0.05542674 0.04867012 -0.1952346 -0.03116964 0.07587759 0.182964 0.2059679 0.2014589 0.2113429 0.1568838 0.0835498 0.03686397 0.01769456 0.04422444 0.04807556 0.02251496 0.04304978 0.07012788 0.1121148 0.117679 0.07113526 0.02911 0.03761851 0.06820207 0.07320874 0.075178 0.06886655 0.06890951 0.07408031 0.08336209 0.08068783 0.1005789 0.07137658 0.1238947 0.1116709 0.08953151 0.0833829 0.07828701 0.07610153 0.07219361
0.08877746 0.08081093 0.08468716 0.05901349 0.08686902 0.1076704 0.1193606 0.1100408 0.132506 0.1116218 0.09946867 0.09577926 0.1140737 0.1178431 0.09131869 0.06834259 -0.2020032 -0.06741687 0.09355895 0.1645803 0.203806 0.2231804 0.2401662 0.1702237 0.1182842 0.08843847 0.0482805 0.05045699 0.0403713 0.06610644 0.07386074 0.1020847 0.1141601 0.1277642 0.1419698 0.07946293 0.05097122 0.07982484 0.08833838 0.1070698 0.119646 0.1098283 0.1106414 0.1377452 0.1331573 0.09612056 0.03547399 0.04599027 0.0504633 0.06912456 0.07733674
0.06526086 0.07075065 0.08051758 0.1065011 0.08853432 0.05481733 0.1060796 0.126821 0.09656429 0.08453351 0.08486857 -0.2151142 -0.3433115 -0.01751308 0.1195216 0.1801883 0.1929141 0.1910821 0.1482505 0.1224146 0.09378213 0.05640276 0.06285728 0.06408697 0.09511079 0.08053333 0.08334877 0.06762791 0.07167462 0.0823051 0.05333576 0.0495043 0.04462839 0.009621074 -0.004430542 0.05733195 0.07169877 0.05106609 0.04637379 0.04105959 0.04686525 0.05104348 0.04957732 0.0425615 0.04230306 0.03517003 0.02965764 0.02886509 0.03820514 0.04282721 0.06334963
0.04230306 0.03517003 0.02965764 0.02886509 0.03820514 0.04282721 0.06334963 0.06228039 0.05478056 0.06519562 0.06207933 0.05717973 0.04963835 0.05501859 0.0570797 0.0557618 -0.3568382 -0.3466469 -0.04136651 0.2143307 0.3214942 0.3192127 0.2748847 0.2184967 0.1718237 0.1460094 0.1170526 0.1157175 0.1262162 0.1336178 0.1500583 0.1449251 0.1420008 0.135727 0.1246415 0.1218119 0.1228018 0.1119467 0.1344202 0.1379568 0.1449146 0.1530666 0.1369018 0.146407 0.1482736 0.1160012 0.09955086 0.09256181 0.1025456 0.09340951 0.1066254
-0.0220668 -0.02066633 -0.01789642 -0.0175727 -0.01747374 -0.02734795 -0.03390609 -0.04043527 -0.0429817 -0.02617503 -0.0103385 0.3216915 -0.03898987 -0.1307947 -0.08280359 -0.05306543 -0.04324883 -0.0228122 -0.0314086 -0.04377865 -0.05293449 -0.08357698 -0.09639528 -0.08600872 -0.06807375 -0.06567002 -0.05944028 -0.0458104 -0.02503978 -0.01309048 -0.007164798 -0.00808382 -0.01029253 -0.01930196 -0.02055773 -0.01931103 -0.01078639 -0.01037154 -0.01771271 -0.02472237 -0.02419322 -0.02076885 -0.01529288 -0.006398154 -0.005954523 -0.006873307 -0.01820574 -0.02549254 -0.03483348 -0.04366038 -0.03602862
0.005630502 0.02027956 0.03016352 0.03635295 0.03255033 0.02443497 0.01377657 0.007027135 -0.005353893 -0.01549379 -0.01571768 -0.001971845 0.01386679 0.0339244 0.4450135 0.579875 0.2802418 -0.08438025 -0.2142669 -0.2452034 -0.2140285 -0.1691731 -0.1204941 -0.07151233 -0.02511113 -0.01455286 -0.0002581863 0.01227289 0.009265634 -0.000184628 -0.01812033 -0.02216215 -0.02134671 -0.02691071 -0.02505105 -0.01708829 -0.008603623 -0.004694869 0.008090224 0.008512876 0.01959568 0.03340993 0.03227612 0.004641945 -0.03125861 -0.04659025 -0.05482262 -0.04976945 -0.04852625 -0.04642415 -0.04078816
-0.02551483 -0.02122859 -0.02058471 -0.02141641 -0.02238943 -0.01500231 -0.01590591 -0.02232615 -0.02870166 -0.03874256 -0.04100929 -0.03031405 -0.0159637 0.009654584 0.2889028 0.177285 0.0253758 -0.08091516 -0.04663319 -0.03894626 0.005587676 0.02543996 0.03401855 0.006311344 0.001598703 -0.001772592 0.01206084 -0.004328974 -0.0146021 -0.01604755 -0.006285531 -0.002473776 -0.002649713 -0.006993561 -0.01913203 -0.02851103 -0.03187096 -0.02089784 -0.01189473 -0.007260703 -0.0164842 -0.02980933 -0.03099109 -0.02299333 -0.02555902 -0.03429636 -0.03625576 -0.02986238 -0.02493341 -0.0313489 -0.02285022
-0.09964501 -0.09181451 -0.07975154 -0.04699557 -0.0201591 -0.01272998 -0.005901549 -0.01101768 -0.02189704 -0.02962222 -0.03389286 -0.05092941 -0.05730619 -0.04774719 -0.02600924 0.1257638 0.2493254 0.07375207 -0.060869 -0.1389295 -0.1387749 -0.1195873 -0.09597158 -0.07231821 -0.05105647 -0.03600535 -0.02580901 -0.02030855 -0.01066508 -0.007414402 -0.005146395 -0.005824002 -0.009304107 -0.01286646 -0.01981007 -0.01140533 0.004982146 -0.008553891 -0.02184402 0.003742831 0.01756358 0.001795157 0.005504116 0.003514941 -0.00644857 -0.02048461 -0.03133184 -0.02936425 -0.03061682 0.3079461 0.5996346
0.005810499 0.009281224 0.02348525 0.02437846 0.02036399 0.008216535 -0.007964792 -0.008746861 -0.01174562 -0.01272055 -0.01009204 -0.001980325 0.010881 0.02358731 0.182534 0.1409777 0.01099455 -0.0736995 -0.1061252 -0.08974071 -0.05652406 -0.03456725 -0.01518338 0.007388927 0.01631928 0.02745519 0.04390169 0.05064572 0.04004988 0.0303383 0.02484727 0.01067109 0.003174087 0.002370452 0.003069668 -0.001656079 0.002928147 -0.006193824 -0.00862095 -0.007934003 -0.001913269 0.004251003 0.006436137 0.007781336 0.004199936 -0.003032192 -0.01873352 -0.01379713 -0.002197862 0.0120437 0.02113451
-0.05340813 -0.05003287 -0.01232831 -0.004921208 0.001978689 -0.006004225 -0.01784887 -0.03321638 -0.04477265 -0.06086228 -0.03934002 -0.01963499 -0.009951628 0.05927881 0.6301745 0.225616 0.06166877 -0.04235715 -0.1076782 -0.1390111 -0.1344583 -0.09589186 -0.08842726 -0.07192617 -0.04392676 -0.004118031 0.02586942 0.009008144 0.01466608 0.05036616 0.04496634 0.04255719 0.0232784 0.03329115 0.03205972 0.0316994 0.04937098 0.04052489 0.01374273 0.0264675 0.02004117 0.03539494 0.03550032 0.03870317 0.02015064 0.03903804 0.03784119 0.04302607 0.0434896 0.03340894 0.03557923
-0.01261393 -0.01043923 -0.00850377 -0.00754085 -0.007125864 -0.005342926 -0.006191243 -0.001680385 -0.00126087 -0.001934167 -0.003611731 -0.002643736 -0.004768094 -0.004398453 -0.004612726 -0.07625277 -0.4698423 -0.2491479 0.0797928 0.187408 0.186132 0.1340575 0.08704416 0.02992483 -0.002205339 -0.01897024 -0.01597996 -0.01101549 -0.002604855 0.008285592 0.01375041 0.01798591 0.01541935 0.01361201 0.008446913 0.004269432 -0.0001858166 -0.007270791 -0.01056431 -0.01406429 -0.01524873 -0.01974071 -0.0191918 -0.02050852 -0.01446981 -0.01207398 -0.01081073 -0.01256781 -0.01592271 -0.01366152 -0.01121411
-0.02137416 -0.02292828 -0.02014097 -0.01581925 -0.0110027 -0.009597172 -0.007393765 -0.007182168 -0.00649027 -0.008417546 -0.01067952 -0.01151815 -0.01585747 -0.02041179 -0.02702473 -0.02891739 -0.02728205 -0.3979608 -0.6249201 -0.2150769 0.1080686 0.1892984 0.1724052 0.1485732 0.113298 0.06346911 0.01331452 -0.01367464 -0.01592265 -0.01977464 -0.0224502 -0.02470479 -0.02390131 -0.02119907 -0.02685092 -0.02452167 -0.01987379 -0.01669567 -0.008559475 -0.005274287 -0.008133329 -0.009180067 -0.01109402 -0.0156534 -0.02432751 -0.02490592 -0.02171948 -0.02140581 -0.02228984 -0.01767347 -0.01270619
-0.01215974 -0.01050561 0.001938199 0.004163832 0.008426039 0.01172934 0.01288562 0.01539954 0.01310484 0.008232107 0.007176579 0.001076192 -0.004660918 -0.01233922 -0.01087511 -0.00928935 -0.2333075 -0.7373 -0.3737584 -0.03603621 0.216057 0.2279993 0.1618778 0.08995483 0.0222554 -0.02692421 -0.04176908 -0.0362851 -0.0218679 -0.01016741 -0.001293137 -0.003200876 -0.006281254 -0.006833951 0.006453664 0.01071173 0.01026662 0.005775657 -0.001552782 -0.006361371 -0.00648582 -0.007291463 -0.01112472 -0.009633573 -0.005091937 0.0003268557 0.001238929 -0.01082625 -0.0109187 -0.008918845 -0.0140516
-0.0001347816 0.0004140759 0.00339426 -0.001184583 -0.004704129 -0.003810561 -0.004871659 -0.006209258 -0.009775278 -0.1090932 -0.5448453 0.003096731 0.154792 0.1213559 0.02581571 -0.01439934 -0.001158834 0.01448809 0.01142013 0.003221693 -0.01137465 -0.006765382 0.002592792 0.009736755 0.01559487 0.02062672 0.01175992 0.008226183 0.007378112 0.009747544 0.01661624 0.01175343 0.005357927 0.001206469 -0.004580923 -0.006051274 -0.003177153 3.447278e-05 0.003960683 0.005343596 0.008738626 0.009835568 0.005482008 -0.0005671974 -0.003856439 -0.009390843 -0.007656504 -0.003458455 -0.000594342 0.005972269 0.01150449
-0.01525906 -0.009731543 0.001144504 0.01416265 0.0231204 0.01899381 0.02799555 0.02522853 0.02029192 0.009758602 0.002873602 0.006640155 0.003641275 0.001192648 -0.002968825 -0.2903576 -0.1571904 0.03705914 0.08987708 0.1023478 0.08490219 0.05860979 0.04012176 0.02282251 0.01667777 0.0133543 0.009349805 0.008444861 0.00972527 0.007926186 0.01709797 0.01650575 0.01264768 0.01440555 0.01667547 0.0195397 0.01663343 0.01203389 0.006152106 0.00838994 -0.002381073 0.003630747 0.01312416 0.01107443 0.02224701 0.0168 0.02475594 0.01506676 0.0147938 0.01341098 0.01324521
0.01460593 0.0141556 0.006767324 0.005484271 0.003923592 0.004399896 0.01030735 0.01779472 0.02356696 0.02824315 0.02744662 0.0278412 0.03074741 0.03186877 0.03262975 0.02960539 0.02148318 0.01633804 -0.7386988 -0.2888939 0.1450222 0.2973217 0.2613684 0.06992549 1.093615e-06 -0.004588717 0.01802481 0.01800595 0.01447024 0.01945277 0.02937795 0.01342025 0.002122677 -0.00801853 -0.01051785 -0.001935924 0.0004481126 0.003246199 0.006447102 0.006713334 0.01572902 0.01738911 0.02212772 0.02706069 0.02560315 0.02255605 0.02379692 0.02021495 0.02387806 0.02363747 0.02252597
-0.008916639 -0.02364013 -0.03604974 -0.04405054 -0.04486332 -0.01595338 -0.02519545 -0.05450189 -0.03515078 -0.04018645 -0.02731803 -0.004257919 -0.009581849 -0.008012261 -0.007200173 -0.00182004 0.007187454 0.003452505 -0.02417876 -0.03643151 -0.04097823 -0.0458497 -0.02799821 -0.009480653 0.01235589 0.0169229 0.1213209 0.02936916 -0.02056263 -0.003786879 -0.03265342 0.004949106 -0.04822946 -0.02189747 -0.07380883 -0.1449332 -0.1503674 -0.1053286 -0.1201464 -0.07954411 -0.07426415 -0.04021386 -0.05571042 -0.06387201 -0.02080762 -0.01040878 0.004535534 -0.01035377 -0.03464387 -0.04196075 -0.04141312
-0.005052794 0.005944937 0.004523433 -0.006630647 -0.01740916 -0.03536672 -0.04824289 -0.02896757 -0.02057738 -0.004744374 0.008145883 0.004906089 -0.00931189 -0.020375 -0.02634122 -0.01376039 0.004565993 0.0009533224 0.008422107 0.008701965 0.003232037 -0.000723711 0.06672696 0.06707758 0.0481808 -0.02833952 -0.06149152 -0.1404872 -0.1798248 -0.1507902 -0.09079339 -0.08730526 -0.1172938 -0.07213813 -0.04392294 -0.02617069 -0.03897765 -0.06074609 -0.0486875 -0.03214845 -0.0177868 -0.004037263 0.00715034 0.002484221 -0.03406423 -0.03622701 -0.04467029 -0.0364831 -0.008385177 -0.00835222 7.886451e-05
0.03892479 0.02143624 0.009921393 -0.005070492 -0.03058244 -0.0211379 -0.004732245 0.03172964 0.04824909 0.04869538 0.04612259 0.02323538 0.007539154 0.00268254 0.006531183 0.007607791 0.00821003 0.02115829 0.1533092 0.2331624 0.3324444 0.2910324 0.03699343 -0.2615832 -0.4912392 -0.4598505 -0.3700068 -0.1593834 -0.04829571 0.007939255 0.002205617 -0.001324735 -0.0003559364 0.002411759 -0.004532304 -0.01631251 -0.03397371 -0.04489927 -0.04902241 -0.04488656 -0.0320045 -0.02513757 -0.00482587 -0.01973839 -0.05877778 -0.04836763 -0.03421791 -0.02928557 -0.02870957 -0.02287794 -0.01987287
0.01127187 0.01210271 0.005208104 -0.0001702238 -0.01111595 -0.01566717 -0.01283722 -0.008768778 -0.009418451 -0.00950004 -0.008396174 -0.008522514 0.004614752 0.01059834 0.006096963 0.01320028 0.0382304 0.04563175 0.03895138 0.03390208 0.0290373 0.02801736 0.03529124 0.03378054 0.02073763 0.01013667 -0.003691257 -0.01168877 7.187443e-05 0.1418177 0.3221869 0.2759913 0.03709375 -0.2747699 -0.3515798 -0.3600351 -0.2760954 -0.2243063 -0.2418887 -0.1021043 -0.01961871 -0.01754962 -0.02747032 0.002296694 0.002280076 0.003086765 -0.003725852 -0.00503532 -0.0237953 0.001342609 -0.02097459
0.01514903 0.0009208392 -0.01454047 -0.02586197 -0.02688454 -0.02393346 -0.006794091 0.02737873 0.03442672 0.02938787 0.01412956 0.00550078 0.002503449 -0.01592184 -0.02414377 -0.04712702 -0.02609173 -0.008177048 0.009940631 0.2692077 0.06987165 0.053397 -0.05625441 -0.1726229 -0.2715231 -0.2199966 -0.1596332 -0.1351617 -0.08373178 -0.05991592 -0.04100228 -0.04597539 -0.06243112 -0.07544569 -0.04537011 -0.009950017 7.501229e-05 -0.02548992 -0.02985577 -0.03570683 -0.06499404 -0.0690214 -0.07496201 -0.05001001 -0.0433791 -0.01245602 -0.00804935 -0.0005356623 -0.02575121 -0.06034401 -0.06174484
0.0424552 0.02663791 0.004745891 -0.006719721 0.008204193 0.01231625 0.03190319 0.03610771 0.02615172 0.008455249 0.008703966 0.01123761 0.02101523 0.0343661 0.02888212 0.03352088 0.04833421 0.04660914 0.03227875 0.0207065 0.002880049 -0.002607584 0.01553292 0.07752227 0.5154088 0.2772221 0.02453721 -0.1909973 -0.2161259 -0.32431 -0.3046184 -0.2147135 -0.04739037 0.04185625 0.03308562 0.03956317 0.02480359 0.003403025 -0.01081019 -0.01139847 -0.01284839 -0.003432428 -0.008009267 -0.02472819 -0.02765046 -0.03101941 -0.02208411 -0.01554876 -0.01547595 -0.01645716 -0.02181353
0.006391983 0.01013784 0.01735404 0.01726172 0.01420621 0.01345372 0.01373244 0.01703356 0.0192863 0.01712662 0.01191545 0.002370893 -0.001054645 -0.005552103 -0.1010495 -0.1803967 -0.179692 -0.05316747 -0.009183341 0.1023419 0.1797536 0.2546361 0.2772903 0.2583079 0.2173429 0.182115 0.1531306 0.1205956 0.08637498 0.04714328 0.02680154 0.009156871 -0.002744281 9.222152e-07 0.009224626 0.01919161 0.02516375 0.02925449 0.03185217 0.03844075 0.03706817 0.03446649 0.03277663 0.04064631 0.03739355 0.008820743 -0.002100237 -0.001589563 0.00334637 0.02352065 0.0511292
0.03573469 0.03898036 0.03440886 0.04301482 0.05604996 0.05526452 0.04645323 0.03889761 0.04140874 0.05228215 0.05423393 0.0453699 0.04029342 0.03311652 0.03402897 0.03567755 -0.002818489 -0.0115298 -0.03306772 -0.0278386 0.03229213 0.09095624 0.06785746 0.02019595 0.03600243 0.04197624 0.02610944 -0.01003032 -0.04564424 -0.05791476 -0.05160283 -0.03633586 -0.03572797 -0.02495012 -0.02238272 -0.01938186 -0.01465082 -0.02273756 -0.04587414 -0.04668338 -0.04828454 -0.0416964 -0.04620431 -0.05085766 -0.03032428 -0.03301292 -0.05070783 -0.05917435 -0.006013633 0.02159663 0.00852755
0.06271681 0.05321837 0.03769353 0.01901906 0.01321034 0.03309602 0.04418424 0.0501183 0.04450236 0.04592521 0.04288924 0.0446209 0.03640293 0.03246973 0.02735231 0.03066182 0.03179651 0.01347462 -0.2690194 -0.1056958 0.1223318 0.2827883 0.2070709 0.1192513 0.05991566 0.009101005 0.0124809 0.0203766 0.01647649 0.02195689 0.02908935 0.03173008 0.0302675 0.0187211 0.00476179 0.03431862 0.03489739 0.02894837 0.03201903 0.05245117 0.05552526 0.06233621 0.01997605 0.01579106 0.04958763 0.05306477 0.05463496 0.04892232 0.02839938 0.03544532 0.04359868
0.06480276 0.04924265 0.05084145 0.04444292 0.01360952 0.002022279 0.005358428 0.01450256 0.02571617 0.0331278 0.03908483 0.02649822 0.01957212 0.00942011 0.01100802 0.01388911 -0.002039049 -0.007009529 0.01961932 0.0578827 0.03779642 -0.00840403 0.002791638 0.02634645 0.03403518 0.03277526 0.01422194 0.006467032 0.01268162 0.02607772 0.03868987 0.04178592 0.02324531 0.02022414 0.01076619 0.03456145 0.0347111 0.02539676 0.01655694 0.01717372 0.01734372 0.0222893 0.04834874 0.02886631 0.007048557 0.0005186761 0.006096027 0.002658477 0.006176876 0.01516601 0.01424265
0.02030658 0.02774524 0.03206829 0.03883293 0.03328352 0.02453722 0.01580528 0.01331426 0.004750301 3.757252e-05 -0.006762593 -0.007659476 -0.01509182 -0.01302419 -0.1872427 -0.1531853 -0.1980089 -0.07155673 0.2008613 0.3450758 0.3010156 0.2706577 0.2711734 0.1773273 0.1019192 0.02595185 0.004265815 -0.001310126 1.408917e-05 0.01678731 0.01924615 0.01884651 0.02068648 0.03339345 0.04947229 0.04838347 0.04379044 0.04537128 0.04308033 0.03689514 0.02956627 0.0291026 0.03234735 0.03996583 0.03736052 0.04348233 0.05315305 0.038575 0.02305812 0.0304815 0.03343293
0.09929597 0.1138468 0.1068822 0.06954081 0.0496396 0.03228041 0.07932584 0.07065427 0.0522713 0.03187715 0.02298993 0.03993917 0.06850308 0.08264098 0.07369116 0.01225301 -0.2745364 -0.2139059 0.04299815 0.1742193 0.2093405 0.179701 0.1432258 0.1031933 0.08010329 0.0529252 0.02521638 0.03500938 0.05399938 0.0831378 0.09013861 0.08012117 0.07808243 0.06740551 0.06346279 0.09971857 0.1031525 0.09183002 0.07139583 0.05759818 0.01301073 -0.01488324 -0.01266927 0.01998032 0.001941273 0.002156816 0.03366698 0.04972527 0.04155526 0.06651362 0.06707527
0.04663759 0.03451673 0.02850404 0.0342255 0.0362638 0.03558695 0.02714398 0.02947352 0.03828449 0.04948072 0.05259987 0.05520476 0.047599 0.03899378 0.03592104 0.03412703 0.02469948 0.02350652 0.02012175 0.07011672 0.1555529 0.0698927 -0.0396434 -0.06371101 -0.0163023 -0.06238835 0.01141211 0.002382304 0.05629829 0.02082054 0.0004812986 0.01770673 0.05872527 0.05332333 0.06576744 0.07803287 0.04227148 0.0101518 -0.01295517 -0.01213513 0.004478462 0.0168469 0.03995772 0.04666932 0.054074 0.05003305 0.0494393 0.05696539 0.06807876 0.06412912 0.05628659
0.04575081 0.04929153 0.05694754 0.06015742 0.05822175 0.06205964 0.06919993 0.08210185 0.07687157 0.08152965 0.07249322 0.07066614 0.06221428 0.0579273 0.05714374 0.06863451 0.07517652 0.0717147 0.05801959 0.04867284 0.04369316 0.1231021 0.150384 0.09181767 0.04373403 0.01747676 -0.01417844 -0.005902004 0.009575685 0.009030489 0.009310351 0.01575507 0.03240982 0.05015724 0.06485496 0.07392731 0.07200353 0.05124946 0.0408931 0.04434748 0.05071393 0.06004278 0.04853677 0.03949363 0.01979044 0.01707928 0.02488895 0.03534693 0.04636517 0.04973652 0.0624599
0.03826798 0.04086892 0.04123808 0.03794114 0.03571283 0.03025497 0.02534862 0.02659676 0.02285683 0.02588741 0.03259609 0.03419221 0.03533598 0.02878607 0.02958325 0.03012731 0.03042186 0.02935539 0.02789715 0.02799622 0.02948099 0.03686016 0.04169235 0.05138332 0.04827456 0.04519421 0.04512615 0.0416706 0.1833913 0.0610797 -0.01870674 -0.005856534 0.0104478 0.06369101 0.1713512 0.1556965 0.1200599 0.06713485 -0.01859758 -0.02998132 -0.02375657 0.01356306 0.008638171 0.02050306 0.04376683 0.05737303 0.05757361 0.06755409 0.07314109 0.08311213 0.06750768
0.01769046 0.02282174 0.02447405 0.03538198 0.03893889 0.04377447 0.03897543 0.03648106 0.03259227 0.03230326 0.03168829 0.033813 0.03816868 0.03791554 0.03960615 0.03894565 0.1125837 0.0748003 0.08172584 0.06852119 -0.0305954 -0.01317336 -0.06523047 -0.04434525 -0.01861789 0.05771433 0.1280862 0.05237792 -0.000975126 0.00408289 0.02363495 0.07920398 0.09014634 0.06864911 0.0718571 0.07211807 0.04536097 0.03184437 0.021333 0.0293873 0.05061539 0.06501293 0.0841302 0.08827292 0.08187454 0.07460165 0.06387082 0.06406187 0.05616466 0.05485972 0.05724925
0.07512364 0.07493193 0.07520657 0.06671154 0.05426166 0.05195249 0.06422628 0.07163456 0.08231965 0.08182131 0.07354531 0.0580631 0.06148427 0.06677218 0.06256033 0.0569399 0.0495443 0.04339152 0.04856249 0.05240177 0.06562556 0.07061931 0.05811257 0.04240287 0.04187154 0.2446655 -0.05623378 0.03314959 0.05630571 0.1062681 0.1549088 0.1439369 0.06694075 -0.001821458 -0.02001355 -0.03326058 -0.03072064 0.006977686 0.03204273 0.00214154 -0.005654058 0.002416098 0.01180543 0.02810628 0.03400116 0.02860043 0.02519621 0.01430953 0.006900674 0.004865196 0.001209723
0.06441725 0.08485144 0.07906687 0.0881373 0.08055606 0.06787352 0.05129438 0.05000864 0.0577207 0.06131425 0.06099537 0.07611907 0.06540963 0.04884543 0.04413679 0.04715115 0.05236895 0.05260802 0.05037573 0.07184743 0.07439571 0.06862549 0.05787084 0.05915103 0.05944687 0.04048643 0.03542721 0.03996133 0.05238704 0.03059991 0.0423172 0.02516788 0.06157683 0.03245274 0.02704495 0.02540377 0.02323442 0.03710482 0.05192835 0.06132512 0.0546354 0.05506241 0.04943224 0.04015658 0.02521868 0.02281795 0.01589291 0.03020243 0.03082177 0.03729846 0.04191082
