-0.004753897 -0.01769687 0.01423435 0.03834508 0.05024088 0.06095564 0.03837611 -0.02915668 -0.06080579 -0.08159684 -0.07292798 -0.09746117 -0.0674232 -0.0318896 -0.00843406 -0.0478679 -0.07936806 -0.1066032 -0.1386782 -0.1504547 -0.1160351 -0.03936112 0.000677176 0.01375802 -0.01453185 -0.05097282 -0.03299127 0.01221204 0.02899895 0.02981196 0.02613726 0.03719229 0.002248792 -0.01858143 -0.03777627 -0.04381811 -0.04452561 -0.06407274 -0.1127924 -0.143517 -0.1437953 -0.08909575 -0.06792419 -0.0371162 -0.0228512 -0.0240019 -0.02793554 -0.04245235
-0.07092892 -0.1028875 -0.1363364 -0.1486802 -0.1393505 -0.1222239 -0.0947469 -0.07402919 -0.0427844 -0.05896435 -0.07847039 -0.06016552 -0.006633274 0.003568204 0.008459336 0.000692866 -0.0102235 -0.02210578 -0.0295933 -0.0425198 -0.05775312 -0.06847666 -0.06825673 -0.08396212 -0.08593697 -0.07819942 -0.07109752 -0.07099525 -0.05939219 -0.06590176 -0.06888736 -0.05634779 -0.03829967 -0.04590106 -0.05791964 -0.07598279 -0.06602962 -0.0601883 -0.06478884 -0.06097861 -0.06143628 -0.05648021 -0.05770795 -0.0492123 -0.04247954 -0.03855601 -0.04842232 -0.06295926
-0.0412144 -0.04237936 -0.04158786 -0.03684096 -0.04024506 -0.03796919 -0.0377771 -0.03407431 -0.03760122 -0.03626979 -0.03344712 -0.0286887 -0.01641172 -0.01526067 -0.01241914 -0.01416677 -0.01826584 -0.01557144 -0.01774096 -0.01405338 -0.01392033 -0.01810347 -0.02669239 -0.03128467 -0.02773242 -0.01582747 -0.01704199 -0.01447602 -0.02654945 -0.03078958 -0.02127114 -0.01492862 -0.02853172 -0.03274947 -0.03120187 -0.0229797 -0.02061956 -0.01899952 -0.01475684 -0.01841616 -0.0343422 -0.03899408 -0.05649588 -0.04963621 -0.03353187 -0.02326205 -0.01102783 -0.006676348
-0.006676348 -0.0131447 -0.007885833 -0.01646769 -0.01409537 -0.01151015 -0.008367975 -0.005818975 -0.01001823 -0.006840016 -0.0102835 -0.01387327 -0.01503244 -0.01250979 -0.005499801 0.001730107 0.007560901 0.005369763 0.01070655 0.01279213 0.0088273 0.0134443 0.04002055 0.03705659 0.03475641 0.02351394 0.008445292 -0.009480298 -0.01278521 -0.000254765 0.009072746 0.02388836 0.03731879 0.00830947 0.001051646 0.00228393 0.004988583 -0.02017581 -0.05228791 -0.07091785 -0.07278043 -0.03570382 -0.01192125 0.00350451 0.000313123 -0.00243571 -0.003001912 0.006079038
0.03484518 0.03704159 0.04017927 0.03403946 0.01396769 0.01519588 0.01701763 -0.001106872 -0.01748236 -0.02502127 -0.01671087 -0.0131375 -0.005143727 0.01134262 0.02421542 0.02468253 0.01344638 0.006390789 0.003146736 0.01151612 0.0130301 0.01552842 0.006369355 0.004081164 -0.000522845 -0.004291595 -0.003259327 0.001384599 0.003953466 0.007432858 0.009103555 0.007049729 0.003570451 0.001313872 -0.006628826 0.000606466 0.008181647 0.000245818 -0.011401 -0.01484941 0.003969151 0.01650466 0.009942073 -0.005354623 -0.006336451 0.001741818 0.007964144 0.0175443
-0.04248998 -0.03332146 0.0315883 0.06170758 -0.004595893 -0.02487309 -0.02962195 -0.04038155 -0.03230248 -0.02274431 0.007871202 -0.01710425 0.006883436 0.02970134 0.02520172 0.01713576 0.03177858 0.05352508 0.03627851 0.02675783 0.001301749 -0.005955749 -0.01648702 0.004893482 0.06155894 0.05413578 0.04496698 0.01646584 -0.02002716 -0.02897761 0.006388248 0.005156847 -0.0142345 -0.03931011 -0.09833334 -0.1140789 -0.1286539 -0.13373 -0.1084068 -0.03121997 -0.01570399 -0.02100268 -0.04570585 -0.07178421 -0.09244922 -0.07888836 -0.07994722 -0.09592555
-0.0001362177 -0.009073865 -0.0050586 -0.006205964 -0.004767299 -0.006518189 -0.001811646 -0.004183008 -0.007425212 -0.01142342 -0.01037334 -0.01766001 -0.01738451 -0.01509418 -0.01599583 2.916687e-05 0.003741409 0.001079108 0.008625993 0.01795197 0.2229926 0.3936238 0.1856522 -0.05364358 -0.197511 -0.2635555 -0.2448319 -0.07984699 0.02636209 0.02997424 0.007006105 -0.00240176 -0.005993292 -0.01159542 0.00143216 -0.006183545 -0.002914766 -0.006679059 0.0005704215 0.0001220417 0.0008955835 -0.005481005 -0.009083767 -0.008784473 -0.002229803 0.0108477 0.01489345 0.02126317
-0.01684899 -0.01642051 -0.01763601 -0.02171295 -0.02422817 -0.02008717 -0.01200796 -0.00752085 -0.005349628 -0.006630603 -0.01818329 -0.01665044 -0.02153338 0.2130501 0.3540446 0.1450777 -0.09510734 -0.2119883 -0.2421351 -0.2118579 -0.07900638 0.03045158 0.05035658 0.05509907 0.05178933 0.02680081 0.01395779 -0.00940519 -0.001811732 -0.001987457 -0.009772205 -0.003344106 -0.005103298 -0.01030992 -0.009233717 -0.005868477 0.005293233 0.0004653459 0.002010956 -0.006655123 -0.001851936 0.0009722703 0.01522867 0.02273642 0.01966501 0.01722123 0.01978863 0.0120009
0.03358196 0.02761936 0.02064203 0.01766309 0.01611394 0.008617532 0.01020176 0.01511742 0.01188013 0.01438102 0.03817948 0.3214072 0.4912962 0.3607277 -0.1604659 -0.2617098 -0.1004443 -0.03589608 0.01204436 0.0163419 0.009728169 -0.001836148 -0.02303501 -0.02167666 -0.02226597 -0.03110831 -0.03377623 -0.02415063 -0.02899292 -0.02430398 -0.01590491 -0.01417888 -0.01658451 -0.01466937 -0.01602711 -0.01380789 -0.01492214 -0.01349531 -0.01151349 -0.01984117 -0.02684024 -0.02896557 -0.01917802 -0.01639375 -0.0115998 -0.01736933 -0.01809858 -0.01936894
-0.005226229 -0.0139412 -0.006213463 -0.003937365 0.0004242198 -0.003625801 0.003954364 -2.885336e-05 -0.0004708898 0.003074689 -0.01148873 0.0008665603 0.01259632 0.4051026 -0.06902531 -0.2303491 -0.2297517 -0.1675186 -0.01474837 0.05501738 0.03027125 0.02491563 0.005065235 -0.01094627 -0.001720421 0.006787583 0.009957598 0.008935617 0.01074847 0.01360684 0.01869686 0.02113103 0.01584504 0.0210967 0.0130941 0.009828355 0.01528046 0.0193309 0.01477628 0.0144192 0.02180015 0.02759344 0.0239108 0.01670828 0.01495474 0.01914806 0.02393078 0.03475827
0.02393078 0.03475827 0.03036445 0.03098128 0.01927691 0.01759604 0.007032145 0.01050768 0.01571334 0.01761269 0.02436993 0.02496073 0.08435241 0.5080616 0.4253955 0.1189622 -0.1693227 -0.2973537 -0.3242336 -0.2619343 -0.1208221 -0.04865862 0.02126076 0.04472158 0.05209592 0.03547329 0.01473732 -0.00106329 -0.0140675 -0.02948767 -0.0307312 -0.02575988 -0.02076573 -0.009126152 -0.01316341 -0.007508782 -0.004195389 -0.01125555 -0.0203982 -0.02570209 -0.02392275 -0.01764655 -0.01171628 -0.01120622 -0.001628388 0.005055905 0.003784302 0.006140136
0.004893937 -2.194805e-05 -0.008017546 -0.003610796 -0.005831711 -0.01031299 -0.008208611 -0.004073559 0.001981658 0.006189069 0.008788339 0.009610819 0.2746528 0.4111279 -0.1914426 -0.3370433 -0.09034564 0.009905081 0.05255027 0.08583836 0.100756 0.08450498 0.04838542 0.0357855 0.01454644 -0.003666945 -0.008942885 -0.003148366 -0.004026437 0.0001592622 0.007686942 0.008352546 0.01196664 0.007167009 0.001568192 4.532295e-05 -0.01726572 -0.01365133 -0.007160585 -0.009930232 -0.003847563 0.0003019438 -0.006928941 0.00287349 0.006988395 0.02358252 0.02112418 0.01951094
-0.03863226 -0.09227096 -0.05711301 -0.02697407 -0.01579897 -0.02901959 -0.02735851 -0.02595825 -0.009605478 -0.00644927 0.01114915 0.01094658 0.01979592 -0.0253375 -0.0331625 -0.009984676 -0.02074987 -0.007282618 0.01041854 0.004647114 0.3921841 0.2649935 0.007161257 -0.1988638 -0.2024505 -0.1694676 -0.09900888 -0.03111101 -0.01071158 0.02968072 0.02941437 -0.02194387 -0.05179015 -0.04377302 -0.03449636 -0.03248465 -0.01178113 -0.01461189 -0.01257995 -0.007689802 -0.02639719 -0.0476108 -0.04825211 -0.02423993 -0.02260061 -0.0388959 -0.06898609 -0.0670045
-0.008396551 0.001979356 0.009355502 -0.007625821 -0.01903664 -0.04068476 -0.01949901 -0.01298779 0.008130219 0.004364324 -0.01798236 -0.04770712 0.3171235 0.3430864 0.1597823 -0.04464722 -0.2151274 -0.2543906 -0.2564231 -0.2292219 -0.1652005 -0.1055002 -0.02271044 0.02885145 0.03426708 0.03183996 -0.001643633 -0.03225729 -0.07189292 -0.08049113 -0.02035746 -0.01269654 -0.02059452 -0.04786552 -0.05401348 -0.03684774 0.006100126 -0.02335815 -0.02288162 -0.02722981 -0.007855428 -0.02021392 -0.02012981 -0.04039323 -0.03871984 -0.03453971 -0.04160406 -0.03066349
-0.04702726 -0.05449004 -0.0366214 -0.02161474 0.02115769 0.0483757 0.0326988 0.04640371 0.03239992 0.0136842 -0.02430308 -0.01894955 0.02048957 0.2598471 0.1498955 -0.009140156 -0.1390699 -0.1511758 -0.1524056 -0.0900976 -0.007551769 0.04751418 0.02472367 -0.03478375 -0.06461667 -0.06478167 -0.07091041 -0.05377901 -0.03257647 0.01965375 -0.003632398 -0.006858376 -0.01989789 -0.01198342 0.001122583 -0.01468186 -0.02637794 -0.02775737 -0.02507732 -0.03467762 -0.04213142 -0.05296728 -0.08070607 -0.08234562 -0.08808604 -0.09099109 -0.03968546 0.009875074
-0.04902067 -0.08270124 -0.0943961 -0.07940628 -0.004168067 0.049855 0.0560211 0.03470388 0.004824781 -0.05363982 -0.07914197 -0.04548453 -0.03886117 0.04103059 0.03833763 0.01242904 0.271856 0.1515361 -0.04584488 -0.1203312 -0.168067 -0.1377588 -0.05599204 -0.02082583 -0.02683754 0.002330196 0.04831581 0.03462958 -0.008408186 0.005612666 -0.0239028 0.01633422 -0.001455272 0.01502134 0.07247292 0.03640826 -0.01100293 -0.05294641 -0.1428155 -0.1243301 -0.08436749 -0.06289358 -0.01350547 0.02967906 0.02811559 0.04753233 0.01670804 0.002107874
-0.1032833 -0.07712696 -0.02749381 0.006508923 -0.002718102 -0.03152737 -0.04011094 -0.023422 -0.05223189 -0.06705792 -0.05623838 0.3249677 0.4299911 0.04453289 -0.1688587 -0.2366199 -0.2014891 -0.1147428 -0.078169 -0.0468578 -0.02776395 -0.02763443 -0.009869425 -0.0137967 -0.01622389 -0.02346068 -0.03084113 -0.03057916 -0.01794365 -0.00127175 -0.003116886 -0.01367991 0.02694379 0.0284058 0.003904722 -0.05210638 -0.02178633 0.01213197 0.01951093 0.01070845 0.002525488 0.003045096 -0.001300545 -0.01168582 -0.01511799 -0.01679958 -0.0114746 -0.003481531
-0.01511799 -0.01679958 -0.0114746 -0.003481531 0.009726546 0.01596402 0.02153977 0.02620325 0.01300559 0.01927918 0.04467821 0.0516726 0.02366349 0.00846952 0.0009363024 -0.02140472 0.3034155 0.2806493 -0.002729053 -0.1704559 -0.177779 -0.1392066 -0.1037099 -0.06311072 -0.01779078 0.002652151 -0.0073066 -0.03761105 -0.03501788 -0.04773713 -0.06572296 -0.07322539 -0.05904611 -0.03246846 -0.0319568 -0.04697752 -0.02252971 -0.02317867 -0.01352922 -0.02253393 -0.004228537 0.001141385 -0.008193487 0.01776538 0.01751666 -0.01316846 -0.02922265 -0.03377621
-0.004417656 -0.01131708 -0.01510283 -0.02202614 -0.01541384 -0.0180655 -0.01957268 -0.01672262 -0.01400741 0.01330493 0.01274163 -0.3835354 0.160043 0.1083129 0.003546609 -0.03318657 -0.03866129 -0.02512308 0.03742435 0.03818007 0.02845053 0.04460201 0.04529646 0.0313632 0.03162931 0.03897402 0.03739069 0.0368872 0.04131382 0.05848936 0.07048662 0.05832176 0.02999201 0.01229938 0.01375863 0.0113787 0.01041239 0.006019484 0.004196601 0.004712302 0.006322007 0.0115952 0.01694602 0.02451136 0.0303978 0.03485405 0.01829427 0.01100348
0.005963226 -0.003963602 -0.001671635 -0.005037053 0.002731685 0.004964091 0.00472452 0.009372342 0.009525438 0.01014819 0.004801616 -0.0009566896 -0.0158975 -0.01633785 -0.03805802 -0.4121629 -0.5327275 -0.3126771 0.03495776 0.2382646 0.2551041 0.2111469 0.1336749 0.05948102 0.01920645 0.00311427 -0.002229997 -0.02341974 -0.01827151 -0.0218571 -0.03265376 -0.03425175 -0.02214783 -0.0007738695 0.0007489345 -0.001594122 -0.007505246 -0.02299454 -0.02879252 -0.02783586 -0.01809028 0.006842152 0.02209007 0.03112652 0.02759701 0.01468566 0.007185509 -0.007279226
0.05174761 0.04783018 0.04754526 0.05721556 0.06194661 0.06273591 0.06057327 0.0561341 0.04682781 0.03354225 0.02360826 0.01748824 0.02029532 0.008462862 -0.2594337 -0.145017 0.02827893 0.132953 0.03224868 0.01128148 -0.01069887 0.01074956 0.02920682 0.02264794 0.0122109 -0.005263232 -0.006486784 -0.0008119697 -0.0004325626 -0.001133226 -0.003511489 0.002535407 -0.004018174 -0.02232943 -0.03333534 -0.03725962 -0.02891026 -0.02726091 -0.01983051 -0.01046812 -0.01016815 -0.007495373 -0.004211418 -0.009799129 -0.01599284 -0.03345507 -0.04873474 -0.03814747
0.01375441 0.01141589 0.008597885 0.01295561 0.009204805 0.001554485 0.007116121 0.002035689 -0.002915302 -0.009370683 -0.02059788 -0.04078894 -0.0335682 -0.01724505 -0.01358293 -0.1490007 -0.2408508 -0.06098789 0.07249237 0.1372909 0.1225838 0.08330625 0.03244648 -0.006567428 -0.0237422 -0.03087518 -0.03123906 -0.02802815 -0.01441736 -0.00814734 -0.01387288 -0.01405302 -0.01535683 -0.01193329 -0.005943994 -0.001940224 0.01301194 -0.01590519 -0.02594374 -0.02217291 -0.02782972 -0.01117576 -0.0319713 -0.03746632 -0.02800348 -0.02835809 -0.02345752 0.002924595
0.001402863 0.01355938 0.02424479 0.02067592 0.01722949 0.02093813 0.01917466 0.01448494 0.02032807 0.02562587 0.013678 -0.0002494422 -0.001486695 -0.007030494 -0.01854488 -0.1521932 -0.1141979 0.01698676 0.07273529 0.08838554 0.09142864 0.06995735 0.05914253 0.04426056 0.01813265 0.005431266 -0.005318089 -0.03842229 -0.04111646 -0.03546917 -0.01527256 0.0007819209 0.02462809 0.02851084 0.02746906 0.02025698 0.002892778 -0.008263839 -0.0006689219 -0.006087155 -0.007280943 0.02344152 0.01481024 0.004993825 0.00947394 0.01380116 0.01281721 0.01316407
0.0415201 0.01696307 0.01215173 0.009892842 0.009007107 -0.01148927 0.006081623 0.01721325 0.01853665 -0.002386131 -0.001473681 -0.02319348 -0.008458132 -0.05220697 -0.5722887 -0.204448 0.01833528 0.1990211 0.2388089 0.188035 0.1163273 0.05844824 -0.02221485 -0.04559583 -0.03193616 5.969917e-05 0.03557788 0.02689752 -0.003218803 0.008147139 0.009750901 0.03151647 0.02837957 0.0003907203 -0.02195942 -0.02017075 0.002398501 0.01993834 0.01620102 0.01989317 0.00184327 -0.02898756 -0.04330339 -0.044671 -0.04992609 -0.03562302 -0.03687195 -0.04663614
0.003591585 0.003499516 0.003408519 0.009218607 0.01476002 0.01384396 0.01824161 0.01919203 0.02257829 0.01939626 0.02233748 0.01966884 0.01693893 0.01002676 0.01145694 -0.06950989 -0.4215208 -0.256255 0.1059071 0.2258998 0.2047058 0.1522142 0.06743284 0.009930789 -0.03436397 -0.036481 -0.02600227 -0.01929655 -0.01993935 -0.01250488 -0.008988347 -0.001585493 0.0009868679 0.00514093 0.01132153 0.01103701 0.02334449 0.02301805 0.01987373 0.02236143 0.009815005 0.01559846 0.005723819 0.00262325 0.00332022 0.006711249 -0.004272053 -0.01337468
0.0006126316 -0.002471477 -0.007346676 -0.001240661 -0.005169479 -0.001165226 -0.002884069 0.006286555 0.003918068 0.003942365 0.004661419 0.004358826 0.009772697 0.01136677 0.006255135 0.01479081 0.01221786 -0.3477407 -0.55901 -0.3073861 0.128291 0.3547374 0.345049 0.2950979 0.1969555 0.08918172 0.001395747 -0.01820954 -0.01825386 -0.008687716 0.003741277 0.01481577 0.01738907 0.02114569 0.01480271 0.01706318 0.01899347 0.01864013 0.01881632 0.02378712 0.03091455 0.02893019 0.02684042 0.01773054 0.01973523 0.01298692 0.01458784 0.01016868
-0.005020503 -0.004035805 0.000307994 0.002692619 0.004795236 0.003732556 0.002484436 0.006400805 0.006514851 0.009455684 0.00331718 0.00766195 0.005071745 0.006654415 0.004832334 0.005853128 0.001158198 -0.2428647 -0.6422756 -0.525039 -0.2228798 0.2235068 0.3446847 0.370114 0.3125007 0.1911988 0.07299478 0.01027525 -0.02516339 -0.03907336 -0.03624784 -0.03126919 -0.02193728 -0.01512394 0.0006354182 0.008462021 0.01153525 0.01440032 0.01941312 0.01970642 0.01378305 0.007173779 -0.0009250866 -1.011322e-05 -0.0007783223 0.007393586 0.00904693 0.01155375
0.01067845 0.01148291 0.01210139 0.01600239 0.0130287 0.01486736 0.008514445 0.006954963 0.01538347 -0.1026295 -0.4910473 -0.04822255 0.3018608 0.2863547 0.1199914 -0.02367879 -0.04481165 -0.02506108 -0.01137231 -0.001917479 0.005908272 0.00843586 0.01366909 0.02804918 0.03060659 0.02143095 0.01621123 0.01488696 0.01918086 0.02056118 0.01646 0.006824224 0.006038479 0.01751471 0.01679235 0.008780533 0.004719551 0.004465073 0.008096653 0.0122275 0.01155707 0.01130924 0.0127005 0.01284665 0.005390668 0.004069842 0.003805804 0.0009644807
0.003886694 0.008817988 0.02049263 0.02557886 0.02237066 0.0404452 0.02412725 0.007020434 -0.003630543 0.0009956314 0.01384052 0.01815881 0.0156491 0.01198734 0.007973918 -0.3003385 -0.3041392 -0.01506036 0.1150791 0.1782625 0.1862765 0.1491526 0.1086446 0.05154473 0.0142966 -0.0177491 -0.0255589 -0.01865606 -0.00731389 0.007126884 0.01018513 0.0129569 0.01841819 0.01692074 0.02211522 0.02500779 0.03066921 0.02629299 0.01257787 0.01064706 -0.003814768 -0.005931625 -0.006072996 -0.008739221 -0.006909175 0.001278707 -0.00211107 0.006057442
-0.003366183 -0.001836481 -0.001377201 0.01173322 0.01441944 0.01413713 0.002089011 0.0002951689 0.005714984 -0.00473778 -0.008780723 -0.00558731 0.002383391 0.003824014 0.007377373 0.007936232 0.01401334 0.0184122 -0.6085252 -0.3973699 0.08543412 0.3924915 0.4694821 0.2900036 0.1245421 -0.02733497 -0.05883987 -0.04575531 -0.008518099 0.01115868 0.02754296 0.0414305 0.04271874 0.03374293 0.02525501 0.03139725 0.02354293 0.01607138 0.02047665 0.01885915 0.02607965 0.0240897 0.0289276 0.0265738 0.02399605 0.01954472 0.02321548 0.01971873
0.03306326 0.03389269 0.0339986 0.01098982 -0.007936757 0.00952871 0.01489992 0.02282495 0.02700642 0.01690467 0.01829656 0.01571928 0.02185418 0.02276973 0.02740031 0.01383165 -0.006570411 -0.01231659 0.00674043 0.01997797 0.009474856 -0.02127025 -0.0261365 -0.01998729 -0.005876302 0.0007593784 0.0128538 0.05574997 0.02625735 -0.02487335 -0.0292215 0.0244621 -0.009327862 -0.01020834 0.02825818 -0.005248879 -0.03072019 -0.03746234 -0.006632458 -0.02439544 0.008704615 0.0318941 0.02309733 0.02172486 0.006314774 -0.02256347 -0.01566293 0.00674754
-0.005171244 -0.00212719 0.009492508 0.01623587 0.0208333 0.008350129 -0.0211816 -0.0153397 -0.02016337 -0.03232868 -0.01983227 -0.003142493 0.001939222 0.001519746 0.005738679 0.01202424 0.03203717 0.01888548 0.008327259 -0.0006249236 -0.01573343 -0.03315623 0.05306035 0.003450845 -0.05616742 -0.01469659 -0.04403745 0.01964426 0.01682626 0.04076596 -0.002196458 -0.01523536 -0.0370608 -0.06058452 -0.06138967 -0.03794757 -0.02876473 -0.0250376 -0.008187453 -0.00443378 0.002714175 -0.01160621 -0.03673185 -0.03035811 -0.01565606 0.001790061 -0.009584624 -0.02983026
-0.0389813 -0.03814914 -0.03830155 -0.0428409 -0.03349274 0.01735588 -0.003986241 -0.01911678 -0.02863322 -0.03772592 -0.04143842 -0.03838022 -0.02864324 -0.02352233 -0.02231026 -0.01646782 -0.01282746 -0.02120863 -0.01853054 0.05085988 0.1083237 0.03369425 -0.008330807 -0.05492091 -0.04105138 -0.03870671 -0.03380242 -0.06976143 -0.0724301 -0.0139202 0.04405724 0.04451738 0.00202123 -0.01503777 -0.04646251 -0.05999551 -0.04347086 -0.03324885 -0.02853011 -0.0289921 -0.03356382 -0.03156637 -0.04255278 -0.03849601 -0.05466952 -0.04604103 -0.001078395 0.01262306
-0.03696128 -0.03462886 -0.0388042 -0.04530493 -0.05329102 -0.06032953 -0.04770244 -0.03294126 -0.03091861 -0.01789288 0.003075359 0.003352247 -0.001818328 -0.003820647 -0.01197743 -0.01933439 -0.02355139 -0.02067826 -0.009793558 -0.01262929 -0.01646302 -0.0284067 -0.03103175 -0.03049717 -0.02855927 -0.01597577 -0.01922522 -0.02040989 -0.01228813 -0.04069849 -0.01542221 -0.1126103 -0.08119724 -0.01228161 -0.02533769 0.03756065 0.01469831 -0.02788861 -0.0676589 0.00338299 0.04669558 0.02814486 -0.02367585 -0.05273493 -0.07040983 -0.08276713 -0.08068681 -0.04754575
-0.02976868 -0.02109752 -0.007378284 0.009570492 0.01972492 -0.001436679 -0.0132105 -0.03428088 -0.03324509 -0.02304428 -0.03438791 -0.03136596 -0.01868506 -0.01996272 -0.01591636 -0.008390457 -0.003830907 -0.01021267 -0.01397488 -0.0142612 -0.01239296 -0.04935636 -0.07825106 -0.111915 -0.1457314 -0.09355847 -0.05279178 -0.05567905 -0.02550348 -0.02255546 -0.02261126 -0.03242183 -0.07147553 -0.0906187 -0.08740177 -0.07537248 -0.07366053 -0.04174107 -0.00986681 0.01934795 -0.001700467 -0.0144752 -0.01069676 0.001030342 -0.007539698 -0.01168004 -0.01714778 -0.02931555
-0.03427253 -0.02921629 -0.04377278 -0.05882494 -0.06735519 -0.06342565 -0.03070222 -0.03114576 -0.03233255 -0.03946874 -0.03619248 -0.02745358 -0.03610346 -0.04176171 -0.0446838 -0.04370114 -0.03429632 -0.03981713 -0.04987171 -0.05229196 -0.050712 -0.04368859 -0.03323294 -0.04060618 -0.001203274 0.1195388 -0.01227495 -0.06912198 -0.1092444 -0.07019173 -0.08138042 -0.07295956 -0.02076512 0.02164309 -0.002029071 -0.01354473 -0.02686935 -0.05519372 -0.05261104 -0.03733468 -0.02721257 -0.03443633 -0.04690053 -0.05684976 -0.06306035 -0.06774856 -0.05577516 -0.02582364
0.02343031 0.02357252 0.02412641 0.02306088 0.01881801 0.01758162 0.0168266 0.01529746 0.01109098 0.007033722 0.00596768 0.008773064 0.009210284 0.00883082 -0.0474692 -0.1137224 -0.08229189 0.0245625 0.06838521 0.1254754 0.1513119 0.07245833 0.05074064 0.04985525 -0.01337102 -0.07278804 -0.1008522 -0.09506714 -0.06788777 -0.004030315 0.03826624 0.05925563 0.054926 0.05100428 0.03587665 0.03166022 0.01898459 0.01825537 0.01761821 0.02093999 0.01419173 0.02337065 0.02482323 0.0221399 0.03821399 0.03319618 0.02273487 0.02728703
0.02361375 0.01616523 0.01787015 0.01847518 0.02973181 0.0374445 0.03496556 0.02875562 0.0278067 0.0138485 0.01687794 0.02297855 0.02909063 0.03662833 0.03016473 0.02975097 0.03945019 0.05350909 0.07543811 0.1054127 0.09480797 0.1021858 0.08996022 0.04885381 0.1268849 0.1290319 0.1244534 0.1123486 0.1026222 0.09662958 0.09313208 0.09319661 0.07637586 0.07918488 0.08323512 0.06406276 0.05331452 0.06373346 0.06601883 0.07467429 0.07451254 0.06906267 0.06441287 0.06750481 0.05146519 0.03731865 0.04655058 0.04598143
0.0628961 0.05938253 0.04566555 0.0330736 0.03455015 0.04096402 0.0415639 0.03097958 0.0302828 0.03260684 0.02908229 0.03759535 0.04181752 0.04063204 0.03590852 0.04230418 0.05346743 0.05173978 0.06979909 0.04737452 0.07091991 0.1132112 0.03925825 -0.006614031 -0.01644843 0.006813705 0.01299867 0.03670611 0.04312567 0.0405871 0.04687929 0.04484625 0.05236534 0.05131108 0.04413068 0.04773555 0.04529188 0.04454652 0.03230417 0.02508102 0.02646065 0.03045626 0.03943781 0.02871527 0.05172209 0.07399002 0.05296866 0.05015811
0.03859056 0.04181692 0.04706 0.05441786 0.05346186 0.04707142 0.0506974 0.05298102 0.0453466 0.04276121 0.04476244 0.04313407 0.03927342 0.0239385 0.01427793 0.01743563 0.03276812 0.05937542 0.07219946 0.06175357 0.03788821 0.02045781 0.0009733081 -0.003247978 0.005224776 0.02291792 0.02886966 0.03178538 0.01596442 0.0214168 0.02134336 0.02785087 0.04188563 0.04705798 0.03800388 0.04085013 0.04046246 0.0344408 0.0258248 0.03384632 0.04640232 0.03559062 0.02351854 0.03409949 0.0403802 0.03440017 0.01948949 0.02229115
0.020266 0.01605939 0.01221023 0.00904416 0.01024025 0.02143885 0.02659845 0.03364951 0.04049066 0.03870256 0.03283333 0.02966062 0.02429678 0.01265853 0.003750438 0.06452535 0.02019359 0.004588005 0.1014275 0.1461925 0.0710581 0.03049803 0.008797569 -0.03232594 -0.04897036 -0.02647388 0.01149731 0.02563357 0.03568225 0.05695226 0.06507573 0.07119331 0.07093858 0.0691634 0.05997126 0.05269398 0.04026012 0.03586023 0.0355971 0.0400559 0.04882967 0.05043684 0.05189657 0.04935111 0.0537086 0.05231569 0.05732628 0.0647753
0.06325221 0.05640618 0.06212465 0.0593812 0.05275995 0.02065529 0.01146164 0.01973301 0.03698739 0.07181977 0.0641211 0.04124939 0.02752963 0.0001558455 -0.006601032 0.001943234 0.02163706 0.1858241 0.2762485 0.09363926 -0.04681282 -0.1070178 -0.1169433 -0.05907371 -0.01021076 0.03744472 0.05345028 0.04597617 0.04390286 0.03724451 0.06030807 0.06191311 0.0584928 0.04373217 0.04787033 0.04715424 0.05317803 0.03387172 0.02824392 0.02877234 0.01980892 0.01665624 0.01085916 0.005850146 0.01003494 0.0382326 0.05914151 0.06292483
-0.02938044 -0.03032635 -0.02455106 -0.0342163 -0.03283874 -0.02653901 -0.02010064 -0.02107191 -0.02289101 -0.04072476 -0.0410923 -0.03986118 -0.04992553 -0.05671532 -0.05550619 -0.06398167 -0.06263195 -0.07431482 -0.06281134 0.02634158 0.107131 0.006186955 -0.1342523 -0.1961599 -0.1746263 -0.09268735 -0.04334601 -0.04772262 -0.01940223 -0.005599701 -0.008501196 -0.05716347 -0.08675795 -0.09732568 -0.07296822 -0.06055037 -0.05867226 -0.03408849 -0.02394573 -0.009998732 0.0114777 0.02930303 0.01402286 0.004413866 -0.01345252 -0.03523057 -0.0429248 -0.04896688
0.005338008 0.01826554 0.01735955 0.01589369 0.01527842 0.00218504 -0.01033756 -0.007778664 -0.01636368 -0.02571306 -0.02239674 -0.01592667 -0.01843994 -0.01716298 -0.006868442 -0.002831816 -0.002372566 -0.008967455 -0.01456798 -0.01579564 -0.002070807 0.1030789 0.1376313 0.04261207 -0.1281039 -0.203238 -0.2381911 -0.1912699 -0.1247204 -0.05537237 -0.0005747473 -0.01012557 -0.02551614 -0.03644422 -0.03172353 -0.02816606 -0.01839686 -0.02000846 -0.02523008 -0.02643064 -0.02273071 -0.02711935 -0.02888914 -0.02765651 -0.01778963 -0.008547634 -0.01561223 -0.02225382
0.005534385 0.01311482 0.01444561 0.01323695 0.0167977 0.01190079 0.01179473 0.01055765 0.01057282 0.001896124 -0.0009835351 -0.003612238 -0.001800757 -0.003317865 0.002367116 0.006250001 0.005527782 0.006404004 0.006616629 0.004175435 -0.003959964 -0.00590783 -0.004748784 -0.009438251 -0.008894726 -0.001558071 0.002507136 0.04520099 0.2173943 0.1918231 0.06491927 -0.07664326 -0.1488992 -0.119958 -0.1886134 -0.1872097 -0.1599801 -0.06528407 -0.03776468 -0.009861792 0.02133159 0.06660911 0.05745184 0.03265937 0.02352135 -0.003643936 -0.01184131 -0.01218124
-0.01450012 -0.01981753 -0.02137268 -0.02616719 -0.03123591 -0.03522518 -0.02761619 -0.02675546 -0.02713767 -0.0287535 -0.0291711 -0.03010349 -0.03151133 -0.02908503 -0.02600568 -0.01819261 0.02506558 0.2922087 0.2409027 0.05671311 -0.1843317 -0.3062038 -0.2697102 -0.1933651 -0.1312323 -0.09178571 -0.03225158 -0.02016492 -0.03087201 -0.0583373 -0.06221217 -0.03633244 -0.04774228 -0.05028983 -0.04848443 -0.04472477 -0.04806292 -0.05162833 -0.05835162 -0.05882402 -0.05199726 -0.04930034 -0.04920746 -0.04023568 -0.03839541 -0.03720029 -0.04310484 -0.03849603
0.007976834 0.01169864 0.00265863 -0.01799735 -0.0160262 0.01305169 0.008755193 0.00140226 0.007663106 0.00943264 0.001032154 -0.009906509 -0.01860047 -0.02438121 -0.02003513 -0.01494755 -0.01917929 -0.02362534 -0.01740358 -0.005432631 -0.004006664 -0.01077626 -0.01802898 -0.003098774 0.1196654 0.09315313 0.117621 -0.07456238 -0.1524988 -0.1135433 -0.08122198 -0.05291764 -0.03062407 0.005968183 0.008697185 0.01677853 0.04772137 0.04336499 0.0518494 0.01702282 0.0005321333 0.004654601 0.02723924 0.04523888 0.05558797 0.05887881 0.05503613 0.03975817
-0.05299539 -0.01020786 -0.008735652 -0.007255584 -0.01806019 -0.0402299 -0.052475 -0.0563222 -0.04628052 -0.03350199 -0.02788452 -0.02781077 -0.02817085 -0.03988608 -0.05214209 -0.0412975 -0.01859148 -0.02949781 -0.03078323 -0.03437239 -0.03035488 -0.02619383 -0.02859433 -0.03119436 0.05542915 0.04666786 0.01921792 -0.03560755 -0.04073568 -0.08066461 -0.1188423 -0.12858 -0.1072204 -0.1207882 -0.1091953 -0.08163965 -0.05904115 -0.03125006 -0.02534994 -0.0180299 -0.02803118 -0.04258931 -0.03928786 -0.0470508 -0.0596282 -0.04602491 -0.03815521 -0.04083179
