332.0 300.0 281.0 248.0 258.0 259.0 265.0 310.0 322.0 295.0 278.0 258.0 261.0 277.0 299.0 295.0 313.0 351.0 383.0 427.0 392.0 408.0 367.0 354.0 324.0 366.0 390.0 323.0 283.0 243.0 308.0 317.0 348.0 314.0 310.0 322.0 298.0 312.0 329.0 280.0 341.0 361.0 332.0 308.0 286.0 287.0 310.0 315.0 307.0
359.0 380.0 291.0 288.0 302.0 296.0 316.0 358.0 402.0 329.0 292.0 303.0 337.0 333.0 318.0 318.0 309.0 310.0 328.0 321.0 337.0 339.0 349.0 349.0 336.0 327.0 371.0 347.0 336.0 341.0 297.0 324.0 321.0 347.0 331.0 328.0 318.0 335.0 312.0 342.0 338.0 312.0 319.0 330.0 324.0 324.0 320.0 325.0 329.0
327.0 306.0 328.0 350.0 348.0 316.0 327.0 326.0 324.0 306.0 318.0 306.0 311.0 354.0 330.0 311.0 291.0 323.0 331.0 339.0 327.0 324.0 316.0 328.0 335.0 338.0 319.0 321.0 323.0 333.0 333.0 327.0 325.0 336.0 342.0 331.0 334.0 338.0 327.0 326.0 340.0 325.0 314.0 316.0 312.0 316.0 321.0 338.0 314.0
317.0 332.0 325.0 329.0 325.0 326.0 314.0 319.0 315.0 318.0 303.0 331.0 326.0 326.0 330.0 338.0 336.0 328.0 327.0 335.0 347.0 341.0 327.0 321.0 309.0 332.0 331.0 341.0 322.0 340.0 334.0 330.0 317.0 317.0 336.0 338.0 335.0 314.0 338.0 342.0 324.0 335.0 329.0 321.0 307.0 305.0 308.0 353.0 333.0
338.0 331.0 330.0 321.0 344.0 327.0 341.0 345.0 336.0 329.0 331.0 337.0 338.0 352.0 345.0 345.0 336.0 330.0 327.0 335.0 330.0 345.0 315.0 332.0 321.0 355.0 368.0 360.0 392.0 378.0 379.0 407.0 378.0 422.0 387.0 364.0 374.0 369.0 350.0 364.0 364.0 343.0 354.0 347.0 370.0 359.0 363.0 371.0 368.0
377.0 376.0 369.0 362.0 371.0 351.0 355.0 357.0 349.0 352.0 348.0 346.0 332.0 359.0 352.0 345.0 338.0 345.0 339.0 342.0 205.0 165.0 361.0 196.0 366.0 454.0 454.0 454.0 454.0 454.0 454.0 369.0 384.0 371.0 411.0 359.0 373.0 346.0 384.0 343.0 313.0 230.0 241.0 318.0 315.0 319.0 326.0 336.0 331.0
316.0 332.0 310.0 337.0 333.0 338.0 334.0 321.0 329.0 330.0 322.0 330.0 318.0 327.0 326.0 329.0 323.0 332.0 330.0 342.0 340.0 321.0 352.0 338.0 351.0 184.0 20.0 147.0 305.0 161.0 320.0 362.0 232.0 298.0 319.0 308.0 290.0 295.0 321.0 342.0 319.0 304.0 328.0 321.0 323.0 295.0 311.0 314.0 320.0
289.0 304.0 308.0 305.0 301.0 309.0 327.0 316.0 318.0 337.0 336.0 335.0 298.0 303.0 298.0 301.0 298.0 307.0 295.0 346.0 327.0 318.0 330.0 322.0 363.0 367.0 343.0 326.0 145.0 256.0 180.0 282.0 270.0 273.0 275.0 285.0 284.0 305.0 289.0 291.0 308.0 290.0 317.0 298.0 308.0 297.0 304.0 315.0 317.0
308.0 329.0 340.0 313.0 290.0 288.0 291.0 315.0 349.0 333.0 347.0 337.0 343.0 337.0 340.0 309.0 290.0 295.0 326.0 319.0 332.0 337.0 323.0 304.0 300.0 336.0 321.0 338.0 340.0 300.0 83.0 141.0 236.0 96.0 265.0 61.0 176.0 276.0 339.0 343.0 283.0 355.0 280.0 269.0 327.0 326.0 370.0 390.0 314.0
312.0 325.0 318.0 331.0 334.0 379.0 362.0 323.0 309.0 317.0 308.0 328.0 340.0 338.0 359.0 346.0 330.0 319.0 333.0 324.0 318.0 329.0 237.0 64.0 158.0 224.0 95.0 220.0 321.0 349.0 389.0 339.0 354.0 373.0 291.0 321.0 303.0 314.0 336.0 338.0 317.0 333.0 319.0 318.0 335.0 332.0 334.0 334.0 330.0
338.0 322.0 310.0 313.0 323.0 342.0 313.0 329.0 326.0 340.0 336.0 352.0 350.0 209.0 15.0 286.0 335.0 290.0 381.0 262.0 221.0 376.0 467.0 467.0 450.0 426.0 403.0 374.0 377.0 373.0 362.0 334.0 344.0 373.0 354.0 366.0 361.0 382.0 385.0 360.0 369.0 381.0 383.0 361.0 408.0 371.0 352.0 342.0 378.0
366.0 379.0 380.0 408.0 407.0 421.0 400.0 402.0 370.0 380.0 388.0 380.0 396.0 392.0 391.0 394.0 375.0 374.0 371.0 194.0 32.0 24.0 25.0 96.0 218.0 154.0 346.0 396.0 418.0 405.0 333.0 348.0 332.0 297.0 363.0 280.0 299.0 341.0 373.0 329.0 351.0 357.0 365.0 358.0 381.0 364.0 326.0 344.0 363.0
363.0 328.0 352.0 369.0 356.0 343.0 338.0 325.0 347.0 338.0 323.0 324.0 313.0 316.0 328.0 326.0 352.0 337.0 346.0 342.0 317.0 349.0 436.0 342.0 475.0 475.0 475.0 452.0 455.0 439.0 441.0 414.0 414.0 381.0 366.0 351.0 404.0 332.0 372.0 353.0 331.0 340.0 335.0 330.0 371.0 355.0 345.0 304.0 346.0
368.0 359.0 356.0 357.0 349.0 338.0 345.0 369.0 357.0 364.0 362.0 356.0 335.0 354.0 345.0 342.0 358.0 317.0 478.0 305.0 277.0 478.0 478.0 479.0 430.0 408.0 375.0 349.0 349.0 341.0 375.0 371.0 360.0 366.0 353.0 368.0 376.0 361.0 353.0 370.0 399.0 383.0 370.0 355.0 360.0 345.0 361.0 348.0 360.0
373.0 376.0 379.0 393.0 363.0 375.0 372.0 372.0 389.0 389.0 390.0 396.0 368.0 369.0 378.0 363.0 372.0 363.0 364.0 385.0 383.0 374.0 378.0 347.0 332.0 255.0 303.0 303.0 286.0 285.0 376.0 412.0 449.0 380.0 398.0 351.0 341.0 371.0 360.0 352.0 364.0 350.0 353.0 339.0 379.0 363.0 345.0 361.0 378.0
375.0 356.0 378.0 359.0 382.0 369.0 359.0 396.0 392.0 391.0 376.0 373.0 26.0 54.0 57.0 486.0 144.0 486.0 486.0 486.0 486.0 474.0 320.0 299.0 309.0 380.0 353.0 373.0 393.0 382.0 305.0 219.0 287.0 303.0 350.0 349.0 318.0 341.0 336.0 360.0 360.0 381.0 488.0 298.0 350.0 359.0 367.0 347.0 355.0
361.0 355.0 389.0 384.0 379.0 392.0 385.0 408.0 416.0 419.0 393.0 413.0 395.0 397.0 383.0 387.0 390.0 375.0 352.0 398.0 397.0 406.0 377.0 378.0 365.0 341.0 363.0 362.0 327.0 337.0 344.0 364.0 364.0 367.0 348.0 352.0 360.0 375.0 363.0 377.0 359.0 371.0 365.0 373.0 358.0 356.0 364.0 354.0 350.0
344.0 364.0 364.0 367.0 348.0 352.0 360.0 375.0 363.0 377.0 359.0 371.0 365.0 373.0 358.0 356.0 364.0 354.0 350.0 348.0 372.0 364.0 359.0 362.0 355.0 366.0 378.0 395.0 456.0 473.0 407.0 318.0 358.0 291.0 323.0 392.0 351.0 427.0 441.0 403.0 412.0 418.0 399.0 379.0 355.0 340.0 361.0 364.0 354.0
397.0 392.0 379.0 391.0 385.0 386.0 401.0 398.0 383.0 385.0 376.0 372.0 371.0 359.0 367.0 366.0 272.0 213.0 338.0 493.0 488.0 493.0 493.0 493.0 493.0 493.0 493.0 468.0 421.0 411.0 408.0 400.0 392.0 380.0 390.0 384.0 394.0 383.0 371.0 362.0 383.0 376.0 364.0 389.0 373.0 380.0 383.0 372.0 384.0
377.0 383.0 360.0 365.0 361.0 374.0 369.0 363.0 368.0 368.0 369.0 377.0 374.0 364.0 374.0 369.0 381.0 369.0 349.0 369.0 367.0 362.0 357.0 165.0 347.0 206.0 167.0 169.0 192.0 271.0 254.0 263.0 306.0 365.0 377.0 339.0 321.0 346.0 341.0 341.0 347.0 354.0 353.0 346.0 345.0 355.0 352.0 352.0 354.0
338.0 356.0 340.0 340.0 341.0 356.0 336.0 337.0 337.0 336.0 353.0 340.0 336.0 335.0 349.0 355.0 349.0 328.0 337.0 347.0 325.0 332.0 341.0 21.0 90.0 259.0 295.0 264.0 280.0 402.0 367.0 302.0 282.0 331.0 320.0 333.0 339.0 341.0 351.0 349.0 359.0 331.0 337.0 339.0 351.0 348.0 342.0 329.0 322.0
351.0 353.0 345.0 332.0 346.0 356.0 366.0 342.0 349.0 357.0 356.0 367.0 376.0 382.0 365.0 376.0 343.0 187.0 214.0 340.0 284.0 278.0 295.0 359.0 339.0 344.0 438.0 420.0 379.0 371.0 366.0 375.0 375.0 402.0 378.0 365.0 364.0 338.0 352.0 367.0 352.0 361.0 365.0 370.0 369.0 358.0 346.0 374.0 360.0
346.0 374.0 360.0 364.0 354.0 352.0 357.0 351.0 356.0 356.0 375.0 355.0 359.0 356.0 355.0 355.0 348.0 352.0 355.0 286.0 105.0 286.0 227.0 437.0 332.0 268.0 265.0 342.0 338.0 296.0 300.0 340.0 395.0 421.0 404.0 416.0 413.0 366.0 343.0 333.0 373.0 383.0 370.0 353.0 366.0 359.0 375.0 384.0 359.0
376.0 375.0 369.0 363.0 343.0 358.0 361.0 374.0 377.0 362.0 374.0 361.0 381.0 382.0 371.0 392.0 385.0 400.0 392.0 391.0 384.0 378.0 126.0 472.0 387.0 225.0 291.0 357.0 323.0 394.0 481.0 449.0 489.0 497.0 423.0 372.0 379.0 376.0 392.0 393.0 401.0 383.0 384.0 403.0 385.0 379.0 370.0 358.0 374.0
355.0 349.0 373.0 392.0 381.0 387.0 421.0 384.0 401.0 388.0 402.0 390.0 413.0 404.0 402.0 385.0 380.0 381.0 378.0 397.0 389.0 382.0 392.0 371.0 368.0 365.0 84.0 258.0 500.0 358.0 477.0 411.0 382.0 423.0 416.0 362.0 377.0 394.0 395.0 388.0 397.0 393.0 392.0 399.0 371.0 380.0 390.0 405.0 394.0
394.0 394.0 417.0 418.0 395.0 387.0 381.0 369.0 372.0 385.0 391.0 380.0 312.0 220.0 257.0 319.0 500.0 500.0 500.0 500.0 500.0 500.0 500.0 408.0 433.0 220.0 337.0 370.0 356.0 418.0 382.0 390.0 393.0 424.0 387.0 405.0 388.0 397.0 362.0 363.0 375.0 370.0 342.0 356.0 370.0 390.0 343.0 369.0 388.0
401.0 374.0 360.0 384.0 389.0 379.0 398.0 391.0 407.0 406.0 389.0 395.0 376.0 404.0 410.0 408.0 407.0 420.0 366.0 331.0 327.0 343.0 133.0 489.0 333.0 371.0 405.0 388.0 386.0 379.0 400.0 419.0 406.0 385.0 407.0 409.0 411.0 417.0 378.0 393.0 413.0 399.0 384.0 374.0 376.0 383.0 386.0 398.0 398.0
398.0 361.0 377.0 352.0 334.0 356.0 368.0 304.0 321.0 388.0 356.0 445.0 447.0 382.0 365.0 346.0 500.0 500.0 500.0 500.0 483.0 457.0 462.0 431.0 418.0 412.0 397.0 375.0 390.0 404.0 402.0 399.0 398.0 418.0 393.0 422.0 406.0 389.0 379.0 380.0 354.0 389.0 389.0 403.0 421.0 360.0 384.0 350.0 350.0
357.0 367.0 327.0 391.0 358.0 383.0 375.0 368.0 362.0 434.0 405.0 400.0 375.0 388.0 370.0 373.0 358.0 363.0 212.0 198.0 500.0 500.0 401.0 309.0 343.0 370.0 408.0 422.0 419.0 389.0 414.0 375.0 400.0 424.0 401.0 433.0 363.0 387.0 390.0 399.0 396.0 392.0 378.0 400.0 396.0 398.0 370.0 391.0 365.0
401.0 353.0 387.0 394.0 389.0 387.0 383.0 402.0 435.0 409.0 384.0 375.0 382.0 374.0 402.0 389.0 404.0 394.0 386.0 372.0 358.0 391.0 276.0 15.0 435.0 500.0 500.0 500.0 416.0 426.0 402.0 373.0 360.0 378.0 378.0 357.0 358.0 387.0 385.0 376.0 408.0 382.0 393.0 444.0 403.0 373.0 399.0 408.0 412.0
428.0 403.0 394.0 395.0 405.0 386.0 414.0 404.0 365.0 373.0 361.0 410.0 426.0 413.0 438.0 431.0 399.0 401.0 402.0 410.0 252.0 272.0 500.0 313.0 361.0 306.0 427.0 435.0 402.0 387.0 392.0 410.0 389.0 406.0 404.0 388.0 398.0 391.0 380.0 360.0 332.0 363.0 385.0 424.0 456.0 415.0 387.0 414.0 415.0
387.0 407.0 392.0 403.0 408.0 418.0 394.0 384.0 403.0 398.0 376.0 398.0 401.0 408.0 302.0 335.0 165.0 440.0 428.0 394.0 398.0 383.0 479.0 445.0 389.0 428.0 421.0 448.0 390.0 390.0 377.0 395.0 412.0 405.0 417.0 398.0 419.0 423.0 414.0 423.0 419.0 384.0 412.0 431.0 425.0 390.0 426.0 438.0 395.0
391.0 393.0 407.0 414.0 421.0 404.0 428.0 403.0 418.0 398.0 414.0 401.0 415.0 398.0 251.0 346.0 310.0 500.0 500.0 500.0 500.0 500.0 500.0 489.0 432.0 394.0 395.0 392.0 382.0 380.0 384.0 394.0 400.0 407.0 400.0 463.0 480.0 405.0 425.0 421.0 406.0 409.0 387.0 251.0 364.0 378.0 343.0 340.0 357.0
357.0 355.0 363.0 356.0 344.0 350.0 377.0 378.0 379.0 370.0 378.0 386.0 388.0 386.0 389.0 379.0 395.0 390.0 369.0 388.0 388.0 374.0 381.0 241.0 58.0 284.0 446.0 461.0 443.0 432.0 420.0 394.0 410.0 393.0 416.0 434.0 412.0 416.0 412.0 400.0 411.0 392.0 397.0 362.0 378.0 399.0 367.0 368.0 383.0
318.0 322.0 345.0 319.0 354.0 399.0 343.0 357.0 342.0 359.0 339.0 344.0 356.0 370.0 404.0 388.0 115.0 224.0 129.0 354.0 420.0 393.0 358.0 368.0 351.0 409.0 384.0 362.0 400.0 374.0 371.0 408.0 377.0 382.0 348.0 355.0 365.0 375.0 369.0 376.0 374.0 380.0 376.0 369.0 388.0 384.0 369.0 385.0 376.0
318.0 332.0 274.0 347.0 239.0 380.0 328.0 338.0 334.0 342.0 331.0 326.0 336.0 342.0 131.0 31.0 262.0 377.0 369.0 353.0 372.0 384.0 376.0 398.0 399.0 395.0 371.0 367.0 379.0 362.0 360.0 343.0 353.0 354.0 340.0 318.0 300.0 289.0 303.0 302.0 290.0 264.0 269.0 284.0 313.0 315.0 310.0 309.0 331.0
300.0 289.0 303.0 302.0 290.0 264.0 269.0 284.0 313.0 315.0 310.0 309.0 331.0 325.0 322.0 441.0 441.0 123.0 441.0 374.0 313.0 343.0 305.0 324.0 334.0 328.0 335.0 315.0 316.0 307.0 307.0 313.0 302.0 283.0 302.0 295.0 312.0 307.0 316.0 319.0 316.0 317.0 315.0 328.0 334.0 326.0 328.0 336.0 318.0
333.0 332.0 329.0 316.0 319.0 320.0 314.0 311.0 316.0 333.0 315.0 316.0 319.0 322.0 448.0 113.0 448.0 297.0 441.0 415.0 448.0 444.0 352.0 361.0 425.0 448.0 448.0 379.0 374.0 369.0 412.0 375.0 340.0 294.0 347.0 353.0 339.0 374.0 380.0 375.0 354.0 336.0 332.0 333.0 340.0 330.0 324.0 328.0 342.0
333.0 321.0 322.0 314.0 328.0 327.0 332.0 328.0 315.0 315.0 317.0 304.0 319.0 310.0 344.0 174.0 230.0 352.0 282.0 392.0 341.0 407.0 407.0 451.0 440.0 395.0 365.0 364.0 372.0 362.0 362.0 352.0 357.0 360.0 328.0 334.0 355.0 369.0 346.0 340.0 320.0 317.0 306.0 325.0 331.0 345.0 338.0 335.0 340.0
331.0 327.0 332.0 322.0 331.0 330.0 324.0 342.0 342.0 338.0 346.0 338.0 321.0 323.0 319.0 334.0 337.0 445.0 454.0 454.0 216.0 416.0 454.0 379.0 404.0 346.0 450.0 442.0 432.0 354.0 340.0 345.0 292.0 315.0 327.0 309.0 306.0 280.0 307.0 326.0 315.0 313.0 280.0 364.0 332.0 298.0 286.0 287.0 294.0
294.0 302.0 307.0 313.0 318.0 326.0 328.0 328.0 319.0 325.0 322.0 323.0 332.0 334.0 323.0 322.0 320.0 323.0 318.0 332.0 339.0 327.0 335.0 345.0 350.0 458.0 432.0 363.0 316.0 313.0 364.0 351.0 354.0 356.0 332.0 340.0 361.0 390.0 358.0 309.0 329.0 348.0 323.0 322.0 331.0 348.0 352.0 324.0 348.0
324.0 348.0 351.0 357.0 373.0 352.0 345.0 332.0 327.0 336.0 329.0 315.0 326.0 346.0 336.0 306.0 305.0 318.0 459.0 326.0 319.0 373.0 304.0 313.0 333.0 327.0 313.0 319.0 320.0 315.0 319.0 325.0 311.0 329.0 331.0 344.0 309.0 324.0 312.0 303.0 315.0 307.0 291.0 311.0 340.0 344.0 330.0 321.0 327.0
308.0 307.0 309.0 315.0 331.0 349.0 348.0 338.0 323.0 327.0 306.0 305.0 322.0 312.0 304.0 297.0 315.0 275.0 335.0 254.0 317.0 348.0 323.0 311.0 289.0 318.0 310.0 284.0 302.0 307.0 314.0 310.0 336.0 341.0 323.0 305.0 289.0 304.0 327.0 321.0 323.0 346.0 347.0 397.0 414.0 386.0 365.0 321.0 271.0
324.0 315.0 280.0 311.0 310.0 306.0 341.0 325.0 330.0 365.0 338.0 329.0 321.0 334.0 355.0 332.0 346.0 356.0 351.0 392.0 471.0 459.0 300.0 275.0 327.0 346.0 354.0 452.0 401.0 375.0 354.0 335.0 358.0 358.0 346.0 356.0 346.0 348.0 360.0 375.0 378.0 372.0 349.0 368.0 359.0 327.0 359.0 349.0 352.0
292.0 274.0 275.0 307.0 317.0 322.0 277.0 331.0 344.0 330.0 322.0 334.0 292.0 290.0 311.0 342.0 475.0 475.0 288.0 196.0 272.0 310.0 362.0 384.0 373.0 360.0 340.0 381.0 358.0 353.0 365.0 353.0 357.0 321.0 330.0 363.0 376.0 356.0 359.0 336.0 352.0 352.0 362.0 377.0 363.0 333.0 416.0 424.0 365.0
269.0 301.0 308.0 347.0 388.0 375.0 370.0 362.0 357.0 350.0 344.0 351.0 354.0 356.0 370.0 371.0 371.0 362.0 362.0 373.0 369.0 372.0 375.0 380.0 347.0 366.0 362.0 367.0 361.0 358.0 373.0 361.0 371.0 418.0 388.0 390.0 372.0 368.0 379.0 399.0 393.0 371.0 349.0 378.0 301.0 285.0 237.0 359.0 320.0
346.0 355.0 388.0 412.0 362.0 326.0 321.0 342.0 360.0 363.0 341.0 336.0 317.0 312.0 341.0 361.0 341.0 307.0 339.0 327.0 339.0 494.0 283.0 320.0 226.0 383.0 298.0 354.0 361.0 333.0 367.0 354.0 361.0 348.0 351.0 359.0 342.0 326.0 324.0 321.0 367.0 364.0 351.0 324.0 307.0 316.0 329.0 338.0 341.0
359.0 350.0 370.0 375.0 364.0 355.0 362.0 357.0 356.0 346.0 360.0 361.0 365.0 373.0 379.0 246.0 347.0 205.0 339.0 362.0 423.0 500.0 489.0 442.0 500.0 365.0 438.0 500.0 500.0 474.0 413.0 406.0 430.0 384.0 398.0 395.0 357.0 402.0 353.0 372.0 376.0 434.0 397.0 391.0 379.0 392.0 396.0 392.0 373.0
365.0 366.0 365.0 384.0 397.0 395.0 381.0 378.0 386.0 368.0 372.0 355.0 346.0 352.0 370.0 365.0 386.0 488.0 282.0 155.0 390.0 428.0 414.0 457.0 461.0 430.0 407.0 358.0 369.0 439.0 481.0 464.0 381.0 444.0 373.0 387.0 418.0 420.0 387.0 382.0 360.0 373.0 389.0 383.0 393.0 412.0 367.0 369.0 376.0
387.0 395.0 418.0 414.0 431.0 423.0 411.0 395.0 369.0 365.0 379.0 357.0 338.0 375.0 500.0 153.0 500.0 500.0 478.0 397.0 399.0 356.0 351.0 344.0 359.0 360.0 361.0 351.0 339.0 338.0 349.0 324.0 341.0 353.0 338.0 348.0 371.0 363.0 328.0 346.0 347.0 343.0 361.0 334.0 312.0 386.0 359.0 355.0 409.0
393.0 347.0 365.0 388.0 389.0 372.0 370.0 355.0 329.0 362.0 372.0 375.0 321.0 332.0 350.0 347.0 358.0 375.0 427.0 500.0 500.0 394.0 426.0 438.0 286.0 338.0 357.0 358.0 335.0 340.0 335.0 335.0 325.0 318.0 341.0 353.0 358.0 360.0 361.0 358.0 334.0 339.0 338.0 328.0 340.0 357.0 344.0 326.0 355.0
377.0 401.0 381.0 365.0 366.0 371.0 356.0 362.0 360.0 367.0 387.0 374.0 331.0 355.0 351.0 491.0 310.0 286.0 373.0 351.0 320.0 282.0 309.0 376.0 372.0 389.0 387.0 377.0 336.0 350.0 345.0 335.0 345.0 339.0 356.0 353.0 364.0 357.0 356.0 357.0 338.0 301.0 343.0 341.0 330.0 348.0 381.0 368.0 338.0
380.0 431.0 296.0 289.0 348.0 378.0 362.0 366.0 406.0 347.0 422.0 424.0 377.0 401.0 348.0 349.0 402.0 500.0 386.0 136.0 343.0 471.0 197.0 271.0 275.0 320.0 341.0 360.0 365.0 407.0 392.0 362.0 347.0 350.0 346.0 353.0 358.0 371.0 364.0 361.0 351.0 348.0 322.0 317.0 326.0 312.0 335.0 306.0 359.0
332.0 300.0 281.0 248.0 258.0 259.0 265.0 310.0 322.0 295.0 278.0 258.0 261.0 277.0 299.0 295.0 313.0 351.0 383.0 427.0 392.0 408.0 367.0 354.0 324.0 366.0 390.0 323.0 283.0 243.0 308.0 317.0 348.0 314.0 310.0 322.0 298.0 312.0 329.0 280.0 341.0 361.0 332.0 308.0 286.0 287.0 310.0 315.0 307.0
359.0 380.0 291.0 288.0 302.0 296.0 316.0 358.0 402.0 329.0 292.0 303.0 337.0 333.0 318.0 318.0 309.0 310.0 328.0 321.0 337.0 339.0 349.0 349.0 336.0 327.0 371.0 347.0 336.0 341.0 297.0 324.0 321.0 347.0 331.0 328.0 318.0 335.0 312.0 342.0 338.0 312.0 319.0 330.0 324.0 324.0 320.0 325.0 329.0
327.0 306.0 328.0 350.0 348.0 316.0 327.0 326.0 324.0 306.0 318.0 306.0 311.0 354.0 330.0 311.0 291.0 323.0 331.0 339.0 327.0 324.0 316.0 328.0 335.0 338.0 319.0 321.0 323.0 333.0 333.0 327.0 325.0 336.0 342.0 331.0 334.0 338.0 327.0 326.0 340.0 325.0 314.0 316.0 312.0 316.0 321.0 338.0 314.0
317.0 332.0 325.0 329.0 325.0 326.0 314.0 319.0 315.0 318.0 303.0 331.0 326.0 326.0 330.0 338.0 336.0 328.0 327.0 335.0 347.0 341.0 327.0 321.0 309.0 332.0 331.0 341.0 322.0 340.0 334.0 330.0 317.0 317.0 336.0 338.0 335.0 314.0 338.0 342.0 324.0 335.0 329.0 321.0 307.0 305.0 308.0 353.0 333.0
338.0 331.0 330.0 321.0 344.0 327.0 341.0 345.0 336.0 329.0 331.0 337.0 338.0 352.0 345.0 345.0 336.0 330.0 327.0 335.0 330.0 345.0 315.0 332.0 321.0 355.0 368.0 360.0 392.0 378.0 379.0 407.0 378.0 422.0 387.0 364.0 374.0 369.0 350.0 364.0 364.0 343.0 354.0 347.0 370.0 359.0 363.0 371.0 368.0
377.0 376.0 369.0 362.0 371.0 351.0 355.0 357.0 349.0 352.0 348.0 346.0 332.0 359.0 352.0 345.0 338.0 345.0 339.0 342.0 205.0 165.0 361.0 196.0 366.0 454.0 454.0 454.0 454.0 454.0 454.0 369.0 384.0 371.0 411.0 359.0 373.0 346.0 384.0 343.0 313.0 230.0 241.0 318.0 315.0 319.0 326.0 336.0 331.0
316.0 332.0 310.0 337.0 333.0 338.0 334.0 321.0 329.0 330.0 322.0 330.0 318.0 327.0 326.0 329.0 323.0 332.0 330.0 342.0 340.0 321.0 352.0 338.0 351.0 184.0 20.0 147.0 305.0 161.0 320.0 362.0 232.0 298.0 319.0 308.0 290.0 295.0 321.0 342.0 319.0 304.0 328.0 321.0 323.0 295.0 311.0 314.0 320.0
289.0 304.0 308.0 305.0 301.0 309.0 327.0 316.0 318.0 337.0 336.0 335.0 298.0 303.0 298.0 301.0 298.0 307.0 295.0 346.0 327.0 318.0 330.0 322.0 363.0 367.0 343.0 326.0 145.0 256.0 180.0 282.0 270.0 273.0 275.0 285.0 284.0 305.0 289.0 291.0 308.0 290.0 317.0 298.0 308.0 297.0 304.0 315.0 317.0
308.0 329.0 340.0 313.0 290.0 288.0 291.0 315.0 349.0 333.0 347.0 337.0 343.0 337.0 340.0 309.0 290.0 295.0 326.0 319.0 332.0 337.0 323.0 304.0 300.0 336.0 321.0 338.0 340.0 300.0 83.0 141.0 236.0 96.0 265.0 61.0 176.0 276.0 339.0 343.0 283.0 355.0 280.0 269.0 327.0 326.0 370.0 390.0 314.0
312.0 325.0 318.0 331.0 334.0 379.0 362.0 323.0 309.0 317.0 308.0 328.0 340.0 338.0 359.0 346.0 330.0 319.0 333.0 324.0 318.0 329.0 237.0 64.0 158.0 224.0 95.0 220.0 321.0 349.0 389.0 339.0 354.0 373.0 291.0 321.0 303.0 314.0 336.0 338.0 317.0 333.0 319.0 318.0 335.0 332.0 334.0 334.0 330.0
338.0 322.0 310.0 313.0 323.0 342.0 313.0 329.0 326.0 340.0 336.0 352.0 350.0 209.0 15.0 286.0 335.0 290.0 381.0 262.0 221.0 376.0 467.0 467.0 450.0 426.0 403.0 374.0 377.0 373.0 362.0 334.0 344.0 373.0 354.0 366.0 361.0 382.0 385.0 360.0 369.0 381.0 383.0 361.0 408.0 371.0 352.0 342.0 378.0
366.0 379.0 380.0 408.0 407.0 421.0 400.0 402.0 370.0 380.0 388.0 380.0 396.0 392.0 391.0 394.0 375.0 374.0 371.0 194.0 32.0 24.0 25.0 96.0 218.0 154.0 346.0 396.0 418.0 405.0 333.0 348.0 332.0 297.0 363.0 280.0 299.0 341.0 373.0 329.0 351.0 357.0 365.0 358.0 381.0 364.0 326.0 344.0 363.0
363.0 328.0 352.0 369.0 356.0 343.0 338.0 325.0 347.0 338.0 323.0 324.0 313.0 316.0 328.0 326.0 352.0 337.0 346.0 342.0 317.0 349.0 436.0 342.0 475.0 475.0 475.0 452.0 455.0 439.0 441.0 414.0 414.0 381.0 366.0 351.0 404.0 332.0 372.0 353.0 331.0 340.0 335.0 330.0 371.0 355.0 345.0 304.0 346.0
368.0 359.0 356.0 357.0 349.0 338.0 345.0 369.0 357.0 364.0 362.0 356.0 335.0 354.0 345.0 342.0 358.0 317.0 478.0 305.0 277.0 478.0 478.0 479.0 430.0 408.0 375.0 349.0 349.0 341.0 375.0 371.0 360.0 366.0 353.0 368.0 376.0 361.0 353.0 370.0 399.0 383.0 370.0 355.0 360.0 345.0 361.0 348.0 360.0
373.0 376.0 379.0 393.0 363.0 375.0 372.0 372.0 389.0 389.0 390.0 396.0 368.0 369.0 378.0 363.0 372.0 363.0 364.0 385.0 383.0 374.0 378.0 347.0 332.0 255.0 303.0 303.0 286.0 285.0 376.0 412.0 449.0 380.0 398.0 351.0 341.0 371.0 360.0 352.0 364.0 350.0 353.0 339.0 379.0 363.0 345.0 361.0 378.0
375.0 356.0 378.0 359.0 382.0 369.0 359.0 396.0 392.0 391.0 376.0 373.0 26.0 54.0 57.0 486.0 144.0 486.0 486.0 486.0 486.0 474.0 320.0 299.0 309.0 380.0 353.0 373.0 393.0 382.0 305.0 219.0 287.0 303.0 350.0 349.0 318.0 341.0 336.0 360.0 360.0 381.0 488.0 298.0 350.0 359.0 367.0 347.0 355.0
361.0 355.0 389.0 384.0 379.0 392.0 385.0 408.0 416.0 419.0 393.0 413.0 395.0 397.0 383.0 387.0 390.0 375.0 352.0 398.0 397.0 406.0 377.0 378.0 365.0 341.0 363.0 362.0 327.0 337.0 344.0 364.0 364.0 367.0 348.0 352.0 360.0 375.0 363.0 377.0 359.0 371.0 365.0 373.0 358.0 356.0 364.0 354.0 350.0
344.0 364.0 364.0 367.0 348.0 352.0 360.0 375.0 363.0 377.0 359.0 371.0 365.0 373.0 358.0 356.0 364.0 354.0 350.0 348.0 372.0 364.0 359.0 362.0 355.0 366.0 378.0 395.0 456.0 473.0 407.0 318.0 358.0 291.0 323.0 392.0 351.0 427.0 441.0 403.0 412.0 418.0 399.0 379.0 355.0 340.0 361.0 364.0 354.0
397.0 392.0 379.0 391.0 385.0 386.0 401.0 398.0 383.0 385.0 376.0 372.0 371.0 359.0 367.0 366.0 272.0 213.0 338.0 493.0 488.0 493.0 493.0 493.0 493.0 493.0 493.0 468.0 421.0 411.0 408.0 400.0 392.0 380.0 390.0 384.0 394.0 383.0 371.0 362.0 383.0 376.0 364.0 389.0 373.0 380.0 383.0 372.0 384.0
377.0 383.0 360.0 365.0 361.0 374.0 369.0 363.0 368.0 368.0 369.0 377.0 374.0 364.0 374.0 369.0 381.0 369.0 349.0 369.0 367.0 362.0 357.0 165.0 347.0 206.0 167.0 169.0 192.0 271.0 254.0 263.0 306.0 365.0 377.0 339.0 321.0 346.0 341.0 341.0 347.0 354.0 353.0 346.0 345.0 355.0 352.0 352.0 354.0
338.0 356.0 340.0 340.0 341.0 356.0 336.0 337.0 337.0 336.0 353.0 340.0 336.0 335.0 349.0 355.0 349.0 328.0 337.0 347.0 325.0 332.0 341.0 21.0 90.0 259.0 295.0 264.0 280.0 402.0 367.0 302.0 282.0 331.0 320.0 333.0 339.0 341.0 351.0 349.0 359.0 331.0 337.0 339.0 351.0 348.0 342.0 329.0 322.0
351.0 353.0 345.0 332.0 346.0 356.0 366.0 342.0 349.0 357.0 356.0 367.0 376.0 382.0 365.0 376.0 343.0 187.0 214.0 340.0 284.0 278.0 295.0 359.0 339.0 344.0 438.0 420.0 379.0 371.0 366.0 375.0 375.0 402.0 378.0 365.0 364.0 338.0 352.0 367.0 352.0 361.0 365.0 370.0 369.0 358.0 346.0 374.0 360.0
332.0 300.0 281.0 248.0 258.0 259.0 265.0 310.0 322.0 295.0 278.0 258.0 261.0 277.0 299.0 295.0 313.0 351.0 383.0 427.0 392.0 408.0 367.0 354.0 324.0 366.0 390.0 323.0 283.0 243.0 308.0 317.0 348.0 314.0 310.0 322.0 298.0 312.0 329.0 280.0 341.0 361.0 332.0 308.0 286.0 287.0 310.0 315.0 307.0
359.0 380.0 291.0 288.0 302.0 296.0 316.0 358.0 402.0 329.0 292.0 303.0 337.0 333.0 318.0 318.0 309.0 310.0 328.0 321.0 337.0 339.0 349.0 349.0 336.0 327.0 371.0 347.0 336.0 341.0 297.0 324.0 321.0 347.0 331.0 328.0 318.0 335.0 312.0 342.0 338.0 312.0 319.0 330.0 324.0 324.0 320.0 325.0 329.0
327.0 306.0 328.0 350.0 348.0 316.0 327.0 326.0 324.0 306.0 318.0 306.0 311.0 354.0 330.0 311.0 291.0 323.0 331.0 339.0 327.0 324.0 316.0 328.0 335.0 338.0 319.0 321.0 323.0 333.0 333.0 327.0 325.0 336.0 342.0 331.0 334.0 338.0 327.0 326.0 340.0 325.0 314.0 316.0 312.0 316.0 321.0 338.0 314.0
317.0 332.0 325.0 329.0 325.0 326.0 314.0 319.0 315.0 318.0 303.0 331.0 326.0 326.0 330.0 338.0 336.0 328.0 327.0 335.0 347.0 341.0 327.0 321.0 309.0 332.0 331.0 341.0 322.0 340.0 334.0 330.0 317.0 317.0 336.0 338.0 335.0 314.0 338.0 342.0 324.0 335.0 329.0 321.0 307.0 305.0 308.0 353.0 333.0
338.0 331.0 330.0 321.0 344.0 327.0 341.0 345.0 336.0 329.0 331.0 337.0 338.0 352.0 345.0 345.0 336.0 330.0 327.0 335.0 330.0 345.0 315.0 332.0 321.0 355.0 368.0 360.0 392.0 378.0 379.0 407.0 378.0 422.0 387.0 364.0 374.0 369.0 350.0 364.0 364.0 343.0 354.0 347.0 370.0 359.0 363.0 371.0 368.0
377.0 376.0 369.0 362.0 371.0 351.0 355.0 357.0 349.0 352.0 348.0 346.0 332.0 359.0 352.0 345.0 338.0 345.0 339.0 342.0 205.0 165.0 361.0 196.0 366.0 454.0 454.0 454.0 454.0 454.0 454.0 369.0 384.0 371.0 411.0 359.0 373.0 346.0 384.0 343.0 313.0 230.0 241.0 318.0 315.0 319.0 326.0 336.0 331.0
316.0 332.0 310.0 337.0 333.0 338.0 334.0 321.0 329.0 330.0 322.0 330.0 318.0 327.0 326.0 329.0 323.0 332.0 330.0 342.0 340.0 321.0 352.0 338.0 351.0 184.0 20.0 147.0 305.0 161.0 320.0 362.0 232.0 298.0 319.0 308.0 290.0 295.0 321.0 342.0 319.0 304.0 328.0 321.0 323.0 295.0 311.0 314.0 320.0
289.0 304.0 308.0 305.0 301.0 309.0 327.0 316.0 318.0 337.0 336.0 335.0 298.0 303.0 298.0 301.0 298.0 307.0 295.0 346.0 327.0 318.0 330.0 322.0 363.0 367.0 343.0 326.0 145.0 256.0 180.0 282.0 270.0 273.0 275.0 285.0 284.0 305.0 289.0 291.0 308.0 290.0 317.0 298.0 308.0 297.0 304.0 315.0 317.0
308.0 329.0 340.0 313.0 290.0 288.0 291.0 315.0 349.0 333.0 347.0 337.0 343.0 337.0 340.0 309.0 290.0 295.0 326.0 319.0 332.0 337.0 323.0 304.0 300.0 336.0 321.0 338.0 340.0 300.0 83.0 141.0 236.0 96.0 265.0 61.0 176.0 276.0 339.0 343.0 283.0 355.0 280.0 269.0 327.0 326.0 370.0 390.0 314.0
312.0 325.0 318.0 331.0 334.0 379.0 362.0 323.0 309.0 317.0 308.0 328.0 340.0 338.0 359.0 346.0 330.0 319.0 333.0 324.0 318.0 329.0 237.0 64.0 158.0 224.0 95.0 220.0 321.0 349.0 389.0 339.0 354.0 373.0 291.0 321.0 303.0 314.0 336.0 338.0 317.0 333.0 319.0 318.0 335.0 332.0 334.0 334.0 330.0
338.0 322.0 310.0 313.0 323.0 342.0 313.0 329.0 326.0 340.0 336.0 352.0 350.0 209.0 15.0 286.0 335.0 290.0 381.0 262.0 221.0 376.0 467.0 467.0 450.0 426.0 403.0 374.0 377.0 373.0 362.0 334.0 344.0 373.0 354.0 366.0 361.0 382.0 385.0 360.0 369.0 381.0 383.0 361.0 408.0 371.0 352.0 342.0 378.0
366.0 379.0 380.0 408.0 407.0 421.0 400.0 402.0 370.0 380.0 388.0 380.0 396.0 392.0 391.0 394.0 375.0 374.0 371.0 194.0 32.0 24.0 25.0 96.0 218.0 154.0 346.0 396.0 418.0 405.0 333.0 348.0 332.0 297.0 363.0 280.0 299.0 341.0 373.0 329.0 351.0 357.0 365.0 358.0 381.0 364.0 326.0 344.0 363.0
363.0 328.0 352.0 369.0 356.0 343.0 338.0 325.0 347.0 338.0 323.0 324.0 313.0 316.0 328.0 326.0 352.0 337.0 346.0 342.0 317.0 349.0 436.0 342.0 475.0 475.0 475.0 452.0 455.0 439.0 441.0 414.0 414.0 381.0 366.0 351.0 404.0 332.0 372.0 353.0 331.0 340.0 335.0 330.0 371.0 355.0 345.0 304.0 346.0
368.0 359.0 356.0 357.0 349.0 338.0 345.0 369.0 357.0 364.0 362.0 356.0 335.0 354.0 345.0 342.0 358.0 317.0 478.0 305.0 277.0 478.0 478.0 479.0 430.0 408.0 375.0 349.0 349.0 341.0 375.0 371.0 360.0 366.0 353.0 368.0 376.0 361.0 353.0 370.0 399.0 383.0 370.0 355.0 360.0 345.0 361.0 348.0 360.0
373.0 376.0 379.0 393.0 363.0 375.0 372.0 372.0 389.0 389.0 390.0 396.0 368.0 369.0 378.0 363.0 372.0 363.0 364.0 385.0 383.0 374.0 378.0 347.0 332.0 255.0 303.0 303.0 286.0 285.0 376.0 412.0 449.0 380.0 398.0 351.0 341.0 371.0 360.0 352.0 364.0 350.0 353.0 339.0 379.0 363.0 345.0 361.0 378.0
375.0 356.0 378.0 359.0 382.0 369.0 359.0 396.0 392.0 391.0 376.0 373.0 26.0 54.0 57.0 486.0 144.0 486.0 486.0 486.0 486.0 474.0 320.0 299.0 309.0 380.0 353.0 373.0 393.0 382.0 305.0 219.0 287.0 303.0 350.0 349.0 318.0 341.0 336.0 360.0 360.0 381.0 488.0 298.0 350.0 359.0 367.0 347.0 355.0
361.0 355.0 389.0 384.0 379.0 392.0 385.0 408.0 416.0 419.0 393.0 413.0 395.0 397.0 383.0 387.0 390.0 375.0 352.0 398.0 397.0 406.0 377.0 378.0 365.0 341.0 363.0 362.0 327.0 337.0 344.0 364.0 364.0 367.0 348.0 352.0 360.0 375.0 363.0 377.0 359.0 371.0 365.0 373.0 358.0 356.0 364.0 354.0 350.0
344.0 364.0 364.0 367.0 348.0 352.0 360.0 375.0 363.0 377.0 359.0 371.0 365.0 373.0 358.0 356.0 364.0 354.0 350.0 348.0 372.0 364.0 359.0 362.0 355.0 366.0 378.0 395.0 456.0 473.0 407.0 318.0 358.0 291.0 323.0 392.0 351.0 427.0 441.0 403.0 412.0 418.0 399.0 379.0 355.0 340.0 361.0 364.0 354.0
397.0 392.0 379.0 391.0 385.0 386.0 401.0 398.0 383.0 385.0 376.0 372.0 371.0 359.0 367.0 366.0 272.0 213.0 338.0 493.0 488.0 493.0 493.0 493.0 493.0 493.0 493.0 468.0 421.0 411.0 408.0 400.0 392.0 380.0 390.0 384.0 394.0 383.0 371.0 362.0 383.0 376.0 364.0 389.0 373.0 380.0 383.0 372.0 384.0
377.0 383.0 360.0 365.0 361.0 374.0 369.0 363.0 368.0 368.0 369.0 377.0 374.0 364.0 374.0 369.0 381.0 369.0 349.0 369.0 367.0 362.0 357.0 165.0 347.0 206.0 167.0 169.0 192.0 271.0 254.0 263.0 306.0 365.0 377.0 339.0 321.0 346.0 341.0 341.0 347.0 354.0 353.0 346.0 345.0 355.0 352.0 352.0 354.0
338.0 356.0 340.0 340.0 341.0 356.0 336.0 337.0 337.0 336.0 353.0 340.0 336.0 335.0 349.0 355.0 349.0 328.0 337.0 347.0 325.0 332.0 341.0 21.0 90.0 259.0 295.0 264.0 280.0 402.0 367.0 302.0 282.0 331.0 320.0 333.0 339.0 341.0 351.0 349.0 359.0 331.0 337.0 339.0 351.0 348.0 342.0 329.0 322.0
351.0 353.0 345.0 332.0 346.0 356.0 366.0 342.0 349.0 357.0 356.0 367.0 376.0 382.0 365.0 376.0 343.0 187.0 214.0 340.0 284.0 278.0 295.0 359.0 339.0 344.0 438.0 420.0 379.0 371.0 366.0 375.0 375.0 402.0 378.0 365.0 364.0 338.0 352.0 367.0 352.0 361.0 365.0 370.0 369.0 358.0 346.0 374.0 360.0
346.0 374.0 360.0 364.0 354.0 352.0 357.0 351.0 356.0 356.0 375.0 355.0 359.0 356.0 355.0 355.0 348.0 352.0 355.0 286.0 105.0 286.0 227.0 437.0 332.0 268.0 265.0 342.0 338.0 296.0 300.0 340.0 395.0 421.0 404.0 416.0 413.0 366.0 343.0 333.0 373.0 383.0 370.0 353.0 366.0 359.0 375.0 384.0 359.0
376.0 375.0 369.0 363.0 343.0 358.0 361.0 374.0 377.0 362.0 374.0 361.0 381.0 382.0 371.0 392.0 385.0 400.0 392.0 391.0 384.0 378.0 126.0 472.0 387.0 225.0 291.0 357.0 323.0 394.0 481.0 449.0 489.0 497.0 423.0 372.0 379.0 376.0 392.0 393.0 401.0 383.0 384.0 403.0 385.0 379.0 370.0 358.0 374.0
355.0 349.0 373.0 392.0 381.0 387.0 421.0 384.0 401.0 388.0 402.0 390.0 413.0 404.0 402.0 385.0 380.0 381.0 378.0 397.0 389.0 382.0 392.0 371.0 368.0 365.0 84.0 258.0 500.0 358.0 477.0 411.0 382.0 423.0 416.0 362.0 377.0 394.0 395.0 388.0 397.0 393.0 392.0 399.0 371.0 380.0 390.0 405.0 394.0
394.0 394.0 417.0 418.0 395.0 387.0 381.0 369.0 372.0 385.0 391.0 380.0 312.0 220.0 257.0 319.0 500.0 500.0 500.0 500.0 500.0 500.0 500.0 408.0 433.0 220.0 337.0 370.0 356.0 418.0 382.0 390.0 393.0 424.0 387.0 405.0 388.0 397.0 362.0 363.0 375.0 370.0 342.0 356.0 370.0 390.0 343.0 369.0 388.0
401.0 374.0 360.0 384.0 389.0 379.0 398.0 391.0 407.0 406.0 389.0 395.0 376.0 404.0 410.0 408.0 407.0 420.0 366.0 331.0 327.0 343.0 133.0 489.0 333.0 371.0 405.0 388.0 386.0 379.0 400.0 419.0 406.0 385.0 407.0 409.0 411.0 417.0 378.0 393.0 413.0 399.0 384.0 374.0 376.0 383.0 386.0 398.0 398.0
398.0 361.0 377.0 352.0 334.0 356.0 368.0 304.0 321.0 388.0 356.0 445.0 447.0 382.0 365.0 346.0 500.0 500.0 500.0 500.0 483.0 457.0 462.0 431.0 418.0 412.0 397.0 375.0 390.0 404.0 402.0 399.0 398.0 418.0 393.0 422.0 406.0 389.0 379.0 380.0 354.0 389.0 389.0 403.0 421.0 360.0 384.0 350.0 350.0
357.0 367.0 327.0 391.0 358.0 383.0 375.0 368.0 362.0 434.0 405.0 400.0 375.0 388.0 370.0 373.0 358.0 363.0 212.0 198.0 500.0 500.0 401.0 309.0 343.0 370.0 408.0 422.0 419.0 389.0 414.0 375.0 400.0 424.0 401.0 433.0 363.0 387.0 390.0 399.0 396.0 392.0 378.0 400.0 396.0 398.0 370.0 391.0 365.0
401.0 353.0 387.0 394.0 389.0 387.0 383.0 402.0 435.0 409.0 384.0 375.0 382.0 374.0 402.0 389.0 404.0 394.0 386.0 372.0 358.0 391.0 276.0 15.0 435.0 500.0 500.0 500.0 416.0 426.0 402.0 373.0 360.0 378.0 378.0 357.0 358.0 387.0 385.0 376.0 408.0 382.0 393.0 444.0 403.0 373.0 399.0 408.0 412.0
428.0 403.0 394.0 395.0 405.0 386.0 414.0 404.0 365.0 373.0 361.0 410.0 426.0 413.0 438.0 431.0 399.0 401.0 402.0 410.0 252.0 272.0 500.0 313.0 361.0 306.0 427.0 435.0 402.0 387.0 392.0 410.0 389.0 406.0 404.0 388.0 398.0 391.0 380.0 360.0 332.0 363.0 385.0 424.0 456.0 415.0 387.0 414.0 415.0
387.0 407.0 392.0 403.0 408.0 418.0 394.0 384.0 403.0 398.0 376.0 398.0 401.0 408.0 302.0 335.0 165.0 440.0 428.0 394.0 398.0 383.0 479.0 445.0 389.0 428.0 421.0 448.0 390.0 390.0 377.0 395.0 412.0 405.0 417.0 398.0 419.0 423.0 414.0 423.0 419.0 384.0 412.0 431.0 425.0 390.0 426.0 438.0 395.0
391.0 393.0 407.0 414.0 421.0 404.0 428.0 403.0 418.0 398.0 414.0 401.0 415.0 398.0 251.0 346.0 310.0 500.0 500.0 500.0 500.0 500.0 500.0 489.0 432.0 394.0 395.0 392.0 382.0 380.0 384.0 394.0 400.0 407.0 400.0 463.0 480.0 405.0 425.0 421.0 406.0 409.0 387.0 251.0 364.0 378.0 343.0 340.0 357.0
357.0 355.0 363.0 356.0 344.0 350.0 377.0 378.0 379.0 370.0 378.0 386.0 388.0 386.0 389.0 379.0 395.0 390.0 369.0 388.0 388.0 374.0 381.0 241.0 58.0 284.0 446.0 461.0 443.0 432.0 420.0 394.0 410.0 393.0 416.0 434.0 412.0 416.0 412.0 400.0 411.0 392.0 397.0 362.0 378.0 399.0 367.0 368.0 383.0
318.0 322.0 345.0 319.0 354.0 399.0 343.0 357.0 342.0 359.0 339.0 344.0 356.0 370.0 404.0 388.0 115.0 224.0 129.0 354.0 420.0 393.0 358.0 368.0 351.0 409.0 384.0 362.0 400.0 374.0 371.0 408.0 377.0 382.0 348.0 355.0 365.0 375.0 369.0 376.0 374.0 380.0 376.0 369.0 388.0 384.0 369.0 385.0 376.0
318.0 332.0 274.0 347.0 239.0 380.0 328.0 338.0 334.0 342.0 331.0 326.0 336.0 342.0 131.0 31.0 262.0 377.0 369.0 353.0 372.0 384.0 376.0 398.0 399.0 395.0 371.0 367.0 379.0 362.0 360.0 343.0 353.0 354.0 340.0 318.0 300.0 289.0 303.0 302.0 290.0 264.0 269.0 284.0 313.0 315.0 310.0 309.0 331.0
300.0 289.0 303.0 302.0 290.0 264.0 269.0 284.0 313.0 315.0 310.0 309.0 331.0 325.0 322.0 441.0 441.0 123.0 441.0 374.0 313.0 343.0 305.0 324.0 334.0 328.0 335.0 315.0 316.0 307.0 307.0 313.0 302.0 283.0 302.0 295.0 312.0 307.0 316.0 319.0 316.0 317.0 315.0 328.0 334.0 326.0 328.0 336.0 318.0
333.0 332.0 329.0 316.0 319.0 320.0 314.0 311.0 316.0 333.0 315.0 316.0 319.0 322.0 448.0 113.0 448.0 297.0 441.0 415.0 448.0 444.0 352.0 361.0 425.0 448.0 448.0 379.0 374.0 369.0 412.0 375.0 340.0 294.0 347.0 353.0 339.0 374.0 380.0 375.0 354.0 336.0 332.0 333.0 340.0 330.0 324.0 328.0 342.0
333.0 321.0 322.0 314.0 328.0 327.0 332.0 328.0 315.0 315.0 317.0 304.0 319.0 310.0 344.0 174.0 230.0 352.0 282.0 392.0 341.0 407.0 407.0 451.0 440.0 395.0 365.0 364.0 372.0 362.0 362.0 352.0 357.0 360.0 328.0 334.0 355.0 369.0 346.0 340.0 320.0 317.0 306.0 325.0 331.0 345.0 338.0 335.0 340.0
331.0 327.0 332.0 322.0 331.0 330.0 324.0 342.0 342.0 338.0 346.0 338.0 321.0 323.0 319.0 334.0 337.0 445.0 454.0 454.0 216.0 416.0 454.0 379.0 404.0 346.0 450.0 442.0 432.0 354.0 340.0 345.0 292.0 315.0 327.0 309.0 306.0 280.0 307.0 326.0 315.0 313.0 280.0 364.0 332.0 298.0 286.0 287.0 294.0
294.0 302.0 307.0 313.0 318.0 326.0 328.0 328.0 319.0 325.0 322.0 323.0 332.0 334.0 323.0 322.0 320.0 323.0 318.0 332.0 339.0 327.0 335.0 345.0 350.0 458.0 432.0 363.0 316.0 313.0 364.0 351.0 354.0 356.0 332.0 340.0 361.0 390.0 358.0 309.0 329.0 348.0 323.0 322.0 331.0 348.0 352.0 324.0 348.0
324.0 348.0 351.0 357.0 373.0 352.0 345.0 332.0 327.0 336.0 329.0 315.0 326.0 346.0 336.0 306.0 305.0 318.0 459.0 326.0 319.0 373.0 304.0 313.0 333.0 327.0 313.0 319.0 320.0 315.0 319.0 325.0 311.0 329.0 331.0 344.0 309.0 324.0 312.0 303.0 315.0 307.0 291.0 311.0 340.0 344.0 330.0 321.0 327.0
308.0 307.0 309.0 315.0 331.0 349.0 348.0 338.0 323.0 327.0 306.0 305.0 322.0 312.0 304.0 297.0 315.0 275.0 335.0 254.0 317.0 348.0 323.0 311.0 289.0 318.0 310.0 284.0 302.0 307.0 314.0 310.0 336.0 341.0 323.0 305.0 289.0 304.0 327.0 321.0 323.0 346.0 347.0 397.0 414.0 386.0 365.0 321.0 271.0
324.0 315.0 280.0 311.0 310.0 306.0 341.0 325.0 330.0 365.0 338.0 329.0 321.0 334.0 355.0 332.0 346.0 356.0 351.0 392.0 471.0 459.0 300.0 275.0 327.0 346.0 354.0 452.0 401.0 375.0 354.0 335.0 358.0 358.0 346.0 356.0 346.0 348.0 360.0 375.0 378.0 372.0 349.0 368.0 359.0 327.0 359.0 349.0 352.0
292.0 274.0 275.0 307.0 317.0 322.0 277.0 331.0 344.0 330.0 322.0 334.0 292.0 290.0 311.0 342.0 475.0 475.0 288.0 196.0 272.0 310.0 362.0 384.0 373.0 360.0 340.0 381.0 358.0 353.0 365.0 353.0 357.0 321.0 330.0 363.0 376.0 356.0 359.0 336.0 352.0 352.0 362.0 377.0 363.0 333.0 416.0 424.0 365.0
269.0 301.0 308.0 347.0 388.0 375.0 370.0 362.0 357.0 350.0 344.0 351.0 354.0 356.0 370.0 371.0 371.0 362.0 362.0 373.0 369.0 372.0 375.0 380.0 347.0 366.0 362.0 367.0 361.0 358.0 373.0 361.0 371.0 418.0 388.0 390.0 372.0 368.0 379.0 399.0 393.0 371.0 349.0 378.0 301.0 285.0 237.0 359.0 320.0
346.0 355.0 388.0 412.0 362.0 326.0 321.0 342.0 360.0 363.0 341.0 336.0 317.0 312.0 341.0 361.0 341.0 307.0 339.0 327.0 339.0 494.0 283.0 320.0 226.0 383.0 298.0 354.0 361.0 333.0 367.0 354.0 361.0 348.0 351.0 359.0 342.0 326.0 324.0 321.0 367.0 364.0 351.0 324.0 307.0 316.0 329.0 338.0 341.0
359.0 350.0 370.0 375.0 364.0 355.0 362.0 357.0 356.0 346.0 360.0 361.0 365.0 373.0 379.0 246.0 347.0 205.0 339.0 362.0 423.0 500.0 489.0 442.0 500.0 365.0 438.0 500.0 500.0 474.0 413.0 406.0 430.0 384.0 398.0 395.0 357.0 402.0 353.0 372.0 376.0 434.0 397.0 391.0 379.0 392.0 396.0 392.0 373.0
365.0 366.0 365.0 384.0 397.0 395.0 381.0 378.0 386.0 368.0 372.0 355.0 346.0 352.0 370.0 365.0 386.0 488.0 282.0 155.0 390.0 428.0 414.0 457.0 461.0 430.0 407.0 358.0 369.0 439.0 481.0 464.0 381.0 444.0 373.0 387.0 418.0 420.0 387.0 382.0 360.0 373.0 389.0 383.0 393.0 412.0 367.0 369.0 376.0
387.0 395.0 418.0 414.0 431.0 423.0 411.0 395.0 369.0 365.0 379.0 357.0 338.0 375.0 500.0 153.0 500.0 500.0 478.0 397.0 399.0 356.0 351.0 344.0 359.0 360.0 361.0 351.0 339.0 338.0 349.0 324.0 341.0 353.0 338.0 348.0 371.0 363.0 328.0 346.0 347.0 343.0 361.0 334.0 312.0 386.0 359.0 355.0 409.0
393.0 347.0 365.0 388.0 389.0 372.0 370.0 355.0 329.0 362.0 372.0 375.0 321.0 332.0 350.0 347.0 358.0 375.0 427.0 500.0 500.0 394.0 426.0 438.0 286.0 338.0 357.0 358.0 335.0 340.0 335.0 335.0 325.0 318.0 341.0 353.0 358.0 360.0 361.0 358.0 334.0 339.0 338.0 328.0 340.0 357.0 344.0 326.0 355.0
377.0 401.0 381.0 365.0 366.0 371.0 356.0 362.0 360.0 367.0 387.0 374.0 331.0 355.0 351.0 491.0 310.0 286.0 373.0 351.0 320.0 282.0 309.0 376.0 372.0 389.0 387.0 377.0 336.0 350.0 345.0 335.0 345.0 339.0 356.0 353.0 364.0 357.0 356.0 357.0 338.0 301.0 343.0 341.0 330.0 348.0 381.0 368.0 338.0
380.0 431.0 296.0 289.0 348.0 378.0 362.0 366.0 406.0 347.0 422.0 424.0 377.0 401.0 348.0 349.0 402.0 500.0 386.0 136.0 343.0 471.0 197.0 271.0 275.0 320.0 341.0 360.0 365.0 407.0 392.0 362.0 347.0 350.0 346.0 353.0 358.0 371.0 364.0 361.0 351.0 348.0 322.0 317.0 326.0 312.0 335.0 306.0 359.0
332.0 300.0 281.0 248.0 258.0 259.0 265.0 310.0 322.0 295.0 278.0 258.0 261.0 277.0 299.0 295.0 313.0 351.0 383.0 427.0 392.0 408.0 367.0 354.0 324.0 366.0 390.0 323.0 283.0 243.0 308.0 317.0 348.0 314.0 310.0 322.0 298.0 312.0 329.0 280.0 341.0 361.0 332.0 308.0 286.0 287.0 310.0 315.0 307.0
359.0 380.0 291.0 288.0 302.0 296.0 316.0 358.0 402.0 329.0 292.0 303.0 337.0 333.0 318.0 318.0 309.0 310.0 328.0 321.0 337.0 339.0 349.0 349.0 336.0 327.0 371.0 347.0 336.0 341.0 297.0 324.0 321.0 347.0 331.0 328.0 318.0 335.0 312.0 342.0 338.0 312.0 319.0 330.0 324.0 324.0 320.0 325.0 329.0
327.0 306.0 328.0 350.0 348.0 316.0 327.0 326.0 324.0 306.0 318.0 306.0 311.0 354.0 330.0 311.0 291.0 323.0 331.0 339.0 327.0 324.0 316.0 328.0 335.0 338.0 319.0 321.0 323.0 333.0 333.0 327.0 325.0 336.0 342.0 331.0 334.0 338.0 327.0 326.0 340.0 325.0 314.0 316.0 312.0 316.0 321.0 338.0 314.0
317.0 332.0 325.0 329.0 325.0 326.0 314.0 319.0 315.0 318.0 303.0 331.0 326.0 326.0 330.0 338.0 336.0 328.0 327.0 335.0 347.0 341.0 327.0 321.0 309.0 332.0 331.0 341.0 322.0 340.0 334.0 330.0 317.0 317.0 336.0 338.0 335.0 314.0 338.0 342.0 324.0 335.0 329.0 321.0 307.0 305.0 308.0 353.0 333.0
338.0 331.0 330.0 321.0 344.0 327.0 341.0 345.0 336.0 329.0 331.0 337.0 338.0 352.0 345.0 345.0 336.0 330.0 327.0 335.0 330.0 345.0 315.0 332.0 321.0 355.0 368.0 360.0 392.0 378.0 379.0 407.0 378.0 422.0 387.0 364.0 374.0 369.0 350.0 364.0 364.0 343.0 354.0 347.0 370.0 359.0 363.0 371.0 368.0
377.0 376.0 369.0 362.0 371.0 351.0 355.0 357.0 349.0 352.0 348.0 346.0 332.0 359.0 352.0 345.0 338.0 345.0 339.0 342.0 205.0 165.0 361.0 196.0 366.0 454.0 454.0 454.0 454.0 454.0 454.0 369.0 384.0 371.0 411.0 359.0 373.0 346.0 384.0 343.0 313.0 230.0 241.0 318.0 315.0 319.0 326.0 336.0 331.0
316.0 332.0 310.0 337.0 333.0 338.0 334.0 321.0 329.0 330.0 322.0 330.0 318.0 327.0 326.0 329.0 323.0 332.0 330.0 342.0 340.0 321.0 352.0 338.0 351.0 184.0 20.0 147.0 305.0 161.0 320.0 362.0 232.0 298.0 319.0 308.0 290.0 295.0 321.0 342.0 319.0 304.0 328.0 321.0 323.0 295.0 311.0 314.0 320.0
289.0 304.0 308.0 305.0 301.0 309.0 327.0 316.0 318.0 337.0 336.0 335.0 298.0 303.0 298.0 301.0 298.0 307.0 295.0 346.0 327.0 318.0 330.0 322.0 363.0 367.0 343.0 326.0 145.0 256.0 180.0 282.0 270.0 273.0 275.0 285.0 284.0 305.0 289.0 291.0 308.0 290.0 317.0 298.0 308.0 297.0 304.0 315.0 317.0
308.0 329.0 340.0 313.0 290.0 288.0 291.0 315.0 349.0 333.0 347.0 337.0 343.0 337.0 340.0 309.0 290.0 295.0 326.0 319.0 332.0 337.0 323.0 304.0 300.0 336.0 321.0 338.0 340.0 300.0 83.0 141.0 236.0 96.0 265.0 61.0 176.0 276.0 339.0 343.0 283.0 355.0 280.0 269.0 327.0 326.0 370.0 390.0 314.0
312.0 325.0 318.0 331.0 334.0 379.0 362.0 323.0 309.0 317.0 308.0 328.0 340.0 338.0 359.0 346.0 330.0 319.0 333.0 324.0 318.0 329.0 237.0 64.0 158.0 224.0 95.0 220.0 321.0 349.0 389.0 339.0 354.0 373.0 291.0 321.0 303.0 314.0 336.0 338.0 317.0 333.0 319.0 318.0 335.0 332.0 334.0 334.0 330.0
338.0 322.0 310.0 313.0 323.0 342.0 313.0 329.0 326.0 340.0 336.0 352.0 350.0 209.0 15.0 286.0 335.0 290.0 381.0 262.0 221.0 376.0 467.0 467.0 450.0 426.0 403.0 374.0 377.0 373.0 362.0 334.0 344.0 373.0 354.0 366.0 361.0 382.0 385.0 360.0 369.0 381.0 383.0 361.0 408.0 371.0 352.0 342.0 378.0
366.0 379.0 380.0 408.0 407.0 421.0 400.0 402.0 370.0 380.0 388.0 380.0 396.0 392.0 391.0 394.0 375.0 374.0 371.0 194.0 32.0 24.0 25.0 96.0 218.0 154.0 346.0 396.0 418.0 405.0 333.0 348.0 332.0 297.0 363.0 280.0 299.0 341.0 373.0 329.0 351.0 357.0 365.0 358.0 381.0 364.0 326.0 344.0 363.0
363.0 328.0 352.0 369.0 356.0 343.0 338.0 325.0 347.0 338.0 323.0 324.0 313.0 316.0 328.0 326.0 352.0 337.0 346.0 342.0 317.0 349.0 436.0 342.0 475.0 475.0 475.0 452.0 455.0 439.0 441.0 414.0 414.0 381.0 366.0 351.0 404.0 332.0 372.0 353.0 331.0 340.0 335.0 330.0 371.0 355.0 345.0 304.0 346.0
368.0 359.0 356.0 357.0 349.0 338.0 345.0 369.0 357.0 364.0 362.0 356.0 335.0 354.0 345.0 342.0 358.0 317.0 478.0 305.0 277.0 478.0 478.0 479.0 430.0 408.0 375.0 349.0 349.0 341.0 375.0 371.0 360.0 366.0 353.0 368.0 376.0 361.0 353.0 370.0 399.0 383.0 370.0 355.0 360.0 345.0 361.0 348.0 360.0
373.0 376.0 379.0 393.0 363.0 375.0 372.0 372.0 389.0 389.0 390.0 396.0 368.0 369.0 378.0 363.0 372.0 363.0 364.0 385.0 383.0 374.0 378.0 347.0 332.0 255.0 303.0 303.0 286.0 285.0 376.0 412.0 449.0 380.0 398.0 351.0 341.0 371.0 360.0 352.0 364.0 350.0 353.0 339.0 379.0 363.0 345.0 361.0 378.0
375.0 356.0 378.0 359.0 382.0 369.0 359.0 396.0 392.0 391.0 376.0 373.0 26.0 54.0 57.0 486.0 144.0 486.0 486.0 486.0 486.0 474.0 320.0 299.0 309.0 380.0 353.0 373.0 393.0 382.0 305.0 219.0 287.0 303.0 350.0 349.0 318.0 341.0 336.0 360.0 360.0 381.0 488.0 298.0 350.0 359.0 367.0 347.0 355.0
361.0 355.0 389.0 384.0 379.0 392.0 385.0 408.0 416.0 419.0 393.0 413.0 395.0 397.0 383.0 387.0 390.0 375.0 352.0 398.0 397.0 406.0 377.0 378.0 365.0 341.0 363.0 362.0 327.0 337.0 344.0 364.0 364.0 367.0 348.0 352.0 360.0 375.0 363.0 377.0 359.0 371.0 365.0 373.0 358.0 356.0 364.0 354.0 350.0
344.0 364.0 364.0 367.0 348.0 352.0 360.0 375.0 363.0 377.0 359.0 371.0 365.0 373.0 358.0 356.0 364.0 354.0 350.0 348.0 372.0 364.0 359.0 362.0 355.0 366.0 378.0 395.0 456.0 473.0 407.0 318.0 358.0 291.0 323.0 392.0 351.0 427.0 441.0 403.0 412.0 418.0 399.0 379.0 355.0 340.0 361.0 364.0 354.0
397.0 392.0 379.0 391.0 385.0 386.0 401.0 398.0 383.0 385.0 376.0 372.0 371.0 359.0 367.0 366.0 272.0 213.0 338.0 493.0 488.0 493.0 493.0 493.0 493.0 493.0 493.0 468.0 421.0 411.0 408.0 400.0 392.0 380.0 390.0 384.0 394.0 383.0 371.0 362.0 383.0 376.0 364.0 389.0 373.0 380.0 383.0 372.0 384.0
377.0 383.0 360.0 365.0 361.0 374.0 369.0 363.0 368.0 368.0 369.0 377.0 374.0 364.0 374.0 369.0 381.0 369.0 349.0 369.0 367.0 362.0 357.0 165.0 347.0 206.0 167.0 169.0 192.0 271.0 254.0 263.0 306.0 365.0 377.0 339.0 321.0 346.0 341.0 341.0 347.0 354.0 353.0 346.0 345.0 355.0 352.0 352.0 354.0
338.0 356.0 340.0 340.0 341.0 356.0 336.0 337.0 337.0 336.0 353.0 340.0 336.0 335.0 349.0 355.0 349.0 328.0 337.0 347.0 325.0 332.0 341.0 21.0 90.0 259.0 295.0 264.0 280.0 402.0 367.0 302.0 282.0 331.0 320.0 333.0 339.0 341.0 351.0 349.0 359.0 331.0 337.0 339.0 351.0 348.0 342.0 329.0 322.0
351.0 353.0 345.0 332.0 346.0 356.0 366.0 342.0 349.0 357.0 356.0 367.0 376.0 382.0 365.0 376.0 343.0 187.0 214.0 340.0 284.0 278.0 295.0 359.0 339.0 344.0 438.0 420.0 379.0 371.0 366.0 375.0 375.0 402.0 378.0 365.0 364.0 338.0 352.0 367.0 352.0 361.0 365.0 370.0 369.0 358.0 346.0 374.0 360.0
346.0 374.0 360.0 364.0 354.0 352.0 357.0 351.0 356.0 356.0 375.0 355.0 359.0 356.0 355.0 355.0 348.0 352.0 355.0 286.0 105.0 286.0 227.0 437.0 332.0 268.0 265.0 342.0 338.0 296.0 300.0 340.0 395.0 421.0 404.0 416.0 413.0 366.0 343.0 333.0 373.0 383.0 370.0 353.0 366.0 359.0 375.0 384.0 359.0
376.0 375.0 369.0 363.0 343.0 358.0 361.0 374.0 377.0 362.0 374.0 361.0 381.0 382.0 371.0 392.0 385.0 400.0 392.0 391.0 384.0 378.0 126.0 472.0 387.0 225.0 291.0 357.0 323.0 394.0 481.0 449.0 489.0 497.0 423.0 372.0 379.0 376.0 392.0 393.0 401.0 383.0 384.0 403.0 385.0 379.0 370.0 358.0 374.0
355.0 349.0 373.0 392.0 381.0 387.0 421.0 384.0 401.0 388.0 402.0 390.0 413.0 404.0 402.0 385.0 380.0 381.0 378.0 397.0 389.0 382.0 392.0 371.0 368.0 365.0 84.0 258.0 500.0 358.0 477.0 411.0 382.0 423.0 416.0 362.0 377.0 394.0 395.0 388.0 397.0 393.0 392.0 399.0 371.0 380.0 390.0 405.0 394.0
394.0 394.0 417.0 418.0 395.0 387.0 381.0 369.0 372.0 385.0 391.0 380.0 312.0 220.0 257.0 319.0 500.0 500.0 500.0 500.0 500.0 500.0 500.0 408.0 433.0 220.0 337.0 370.0 356.0 418.0 382.0 390.0 393.0 424.0 387.0 405.0 388.0 397.0 362.0 363.0 375.0 370.0 342.0 356.0 370.0 390.0 343.0 369.0 388.0
401.0 374.0 360.0 384.0 389.0 379.0 398.0 391.0 407.0 406.0 389.0 395.0 376.0 404.0 410.0 408.0 407.0 420.0 366.0 331.0 327.0 343.0 133.0 489.0 333.0 371.0 405.0 388.0 386.0 379.0 400.0 419.0 406.0 385.0 407.0 409.0 411.0 417.0 378.0 393.0 413.0 399.0 384.0 374.0 376.0 383.0 386.0 398.0 398.0
398.0 361.0 377.0 352.0 334.0 356.0 368.0 304.0 321.0 388.0 356.0 445.0 447.0 382.0 365.0 346.0 500.0 500.0 500.0 500.0 483.0 457.0 462.0 431.0 418.0 412.0 397.0 375.0 390.0 404.0 402.0 399.0 398.0 418.0 393.0 422.0 406.0 389.0 379.0 380.0 354.0 389.0 389.0 403.0 421.0 360.0 384.0 350.0 350.0
357.0 367.0 327.0 391.0 358.0 383.0 375.0 368.0 362.0 434.0 405.0 400.0 375.0 388.0 370.0 373.0 358.0 363.0 212.0 198.0 500.0 500.0 401.0 309.0 343.0 370.0 408.0 422.0 419.0 389.0 414.0 375.0 400.0 424.0 401.0 433.0 363.0 387.0 390.0 399.0 396.0 392.0 378.0 400.0 396.0 398.0 370.0 391.0 365.0
401.0 353.0 387.0 394.0 389.0 387.0 383.0 402.0 435.0 409.0 384.0 375.0 382.0 374.0 402.0 389.0 404.0 394.0 386.0 372.0 358.0 391.0 276.0 15.0 435.0 500.0 500.0 500.0 416.0 426.0 402.0 373.0 360.0 378.0 378.0 357.0 358.0 387.0 385.0 376.0 408.0 382.0 393.0 444.0 403.0 373.0 399.0 408.0 412.0
428.0 403.0 394.0 395.0 405.0 386.0 414.0 404.0 365.0 373.0 361.0 410.0 426.0 413.0 438.0 431.0 399.0 401.0 402.0 410.0 252.0 272.0 500.0 313.0 361.0 306.0 427.0 435.0 402.0 387.0 392.0 410.0 389.0 406.0 404.0 388.0 398.0 391.0 380.0 360.0 332.0 363.0 385.0 424.0 456.0 415.0 387.0 414.0 415.0
387.0 407.0 392.0 403.0 408.0 418.0 394.0 384.0 403.0 398.0 376.0 398.0 401.0 408.0 302.0 335.0 165.0 440.0 428.0 394.0 398.0 383.0 479.0 445.0 389.0 428.0 421.0 448.0 390.0 390.0 377.0 395.0 412.0 405.0 417.0 398.0 419.0 423.0 414.0 423.0 419.0 384.0 412.0 431.0 425.0 390.0 426.0 438.0 395.0
391.0 393.0 407.0 414.0 421.0 404.0 428.0 403.0 418.0 398.0 414.0 401.0 415.0 398.0 251.0 346.0 310.0 500.0 500.0 500.0 500.0 500.0 500.0 489.0 432.0 394.0 395.0 392.0 382.0 380.0 384.0 394.0 400.0 407.0 400.0 463.0 480.0 405.0 425.0 421.0 406.0 409.0 387.0 251.0 364.0 378.0 343.0 340.0 357.0
357.0 355.0 363.0 356.0 344.0 350.0 377.0 378.0 379.0 370.0 378.0 386.0 388.0 386.0 389.0 379.0 395.0 390.0 369.0 388.0 388.0 374.0 381.0 241.0 58.0 284.0 446.0 461.0 443.0 432.0 420.0 394.0 410.0 393.0 416.0 434.0 412.0 416.0 412.0 400.0 411.0 392.0 397.0 362.0 378.0 399.0 367.0 368.0 383.0
318.0 322.0 345.0 319.0 354.0 399.0 343.0 357.0 342.0 359.0 339.0 344.0 356.0 370.0 404.0 388.0 115.0 224.0 129.0 354.0 420.0 393.0 358.0 368.0 351.0 409.0 384.0 362.0 400.0 374.0 371.0 408.0 377.0 382.0 348.0 355.0 365.0 375.0 369.0 376.0 374.0 380.0 376.0 369.0 388.0 384.0 369.0 385.0 376.0
318.0 332.0 274.0 347.0 239.0 380.0 328.0 338.0 334.0 342.0 331.0 326.0 336.0 342.0 131.0 31.0 262.0 377.0 369.0 353.0 372.0 384.0 376.0 398.0 399.0 395.0 371.0 367.0 379.0 362.0 360.0 343.0 353.0 354.0 340.0 318.0 300.0 289.0 303.0 302.0 290.0 264.0 269.0 284.0 313.0 315.0 310.0 309.0 331.0
300.0 289.0 303.0 302.0 290.0 264.0 269.0 284.0 313.0 315.0 310.0 309.0 331.0 325.0 322.0 441.0 441.0 123.0 441.0 374.0 313.0 343.0 305.0 324.0 334.0 328.0 335.0 315.0 316.0 307.0 307.0 313.0 302.0 283.0 302.0 295.0 312.0 307.0 316.0 319.0 316.0 317.0 315.0 328.0 334.0 326.0 328.0 336.0 318.0
333.0 332.0 329.0 316.0 319.0 320.0 314.0 311.0 316.0 333.0 315.0 316.0 319.0 322.0 448.0 113.0 448.0 297.0 441.0 415.0 448.0 444.0 352.0 361.0 425.0 448.0 448.0 379.0 374.0 369.0 412.0 375.0 340.0 294.0 347.0 353.0 339.0 374.0 380.0 375.0 354.0 336.0 332.0 333.0 340.0 330.0 324.0 328.0 342.0
333.0 321.0 322.0 314.0 328.0 327.0 332.0 328.0 315.0 315.0 317.0 304.0 319.0 310.0 344.0 174.0 230.0 352.0 282.0 392.0 341.0 407.0 407.0 451.0 440.0 395.0 365.0 364.0 372.0 362.0 362.0 352.0 357.0 360.0 328.0 334.0 355.0 369.0 346.0 340.0 320.0 317.0 306.0 325.0 331.0 345.0 338.0 335.0 340.0
331.0 327.0 332.0 322.0 331.0 330.0 324.0 342.0 342.0 338.0 346.0 338.0 321.0 323.0 319.0 334.0 337.0 445.0 454.0 454.0 216.0 416.0 454.0 379.0 404.0 346.0 450.0 442.0 432.0 354.0 340.0 345.0 292.0 315.0 327.0 309.0 306.0 280.0 307.0 326.0 315.0 313.0 280.0 364.0 332.0 298.0 286.0 287.0 294.0
294.0 302.0 307.0 313.0 318.0 326.0 328.0 328.0 319.0 325.0 322.0 323.0 332.0 334.0 323.0 322.0 320.0 323.0 318.0 332.0 339.0 327.0 335.0 345.0 350.0 458.0 432.0 363.0 316.0 313.0 364.0 351.0 354.0 356.0 332.0 340.0 361.0 390.0 358.0 309.0 329.0 348.0 323.0 322.0 331.0 348.0 352.0 324.0 348.0
324.0 348.0 351.0 357.0 373.0 352.0 345.0 332.0 327.0 336.0 329.0 315.0 326.0 346.0 336.0 306.0 305.0 318.0 459.0 326.0 319.0 373.0 304.0 313.0 333.0 327.0 313.0 319.0 320.0 315.0 319.0 325.0 311.0 329.0 331.0 344.0 309.0 324.0 312.0 303.0 315.0 307.0 291.0 311.0 340.0 344.0 330.0 321.0 327.0
308.0 307.0 309.0 315.0 331.0 349.0 348.0 338.0 323.0 327.0 306.0 305.0 322.0 312.0 304.0 297.0 315.0 275.0 335.0 254.0 317.0 348.0 323.0 311.0 289.0 318.0 310.0 284.0 302.0 307.0 314.0 310.0 336.0 341.0 323.0 305.0 289.0 304.0 327.0 321.0 323.0 346.0 347.0 397.0 414.0 386.0 365.0 321.0 271.0
324.0 315.0 280.0 311.0 310.0 306.0 341.0 325.0 330.0 365.0 338.0 329.0 321.0 334.0 355.0 332.0 346.0 356.0 351.0 392.0 471.0 459.0 300.0 275.0 327.0 346.0 354.0 452.0 401.0 375.0 354.0 335.0 358.0 358.0 346.0 356.0 346.0 348.0 360.0 375.0 378.0 372.0 349.0 368.0 359.0 327.0 359.0 349.0 352.0
292.0 274.0 275.0 307.0 317.0 322.0 277.0 331.0 344.0 330.0 322.0 334.0 292.0 290.0 311.0 342.0 475.0 475.0 288.0 196.0 272.0 310.0 362.0 384.0 373.0 360.0 340.0 381.0 358.0 353.0 365.0 353.0 357.0 321.0 330.0 363.0 376.0 356.0 359.0 336.0 352.0 352.0 362.0 377.0 363.0 333.0 416.0 424.0 365.0
269.0 301.0 308.0 347.0 388.0 375.0 370.0 362.0 357.0 350.0 344.0 351.0 354.0 356.0 370.0 371.0 371.0 362.0 362.0 373.0 369.0 372.0 375.0 380.0 347.0 366.0 362.0 367.0 361.0 358.0 373.0 361.0 371.0 418.0 388.0 390.0 372.0 368.0 379.0 399.0 393.0 371.0 349.0 378.0 301.0 285.0 237.0 359.0 320.0
346.0 355.0 388.0 412.0 362.0 326.0 321.0 342.0 360.0 363.0 341.0 336.0 317.0 312.0 341.0 361.0 341.0 307.0 339.0 327.0 339.0 494.0 283.0 320.0 226.0 383.0 298.0 354.0 361.0 333.0 367.0 354.0 361.0 348.0 351.0 359.0 342.0 326.0 324.0 321.0 367.0 364.0 351.0 324.0 307.0 316.0 329.0 338.0 341.0
359.0 350.0 370.0 375.0 364.0 355.0 362.0 357.0 356.0 346.0 360.0 361.0 365.0 373.0 379.0 246.0 347.0 205.0 339.0 362.0 423.0 500.0 489.0 442.0 500.0 365.0 438.0 500.0 500.0 474.0 413.0 406.0 430.0 384.0 398.0 395.0 357.0 402.0 353.0 372.0 376.0 434.0 397.0 391.0 379.0 392.0 396.0 392.0 373.0
365.0 366.0 365.0 384.0 397.0 395.0 381.0 378.0 386.0 368.0 372.0 355.0 346.0 352.0 370.0 365.0 386.0 488.0 282.0 155.0 390.0 428.0 414.0 457.0 461.0 430.0 407.0 358.0 369.0 439.0 481.0 464.0 381.0 444.0 373.0 387.0 418.0 420.0 387.0 382.0 360.0 373.0 389.0 383.0 393.0 412.0 367.0 369.0 376.0
387.0 395.0 418.0 414.0 431.0 423.0 411.0 395.0 369.0 365.0 379.0 357.0 338.0 375.0 500.0 153.0 500.0 500.0 478.0 397.0 399.0 356.0 351.0 344.0 359.0 360.0 361.0 351.0 339.0 338.0 349.0 324.0 341.0 353.0 338.0 348.0 371.0 363.0 328.0 346.0 347.0 343.0 361.0 334.0 312.0 386.0 359.0 355.0 409.0
393.0 347.0 365.0 388.0 389.0 372.0 370.0 355.0 329.0 362.0 372.0 375.0 321.0 332.0 350.0 347.0 358.0 375.0 427.0 500.0 500.0 394.0 426.0 438.0 286.0 338.0 357.0 358.0 335.0 340.0 335.0 335.0 325.0 318.0 341.0 353.0 358.0 360.0 361.0 358.0 334.0 339.0 338.0 328.0 340.0 357.0 344.0 326.0 355.0
377.0 401.0 381.0 365.0 366.0 371.0 356.0 362.0 360.0 367.0 387.0 374.0 331.0 355.0 351.0 491.0 310.0 286.0 373.0 351.0 320.0 282.0 309.0 376.0 372.0 389.0 387.0 377.0 336.0 350.0 345.0 335.0 345.0 339.0 356.0 353.0 364.0 357.0 356.0 357.0 338.0 301.0 343.0 341.0 330.0 348.0 381.0 368.0 338.0
380.0 431.0 296.0 289.0 348.0 378.0 362.0 366.0 406.0 347.0 422.0 424.0 377.0 401.0 348.0 349.0 402.0 500.0 386.0 136.0 343.0 471.0 197.0 271.0 275.0 320.0 341.0 360.0 365.0 407.0 392.0 362.0 347.0 350.0 346.0 353.0 358.0 371.0 364.0 361.0 351.0 348.0 322.0 317.0 326.0 312.0 335.0 306.0 359.0
332.0 300.0 281.0 248.0 258.0 259.0 265.0 310.0 322.0 295.0 278.0 258.0 261.0 277.0 299.0 295.0 313.0 351.0 383.0 427.0 392.0 408.0 367.0 354.0 324.0 366.0 390.0 323.0 283.0 243.0 308.0 317.0 348.0 314.0 310.0 322.0 298.0 312.0 329.0 280.0 341.0 361.0 332.0 308.0 286.0 287.0 310.0 315.0 307.0
359.0 380.0 291.0 288.0 302.0 296.0 316.0 358.0 402.0 329.0 292.0 303.0 337.0 333.0 318.0 318.0 309.0 310.0 328.0 321.0 337.0 339.0 349.0 349.0 336.0 327.0 371.0 347.0 336.0 341.0 297.0 324.0 321.0 347.0 331.0 328.0 318.0 335.0 312.0 342.0 338.0 312.0 319.0 330.0 324.0 324.0 320.0 325.0 329.0
327.0 306.0 328.0 350.0 348.0 316.0 327.0 326.0 324.0 306.0 318.0 306.0 311.0 354.0 330.0 311.0 291.0 323.0 331.0 339.0 327.0 324.0 316.0 328.0 335.0 338.0 319.0 321.0 323.0 333.0 333.0 327.0 325.0 336.0 342.0 331.0 334.0 338.0 327.0 326.0 340.0 325.0 314.0 316.0 312.0 316.0 321.0 338.0 314.0
317.0 332.0 325.0 329.0 325.0 326.0 314.0 319.0 315.0 318.0 303.0 331.0 326.0 326.0 330.0 338.0 336.0 328.0 327.0 335.0 347.0 341.0 327.0 321.0 309.0 332.0 331.0 341.0 322.0 340.0 334.0 330.0 317.0 317.0 336.0 338.0 335.0 314.0 338.0 342.0 324.0 335.0 329.0 321.0 307.0 305.0 308.0 353.0 333.0
338.0 331.0 330.0 321.0 344.0 327.0 341.0 345.0 336.0 329.0 331.0 337.0 338.0 352.0 345.0 345.0 336.0 330.0 327.0 335.0 330.0 345.0 315.0 332.0 321.0 355.0 368.0 360.0 392.0 378.0 379.0 407.0 378.0 422.0 387.0 364.0 374.0 369.0 350.0 364.0 364.0 343.0 354.0 347.0 370.0 359.0 363.0 371.0 368.0
377.0 376.0 369.0 362.0 371.0 351.0 355.0 357.0 349.0 352.0 348.0 346.0 332.0 359.0 352.0 345.0 338.0 345.0 339.0 342.0 205.0 165.0 361.0 196.0 366.0 454.0 454.0 454.0 454.0 454.0 454.0 369.0 384.0 371.0 411.0 359.0 373.0 346.0 384.0 343.0 313.0 230.0 241.0 318.0 315.0 319.0 326.0 336.0 331.0
316.0 332.0 310.0 337.0 333.0 338.0 334.0 321.0 329.0 330.0 322.0 330.0 318.0 327.0 326.0 329.0 323.0 332.0 330.0 342.0 340.0 321.0 352.0 338.0 351.0 184.0 20.0 147.0 305.0 161.0 320.0 362.0 232.0 298.0 319.0 308.0 290.0 295.0 321.0 342.0 319.0 304.0 328.0 321.0 323.0 295.0 311.0 314.0 320.0
289.0 304.0 308.0 305.0 301.0 309.0 327.0 316.0 318.0 337.0 336.0 335.0 298.0 303.0 298.0 301.0 298.0 307.0 295.0 346.0 327.0 318.0 330.0 322.0 363.0 367.0 343.0 326.0 145.0 256.0 180.0 282.0 270.0 273.0 275.0 285.0 284.0 305.0 289.0 291.0 308.0 290.0 317.0 298.0 308.0 297.0 304.0 315.0 317.0
308.0 329.0 340.0 313.0 290.0 288.0 291.0 315.0 349.0 333.0 347.0 337.0 343.0 337.0 340.0 309.0 290.0 295.0 326.0 319.0 332.0 337.0 323.0 304.0 300.0 336.0 321.0 338.0 340.0 300.0 83.0 141.0 236.0 96.0 265.0 61.0 176.0 276.0 339.0 343.0 283.0 355.0 280.0 269.0 327.0 326.0 370.0 390.0 314.0
312.0 325.0 318.0 331.0 334.0 379.0 362.0 323.0 309.0 317.0 308.0 328.0 340.0 338.0 359.0 346.0 330.0 319.0 333.0 324.0 318.0 329.0 237.0 64.0 158.0 224.0 95.0 220.0 321.0 349.0 389.0 339.0 354.0 373.0 291.0 321.0 303.0 314.0 336.0 338.0 317.0 333.0 319.0 318.0 335.0 332.0 334.0 334.0 330.0
338.0 322.0 310.0 313.0 323.0 342.0 313.0 329.0 326.0 340.0 336.0 352.0 350.0 209.0 15.0 286.0 335.0 290.0 381.0 262.0 221.0 376.0 467.0 467.0 450.0 426.0 403.0 374.0 377.0 373.0 362.0 334.0 344.0 373.0 354.0 366.0 361.0 382.0 385.0 360.0 369.0 381.0 383.0 361.0 408.0 371.0 352.0 342.0 378.0
366.0 379.0 380.0 408.0 407.0 421.0 400.0 402.0 370.0 380.0 388.0 380.0 396.0 392.0 391.0 394.0 375.0 374.0 371.0 194.0 32.0 24.0 25.0 96.0 218.0 154.0 346.0 396.0 418.0 405.0 333.0 348.0 332.0 297.0 363.0 280.0 299.0 341.0 373.0 329.0 351.0 357.0 365.0 358.0 381.0 364.0 326.0 344.0 363.0
363.0 328.0 352.0 369.0 356.0 343.0 338.0 325.0 347.0 338.0 323.0 324.0 313.0 316.0 328.0 326.0 352.0 337.0 346.0 342.0 317.0 349.0 436.0 342.0 475.0 475.0 475.0 452.0 455.0 439.0 441.0 414.0 414.0 381.0 366.0 351.0 404.0 332.0 372.0 353.0 331.0 340.0 335.0 330.0 371.0 355.0 345.0 304.0 346.0
368.0 359.0 356.0 357.0 349.0 338.0 345.0 369.0 357.0 364.0 362.0 356.0 335.0 354.0 345.0 342.0 358.0 317.0 478.0 305.0 277.0 478.0 478.0 479.0 430.0 408.0 375.0 349.0 349.0 341.0 375.0 371.0 360.0 366.0 353.0 368.0 376.0 361.0 353.0 370.0 399.0 383.0 370.0 355.0 360.0 345.0 361.0 348.0 360.0
373.0 376.0 379.0 393.0 363.0 375.0 372.0 372.0 389.0 389.0 390.0 396.0 368.0 369.0 378.0 363.0 372.0 363.0 364.0 385.0 383.0 374.0 378.0 347.0 332.0 255.0 303.0 303.0 286.0 285.0 376.0 412.0 449.0 380.0 398.0 351.0 341.0 371.0 360.0 352.0 364.0 350.0 353.0 339.0 379.0 363.0 345.0 361.0 378.0
375.0 356.0 378.0 359.0 382.0 369.0 359.0 396.0 392.0 391.0 376.0 373.0 26.0 54.0 57.0 486.0 144.0 486.0 486.0 486.0 486.0 474.0 320.0 299.0 309.0 380.0 353.0 373.0 393.0 382.0 305.0 219.0 287.0 303.0 350.0 349.0 318.0 341.0 336.0 360.0 360.0 381.0 488.0 298.0 350.0 359.0 367.0 347.0 355.0
361.0 355.0 389.0 384.0 379.0 392.0 385.0 408.0 416.0 419.0 393.0 413.0 395.0 397.0 383.0 387.0 390.0 375.0 352.0 398.0 397.0 406.0 377.0 378.0 365.0 341.0 363.0 362.0 327.0 337.0 344.0 364.0 364.0 367.0 348.0 352.0 360.0 375.0 363.0 377.0 359.0 371.0 365.0 373.0 358.0 356.0 364.0 354.0 350.0
344.0 364.0 364.0 367.0 348.0 352.0 360.0 375.0 363.0 377.0 359.0 371.0 365.0 373.0 358.0 356.0 364.0 354.0 350.0 348.0 372.0 364.0 359.0 362.0 355.0 366.0 378.0 395.0 456.0 473.0 407.0 318.0 358.0 291.0 323.0 392.0 351.0 427.0 441.0 403.0 412.0 418.0 399.0 379.0 355.0 340.0 361.0 364.0 354.0
397.0 392.0 379.0 391.0 385.0 386.0 401.0 398.0 383.0 385.0 376.0 372.0 371.0 359.0 367.0 366.0 272.0 213.0 338.0 493.0 488.0 493.0 493.0 493.0 493.0 493.0 493.0 468.0 421.0 411.0 408.0 400.0 392.0 380.0 390.0 384.0 394.0 383.0 371.0 362.0 383.0 376.0 364.0 389.0 373.0 380.0 383.0 372.0 384.0
377.0 383.0 360.0 365.0 361.0 374.0 369.0 363.0 368.0 368.0 369.0 377.0 374.0 364.0 374.0 369.0 381.0 369.0 349.0 369.0 367.0 362.0 357.0 165.0 347.0 206.0 167.0 169.0 192.0 271.0 254.0 263.0 306.0 365.0 377.0 339.0 321.0 346.0 341.0 341.0 347.0 354.0 353.0 346.0 345.0 355.0 352.0 352.0 354.0
338.0 356.0 340.0 340.0 341.0 356.0 336.0 337.0 337.0 336.0 353.0 340.0 336.0 335.0 349.0 355.0 349.0 328.0 337.0 347.0 325.0 332.0 341.0 21.0 90.0 259.0 295.0 264.0 280.0 402.0 367.0 302.0 282.0 331.0 320.0 333.0 339.0 341.0 351.0 349.0 359.0 331.0 337.0 339.0 351.0 348.0 342.0 329.0 322.0
351.0 353.0 345.0 332.0 346.0 356.0 366.0 342.0 349.0 357.0 356.0 367.0 376.0 382.0 365.0 376.0 343.0 187.0 214.0 340.0 284.0 278.0 295.0 359.0 339.0 344.0 438.0 420.0 379.0 371.0 366.0 375.0 375.0 402.0 378.0 365.0 364.0 338.0 352.0 367.0 352.0 361.0 365.0 370.0 369.0 358.0 346.0 374.0 360.0
346.0 374.0 360.0 364.0 354.0 352.0 357.0 351.0 356.0 356.0 375.0 355.0 359.0 356.0 355.0 355.0 348.0 352.0 355.0 286.0 105.0 286.0 227.0 437.0 332.0 268.0 265.0 342.0 338.0 296.0 300.0 340.0 395.0 421.0 404.0 416.0 413.0 366.0 343.0 333.0 373.0 383.0 370.0 353.0 366.0 359.0 375.0 384.0 359.0
376.0 375.0 369.0 363.0 343.0 358.0 361.0 374.0 377.0 362.0 374.0 361.0 381.0 382.0 371.0 392.0 385.0 400.0 392.0 391.0 384.0 378.0 126.0 472.0 387.0 225.0 291.0 357.0 323.0 394.0 481.0 449.0 489.0 497.0 423.0 372.0 379.0 376.0 392.0 393.0 401.0 383.0 384.0 403.0 385.0 379.0 370.0 358.0 374.0
355.0 349.0 373.0 392.0 381.0 387.0 421.0 384.0 401.0 388.0 402.0 390.0 413.0 404.0 402.0 385.0 380.0 381.0 378.0 397.0 389.0 382.0 392.0 371.0 368.0 365.0 84.0 258.0 500.0 358.0 477.0 411.0 382.0 423.0 416.0 362.0 377.0 394.0 395.0 388.0 397.0 393.0 392.0 399.0 371.0 380.0 390.0 405.0 394.0
394.0 394.0 417.0 418.0 395.0 387.0 381.0 369.0 372.0 385.0 391.0 380.0 312.0 220.0 257.0 319.0 500.0 500.0 500.0 500.0 500.0 500.0 500.0 408.0 433.0 220.0 337.0 370.0 356.0 418.0 382.0 390.0 393.0 424.0 387.0 405.0 388.0 397.0 362.0 363.0 375.0 370.0 342.0 356.0 370.0 390.0 343.0 369.0 388.0
401.0 374.0 360.0 384.0 389.0 379.0 398.0 391.0 407.0 406.0 389.0 395.0 376.0 404.0 410.0 408.0 407.0 420.0 366.0 331.0 327.0 343.0 133.0 489.0 333.0 371.0 405.0 388.0 386.0 379.0 400.0 419.0 406.0 385.0 407.0 409.0 411.0 417.0 378.0 393.0 413.0 399.0 384.0 374.0 376.0 383.0 386.0 398.0 398.0
398.0 361.0 377.0 352.0 334.0 356.0 368.0 304.0 321.0 388.0 356.0 445.0 447.0 382.0 365.0 346.0 500.0 500.0 500.0 500.0 483.0 457.0 462.0 431.0 418.0 412.0 397.0 375.0 390.0 404.0 402.0 399.0 398.0 418.0 393.0 422.0 406.0 389.0 379.0 380.0 354.0 389.0 389.0 403.0 421.0 360.0 384.0 350.0 350.0
357.0 367.0 327.0 391.0 358.0 383.0 375.0 368.0 362.0 434.0 405.0 400.0 375.0 388.0 370.0 373.0 358.0 363.0 212.0 198.0 500.0 500.0 401.0 309.0 343.0 370.0 408.0 422.0 419.0 389.0 414.0 375.0 400.0 424.0 401.0 433.0 363.0 387.0 390.0 399.0 396.0 392.0 378.0 400.0 396.0 398.0 370.0 391.0 365.0
401.0 353.0 387.0 394.0 389.0 387.0 383.0 402.0 435.0 409.0 384.0 375.0 382.0 374.0 402.0 389.0 404.0 394.0 386.0 372.0 358.0 391.0 276.0 15.0 435.0 500.0 500.0 500.0 416.0 426.0 402.0 373.0 360.0 378.0 378.0 357.0 358.0 387.0 385.0 376.0 408.0 382.0 393.0 444.0 403.0 373.0 399.0 408.0 412.0
428.0 403.0 394.0 395.0 405.0 386.0 414.0 404.0 365.0 373.0 361.0 410.0 426.0 413.0 438.0 431.0 399.0 401.0 402.0 410.0 252.0 272.0 500.0 313.0 361.0 306.0 427.0 435.0 402.0 387.0 392.0 410.0 389.0 406.0 404.0 388.0 398.0 391.0 380.0 360.0 332.0 363.0 385.0 424.0 456.0 415.0 387.0 414.0 415.0
387.0 407.0 392.0 403.0 408.0 418.0 394.0 384.0 403.0 398.0 376.0 398.0 401.0 408.0 302.0 335.0 165.0 440.0 428.0 394.0 398.0 383.0 479.0 445.0 389.0 428.0 421.0 448.0 390.0 390.0 377.0 395.0 412.0 405.0 417.0 398.0 419.0 423.0 414.0 423.0 419.0 384.0 412.0 431.0 425.0 390.0 426.0 438.0 395.0
391.0 393.0 407.0 414.0 421.0 404.0 428.0 403.0 418.0 398.0 414.0 401.0 415.0 398.0 251.0 346.0 310.0 500.0 500.0 500.0 500.0 500.0 500.0 489.0 432.0 394.0 395.0 392.0 382.0 380.0 384.0 394.0 400.0 407.0 400.0 463.0 480.0 405.0 425.0 421.0 406.0 409.0 387.0 251.0 364.0 378.0 343.0 340.0 357.0
357.0 355.0 363.0 356.0 344.0 350.0 377.0 378.0 379.0 370.0 378.0 386.0 388.0 386.0 389.0 379.0 395.0 390.0 369.0 388.0 388.0 374.0 381.0 241.0 58.0 284.0 446.0 461.0 443.0 432.0 420.0 394.0 410.0 393.0 416.0 434.0 412.0 416.0 412.0 400.0 411.0 392.0 397.0 362.0 378.0 399.0 367.0 368.0 383.0
318.0 322.0 345.0 319.0 354.0 399.0 343.0 357.0 342.0 359.0 339.0 344.0 356.0 370.0 404.0 388.0 115.0 224.0 129.0 354.0 420.0 393.0 358.0 368.0 351.0 409.0 384.0 362.0 400.0 374.0 371.0 408.0 377.0 382.0 348.0 355.0 365.0 375.0 369.0 376.0 374.0 380.0 376.0 369.0 388.0 384.0 369.0 385.0 376.0
318.0 332.0 274.0 347.0 239.0 380.0 328.0 338.0 334.0 342.0 331.0 326.0 336.0 342.0 131.0 31.0 262.0 377.0 369.0 353.0 372.0 384.0 376.0 398.0 399.0 395.0 371.0 367.0 379.0 362.0 360.0 343.0 353.0 354.0 340.0 318.0 300.0 289.0 303.0 302.0 290.0 264.0 269.0 284.0 313.0 315.0 310.0 309.0 331.0
300.0 289.0 303.0 302.0 290.0 264.0 269.0 284.0 313.0 315.0 310.0 309.0 331.0 325.0 322.0 441.0 441.0 123.0 441.0 374.0 313.0 343.0 305.0 324.0 334.0 328.0 335.0 315.0 316.0 307.0 307.0 313.0 302.0 283.0 302.0 295.0 312.0 307.0 316.0 319.0 316.0 317.0 315.0 328.0 334.0 326.0 328.0 336.0 318.0
333.0 332.0 329.0 316.0 319.0 320.0 314.0 311.0 316.0 333.0 315.0 316.0 319.0 322.0 448.0 113.0 448.0 297.0 441.0 415.0 448.0 444.0 352.0 361.0 425.0 448.0 448.0 379.0 374.0 369.0 412.0 375.0 340.0 294.0 347.0 353.0 339.0 374.0 380.0 375.0 354.0 336.0 332.0 333.0 340.0 330.0 324.0 328.0 342.0
333.0 321.0 322.0 314.0 328.0 327.0 332.0 328.0 315.0 315.0 317.0 304.0 319.0 310.0 344.0 174.0 230.0 352.0 282.0 392.0 341.0 407.0 407.0 451.0 440.0 395.0 365.0 364.0 372.0 362.0 362.0 352.0 357.0 360.0 328.0 334.0 355.0 369.0 346.0 340.0 320.0 317.0 306.0 325.0 331.0 345.0 338.0 335.0 340.0
331.0 327.0 332.0 322.0 331.0 330.0 324.0 342.0 342.0 338.0 346.0 338.0 321.0 323.0 319.0 334.0 337.0 445.0 454.0 454.0 216.0 416.0 454.0 379.0 404.0 346.0 450.0 442.0 432.0 354.0 340.0 345.0 292.0 315.0 327.0 309.0 306.0 280.0 307.0 326.0 315.0 313.0 280.0 364.0 332.0 298.0 286.0 287.0 294.0
294.0 302.0 307.0 313.0 318.0 326.0 328.0 328.0 319.0 325.0 322.0 323.0 332.0 334.0 323.0 322.0 320.0 323.0 318.0 332.0 339.0 327.0 335.0 345.0 350.0 458.0 432.0 363.0 316.0 313.0 364.0 351.0 354.0 356.0 332.0 340.0 361.0 390.0 358.0 309.0 329.0 348.0 323.0 322.0 331.0 348.0 352.0 324.0 348.0
324.0 348.0 351.0 357.0 373.0 352.0 345.0 332.0 327.0 336.0 329.0 315.0 326.0 346.0 336.0 306.0 305.0 318.0 459.0 326.0 319.0 373.0 304.0 313.0 333.0 327.0 313.0 319.0 320.0 315.0 319.0 325.0 311.0 329.0 331.0 344.0 309.0 324.0 312.0 303.0 315.0 307.0 291.0 311.0 340.0 344.0 330.0 321.0 327.0
308.0 307.0 309.0 315.0 331.0 349.0 348.0 338.0 323.0 327.0 306.0 305.0 322.0 312.0 304.0 297.0 315.0 275.0 335.0 254.0 317.0 348.0 323.0 311.0 289.0 318.0 310.0 284.0 302.0 307.0 314.0 310.0 336.0 341.0 323.0 305.0 289.0 304.0 327.0 321.0 323.0 346.0 347.0 397.0 414.0 386.0 365.0 321.0 271.0
324.0 315.0 280.0 311.0 310.0 306.0 341.0 325.0 330.0 365.0 338.0 329.0 321.0 334.0 355.0 332.0 346.0 356.0 351.0 392.0 471.0 459.0 300.0 275.0 327.0 346.0 354.0 452.0 401.0 375.0 354.0 335.0 358.0 358.0 346.0 356.0 346.0 348.0 360.0 375.0 378.0 372.0 349.0 368.0 359.0 327.0 359.0 349.0 352.0
292.0 274.0 275.0 307.0 317.0 322.0 277.0 331.0 344.0 330.0 322.0 334.0 292.0 290.0 311.0 342.0 475.0 475.0 288.0 196.0 272.0 310.0 362.0 384.0 373.0 360.0 340.0 381.0 358.0 353.0 365.0 353.0 357.0 321.0 330.0 363.0 376.0 356.0 359.0 336.0 352.0 352.0 362.0 377.0 363.0 333.0 416.0 424.0 365.0
269.0 301.0 308.0 347.0 388.0 375.0 370.0 362.0 357.0 350.0 344.0 351.0 354.0 356.0 370.0 371.0 371.0 362.0 362.0 373.0 369.0 372.0 375.0 380.0 347.0 366.0 362.0 367.0 361.0 358.0 373.0 361.0 371.0 418.0 388.0 390.0 372.0 368.0 379.0 399.0 393.0 371.0 349.0 378.0 301.0 285.0 237.0 359.0 320.0
346.0 355.0 388.0 412.0 362.0 326.0 321.0 342.0 360.0 363.0 341.0 336.0 317.0 312.0 341.0 361.0 341.0 307.0 339.0 327.0 339.0 494.0 283.0 320.0 226.0 383.0 298.0 354.0 361.0 333.0 367.0 354.0 361.0 348.0 351.0 359.0 342.0 326.0 324.0 321.0 367.0 364.0 351.0 324.0 307.0 316.0 329.0 338.0 341.0
359.0 350.0 370.0 375.0 364.0 355.0 362.0 357.0 356.0 346.0 360.0 361.0 365.0 373.0 379.0 246.0 347.0 205.0 339.0 362.0 423.0 500.0 489.0 442.0 500.0 365.0 438.0 500.0 500.0 474.0 413.0 406.0 430.0 384.0 398.0 395.0 357.0 402.0 353.0 372.0 376.0 434.0 397.0 391.0 379.0 392.0 396.0 392.0 373.0
365.0 366.0 365.0 384.0 397.0 395.0 381.0 378.0 386.0 368.0 372.0 355.0 346.0 352.0 370.0 365.0 386.0 488.0 282.0 155.0 390.0 428.0 414.0 457.0 461.0 430.0 407.0 358.0 369.0 439.0 481.0 464.0 381.0 444.0 373.0 387.0 418.0 420.0 387.0 382.0 360.0 373.0 389.0 383.0 393.0 412.0 367.0 369.0 376.0
387.0 395.0 418.0 414.0 431.0 423.0 411.0 395.0 369.0 365.0 379.0 357.0 338.0 375.0 500.0 153.0 500.0 500.0 478.0 397.0 399.0 356.0 351.0 344.0 359.0 360.0 361.0 351.0 339.0 338.0 349.0 324.0 341.0 353.0 338.0 348.0 371.0 363.0 328.0 346.0 347.0 343.0 361.0 334.0 312.0 386.0 359.0 355.0 409.0
393.0 347.0 365.0 388.0 389.0 372.0 370.0 355.0 329.0 362.0 372.0 375.0 321.0 332.0 350.0 347.0 358.0 375.0 427.0 500.0 500.0 394.0 426.0 438.0 286.0 338.0 357.0 358.0 335.0 340.0 335.0 335.0 325.0 318.0 341.0 353.0 358.0 360.0 361.0 358.0 334.0 339.0 338.0 328.0 340.0 357.0 344.0 326.0 355.0
377.0 401.0 381.0 365.0 366.0 371.0 356.0 362.0 360.0 367.0 387.0 374.0 331.0 355.0 351.0 491.0 310.0 286.0 373.0 351.0 320.0 282.0 309.0 376.0 372.0 389.0 387.0 377.0 336.0 350.0 345.0 335.0 345.0 339.0 356.0 353.0 364.0 357.0 356.0 357.0 338.0 301.0 343.0 341.0 330.0 348.0 381.0 368.0 338.0
380.0 431.0 296.0 289.0 348.0 378.0 362.0 366.0 406.0 347.0 422.0 424.0 377.0 401.0 348.0 349.0 402.0 500.0 386.0 136.0 343.0 471.0 197.0 271.0 275.0 320.0 341.0 360.0 365.0 407.0 392.0 362.0 347.0 350.0 346.0 353.0 358.0 371.0 364.0 361.0 351.0 348.0 322.0 317.0 326.0 312.0 335.0 306.0 359.0
294.0 325.0 317.0 15.0 406.0 347.0 336.0 350.0 348.0 326.0 314.0 338.0 318.0 327.0 306.0 329.0 320.0 316.0 322.0 307.0 336.0 324.0 305.0 344.0
51.0 427.0 312.0 294.0 347.0 321.0 317.0 297.0 312.0 303.0 336.0 304.0 324.0 312.0 332.0 304.0 295.0 297.0 318.0 310.0 358.0 319.0 346.0 299.0
298.0 302.0 289.0 306.0 317.0 308.0 15.0 376.0 437.0 345.0 327.0 319.0 329.0 329.0 354.0 336.0 329.0 319.0 348.0 335.0 308.0 306.0 351.0 333.0
268.0 270.0 301.0 269.0 289.0 281.0 15.0 436.0 353.0 345.0 279.0 302.0 323.0 336.0 340.0 283.0 290.0 287.0 280.0 308.0 282.0 276.0 292.0 287.0
294.0 15.0 475.0 475.0 336.0 294.0 341.0 327.0 339.0 360.0 339.0 320.0 320.0 312.0 313.0 299.0 307.0 324.0 316.0 300.0 294.0 321.0 288.0 294.0
315.0 314.0 316.0 296.0 301.0 325.0 297.0 309.0 309.0 332.0 313.0 316.0 334.0 261.0 296.0 288.0 272.0 273.0 285.0 263.0 289.0 269.0 404.0 334.0
334.0 350.0 364.0 352.0 362.0 413.0 319.0 313.0 351.0 337.0 295.0 312.0 427.0 304.0 243.0 302.0 298.0 315.0 331.0 297.0 298.0 330.0 354.0 303.0
352.0 362.0 413.0 319.0 313.0 351.0 337.0 295.0 312.0 427.0 304.0 243.0 302.0 298.0 315.0 331.0 297.0 298.0 330.0 354.0 303.0 318.0 306.0 322.0
358.0 322.0 338.0 347.0 185.0 475.0 466.0 345.0 265.0 211.0 298.0 411.0 366.0 364.0 360.0 357.0 330.0 348.0 342.0 331.0 304.0 315.0 298.0 328.0
330.0 312.0 312.0 337.0 352.0 325.0 336.0 453.0 475.0 310.0 213.0 277.0 300.0 307.0 326.0 330.0 313.0 345.0 327.0 377.0 327.0 362.0 351.0 342.0
332.0 300.0 281.0 248.0 258.0 259.0 265.0 310.0 322.0 295.0 278.0 258.0 261.0 277.0 299.0 295.0 313.0 351.0 383.0 427.0 392.0 408.0 367.0 354.0 324.0 366.0 390.0 323.0 283.0 243.0 308.0 317.0 348.0 314.0 310.0 322.0 298.0 312.0 329.0 280.0 341.0 361.0 332.0 308.0 286.0 287.0 310.0 315.0 307.0
359.0 380.0 291.0 288.0 302.0 296.0 316.0 358.0 402.0 329.0 292.0 303.0 337.0 333.0 318.0 318.0 309.0 310.0 328.0 321.0 337.0 339.0 349.0 349.0 336.0 327.0 371.0 347.0 336.0 341.0 297.0 324.0 321.0 347.0 331.0 328.0 318.0 335.0 312.0 342.0 338.0 312.0 319.0 330.0 324.0 324.0 320.0 325.0 329.0
327.0 306.0 328.0 350.0 348.0 316.0 327.0 326.0 324.0 306.0 318.0 306.0 311.0 354.0 330.0 311.0 291.0 323.0 331.0 339.0 327.0 324.0 316.0 328.0 335.0 338.0 319.0 321.0 323.0 333.0 333.0 327.0 325.0 336.0 342.0 331.0 334.0 338.0 327.0 326.0 340.0 325.0 314.0 316.0 312.0 316.0 321.0 338.0 314.0
317.0 332.0 325.0 329.0 325.0 326.0 314.0 319.0 315.0 318.0 303.0 331.0 326.0 326.0 330.0 338.0 336.0 328.0 327.0 335.0 347.0 341.0 327.0 321.0 309.0 332.0 331.0 341.0 322.0 340.0 334.0 330.0 317.0 317.0 336.0 338.0 335.0 314.0 338.0 342.0 324.0 335.0 329.0 321.0 307.0 305.0 308.0 353.0 333.0
338.0 331.0 330.0 321.0 344.0 327.0 341.0 345.0 336.0 329.0 331.0 337.0 338.0 352.0 345.0 345.0 336.0 330.0 327.0 335.0 330.0 345.0 315.0 332.0 321.0 355.0 368.0 360.0 392.0 378.0 379.0 407.0 378.0 422.0 387.0 364.0 374.0 369.0 350.0 364.0 364.0 343.0 354.0 347.0 370.0 359.0 363.0 371.0 368.0
377.0 376.0 369.0 362.0 371.0 351.0 355.0 357.0 349.0 352.0 348.0 346.0 332.0 359.0 352.0 345.0 338.0 345.0 339.0 342.0 205.0 165.0 361.0 196.0 366.0 454.0 454.0 454.0 454.0 454.0 454.0 369.0 384.0 371.0 411.0 359.0 373.0 346.0 384.0 343.0 313.0 230.0 241.0 318.0 315.0 319.0 326.0 336.0 331.0
316.0 332.0 310.0 337.0 333.0 338.0 334.0 321.0 329.0 330.0 322.0 330.0 318.0 327.0 326.0 329.0 323.0 332.0 330.0 342.0 340.0 321.0 352.0 338.0 351.0 184.0 20.0 147.0 305.0 161.0 320.0 362.0 232.0 298.0 319.0 308.0 290.0 295.0 321.0 342.0 319.0 304.0 328.0 321.0 323.0 295.0 311.0 314.0 320.0
289.0 304.0 308.0 305.0 301.0 309.0 327.0 316.0 318.0 337.0 336.0 335.0 298.0 303.0 298.0 301.0 298.0 307.0 295.0 346.0 327.0 318.0 330.0 322.0 363.0 367.0 343.0 326.0 145.0 256.0 180.0 282.0 270.0 273.0 275.0 285.0 284.0 305.0 289.0 291.0 308.0 290.0 317.0 298.0 308.0 297.0 304.0 315.0 317.0
308.0 329.0 340.0 313.0 290.0 288.0 291.0 315.0 349.0 333.0 347.0 337.0 343.0 337.0 340.0 309.0 290.0 295.0 326.0 319.0 332.0 337.0 323.0 304.0 300.0 336.0 321.0 338.0 340.0 300.0 83.0 141.0 236.0 96.0 265.0 61.0 176.0 276.0 339.0 343.0 283.0 355.0 280.0 269.0 327.0 326.0 370.0 390.0 314.0
312.0 325.0 318.0 331.0 334.0 379.0 362.0 323.0 309.0 317.0 308.0 328.0 340.0 338.0 359.0 346.0 330.0 319.0 333.0 324.0 318.0 329.0 237.0 64.0 158.0 224.0 95.0 220.0 321.0 349.0 389.0 339.0 354.0 373.0 291.0 321.0 303.0 314.0 336.0 338.0 317.0 333.0 319.0 318.0 335.0 332.0 334.0 334.0 330.0
338.0 322.0 310.0 313.0 323.0 342.0 313.0 329.0 326.0 340.0 336.0 352.0 350.0 209.0 15.0 286.0 335.0 290.0 381.0 262.0 221.0 376.0 467.0 467.0 450.0 426.0 403.0 374.0 377.0 373.0 362.0 334.0 344.0 373.0 354.0 366.0 361.0 382.0 385.0 360.0 369.0 381.0 383.0 361.0 408.0 371.0 352.0 342.0 378.0
366.0 379.0 380.0 408.0 407.0 421.0 400.0 402.0 370.0 380.0 388.0 380.0 396.0 392.0 391.0 394.0 375.0 374.0 371.0 194.0 32.0 24.0 25.0 96.0 218.0 154.0 346.0 396.0 418.0 405.0 333.0 348.0 332.0 297.0 363.0 280.0 299.0 341.0 373.0 329.0 351.0 357.0 365.0 358.0 381.0 364.0 326.0 344.0 363.0
363.0 328.0 352.0 369.0 356.0 343.0 338.0 325.0 347.0 338.0 323.0 324.0 313.0 316.0 328.0 326.0 352.0 337.0 346.0 342.0 317.0 349.0 436.0 342.0 475.0 475.0 475.0 452.0 455.0 439.0 441.0 414.0 414.0 381.0 366.0 351.0 404.0 332.0 372.0 353.0 331.0 340.0 335.0 330.0 371.0 355.0 345.0 304.0 346.0
368.0 359.0 356.0 357.0 349.0 338.0 345.0 369.0 357.0 364.0 362.0 356.0 335.0 354.0 345.0 342.0 358.0 317.0 478.0 305.0 277.0 478.0 478.0 479.0 430.0 408.0 375.0 349.0 349.0 341.0 375.0 371.0 360.0 366.0 353.0 368.0 376.0 361.0 353.0 370.0 399.0 383.0 370.0 355.0 360.0 345.0 361.0 348.0 360.0
373.0 376.0 379.0 393.0 363.0 375.0 372.0 372.0 389.0 389.0 390.0 396.0 368.0 369.0 378.0 363.0 372.0 363.0 364.0 385.0 383.0 374.0 378.0 347.0 332.0 255.0 303.0 303.0 286.0 285.0 376.0 412.0 449.0 380.0 398.0 351.0 341.0 371.0 360.0 352.0 364.0 350.0 353.0 339.0 379.0 363.0 345.0 361.0 378.0
375.0 356.0 378.0 359.0 382.0 369.0 359.0 396.0 392.0 391.0 376.0 373.0 26.0 54.0 57.0 486.0 144.0 486.0 486.0 486.0 486.0 474.0 320.0 299.0 309.0 380.0 353.0 373.0 393.0 382.0 305.0 219.0 287.0 303.0 350.0 349.0 318.0 341.0 336.0 360.0 360.0 381.0 488.0 298.0 350.0 359.0 367.0 347.0 355.0
361.0 355.0 389.0 384.0 379.0 392.0 385.0 408.0 416.0 419.0 393.0 413.0 395.0 397.0 383.0 387.0 390.0 375.0 352.0 398.0 397.0 406.0 377.0 378.0 365.0 341.0 363.0 362.0 327.0 337.0 344.0 364.0 364.0 367.0 348.0 352.0 360.0 375.0 363.0 377.0 359.0 371.0 365.0 373.0 358.0 356.0 364.0 354.0 350.0
344.0 364.0 364.0 367.0 348.0 352.0 360.0 375.0 363.0 377.0 359.0 371.0 365.0 373.0 358.0 356.0 364.0 354.0 350.0 348.0 372.0 364.0 359.0 362.0 355.0 366.0 378.0 395.0 456.0 473.0 407.0 318.0 358.0 291.0 323.0 392.0 351.0 427.0 441.0 403.0 412.0 418.0 399.0 379.0 355.0 340.0 361.0 364.0 354.0
397.0 392.0 379.0 391.0 385.0 386.0 401.0 398.0 383.0 385.0 376.0 372.0 371.0 359.0 367.0 366.0 272.0 213.0 338.0 493.0 488.0 493.0 493.0 493.0 493.0 493.0 493.0 468.0 421.0 411.0 408.0 400.0 392.0 380.0 390.0 384.0 394.0 383.0 371.0 362.0 383.0 376.0 364.0 389.0 373.0 380.0 383.0 372.0 384.0
377.0 383.0 360.0 365.0 361.0 374.0 369.0 363.0 368.0 368.0 369.0 377.0 374.0 364.0 374.0 369.0 381.0 369.0 349.0 369.0 367.0 362.0 357.0 165.0 347.0 206.0 167.0 169.0 192.0 271.0 254.0 263.0 306.0 365.0 377.0 339.0 321.0 346.0 341.0 341.0 347.0 354.0 353.0 346.0 345.0 355.0 352.0 352.0 354.0
338.0 356.0 340.0 340.0 341.0 356.0 336.0 337.0 337.0 336.0 353.0 340.0 336.0 335.0 349.0 355.0 349.0 328.0 337.0 347.0 325.0 332.0 341.0 21.0 90.0 259.0 295.0 264.0 280.0 402.0 367.0 302.0 282.0 331.0 320.0 333.0 339.0 341.0 351.0 349.0 359.0 331.0 337.0 339.0 351.0 348.0 342.0 329.0 322.0
351.0 353.0 345.0 332.0 346.0 356.0 366.0 342.0 349.0 357.0 356.0 367.0 376.0 382.0 365.0 376.0 343.0 187.0 214.0 340.0 284.0 278.0 295.0 359.0 339.0 344.0 438.0 420.0 379.0 371.0 366.0 375.0 375.0 402.0 378.0 365.0 364.0 338.0 352.0 367.0 352.0 361.0 365.0 370.0 369.0 358.0 346.0 374.0 360.0
346.0 374.0 360.0 364.0 354.0 352.0 357.0 351.0 356.0 356.0 375.0 355.0 359.0 356.0 355.0 355.0 348.0 352.0 355.0 286.0 105.0 286.0 227.0 437.0 332.0 268.0 265.0 342.0 338.0 296.0 300.0 340.0 395.0 421.0 404.0 416.0 413.0 366.0 343.0 333.0 373.0 383.0 370.0 353.0 366.0 359.0 375.0 384.0 359.0
376.0 375.0 369.0 363.0 343.0 358.0 361.0 374.0 377.0 362.0 374.0 361.0 381.0 382.0 371.0 392.0 385.0 400.0 392.0 391.0 384.0 378.0 126.0 472.0 387.0 225.0 291.0 357.0 323.0 394.0 481.0 449.0 489.0 497.0 423.0 372.0 379.0 376.0 392.0 393.0 401.0 383.0 384.0 403.0 385.0 379.0 370.0 358.0 374.0
355.0 349.0 373.0 392.0 381.0 387.0 421.0 384.0 401.0 388.0 402.0 390.0 413.0 404.0 402.0 385.0 380.0 381.0 378.0 397.0 389.0 382.0 392.0 371.0 368.0 365.0 84.0 258.0 500.0 358.0 477.0 411.0 382.0 423.0 416.0 362.0 377.0 394.0 395.0 388.0 397.0 393.0 392.0 399.0 371.0 380.0 390.0 405.0 394.0
394.0 394.0 417.0 418.0 395.0 387.0 381.0 369.0 372.0 385.0 391.0 380.0 312.0 220.0 257.0 319.0 500.0 500.0 500.0 500.0 500.0 500.0 500.0 408.0 433.0 220.0 337.0 370.0 356.0 418.0 382.0 390.0 393.0 424.0 387.0 405.0 388.0 397.0 362.0 363.0 375.0 370.0 342.0 356.0 370.0 390.0 343.0 369.0 388.0
401.0 374.0 360.0 384.0 389.0 379.0 398.0 391.0 407.0 406.0 389.0 395.0 376.0 404.0 410.0 408.0 407.0 420.0 366.0 331.0 327.0 343.0 133.0 489.0 333.0 371.0 405.0 388.0 386.0 379.0 400.0 419.0 406.0 385.0 407.0 409.0 411.0 417.0 378.0 393.0 413.0 399.0 384.0 374.0 376.0 383.0 386.0 398.0 398.0
398.0 361.0 377.0 352.0 334.0 356.0 368.0 304.0 321.0 388.0 356.0 445.0 447.0 382.0 365.0 346.0 500.0 500.0 500.0 500.0 483.0 457.0 462.0 431.0 418.0 412.0 397.0 375.0 390.0 404.0 402.0 399.0 398.0 418.0 393.0 422.0 406.0 389.0 379.0 380.0 354.0 389.0 389.0 403.0 421.0 360.0 384.0 350.0 350.0
357.0 367.0 327.0 391.0 358.0 383.0 375.0 368.0 362.0 434.0 405.0 400.0 375.0 388.0 370.0 373.0 358.0 363.0 212.0 198.0 500.0 500.0 401.0 309.0 343.0 370.0 408.0 422.0 419.0 389.0 414.0 375.0 400.0 424.0 401.0 433.0 363.0 387.0 390.0 399.0 396.0 392.0 378.0 400.0 396.0 398.0 370.0 391.0 365.0
401.0 353.0 387.0 394.0 389.0 387.0 383.0 402.0 435.0 409.0 384.0 375.0 382.0 374.0 402.0 389.0 404.0 394.0 386.0 372.0 358.0 391.0 276.0 15.0 435.0 500.0 500.0 500.0 416.0 426.0 402.0 373.0 360.0 378.0 378.0 357.0 358.0 387.0 385.0 376.0 408.0 382.0 393.0 444.0 403.0 373.0 399.0 408.0 412.0
428.0 403.0 394.0 395.0 405.0 386.0 414.0 404.0 365.0 373.0 361.0 410.0 426.0 413.0 438.0 431.0 399.0 401.0 402.0 410.0 252.0 272.0 500.0 313.0 361.0 306.0 427.0 435.0 402.0 387.0 392.0 410.0 389.0 406.0 404.0 388.0 398.0 391.0 380.0 360.0 332.0 363.0 385.0 424.0 456.0 415.0 387.0 414.0 415.0
387.0 407.0 392.0 403.0 408.0 418.0 394.0 384.0 403.0 398.0 376.0 398.0 401.0 408.0 302.0 335.0 165.0 440.0 428.0 394.0 398.0 383.0 479.0 445.0 389.0 428.0 421.0 448.0 390.0 390.0 377.0 395.0 412.0 405.0 417.0 398.0 419.0 423.0 414.0 423.0 419.0 384.0 412.0 431.0 425.0 390.0 426.0 438.0 395.0
391.0 393.0 407.0 414.0 421.0 404.0 428.0 403.0 418.0 398.0 414.0 401.0 415.0 398.0 251.0 346.0 310.0 500.0 500.0 500.0 500.0 500.0 500.0 489.0 432.0 394.0 395.0 392.0 382.0 380.0 384.0 394.0 400.0 407.0 400.0 463.0 480.0 405.0 425.0 421.0 406.0 409.0 387.0 251.0 364.0 378.0 343.0 340.0 357.0
357.0 355.0 363.0 356.0 344.0 350.0 377.0 378.0 379.0 370.0 378.0 386.0 388.0 386.0 389.0 379.0 395.0 390.0 369.0 388.0 388.0 374.0 381.0 241.0 58.0 284.0 446.0 461.0 443.0 432.0 420.0 394.0 410.0 393.0 416.0 434.0 412.0 416.0 412.0 400.0 411.0 392.0 397.0 362.0 378.0 399.0 367.0 368.0 383.0
318.0 322.0 345.0 319.0 354.0 399.0 343.0 357.0 342.0 359.0 339.0 344.0 356.0 370.0 404.0 388.0 115.0 224.0 129.0 354.0 420.0 393.0 358.0 368.0 351.0 409.0 384.0 362.0 400.0 374.0 371.0 408.0 377.0 382.0 348.0 355.0 365.0 375.0 369.0 376.0 374.0 380.0 376.0 369.0 388.0 384.0 369.0 385.0 376.0
318.0 332.0 274.0 347.0 239.0 380.0 328.0 338.0 334.0 342.0 331.0 326.0 336.0 342.0 131.0 31.0 262.0 377.0 369.0 353.0 372.0 384.0 376.0 398.0 399.0 395.0 371.0 367.0 379.0 362.0 360.0 343.0 353.0 354.0 340.0 318.0 300.0 289.0 303.0 302.0 290.0 264.0 269.0 284.0 313.0 315.0 310.0 309.0 331.0
300.0 289.0 303.0 302.0 290.0 264.0 269.0 284.0 313.0 315.0 310.0 309.0 331.0 325.0 322.0 441.0 441.0 123.0 441.0 374.0 313.0 343.0 305.0 324.0 334.0 328.0 335.0 315.0 316.0 307.0 307.0 313.0 302.0 283.0 302.0 295.0 312.0 307.0 316.0 319.0 316.0 317.0 315.0 328.0 334.0 326.0 328.0 336.0 318.0
333.0 332.0 329.0 316.0 319.0 320.0 314.0 311.0 316.0 333.0 315.0 316.0 319.0 322.0 448.0 113.0 448.0 297.0 441.0 415.0 448.0 444.0 352.0 361.0 425.0 448.0 448.0 379.0 374.0 369.0 412.0 375.0 340.0 294.0 347.0 353.0 339.0 374.0 380.0 375.0 354.0 336.0 332.0 333.0 340.0 330.0 324.0 328.0 342.0
333.0 321.0 322.0 314.0 328.0 327.0 332.0 328.0 315.0 315.0 317.0 304.0 319.0 310.0 344.0 174.0 230.0 352.0 282.0 392.0 341.0 407.0 407.0 451.0 440.0 395.0 365.0 364.0 372.0 362.0 362.0 352.0 357.0 360.0 328.0 334.0 355.0 369.0 346.0 340.0 320.0 317.0 306.0 325.0 331.0 345.0 338.0 335.0 340.0
331.0 327.0 332.0 322.0 331.0 330.0 324.0 342.0 342.0 338.0 346.0 338.0 321.0 323.0 319.0 334.0 337.0 445.0 454.0 454.0 216.0 416.0 454.0 379.0 404.0 346.0 450.0 442.0 432.0 354.0 340.0 345.0 292.0 315.0 327.0 309.0 306.0 280.0 307.0 326.0 315.0 313.0 280.0 364.0 332.0 298.0 286.0 287.0 294.0
294.0 302.0 307.0 313.0 318.0 326.0 328.0 328.0 319.0 325.0 322.0 323.0 332.0 334.0 323.0 322.0 320.0 323.0 318.0 332.0 339.0 327.0 335.0 345.0 350.0 458.0 432.0 363.0 316.0 313.0 364.0 351.0 354.0 356.0 332.0 340.0 361.0 390.0 358.0 309.0 329.0 348.0 323.0 322.0 331.0 348.0 352.0 324.0 348.0
324.0 348.0 351.0 357.0 373.0 352.0 345.0 332.0 327.0 336.0 329.0 315.0 326.0 346.0 336.0 306.0 305.0 318.0 459.0 326.0 319.0 373.0 304.0 313.0 333.0 327.0 313.0 319.0 320.0 315.0 319.0 325.0 311.0 329.0 331.0 344.0 309.0 324.0 312.0 303.0 315.0 307.0 291.0 311.0 340.0 344.0 330.0 321.0 327.0
308.0 307.0 309.0 315.0 331.0 349.0 348.0 338.0 323.0 327.0 306.0 305.0 322.0 312.0 304.0 297.0 315.0 275.0 335.0 254.0 317.0 348.0 323.0 311.0 289.0 318.0 310.0 284.0 302.0 307.0 314.0 310.0 336.0 341.0 323.0 305.0 289.0 304.0 327.0 321.0 323.0 346.0 347.0 397.0 414.0 386.0 365.0 321.0 271.0
324.0 315.0 280.0 311.0 310.0 306.0 341.0 325.0 330.0 365.0 338.0 329.0 321.0 334.0 355.0 332.0 346.0 356.0 351.0 392.0 471.0 459.0 300.0 275.0 327.0 346.0 354.0 452.0 401.0 375.0 354.0 335.0 358.0 358.0 346.0 356.0 346.0 348.0 360.0 375.0 378.0 372.0 349.0 368.0 359.0 327.0 359.0 349.0 352.0
292.0 274.0 275.0 307.0 317.0 322.0 277.0 331.0 344.0 330.0 322.0 334.0 292.0 290.0 311.0 342.0 475.0 475.0 288.0 196.0 272.0 310.0 362.0 384.0 373.0 360.0 340.0 381.0 358.0 353.0 365.0 353.0 357.0 321.0 330.0 363.0 376.0 356.0 359.0 336.0 352.0 352.0 362.0 377.0 363.0 333.0 416.0 424.0 365.0
269.0 301.0 308.0 347.0 388.0 375.0 370.0 362.0 357.0 350.0 344.0 351.0 354.0 356.0 370.0 371.0 371.0 362.0 362.0 373.0 369.0 372.0 375.0 380.0 347.0 366.0 362.0 367.0 361.0 358.0 373.0 361.0 371.0 418.0 388.0 390.0 372.0 368.0 379.0 399.0 393.0 371.0 349.0 378.0 301.0 285.0 237.0 359.0 320.0
346.0 355.0 388.0 412.0 362.0 326.0 321.0 342.0 360.0 363.0 341.0 336.0 317.0 312.0 341.0 361.0 341.0 307.0 339.0 327.0 339.0 494.0 283.0 320.0 226.0 383.0 298.0 354.0 361.0 333.0 367.0 354.0 361.0 348.0 351.0 359.0 342.0 326.0 324.0 321.0 367.0 364.0 351.0 324.0 307.0 316.0 329.0 338.0 341.0
359.0 350.0 370.0 375.0 364.0 355.0 362.0 357.0 356.0 346.0 360.0 361.0 365.0 373.0 379.0 246.0 347.0 205.0 339.0 362.0 423.0 500.0 489.0 442.0 500.0 365.0 438.0 500.0 500.0 474.0 413.0 406.0 430.0 384.0 398.0 395.0 357.0 402.0 353.0 372.0 376.0 434.0 397.0 391.0 379.0 392.0 396.0 392.0 373.0
365.0 366.0 365.0 384.0 397.0 395.0 381.0 378.0 386.0 368.0 372.0 355.0 346.0 352.0 370.0 365.0 386.0 488.0 282.0 155.0 390.0 428.0 414.0 457.0 461.0 430.0 407.0 358.0 369.0 439.0 481.0 464.0 381.0 444.0 373.0 387.0 418.0 420.0 387.0 382.0 360.0 373.0 389.0 383.0 393.0 412.0 367.0 369.0 376.0
387.0 395.0 418.0 414.0 431.0 423.0 411.0 395.0 369.0 365.0 379.0 357.0 338.0 375.0 500.0 153.0 500.0 500.0 478.0 397.0 399.0 356.0 351.0 344.0 359.0 360.0 361.0 351.0 339.0 338.0 349.0 324.0 341.0 353.0 338.0 348.0 371.0 363.0 328.0 346.0 347.0 343.0 361.0 334.0 312.0 386.0 359.0 355.0 409.0
393.0 347.0 365.0 388.0 389.0 372.0 370.0 355.0 329.0 362.0 372.0 375.0 321.0 332.0 350.0 347.0 358.0 375.0 427.0 500.0 500.0 394.0 426.0 438.0 286.0 338.0 357.0 358.0 335.0 340.0 335.0 335.0 325.0 318.0 341.0 353.0 358.0 360.0 361.0 358.0 334.0 339.0 338.0 328.0 340.0 357.0 344.0 326.0 355.0
377.0 401.0 381.0 365.0 366.0 371.0 356.0 362.0 360.0 367.0 387.0 374.0 331.0 355.0 351.0 491.0 310.0 286.0 373.0 351.0 320.0 282.0 309.0 376.0 372.0 389.0 387.0 377.0 336.0 350.0 345.0 335.0 345.0 339.0 356.0 353.0 364.0 357.0 356.0 357.0 338.0 301.0 343.0 341.0 330.0 348.0 381.0 368.0 338.0
380.0 431.0 296.0 289.0 348.0 378.0 362.0 366.0 406.0 347.0 422.0 424.0 377.0 401.0 348.0 349.0 402.0 500.0 386.0 136.0 343.0 471.0 197.0 271.0 275.0 320.0 341.0 360.0 365.0 407.0 392.0 362.0 347.0 350.0 346.0 353.0 358.0 371.0 364.0 361.0 351.0 348.0 322.0 317.0 326.0 312.0 335.0 306.0 359.0
294.0 325.0 317.0 15.0 406.0 347.0 336.0 350.0 348.0 326.0 314.0 338.0 318.0 327.0 306.0 329.0 320.0 316.0 322.0 307.0 336.0 324.0 305.0 344.0
51.0 427.0 312.0 294.0 347.0 321.0 317.0 297.0 312.0 303.0 336.0 304.0 324.0 312.0 332.0 304.0 295.0 297.0 318.0 310.0 358.0 319.0 346.0 299.0
298.0 302.0 289.0 306.0 317.0 308.0 15.0 376.0 437.0 345.0 327.0 319.0 329.0 329.0 354.0 336.0 329.0 319.0 348.0 335.0 308.0 306.0 351.0 333.0
268.0 270.0 301.0 269.0 289.0 281.0 15.0 436.0 353.0 345.0 279.0 302.0 323.0 336.0 340.0 283.0 290.0 287.0 280.0 308.0 282.0 276.0 292.0 287.0
294.0 15.0 475.0 475.0 336.0 294.0 341.0 327.0 339.0 360.0 339.0 320.0 320.0 312.0 313.0 299.0 307.0 324.0 316.0 300.0 294.0 321.0 288.0 294.0
315.0 314.0 316.0 296.0 301.0 325.0 297.0 309.0 309.0 332.0 313.0 316.0 334.0 261.0 296.0 288.0 272.0 273.0 285.0 263.0 289.0 269.0 404.0 334.0
334.0 350.0 364.0 352.0 362.0 413.0 319.0 313.0 351.0 337.0 295.0 312.0 427.0 304.0 243.0 302.0 298.0 315.0 331.0 297.0 298.0 330.0 354.0 303.0
352.0 362.0 413.0 319.0 313.0 351.0 337.0 295.0 312.0 427.0 304.0 243.0 302.0 298.0 315.0 331.0 297.0 298.0 330.0 354.0 303.0 318.0 306.0 322.0
358.0 322.0 338.0 347.0 185.0 475.0 466.0 345.0 265.0 211.0 298.0 411.0 366.0 364.0 360.0 357.0 330.0 348.0 342.0 331.0 304.0 315.0 298.0 328.0
330.0 312.0 312.0 337.0 352.0 325.0 336.0 453.0 475.0 310.0 213.0 277.0 300.0 307.0 326.0 330.0 313.0 345.0 327.0 377.0 327.0 362.0 351.0 342.0
391.0 416.0 397.0 426.0 397.0 360.0 413.0 376.0 318.0 340.0 421.0 410.0 422.0 396.0 443.0 412.0 426.0 410.0 398.0 393.0 451.0 455.0 466.0 436.0
451.0 455.0 466.0 436.0 392.0 426.0 382.0 396.0 432.0 398.0 159.0 338.0 270.0 448.0 457.0 398.0 390.0 383.0 371.0 370.0 400.0 338.0 381.0 426.0
370.0 400.0 338.0 381.0 426.0 423.0 431.0 250.0 459.0 337.0 365.0 475.0 475.0 441.0 424.0 397.0 361.0 410.0 380.0 378.0 384.0 385.0 395.0 361.0
