261.0 257.0 196.0 181.0 190.0 192.0 215.0 278.0 268.0 241.0 211.0 199.0 197.0 216.0 238.0 260.0 274.0 295.0 324.0 306.0 343.0 301.0 275.0 238.0 272.0 312.0 302.0 267.0 261.0 262.0 267.0 266.0 227.0 236.0 243.0 231.0 248.0 236.0 260.0 297.0 261.0 280.0 249.0 217.0 200.0 192.0 239.0 250.0 217.0
286.0 276.0 237.0 228.0 246.0 262.0 286.0 329.0 256.0 277.0 272.0 266.0 255.0 278.0 262.0 244.0 263.0 279.0 259.0 271.0 272.0 280.0 308.0 293.0 290.0 321.0 286.0 301.0 315.0 275.0 290.0 280.0 318.0 276.0 295.0 305.0 339.0 303.0 294.0 303.0 285.0 291.0 303.0 332.0 305.0 291.0 313.0 316.0 298.0
321.0 327.0 342.0 330.0 295.0 312.0 305.0 294.0 286.0 286.0 289.0 328.0 317.0 301.0 309.0 279.0 291.0 315.0 306.0 304.0 306.0 295.0 303.0 314.0 306.0 305.0 314.0 298.0 309.0 324.0 305.0 313.0 306.0 283.0 280.0 291.0 283.0 278.0 280.0 292.0 270.0 275.0 271.0 260.0 268.0 267.0 273.0 268.0 296.0
278.0 269.0 277.0 275.0 276.0 283.0 278.0 275.0 272.0 266.0 277.0 266.0 281.0 286.0 283.0 273.0 278.0 281.0 279.0 277.0 277.0 265.0 275.0 280.0 279.0 274.0 277.0 270.0 295.0 279.0 278.0 278.0 284.0 288.0 274.0 259.0 269.0 272.0 268.0 273.0 277.0 275.0 278.0 303.0 303.0 259.0 290.0 291.0 303.0
300.0 314.0 312.0 318.0 297.0 314.0 302.0 292.0 307.0 333.0 327.0 321.0 344.0 325.0 319.0 334.0 317.0 317.0 322.0 311.0 304.0 284.0 307.0 294.0 314.0 342.0 354.0 350.0 327.0 343.0 325.0 297.0 340.0 334.0 339.0 322.0 335.0 341.0 375.0 370.0 374.0 349.0 324.0 350.0 351.0 372.0 356.0 354.0 337.0
310.0 318.0 321.0 327.0 309.0 332.0 318.0 314.0 318.0 308.0 310.0 312.0 326.0 302.0 301.0 310.0 312.0 310.0 310.0 299.0 450.0 302.0 403.0 359.0 259.0 381.0 245.0 272.0 323.0 431.0 414.0 454.0 391.0 336.0 385.0 355.0 323.0 328.0 326.0 297.0 250.0 280.0 300.0 303.0 303.0 317.0 320.0 332.0 327.0
323.0 321.0 327.0 312.0 325.0 324.0 320.0 331.0 323.0 324.0 328.0 307.0 315.0 319.0 308.0 311.0 318.0 317.0 309.0 308.0 329.0 331.0 314.0 314.0 323.0 214.0 188.0 304.0 166.0 311.0 285.0 305.0 321.0 259.0 302.0 324.0 305.0 292.0 321.0 337.0 339.0 325.0 330.0 355.0 315.0 318.0 348.0 358.0 343.0
325.0 331.0 332.0 328.0 327.0 330.0 333.0 338.0 346.0 338.0 342.0 342.0 345.0 337.0 347.0 333.0 325.0 293.0 345.0 338.0 320.0 340.0 319.0 321.0 351.0 373.0 324.0 190.0 278.0 212.0 233.0 237.0 459.0 179.0 295.0 269.0 282.0 288.0 321.0 336.0 326.0 311.0 316.0 322.0 278.0 307.0 347.0 335.0 333.0
326.0 358.0 361.0 336.0 341.0 356.0 322.0 320.0 373.0 368.0 372.0 344.0 353.0 381.0 359.0 358.0 350.0 344.0 302.0 315.0 322.0 328.0 339.0 323.0 314.0 317.0 333.0 313.0 339.0 363.0 18.0 238.0 287.0 281.0 59.0 208.0 184.0 347.0 425.0 373.0 314.0 356.0 312.0 324.0 306.0 362.0 339.0 345.0 404.0
347.0 364.0 329.0 316.0 347.0 346.0 377.0 328.0 355.0 338.0 350.0 342.0 319.0 327.0 347.0 346.0 334.0 372.0 366.0 351.0 331.0 340.0 120.0 62.0 197.0 162.0 234.0 188.0 273.0 372.0 355.0 463.0 449.0 405.0 326.0 379.0 338.0 348.0 334.0 339.0 323.0 321.0 358.0 387.0 329.0 316.0 321.0 311.0 327.0
295.0 314.0 304.0 302.0 305.0 304.0 319.0 308.0 312.0 310.0 319.0 306.0 316.0 254.0 196.0 144.0 422.0 384.0 260.0 380.0 430.0 453.0 394.0 303.0 346.0 360.0 329.0 350.0 335.0 364.0 325.0 336.0 336.0 327.0 336.0 351.0 351.0 319.0 323.0 347.0 322.0 305.0 304.0 336.0 330.0 330.0 364.0 353.0 337.0
345.0 335.0 351.0 338.0 334.0 342.0 353.0 352.0 366.0 350.0 347.0 347.0 340.0 340.0 335.0 340.0 329.0 336.0 323.0 239.0 218.0 77.0 137.0 174.0 98.0 76.0 309.0 358.0 355.0 395.0 296.0 303.0 322.0 302.0 346.0 392.0 286.0 306.0 323.0 322.0 326.0 359.0 355.0 376.0 342.0 334.0 341.0 349.0 321.0
334.0 366.0 328.0 317.0 326.0 325.0 314.0 361.0 341.0 352.0 335.0 339.0 322.0 313.0 319.0 288.0 311.0 328.0 338.0 346.0 354.0 411.0 402.0 475.0 298.0 389.0 406.0 475.0 475.0 435.0 371.0 399.0 387.0 401.0 347.0 398.0 397.0 370.0 317.0 352.0 316.0 316.0 322.0 347.0 346.0 357.0 309.0 351.0 320.0
359.0 329.0 321.0 345.0 347.0 336.0 342.0 346.0 351.0 336.0 337.0 336.0 349.0 332.0 332.0 353.0 326.0 396.0 377.0 478.0 320.0 358.0 315.0 304.0 329.0 352.0 353.0 350.0 340.0 341.0 360.0 343.0 343.0 340.0 344.0 349.0 345.0 340.0 367.0 341.0 354.0 368.0 339.0 353.0 344.0 324.0 320.0 328.0 313.0
311.0 326.0 307.0 302.0 308.0 326.0 303.0 312.0 322.0 306.0 301.0 299.0 316.0 298.0 304.0 312.0 310.0 315.0 331.0 312.0 310.0 321.0 296.0 284.0 273.0 333.0 114.0 214.0 219.0 239.0 250.0 358.0 367.0 326.0 310.0 315.0 312.0 319.0 321.0 310.0 302.0 302.0 339.0 340.0 323.0 349.0 336.0 338.0 330.0
368.0 348.0 357.0 371.0 364.0 382.0 381.0 345.0 341.0 351.0 360.0 355.0 173.0 196.0 179.0 132.0 33.0 361.0 272.0 400.0 463.0 435.0 422.0 396.0 379.0 315.0 436.0 377.0 426.0 397.0 341.0 251.0 259.0 300.0 326.0 323.0 304.0 333.0 322.0 321.0 344.0 349.0 451.0 245.0 328.0 298.0 303.0 298.0 289.0
306.0 343.0 326.0 331.0 339.0 325.0 330.0 340.0 340.0 330.0 339.0 311.0 343.0 322.0 334.0 332.0 332.0 349.0 341.0 307.0 334.0 341.0 379.0 330.0 347.0 345.0 342.0 323.0 357.0 367.0 357.0 356.0 361.0 350.0 356.0 346.0 338.0 333.0 341.0 340.0 350.0 335.0 340.0 352.0 342.0 360.0 324.0 360.0 346.0
357.0 356.0 361.0 350.0 356.0 346.0 338.0 333.0 341.0 340.0 350.0 335.0 340.0 352.0 342.0 360.0 324.0 360.0 346.0 334.0 380.0 333.0 348.0 356.0 359.0 348.0 348.0 387.0 433.0 444.0 423.0 297.0 224.0 359.0 302.0 351.0 393.0 278.0 305.0 297.0 319.0 343.0 343.0 320.0 328.0 337.0 317.0 330.0 338.0
329.0 332.0 331.0 308.0 312.0 314.0 308.0 305.0 307.0 302.0 291.0 287.0 282.0 311.0 299.0 301.0 371.0 223.0 363.0 374.0 493.0 472.0 446.0 321.0 350.0 425.0 445.0 438.0 419.0 349.0 337.0 348.0 348.0 355.0 344.0 348.0 330.0 343.0 345.0 364.0 342.0 353.0 359.0 355.0 352.0 344.0 350.0 349.0 343.0
340.0 340.0 346.0 352.0 344.0 335.0 338.0 336.0 350.0 341.0 330.0 338.0 328.0 335.0 339.0 327.0 317.0 334.0 339.0 328.0 336.0 341.0 344.0 494.0 431.0 156.0 199.0 242.0 251.0 271.0 298.0 313.0 357.0 339.0 347.0 313.0 340.0 341.0 351.0 342.0 339.0 357.0 356.0 341.0 346.0 341.0 346.0 339.0 348.0
355.0 327.0 356.0 338.0 346.0 341.0 348.0 344.0 339.0 343.0 332.0 345.0 344.0 360.0 348.0 339.0 351.0 360.0 343.0 345.0 360.0 350.0 329.0 235.0 87.0 315.0 364.0 456.0 359.0 382.0 340.0 385.0 309.0 307.0 348.0 371.0 322.0 358.0 365.0 361.0 351.0 366.0 337.0 348.0 347.0 365.0 356.0 372.0 364.0
370.0 367.0 365.0 344.0 346.0 351.0 341.0 379.0 361.0 353.0 357.0 352.0 347.0 355.0 376.0 355.0 347.0 212.0 346.0 322.0 329.0 268.0 392.0 340.0 338.0 283.0 317.0 340.0 391.0 378.0 370.0 383.0 377.0 362.0 360.0 369.0 354.0 370.0 347.0 352.0 357.0 335.0 349.0 358.0 361.0 364.0 378.0 355.0 357.0
378.0 355.0 357.0 353.0 365.0 353.0 347.0 349.0 345.0 359.0 344.0 346.0 336.0 334.0 355.0 337.0 346.0 346.0 351.0 386.0 110.0 227.0 325.0 452.0 405.0 383.0 315.0 340.0 394.0 317.0 328.0 405.0 375.0 396.0 381.0 358.0 389.0 403.0 371.0 347.0 367.0 363.0 368.0 388.0 344.0 357.0 342.0 341.0 349.0
344.0 354.0 366.0 358.0 363.0 352.0 345.0 348.0 365.0 372.0 356.0 361.0 359.0 352.0 357.0 342.0 366.0 350.0 347.0 348.0 346.0 351.0 500.0 293.0 154.0 204.0 256.0 377.0 393.0 419.0 444.0 422.0 444.0 377.0 338.0 345.0 341.0 350.0 361.0 369.0 357.0 369.0 360.0 366.0 369.0 355.0 351.0 368.0 322.0
315.0 322.0 335.0 343.0 342.0 340.0 342.0 369.0 346.0 359.0 361.0 349.0 352.0 359.0 334.0 344.0 335.0 348.0 360.0 331.0 359.0 351.0 358.0 367.0 343.0 384.0 500.0 298.0 267.0 375.0 346.0 317.0 348.0 356.0 336.0 351.0 352.0 345.0 348.0 354.0 332.0 344.0 354.0 341.0 357.0 364.0 350.0 372.0 358.0
346.0 340.0 350.0 324.0 357.0 363.0 341.0 341.0 340.0 344.0 371.0 319.0 476.0 220.0 358.0 500.0 365.0 265.0 255.0 396.0 496.0 473.0 265.0 320.0 355.0 255.0 401.0 383.0 375.0 342.0 385.0 368.0 370.0 371.0 351.0 370.0 389.0 390.0 369.0 347.0 365.0 368.0 361.0 340.0 362.0 329.0 372.0 350.0 307.0
336.0 333.0 351.0 351.0 371.0 355.0 339.0 357.0 355.0 348.0 343.0 344.0 349.0 341.0 308.0 294.0 357.0 323.0 327.0 338.0 329.0 346.0 500.0 288.0 242.0 259.0 319.0 342.0 392.0 387.0 384.0 374.0 343.0 336.0 389.0 357.0 331.0 365.0 358.0 345.0 349.0 367.0 359.0 378.0 363.0 350.0 338.0 391.0 362.0
308.0 330.0 297.0 314.0 303.0 295.0 280.0 298.0 260.0 274.0 328.0 419.0 295.0 320.0 335.0 341.0 434.0 372.0 66.0 289.0 500.0 383.0 395.0 363.0 348.0 350.0 346.0 367.0 337.0 319.0 338.0 325.0 349.0 314.0 330.0 352.0 368.0 349.0 350.0 358.0 358.0 360.0 317.0 363.0 355.0 333.0 292.0 321.0 320.0
328.0 345.0 328.0 343.0 333.0 355.0 339.0 323.0 320.0 342.0 393.0 325.0 365.0 318.0 327.0 362.0 398.0 385.0 193.0 298.0 259.0 348.0 347.0 295.0 355.0 363.0 358.0 347.0 345.0 372.0 357.0 362.0 377.0 363.0 416.0 341.0 343.0 385.0 371.0 375.0 389.0 381.0 358.0 359.0 358.0 394.0 334.0 346.0 410.0
370.0 351.0 368.0 375.0 363.0 395.0 376.0 364.0 349.0 326.0 327.0 362.0 341.0 363.0 345.0 368.0 331.0 340.0 335.0 331.0 337.0 342.0 500.0 460.0 459.0 316.0 371.0 359.0 274.0 286.0 289.0 302.0 298.0 336.0 335.0 302.0 323.0 336.0 334.0 324.0 324.0 332.0 348.0 355.0 336.0 332.0 335.0 344.0 360.0
350.0 369.0 362.0 353.0 341.0 348.0 344.0 356.0 351.0 362.0 338.0 348.0 370.0 334.0 334.0 352.0 382.0 376.0 367.0 379.0 474.0 170.0 391.0 500.0 351.0 493.0 422.0 473.0 382.0 338.0 356.0 386.0 394.0 395.0 363.0 355.0 367.0 351.0 348.0 351.0 346.0 343.0 392.0 350.0 374.0 369.0 367.0 367.0 368.0
339.0 344.0 359.0 359.0 371.0 350.0 334.0 346.0 361.0 359.0 366.0 366.0 348.0 373.0 469.0 217.0 208.0 326.0 374.0 286.0 344.0 420.0 343.0 368.0 396.0 394.0 415.0 374.0 367.0 369.0 385.0 350.0 358.0 347.0 370.0 361.0 359.0 370.0 384.0 353.0 369.0 338.0 382.0 398.0 382.0 373.0 372.0 340.0 335.0
361.0 355.0 351.0 347.0 308.0 329.0 338.0 348.0 346.0 341.0 332.0 348.0 340.0 346.0 500.0 500.0 500.0 131.0 438.0 387.0 361.0 331.0 418.0 385.0 365.0 337.0 361.0 386.0 353.0 345.0 355.0 366.0 359.0 338.0 335.0 368.0 397.0 317.0 362.0 372.0 377.0 386.0 381.0 243.0 375.0 387.0 326.0 351.0 371.0
339.0 348.0 365.0 363.0 364.0 360.0 358.0 364.0 364.0 387.0 379.0 400.0 400.0 395.0 386.0 386.0 367.0 379.0 368.0 369.0 392.0 370.0 109.0 16.0 228.0 351.0 408.0 463.0 382.0 362.0 379.0 378.0 409.0 395.0 385.0 411.0 409.0 380.0 370.0 377.0 348.0 363.0 388.0 331.0 349.0 365.0 348.0 382.0 375.0
337.0 335.0 306.0 295.0 328.0 371.0 366.0 336.0 341.0 354.0 367.0 342.0 332.0 332.0 336.0 363.0 146.0 46.0 286.0 222.0 314.0 416.0 420.0 387.0 347.0 361.0 322.0 308.0 373.0 356.0 350.0 361.0 353.0 329.0 363.0 352.0 340.0 359.0 362.0 340.0 339.0 341.0 342.0 326.0 353.0 351.0 355.0 376.0 396.0
300.0 297.0 143.0 274.0 239.0 226.0 273.0 262.0 284.0 262.0 287.0 298.0 293.0 290.0 385.0 163.0 354.0 285.0 332.0 326.0 334.0 346.0 368.0 335.0 368.0 377.0 386.0 383.0 388.0 392.0 394.0 402.0 389.0 354.0 346.0 325.0 326.0 310.0 300.0 325.0 336.0 331.0 312.0 317.0 325.0 330.0 314.0 329.0 341.0
326.0 310.0 300.0 325.0 336.0 331.0 312.0 317.0 325.0 330.0 314.0 329.0 341.0 326.0 320.0 185.0 288.0 441.0 406.0 441.0 412.0 385.0 340.0 331.0 319.0 329.0 322.0 342.0 332.0 327.0 324.0 311.0 324.0 345.0 314.0 331.0 321.0 328.0 312.0 315.0 323.0 317.0 318.0 315.0 315.0 323.0 327.0 321.0 336.0
356.0 348.0 336.0 357.0 343.0 348.0 353.0 332.0 343.0 339.0 332.0 333.0 331.0 334.0 116.0 224.0 221.0 278.0 312.0 448.0 300.0 448.0 448.0 448.0 448.0 432.0 330.0 365.0 337.0 301.0 277.0 343.0 314.0 335.0 370.0 376.0 392.0 390.0 349.0 333.0 328.0 328.0 325.0 335.0 327.0 327.0 331.0 339.0 318.0
323.0 327.0 322.0 323.0 308.0 312.0 319.0 335.0 328.0 317.0 312.0 323.0 306.0 304.0 243.0 78.0 167.0 174.0 170.0 211.0 330.0 380.0 443.0 395.0 437.0 432.0 361.0 393.0 349.0 328.0 330.0 337.0 330.0 321.0 321.0 323.0 348.0 334.0 320.0 326.0 327.0 312.0 337.0 341.0 318.0 307.0 318.0 343.0 315.0
324.0 323.0 316.0 341.0 321.0 313.0 328.0 334.0 334.0 347.0 333.0 310.0 310.0 315.0 339.0 313.0 315.0 325.0 96.0 357.0 454.0 454.0 432.0 454.0 454.0 454.0 454.0 445.0 395.0 326.0 385.0 365.0 320.0 356.0 335.0 336.0 321.0 338.0 327.0 332.0 348.0 316.0 332.0 418.0 343.0 360.0 338.0 330.0 322.0
300.0 293.0 309.0 320.0 315.0 326.0 327.0 334.0 338.0 327.0 334.0 332.0 331.0 344.0 328.0 314.0 323.0 338.0 330.0 325.0 320.0 332.0 327.0 323.0 328.0 73.0 397.0 436.0 458.0 458.0 458.0 352.0 393.0 311.0 310.0 324.0 355.0 400.0 347.0 329.0 321.0 326.0 374.0 325.0 319.0 376.0 336.0 330.0 334.0
330.0 334.0 358.0 358.0 348.0 361.0 353.0 369.0 337.0 348.0 339.0 342.0 353.0 358.0 362.0 348.0 331.0 322.0 65.0 389.0 406.0 460.0 388.0 384.0 366.0 365.0 323.0 372.0 354.0 333.0 364.0 358.0 365.0 352.0 342.0 354.0 365.0 346.0 337.0 364.0 377.0 347.0 363.0 314.0 380.0 387.0 342.0 348.0 354.0
342.0 379.0 361.0 316.0 366.0 381.0 371.0 367.0 359.0 363.0 341.0 346.0 372.0 347.0 353.0 340.0 315.0 368.0 332.0 327.0 331.0 362.0 402.0 359.0 344.0 327.0 318.0 330.0 349.0 345.0 351.0 345.0 318.0 352.0 369.0 346.0 330.0 331.0 342.0 346.0 345.0 386.0 430.0 397.0 405.0 421.0 407.0 356.0 266.0
346.0 373.0 367.0 357.0 329.0 306.0 357.0 348.0 359.0 329.0 411.0 397.0 330.0 363.0 369.0 379.0 343.0 352.0 373.0 365.0 217.0 96.0 471.0 471.0 471.0 385.0 409.0 395.0 377.0 350.0 329.0 329.0 338.0 357.0 365.0 353.0 362.0 335.0 374.0 369.0 363.0 381.0 399.0 342.0 337.0 349.0 334.0 367.0 335.0
376.0 308.0 317.0 331.0 375.0 340.0 379.0 308.0 321.0 357.0 378.0 358.0 399.0 355.0 359.0 355.0 158.0 193.0 475.0 338.0 363.0 379.0 342.0 373.0 343.0 333.0 346.0 322.0 335.0 328.0 373.0 365.0 335.0 330.0 321.0 345.0 376.0 428.0 341.0 382.0 373.0 363.0 362.0 385.0 390.0 364.0 392.0 402.0 407.0
281.0 271.0 282.0 350.0 369.0 374.0 353.0 356.0 371.0 354.0 355.0 364.0 360.0 342.0 327.0 382.0 369.0 355.0 369.0 369.0 355.0 361.0 379.0 372.0 360.0 344.0 373.0 357.0 371.0 353.0 347.0 366.0 375.0 357.0 380.0 406.0 369.0 381.0 377.0 430.0 430.0 343.0 418.0 352.0 366.0 365.0 481.0 390.0 381.0
360.0 372.0 417.0 391.0 378.0 401.0 389.0 404.0 406.0 390.0 401.0 384.0 391.0 365.0 357.0 398.0 389.0 380.0 370.0 380.0 385.0 195.0 494.0 368.0 494.0 483.0 375.0 427.0 365.0 362.0 385.0 397.0 397.0 380.0 364.0 374.0 371.0 350.0 371.0 380.0 349.0 426.0 420.0 375.0 356.0 344.0 355.0 360.0 342.0
383.0 391.0 380.0 374.0 369.0 391.0 385.0 376.0 389.0 394.0 372.0 390.0 385.0 373.0 343.0 331.0 35.0 331.0 359.0 381.0 374.0 410.0 500.0 500.0 454.0 500.0 388.0 447.0 399.0 396.0 428.0 384.0 370.0 391.0 392.0 313.0 287.0 339.0 407.0 331.0 384.0 364.0 393.0 382.0 388.0 375.0 371.0 365.0 384.0
397.0 381.0 391.0 391.0 394.0 410.0 404.0 406.0 381.0 383.0 374.0 377.0 381.0 371.0 357.0 372.0 368.0 113.0 362.0 275.0 450.0 369.0 435.0 500.0 389.0 374.0 401.0 364.0 426.0 406.0 493.0 491.0 421.0 346.0 387.0 344.0 379.0 360.0 378.0 359.0 342.0 341.0 371.0 395.0 414.0 369.0 364.0 362.0 398.0
406.0 422.0 419.0 421.0 449.0 442.0 413.0 384.0 379.0 385.0 352.0 370.0 382.0 400.0 311.0 500.0 331.0 493.0 500.0 431.0 428.0 419.0 418.0 388.0 409.0 407.0 393.0 421.0 394.0 377.0 385.0 398.0 380.0 403.0 393.0 372.0 396.0 382.0 424.0 386.0 412.0 439.0 378.0 436.0 369.0 500.0 383.0 363.0 487.0
428.0 399.0 423.0 411.0 432.0 408.0 404.0 399.0 383.0 376.0 422.0 392.0 376.0 404.0 439.0 394.0 415.0 395.0 386.0 91.0 336.0 440.0 500.0 450.0 341.0 414.0 431.0 420.0 401.0 360.0 345.0 351.0 379.0 367.0 363.0 357.0 381.0 379.0 370.0 363.0 338.0 366.0 375.0 363.0 361.0 373.0 388.0 390.0 354.0
381.0 393.0 400.0 380.0 374.0 392.0 383.0 397.0 404.0 399.0 429.0 421.0 368.0 388.0 392.0 56.0 419.0 500.0 500.0 453.0 447.0 380.0 364.0 405.0 386.0 389.0 409.0 394.0 373.0 378.0 393.0 401.0 383.0 387.0 351.0 380.0 375.0 366.0 373.0 371.0 350.0 380.0 363.0 382.0 393.0 403.0 458.0 395.0 370.0
414.0 496.0 418.0 363.0 417.0 441.0 393.0 412.0 435.0 456.0 500.0 480.0 500.0 500.0 360.0 483.0 476.0 32.0 324.0 450.0 477.0 500.0 478.0 299.0 362.0 424.0 453.0 362.0 401.0 417.0 397.0 410.0 442.0 400.0 380.0 415.0 401.0 379.0 438.0 458.0 443.0 404.0 437.0 427.0 385.0 385.0 357.0 426.0 390.0
261.0 257.0 196.0 181.0 190.0 192.0 215.0 278.0 268.0 241.0 211.0 199.0 197.0 216.0 238.0 260.0 274.0 295.0 324.0 306.0 343.0 301.0 275.0 238.0 272.0 312.0 302.0 267.0 261.0 262.0 267.0 266.0 227.0 236.0 243.0 231.0 248.0 236.0 260.0 297.0 261.0 280.0 249.0 217.0 200.0 192.0 239.0 250.0 217.0
286.0 276.0 237.0 228.0 246.0 262.0 286.0 329.0 256.0 277.0 272.0 266.0 255.0 278.0 262.0 244.0 263.0 279.0 259.0 271.0 272.0 280.0 308.0 293.0 290.0 321.0 286.0 301.0 315.0 275.0 290.0 280.0 318.0 276.0 295.0 305.0 339.0 303.0 294.0 303.0 285.0 291.0 303.0 332.0 305.0 291.0 313.0 316.0 298.0
321.0 327.0 342.0 330.0 295.0 312.0 305.0 294.0 286.0 286.0 289.0 328.0 317.0 301.0 309.0 279.0 291.0 315.0 306.0 304.0 306.0 295.0 303.0 314.0 306.0 305.0 314.0 298.0 309.0 324.0 305.0 313.0 306.0 283.0 280.0 291.0 283.0 278.0 280.0 292.0 270.0 275.0 271.0 260.0 268.0 267.0 273.0 268.0 296.0
278.0 269.0 277.0 275.0 276.0 283.0 278.0 275.0 272.0 266.0 277.0 266.0 281.0 286.0 283.0 273.0 278.0 281.0 279.0 277.0 277.0 265.0 275.0 280.0 279.0 274.0 277.0 270.0 295.0 279.0 278.0 278.0 284.0 288.0 274.0 259.0 269.0 272.0 268.0 273.0 277.0 275.0 278.0 303.0 303.0 259.0 290.0 291.0 303.0
300.0 314.0 312.0 318.0 297.0 314.0 302.0 292.0 307.0 333.0 327.0 321.0 344.0 325.0 319.0 334.0 317.0 317.0 322.0 311.0 304.0 284.0 307.0 294.0 314.0 342.0 354.0 350.0 327.0 343.0 325.0 297.0 340.0 334.0 339.0 322.0 335.0 341.0 375.0 370.0 374.0 349.0 324.0 350.0 351.0 372.0 356.0 354.0 337.0
310.0 318.0 321.0 327.0 309.0 332.0 318.0 314.0 318.0 308.0 310.0 312.0 326.0 302.0 301.0 310.0 312.0 310.0 310.0 299.0 450.0 302.0 403.0 359.0 259.0 381.0 245.0 272.0 323.0 431.0 414.0 454.0 391.0 336.0 385.0 355.0 323.0 328.0 326.0 297.0 250.0 280.0 300.0 303.0 303.0 317.0 320.0 332.0 327.0
323.0 321.0 327.0 312.0 325.0 324.0 320.0 331.0 323.0 324.0 328.0 307.0 315.0 319.0 308.0 311.0 318.0 317.0 309.0 308.0 329.0 331.0 314.0 314.0 323.0 214.0 188.0 304.0 166.0 311.0 285.0 305.0 321.0 259.0 302.0 324.0 305.0 292.0 321.0 337.0 339.0 325.0 330.0 355.0 315.0 318.0 348.0 358.0 343.0
325.0 331.0 332.0 328.0 327.0 330.0 333.0 338.0 346.0 338.0 342.0 342.0 345.0 337.0 347.0 333.0 325.0 293.0 345.0 338.0 320.0 340.0 319.0 321.0 351.0 373.0 324.0 190.0 278.0 212.0 233.0 237.0 459.0 179.0 295.0 269.0 282.0 288.0 321.0 336.0 326.0 311.0 316.0 322.0 278.0 307.0 347.0 335.0 333.0
326.0 358.0 361.0 336.0 341.0 356.0 322.0 320.0 373.0 368.0 372.0 344.0 353.0 381.0 359.0 358.0 350.0 344.0 302.0 315.0 322.0 328.0 339.0 323.0 314.0 317.0 333.0 313.0 339.0 363.0 18.0 238.0 287.0 281.0 59.0 208.0 184.0 347.0 425.0 373.0 314.0 356.0 312.0 324.0 306.0 362.0 339.0 345.0 404.0
347.0 364.0 329.0 316.0 347.0 346.0 377.0 328.0 355.0 338.0 350.0 342.0 319.0 327.0 347.0 346.0 334.0 372.0 366.0 351.0 331.0 340.0 120.0 62.0 197.0 162.0 234.0 188.0 273.0 372.0 355.0 463.0 449.0 405.0 326.0 379.0 338.0 348.0 334.0 339.0 323.0 321.0 358.0 387.0 329.0 316.0 321.0 311.0 327.0
295.0 314.0 304.0 302.0 305.0 304.0 319.0 308.0 312.0 310.0 319.0 306.0 316.0 254.0 196.0 144.0 422.0 384.0 260.0 380.0 430.0 453.0 394.0 303.0 346.0 360.0 329.0 350.0 335.0 364.0 325.0 336.0 336.0 327.0 336.0 351.0 351.0 319.0 323.0 347.0 322.0 305.0 304.0 336.0 330.0 330.0 364.0 353.0 337.0
345.0 335.0 351.0 338.0 334.0 342.0 353.0 352.0 366.0 350.0 347.0 347.0 340.0 340.0 335.0 340.0 329.0 336.0 323.0 239.0 218.0 77.0 137.0 174.0 98.0 76.0 309.0 358.0 355.0 395.0 296.0 303.0 322.0 302.0 346.0 392.0 286.0 306.0 323.0 322.0 326.0 359.0 355.0 376.0 342.0 334.0 341.0 349.0 321.0
334.0 366.0 328.0 317.0 326.0 325.0 314.0 361.0 341.0 352.0 335.0 339.0 322.0 313.0 319.0 288.0 311.0 328.0 338.0 346.0 354.0 411.0 402.0 475.0 298.0 389.0 406.0 475.0 475.0 435.0 371.0 399.0 387.0 401.0 347.0 398.0 397.0 370.0 317.0 352.0 316.0 316.0 322.0 347.0 346.0 357.0 309.0 351.0 320.0
359.0 329.0 321.0 345.0 347.0 336.0 342.0 346.0 351.0 336.0 337.0 336.0 349.0 332.0 332.0 353.0 326.0 396.0 377.0 478.0 320.0 358.0 315.0 304.0 329.0 352.0 353.0 350.0 340.0 341.0 360.0 343.0 343.0 340.0 344.0 349.0 345.0 340.0 367.0 341.0 354.0 368.0 339.0 353.0 344.0 324.0 320.0 328.0 313.0
311.0 326.0 307.0 302.0 308.0 326.0 303.0 312.0 322.0 306.0 301.0 299.0 316.0 298.0 304.0 312.0 310.0 315.0 331.0 312.0 310.0 321.0 296.0 284.0 273.0 333.0 114.0 214.0 219.0 239.0 250.0 358.0 367.0 326.0 310.0 315.0 312.0 319.0 321.0 310.0 302.0 302.0 339.0 340.0 323.0 349.0 336.0 338.0 330.0
368.0 348.0 357.0 371.0 364.0 382.0 381.0 345.0 341.0 351.0 360.0 355.0 173.0 196.0 179.0 132.0 33.0 361.0 272.0 400.0 463.0 435.0 422.0 396.0 379.0 315.0 436.0 377.0 426.0 397.0 341.0 251.0 259.0 300.0 326.0 323.0 304.0 333.0 322.0 321.0 344.0 349.0 451.0 245.0 328.0 298.0 303.0 298.0 289.0
306.0 343.0 326.0 331.0 339.0 325.0 330.0 340.0 340.0 330.0 339.0 311.0 343.0 322.0 334.0 332.0 332.0 349.0 341.0 307.0 334.0 341.0 379.0 330.0 347.0 345.0 342.0 323.0 357.0 367.0 357.0 356.0 361.0 350.0 356.0 346.0 338.0 333.0 341.0 340.0 350.0 335.0 340.0 352.0 342.0 360.0 324.0 360.0 346.0
357.0 356.0 361.0 350.0 356.0 346.0 338.0 333.0 341.0 340.0 350.0 335.0 340.0 352.0 342.0 360.0 324.0 360.0 346.0 334.0 380.0 333.0 348.0 356.0 359.0 348.0 348.0 387.0 433.0 444.0 423.0 297.0 224.0 359.0 302.0 351.0 393.0 278.0 305.0 297.0 319.0 343.0 343.0 320.0 328.0 337.0 317.0 330.0 338.0
329.0 332.0 331.0 308.0 312.0 314.0 308.0 305.0 307.0 302.0 291.0 287.0 282.0 311.0 299.0 301.0 371.0 223.0 363.0 374.0 493.0 472.0 446.0 321.0 350.0 425.0 445.0 438.0 419.0 349.0 337.0 348.0 348.0 355.0 344.0 348.0 330.0 343.0 345.0 364.0 342.0 353.0 359.0 355.0 352.0 344.0 350.0 349.0 343.0
340.0 340.0 346.0 352.0 344.0 335.0 338.0 336.0 350.0 341.0 330.0 338.0 328.0 335.0 339.0 327.0 317.0 334.0 339.0 328.0 336.0 341.0 344.0 494.0 431.0 156.0 199.0 242.0 251.0 271.0 298.0 313.0 357.0 339.0 347.0 313.0 340.0 341.0 351.0 342.0 339.0 357.0 356.0 341.0 346.0 341.0 346.0 339.0 348.0
355.0 327.0 356.0 338.0 346.0 341.0 348.0 344.0 339.0 343.0 332.0 345.0 344.0 360.0 348.0 339.0 351.0 360.0 343.0 345.0 360.0 350.0 329.0 235.0 87.0 315.0 364.0 456.0 359.0 382.0 340.0 385.0 309.0 307.0 348.0 371.0 322.0 358.0 365.0 361.0 351.0 366.0 337.0 348.0 347.0 365.0 356.0 372.0 364.0
370.0 367.0 365.0 344.0 346.0 351.0 341.0 379.0 361.0 353.0 357.0 352.0 347.0 355.0 376.0 355.0 347.0 212.0 346.0 322.0 329.0 268.0 392.0 340.0 338.0 283.0 317.0 340.0 391.0 378.0 370.0 383.0 377.0 362.0 360.0 369.0 354.0 370.0 347.0 352.0 357.0 335.0 349.0 358.0 361.0 364.0 378.0 355.0 357.0
261.0 257.0 196.0 181.0 190.0 192.0 215.0 278.0 268.0 241.0 211.0 199.0 197.0 216.0 238.0 260.0 274.0 295.0 324.0 306.0 343.0 301.0 275.0 238.0 272.0 312.0 302.0 267.0 261.0 262.0 267.0 266.0 227.0 236.0 243.0 231.0 248.0 236.0 260.0 297.0 261.0 280.0 249.0 217.0 200.0 192.0 239.0 250.0 217.0
286.0 276.0 237.0 228.0 246.0 262.0 286.0 329.0 256.0 277.0 272.0 266.0 255.0 278.0 262.0 244.0 263.0 279.0 259.0 271.0 272.0 280.0 308.0 293.0 290.0 321.0 286.0 301.0 315.0 275.0 290.0 280.0 318.0 276.0 295.0 305.0 339.0 303.0 294.0 303.0 285.0 291.0 303.0 332.0 305.0 291.0 313.0 316.0 298.0
321.0 327.0 342.0 330.0 295.0 312.0 305.0 294.0 286.0 286.0 289.0 328.0 317.0 301.0 309.0 279.0 291.0 315.0 306.0 304.0 306.0 295.0 303.0 314.0 306.0 305.0 314.0 298.0 309.0 324.0 305.0 313.0 306.0 283.0 280.0 291.0 283.0 278.0 280.0 292.0 270.0 275.0 271.0 260.0 268.0 267.0 273.0 268.0 296.0
278.0 269.0 277.0 275.0 276.0 283.0 278.0 275.0 272.0 266.0 277.0 266.0 281.0 286.0 283.0 273.0 278.0 281.0 279.0 277.0 277.0 265.0 275.0 280.0 279.0 274.0 277.0 270.0 295.0 279.0 278.0 278.0 284.0 288.0 274.0 259.0 269.0 272.0 268.0 273.0 277.0 275.0 278.0 303.0 303.0 259.0 290.0 291.0 303.0
300.0 314.0 312.0 318.0 297.0 314.0 302.0 292.0 307.0 333.0 327.0 321.0 344.0 325.0 319.0 334.0 317.0 317.0 322.0 311.0 304.0 284.0 307.0 294.0 314.0 342.0 354.0 350.0 327.0 343.0 325.0 297.0 340.0 334.0 339.0 322.0 335.0 341.0 375.0 370.0 374.0 349.0 324.0 350.0 351.0 372.0 356.0 354.0 337.0
310.0 318.0 321.0 327.0 309.0 332.0 318.0 314.0 318.0 308.0 310.0 312.0 326.0 302.0 301.0 310.0 312.0 310.0 310.0 299.0 450.0 302.0 403.0 359.0 259.0 381.0 245.0 272.0 323.0 431.0 414.0 454.0 391.0 336.0 385.0 355.0 323.0 328.0 326.0 297.0 250.0 280.0 300.0 303.0 303.0 317.0 320.0 332.0 327.0
323.0 321.0 327.0 312.0 325.0 324.0 320.0 331.0 323.0 324.0 328.0 307.0 315.0 319.0 308.0 311.0 318.0 317.0 309.0 308.0 329.0 331.0 314.0 314.0 323.0 214.0 188.0 304.0 166.0 311.0 285.0 305.0 321.0 259.0 302.0 324.0 305.0 292.0 321.0 337.0 339.0 325.0 330.0 355.0 315.0 318.0 348.0 358.0 343.0
325.0 331.0 332.0 328.0 327.0 330.0 333.0 338.0 346.0 338.0 342.0 342.0 345.0 337.0 347.0 333.0 325.0 293.0 345.0 338.0 320.0 340.0 319.0 321.0 351.0 373.0 324.0 190.0 278.0 212.0 233.0 237.0 459.0 179.0 295.0 269.0 282.0 288.0 321.0 336.0 326.0 311.0 316.0 322.0 278.0 307.0 347.0 335.0 333.0
326.0 358.0 361.0 336.0 341.0 356.0 322.0 320.0 373.0 368.0 372.0 344.0 353.0 381.0 359.0 358.0 350.0 344.0 302.0 315.0 322.0 328.0 339.0 323.0 314.0 317.0 333.0 313.0 339.0 363.0 18.0 238.0 287.0 281.0 59.0 208.0 184.0 347.0 425.0 373.0 314.0 356.0 312.0 324.0 306.0 362.0 339.0 345.0 404.0
347.0 364.0 329.0 316.0 347.0 346.0 377.0 328.0 355.0 338.0 350.0 342.0 319.0 327.0 347.0 346.0 334.0 372.0 366.0 351.0 331.0 340.0 120.0 62.0 197.0 162.0 234.0 188.0 273.0 372.0 355.0 463.0 449.0 405.0 326.0 379.0 338.0 348.0 334.0 339.0 323.0 321.0 358.0 387.0 329.0 316.0 321.0 311.0 327.0
295.0 314.0 304.0 302.0 305.0 304.0 319.0 308.0 312.0 310.0 319.0 306.0 316.0 254.0 196.0 144.0 422.0 384.0 260.0 380.0 430.0 453.0 394.0 303.0 346.0 360.0 329.0 350.0 335.0 364.0 325.0 336.0 336.0 327.0 336.0 351.0 351.0 319.0 323.0 347.0 322.0 305.0 304.0 336.0 330.0 330.0 364.0 353.0 337.0
345.0 335.0 351.0 338.0 334.0 342.0 353.0 352.0 366.0 350.0 347.0 347.0 340.0 340.0 335.0 340.0 329.0 336.0 323.0 239.0 218.0 77.0 137.0 174.0 98.0 76.0 309.0 358.0 355.0 395.0 296.0 303.0 322.0 302.0 346.0 392.0 286.0 306.0 323.0 322.0 326.0 359.0 355.0 376.0 342.0 334.0 341.0 349.0 321.0
334.0 366.0 328.0 317.0 326.0 325.0 314.0 361.0 341.0 352.0 335.0 339.0 322.0 313.0 319.0 288.0 311.0 328.0 338.0 346.0 354.0 411.0 402.0 475.0 298.0 389.0 406.0 475.0 475.0 435.0 371.0 399.0 387.0 401.0 347.0 398.0 397.0 370.0 317.0 352.0 316.0 316.0 322.0 347.0 346.0 357.0 309.0 351.0 320.0
359.0 329.0 321.0 345.0 347.0 336.0 342.0 346.0 351.0 336.0 337.0 336.0 349.0 332.0 332.0 353.0 326.0 396.0 377.0 478.0 320.0 358.0 315.0 304.0 329.0 352.0 353.0 350.0 340.0 341.0 360.0 343.0 343.0 340.0 344.0 349.0 345.0 340.0 367.0 341.0 354.0 368.0 339.0 353.0 344.0 324.0 320.0 328.0 313.0
311.0 326.0 307.0 302.0 308.0 326.0 303.0 312.0 322.0 306.0 301.0 299.0 316.0 298.0 304.0 312.0 310.0 315.0 331.0 312.0 310.0 321.0 296.0 284.0 273.0 333.0 114.0 214.0 219.0 239.0 250.0 358.0 367.0 326.0 310.0 315.0 312.0 319.0 321.0 310.0 302.0 302.0 339.0 340.0 323.0 349.0 336.0 338.0 330.0
368.0 348.0 357.0 371.0 364.0 382.0 381.0 345.0 341.0 351.0 360.0 355.0 173.0 196.0 179.0 132.0 33.0 361.0 272.0 400.0 463.0 435.0 422.0 396.0 379.0 315.0 436.0 377.0 426.0 397.0 341.0 251.0 259.0 300.0 326.0 323.0 304.0 333.0 322.0 321.0 344.0 349.0 451.0 245.0 328.0 298.0 303.0 298.0 289.0
306.0 343.0 326.0 331.0 339.0 325.0 330.0 340.0 340.0 330.0 339.0 311.0 343.0 322.0 334.0 332.0 332.0 349.0 341.0 307.0 334.0 341.0 379.0 330.0 347.0 345.0 342.0 323.0 357.0 367.0 357.0 356.0 361.0 350.0 356.0 346.0 338.0 333.0 341.0 340.0 350.0 335.0 340.0 352.0 342.0 360.0 324.0 360.0 346.0
357.0 356.0 361.0 350.0 356.0 346.0 338.0 333.0 341.0 340.0 350.0 335.0 340.0 352.0 342.0 360.0 324.0 360.0 346.0 334.0 380.0 333.0 348.0 356.0 359.0 348.0 348.0 387.0 433.0 444.0 423.0 297.0 224.0 359.0 302.0 351.0 393.0 278.0 305.0 297.0 319.0 343.0 343.0 320.0 328.0 337.0 317.0 330.0 338.0
329.0 332.0 331.0 308.0 312.0 314.0 308.0 305.0 307.0 302.0 291.0 287.0 282.0 311.0 299.0 301.0 371.0 223.0 363.0 374.0 493.0 472.0 446.0 321.0 350.0 425.0 445.0 438.0 419.0 349.0 337.0 348.0 348.0 355.0 344.0 348.0 330.0 343.0 345.0 364.0 342.0 353.0 359.0 355.0 352.0 344.0 350.0 349.0 343.0
340.0 340.0 346.0 352.0 344.0 335.0 338.0 336.0 350.0 341.0 330.0 338.0 328.0 335.0 339.0 327.0 317.0 334.0 339.0 328.0 336.0 341.0 344.0 494.0 431.0 156.0 199.0 242.0 251.0 271.0 298.0 313.0 357.0 339.0 347.0 313.0 340.0 341.0 351.0 342.0 339.0 357.0 356.0 341.0 346.0 341.0 346.0 339.0 348.0
355.0 327.0 356.0 338.0 346.0 341.0 348.0 344.0 339.0 343.0 332.0 345.0 344.0 360.0 348.0 339.0 351.0 360.0 343.0 345.0 360.0 350.0 329.0 235.0 87.0 315.0 364.0 456.0 359.0 382.0 340.0 385.0 309.0 307.0 348.0 371.0 322.0 358.0 365.0 361.0 351.0 366.0 337.0 348.0 347.0 365.0 356.0 372.0 364.0
370.0 367.0 365.0 344.0 346.0 351.0 341.0 379.0 361.0 353.0 357.0 352.0 347.0 355.0 376.0 355.0 347.0 212.0 346.0 322.0 329.0 268.0 392.0 340.0 338.0 283.0 317.0 340.0 391.0 378.0 370.0 383.0 377.0 362.0 360.0 369.0 354.0 370.0 347.0 352.0 357.0 335.0 349.0 358.0 361.0 364.0 378.0 355.0 357.0
378.0 355.0 357.0 353.0 365.0 353.0 347.0 349.0 345.0 359.0 344.0 346.0 336.0 334.0 355.0 337.0 346.0 346.0 351.0 386.0 110.0 227.0 325.0 452.0 405.0 383.0 315.0 340.0 394.0 317.0 328.0 405.0 375.0 396.0 381.0 358.0 389.0 403.0 371.0 347.0 367.0 363.0 368.0 388.0 344.0 357.0 342.0 341.0 349.0
344.0 354.0 366.0 358.0 363.0 352.0 345.0 348.0 365.0 372.0 356.0 361.0 359.0 352.0 357.0 342.0 366.0 350.0 347.0 348.0 346.0 351.0 500.0 293.0 154.0 204.0 256.0 377.0 393.0 419.0 444.0 422.0 444.0 377.0 338.0 345.0 341.0 350.0 361.0 369.0 357.0 369.0 360.0 366.0 369.0 355.0 351.0 368.0 322.0
315.0 322.0 335.0 343.0 342.0 340.0 342.0 369.0 346.0 359.0 361.0 349.0 352.0 359.0 334.0 344.0 335.0 348.0 360.0 331.0 359.0 351.0 358.0 367.0 343.0 384.0 500.0 298.0 267.0 375.0 346.0 317.0 348.0 356.0 336.0 351.0 352.0 345.0 348.0 354.0 332.0 344.0 354.0 341.0 357.0 364.0 350.0 372.0 358.0
346.0 340.0 350.0 324.0 357.0 363.0 341.0 341.0 340.0 344.0 371.0 319.0 476.0 220.0 358.0 500.0 365.0 265.0 255.0 396.0 496.0 473.0 265.0 320.0 355.0 255.0 401.0 383.0 375.0 342.0 385.0 368.0 370.0 371.0 351.0 370.0 389.0 390.0 369.0 347.0 365.0 368.0 361.0 340.0 362.0 329.0 372.0 350.0 307.0
336.0 333.0 351.0 351.0 371.0 355.0 339.0 357.0 355.0 348.0 343.0 344.0 349.0 341.0 308.0 294.0 357.0 323.0 327.0 338.0 329.0 346.0 500.0 288.0 242.0 259.0 319.0 342.0 392.0 387.0 384.0 374.0 343.0 336.0 389.0 357.0 331.0 365.0 358.0 345.0 349.0 367.0 359.0 378.0 363.0 350.0 338.0 391.0 362.0
308.0 330.0 297.0 314.0 303.0 295.0 280.0 298.0 260.0 274.0 328.0 419.0 295.0 320.0 335.0 341.0 434.0 372.0 66.0 289.0 500.0 383.0 395.0 363.0 348.0 350.0 346.0 367.0 337.0 319.0 338.0 325.0 349.0 314.0 330.0 352.0 368.0 349.0 350.0 358.0 358.0 360.0 317.0 363.0 355.0 333.0 292.0 321.0 320.0
328.0 345.0 328.0 343.0 333.0 355.0 339.0 323.0 320.0 342.0 393.0 325.0 365.0 318.0 327.0 362.0 398.0 385.0 193.0 298.0 259.0 348.0 347.0 295.0 355.0 363.0 358.0 347.0 345.0 372.0 357.0 362.0 377.0 363.0 416.0 341.0 343.0 385.0 371.0 375.0 389.0 381.0 358.0 359.0 358.0 394.0 334.0 346.0 410.0
370.0 351.0 368.0 375.0 363.0 395.0 376.0 364.0 349.0 326.0 327.0 362.0 341.0 363.0 345.0 368.0 331.0 340.0 335.0 331.0 337.0 342.0 500.0 460.0 459.0 316.0 371.0 359.0 274.0 286.0 289.0 302.0 298.0 336.0 335.0 302.0 323.0 336.0 334.0 324.0 324.0 332.0 348.0 355.0 336.0 332.0 335.0 344.0 360.0
350.0 369.0 362.0 353.0 341.0 348.0 344.0 356.0 351.0 362.0 338.0 348.0 370.0 334.0 334.0 352.0 382.0 376.0 367.0 379.0 474.0 170.0 391.0 500.0 351.0 493.0 422.0 473.0 382.0 338.0 356.0 386.0 394.0 395.0 363.0 355.0 367.0 351.0 348.0 351.0 346.0 343.0 392.0 350.0 374.0 369.0 367.0 367.0 368.0
339.0 344.0 359.0 359.0 371.0 350.0 334.0 346.0 361.0 359.0 366.0 366.0 348.0 373.0 469.0 217.0 208.0 326.0 374.0 286.0 344.0 420.0 343.0 368.0 396.0 394.0 415.0 374.0 367.0 369.0 385.0 350.0 358.0 347.0 370.0 361.0 359.0 370.0 384.0 353.0 369.0 338.0 382.0 398.0 382.0 373.0 372.0 340.0 335.0
361.0 355.0 351.0 347.0 308.0 329.0 338.0 348.0 346.0 341.0 332.0 348.0 340.0 346.0 500.0 500.0 500.0 131.0 438.0 387.0 361.0 331.0 418.0 385.0 365.0 337.0 361.0 386.0 353.0 345.0 355.0 366.0 359.0 338.0 335.0 368.0 397.0 317.0 362.0 372.0 377.0 386.0 381.0 243.0 375.0 387.0 326.0 351.0 371.0
339.0 348.0 365.0 363.0 364.0 360.0 358.0 364.0 364.0 387.0 379.0 400.0 400.0 395.0 386.0 386.0 367.0 379.0 368.0 369.0 392.0 370.0 109.0 16.0 228.0 351.0 408.0 463.0 382.0 362.0 379.0 378.0 409.0 395.0 385.0 411.0 409.0 380.0 370.0 377.0 348.0 363.0 388.0 331.0 349.0 365.0 348.0 382.0 375.0
337.0 335.0 306.0 295.0 328.0 371.0 366.0 336.0 341.0 354.0 367.0 342.0 332.0 332.0 336.0 363.0 146.0 46.0 286.0 222.0 314.0 416.0 420.0 387.0 347.0 361.0 322.0 308.0 373.0 356.0 350.0 361.0 353.0 329.0 363.0 352.0 340.0 359.0 362.0 340.0 339.0 341.0 342.0 326.0 353.0 351.0 355.0 376.0 396.0
300.0 297.0 143.0 274.0 239.0 226.0 273.0 262.0 284.0 262.0 287.0 298.0 293.0 290.0 385.0 163.0 354.0 285.0 332.0 326.0 334.0 346.0 368.0 335.0 368.0 377.0 386.0 383.0 388.0 392.0 394.0 402.0 389.0 354.0 346.0 325.0 326.0 310.0 300.0 325.0 336.0 331.0 312.0 317.0 325.0 330.0 314.0 329.0 341.0
326.0 310.0 300.0 325.0 336.0 331.0 312.0 317.0 325.0 330.0 314.0 329.0 341.0 326.0 320.0 185.0 288.0 441.0 406.0 441.0 412.0 385.0 340.0 331.0 319.0 329.0 322.0 342.0 332.0 327.0 324.0 311.0 324.0 345.0 314.0 331.0 321.0 328.0 312.0 315.0 323.0 317.0 318.0 315.0 315.0 323.0 327.0 321.0 336.0
356.0 348.0 336.0 357.0 343.0 348.0 353.0 332.0 343.0 339.0 332.0 333.0 331.0 334.0 116.0 224.0 221.0 278.0 312.0 448.0 300.0 448.0 448.0 448.0 448.0 432.0 330.0 365.0 337.0 301.0 277.0 343.0 314.0 335.0 370.0 376.0 392.0 390.0 349.0 333.0 328.0 328.0 325.0 335.0 327.0 327.0 331.0 339.0 318.0
323.0 327.0 322.0 323.0 308.0 312.0 319.0 335.0 328.0 317.0 312.0 323.0 306.0 304.0 243.0 78.0 167.0 174.0 170.0 211.0 330.0 380.0 443.0 395.0 437.0 432.0 361.0 393.0 349.0 328.0 330.0 337.0 330.0 321.0 321.0 323.0 348.0 334.0 320.0 326.0 327.0 312.0 337.0 341.0 318.0 307.0 318.0 343.0 315.0
324.0 323.0 316.0 341.0 321.0 313.0 328.0 334.0 334.0 347.0 333.0 310.0 310.0 315.0 339.0 313.0 315.0 325.0 96.0 357.0 454.0 454.0 432.0 454.0 454.0 454.0 454.0 445.0 395.0 326.0 385.0 365.0 320.0 356.0 335.0 336.0 321.0 338.0 327.0 332.0 348.0 316.0 332.0 418.0 343.0 360.0 338.0 330.0 322.0
300.0 293.0 309.0 320.0 315.0 326.0 327.0 334.0 338.0 327.0 334.0 332.0 331.0 344.0 328.0 314.0 323.0 338.0 330.0 325.0 320.0 332.0 327.0 323.0 328.0 73.0 397.0 436.0 458.0 458.0 458.0 352.0 393.0 311.0 310.0 324.0 355.0 400.0 347.0 329.0 321.0 326.0 374.0 325.0 319.0 376.0 336.0 330.0 334.0
330.0 334.0 358.0 358.0 348.0 361.0 353.0 369.0 337.0 348.0 339.0 342.0 353.0 358.0 362.0 348.0 331.0 322.0 65.0 389.0 406.0 460.0 388.0 384.0 366.0 365.0 323.0 372.0 354.0 333.0 364.0 358.0 365.0 352.0 342.0 354.0 365.0 346.0 337.0 364.0 377.0 347.0 363.0 314.0 380.0 387.0 342.0 348.0 354.0
342.0 379.0 361.0 316.0 366.0 381.0 371.0 367.0 359.0 363.0 341.0 346.0 372.0 347.0 353.0 340.0 315.0 368.0 332.0 327.0 331.0 362.0 402.0 359.0 344.0 327.0 318.0 330.0 349.0 345.0 351.0 345.0 318.0 352.0 369.0 346.0 330.0 331.0 342.0 346.0 345.0 386.0 430.0 397.0 405.0 421.0 407.0 356.0 266.0
346.0 373.0 367.0 357.0 329.0 306.0 357.0 348.0 359.0 329.0 411.0 397.0 330.0 363.0 369.0 379.0 343.0 352.0 373.0 365.0 217.0 96.0 471.0 471.0 471.0 385.0 409.0 395.0 377.0 350.0 329.0 329.0 338.0 357.0 365.0 353.0 362.0 335.0 374.0 369.0 363.0 381.0 399.0 342.0 337.0 349.0 334.0 367.0 335.0
376.0 308.0 317.0 331.0 375.0 340.0 379.0 308.0 321.0 357.0 378.0 358.0 399.0 355.0 359.0 355.0 158.0 193.0 475.0 338.0 363.0 379.0 342.0 373.0 343.0 333.0 346.0 322.0 335.0 328.0 373.0 365.0 335.0 330.0 321.0 345.0 376.0 428.0 341.0 382.0 373.0 363.0 362.0 385.0 390.0 364.0 392.0 402.0 407.0
281.0 271.0 282.0 350.0 369.0 374.0 353.0 356.0 371.0 354.0 355.0 364.0 360.0 342.0 327.0 382.0 369.0 355.0 369.0 369.0 355.0 361.0 379.0 372.0 360.0 344.0 373.0 357.0 371.0 353.0 347.0 366.0 375.0 357.0 380.0 406.0 369.0 381.0 377.0 430.0 430.0 343.0 418.0 352.0 366.0 365.0 481.0 390.0 381.0
360.0 372.0 417.0 391.0 378.0 401.0 389.0 404.0 406.0 390.0 401.0 384.0 391.0 365.0 357.0 398.0 389.0 380.0 370.0 380.0 385.0 195.0 494.0 368.0 494.0 483.0 375.0 427.0 365.0 362.0 385.0 397.0 397.0 380.0 364.0 374.0 371.0 350.0 371.0 380.0 349.0 426.0 420.0 375.0 356.0 344.0 355.0 360.0 342.0
383.0 391.0 380.0 374.0 369.0 391.0 385.0 376.0 389.0 394.0 372.0 390.0 385.0 373.0 343.0 331.0 35.0 331.0 359.0 381.0 374.0 410.0 500.0 500.0 454.0 500.0 388.0 447.0 399.0 396.0 428.0 384.0 370.0 391.0 392.0 313.0 287.0 339.0 407.0 331.0 384.0 364.0 393.0 382.0 388.0 375.0 371.0 365.0 384.0
397.0 381.0 391.0 391.0 394.0 410.0 404.0 406.0 381.0 383.0 374.0 377.0 381.0 371.0 357.0 372.0 368.0 113.0 362.0 275.0 450.0 369.0 435.0 500.0 389.0 374.0 401.0 364.0 426.0 406.0 493.0 491.0 421.0 346.0 387.0 344.0 379.0 360.0 378.0 359.0 342.0 341.0 371.0 395.0 414.0 369.0 364.0 362.0 398.0
406.0 422.0 419.0 421.0 449.0 442.0 413.0 384.0 379.0 385.0 352.0 370.0 382.0 400.0 311.0 500.0 331.0 493.0 500.0 431.0 428.0 419.0 418.0 388.0 409.0 407.0 393.0 421.0 394.0 377.0 385.0 398.0 380.0 403.0 393.0 372.0 396.0 382.0 424.0 386.0 412.0 439.0 378.0 436.0 369.0 500.0 383.0 363.0 487.0
428.0 399.0 423.0 411.0 432.0 408.0 404.0 399.0 383.0 376.0 422.0 392.0 376.0 404.0 439.0 394.0 415.0 395.0 386.0 91.0 336.0 440.0 500.0 450.0 341.0 414.0 431.0 420.0 401.0 360.0 345.0 351.0 379.0 367.0 363.0 357.0 381.0 379.0 370.0 363.0 338.0 366.0 375.0 363.0 361.0 373.0 388.0 390.0 354.0
381.0 393.0 400.0 380.0 374.0 392.0 383.0 397.0 404.0 399.0 429.0 421.0 368.0 388.0 392.0 56.0 419.0 500.0 500.0 453.0 447.0 380.0 364.0 405.0 386.0 389.0 409.0 394.0 373.0 378.0 393.0 401.0 383.0 387.0 351.0 380.0 375.0 366.0 373.0 371.0 350.0 380.0 363.0 382.0 393.0 403.0 458.0 395.0 370.0
414.0 496.0 418.0 363.0 417.0 441.0 393.0 412.0 435.0 456.0 500.0 480.0 500.0 500.0 360.0 483.0 476.0 32.0 324.0 450.0 477.0 500.0 478.0 299.0 362.0 424.0 453.0 362.0 401.0 417.0 397.0 410.0 442.0 400.0 380.0 415.0 401.0 379.0 438.0 458.0 443.0 404.0 437.0 427.0 385.0 385.0 357.0 426.0 390.0
261.0 257.0 196.0 181.0 190.0 192.0 215.0 278.0 268.0 241.0 211.0 199.0 197.0 216.0 238.0 260.0 274.0 295.0 324.0 306.0 343.0 301.0 275.0 238.0 272.0 312.0 302.0 267.0 261.0 262.0 267.0 266.0 227.0 236.0 243.0 231.0 248.0 236.0 260.0 297.0 261.0 280.0 249.0 217.0 200.0 192.0 239.0 250.0 217.0
286.0 276.0 237.0 228.0 246.0 262.0 286.0 329.0 256.0 277.0 272.0 266.0 255.0 278.0 262.0 244.0 263.0 279.0 259.0 271.0 272.0 280.0 308.0 293.0 290.0 321.0 286.0 301.0 315.0 275.0 290.0 280.0 318.0 276.0 295.0 305.0 339.0 303.0 294.0 303.0 285.0 291.0 303.0 332.0 305.0 291.0 313.0 316.0 298.0
321.0 327.0 342.0 330.0 295.0 312.0 305.0 294.0 286.0 286.0 289.0 328.0 317.0 301.0 309.0 279.0 291.0 315.0 306.0 304.0 306.0 295.0 303.0 314.0 306.0 305.0 314.0 298.0 309.0 324.0 305.0 313.0 306.0 283.0 280.0 291.0 283.0 278.0 280.0 292.0 270.0 275.0 271.0 260.0 268.0 267.0 273.0 268.0 296.0
278.0 269.0 277.0 275.0 276.0 283.0 278.0 275.0 272.0 266.0 277.0 266.0 281.0 286.0 283.0 273.0 278.0 281.0 279.0 277.0 277.0 265.0 275.0 280.0 279.0 274.0 277.0 270.0 295.0 279.0 278.0 278.0 284.0 288.0 274.0 259.0 269.0 272.0 268.0 273.0 277.0 275.0 278.0 303.0 303.0 259.0 290.0 291.0 303.0
300.0 314.0 312.0 318.0 297.0 314.0 302.0 292.0 307.0 333.0 327.0 321.0 344.0 325.0 319.0 334.0 317.0 317.0 322.0 311.0 304.0 284.0 307.0 294.0 314.0 342.0 354.0 350.0 327.0 343.0 325.0 297.0 340.0 334.0 339.0 322.0 335.0 341.0 375.0 370.0 374.0 349.0 324.0 350.0 351.0 372.0 356.0 354.0 337.0
310.0 318.0 321.0 327.0 309.0 332.0 318.0 314.0 318.0 308.0 310.0 312.0 326.0 302.0 301.0 310.0 312.0 310.0 310.0 299.0 450.0 302.0 403.0 359.0 259.0 381.0 245.0 272.0 323.0 431.0 414.0 454.0 391.0 336.0 385.0 355.0 323.0 328.0 326.0 297.0 250.0 280.0 300.0 303.0 303.0 317.0 320.0 332.0 327.0
323.0 321.0 327.0 312.0 325.0 324.0 320.0 331.0 323.0 324.0 328.0 307.0 315.0 319.0 308.0 311.0 318.0 317.0 309.0 308.0 329.0 331.0 314.0 314.0 323.0 214.0 188.0 304.0 166.0 311.0 285.0 305.0 321.0 259.0 302.0 324.0 305.0 292.0 321.0 337.0 339.0 325.0 330.0 355.0 315.0 318.0 348.0 358.0 343.0
325.0 331.0 332.0 328.0 327.0 330.0 333.0 338.0 346.0 338.0 342.0 342.0 345.0 337.0 347.0 333.0 325.0 293.0 345.0 338.0 320.0 340.0 319.0 321.0 351.0 373.0 324.0 190.0 278.0 212.0 233.0 237.0 459.0 179.0 295.0 269.0 282.0 288.0 321.0 336.0 326.0 311.0 316.0 322.0 278.0 307.0 347.0 335.0 333.0
326.0 358.0 361.0 336.0 341.0 356.0 322.0 320.0 373.0 368.0 372.0 344.0 353.0 381.0 359.0 358.0 350.0 344.0 302.0 315.0 322.0 328.0 339.0 323.0 314.0 317.0 333.0 313.0 339.0 363.0 18.0 238.0 287.0 281.0 59.0 208.0 184.0 347.0 425.0 373.0 314.0 356.0 312.0 324.0 306.0 362.0 339.0 345.0 404.0
347.0 364.0 329.0 316.0 347.0 346.0 377.0 328.0 355.0 338.0 350.0 342.0 319.0 327.0 347.0 346.0 334.0 372.0 366.0 351.0 331.0 340.0 120.0 62.0 197.0 162.0 234.0 188.0 273.0 372.0 355.0 463.0 449.0 405.0 326.0 379.0 338.0 348.0 334.0 339.0 323.0 321.0 358.0 387.0 329.0 316.0 321.0 311.0 327.0
295.0 314.0 304.0 302.0 305.0 304.0 319.0 308.0 312.0 310.0 319.0 306.0 316.0 254.0 196.0 144.0 422.0 384.0 260.0 380.0 430.0 453.0 394.0 303.0 346.0 360.0 329.0 350.0 335.0 364.0 325.0 336.0 336.0 327.0 336.0 351.0 351.0 319.0 323.0 347.0 322.0 305.0 304.0 336.0 330.0 330.0 364.0 353.0 337.0
345.0 335.0 351.0 338.0 334.0 342.0 353.0 352.0 366.0 350.0 347.0 347.0 340.0 340.0 335.0 340.0 329.0 336.0 323.0 239.0 218.0 77.0 137.0 174.0 98.0 76.0 309.0 358.0 355.0 395.0 296.0 303.0 322.0 302.0 346.0 392.0 286.0 306.0 323.0 322.0 326.0 359.0 355.0 376.0 342.0 334.0 341.0 349.0 321.0
334.0 366.0 328.0 317.0 326.0 325.0 314.0 361.0 341.0 352.0 335.0 339.0 322.0 313.0 319.0 288.0 311.0 328.0 338.0 346.0 354.0 411.0 402.0 475.0 298.0 389.0 406.0 475.0 475.0 435.0 371.0 399.0 387.0 401.0 347.0 398.0 397.0 370.0 317.0 352.0 316.0 316.0 322.0 347.0 346.0 357.0 309.0 351.0 320.0
359.0 329.0 321.0 345.0 347.0 336.0 342.0 346.0 351.0 336.0 337.0 336.0 349.0 332.0 332.0 353.0 326.0 396.0 377.0 478.0 320.0 358.0 315.0 304.0 329.0 352.0 353.0 350.0 340.0 341.0 360.0 343.0 343.0 340.0 344.0 349.0 345.0 340.0 367.0 341.0 354.0 368.0 339.0 353.0 344.0 324.0 320.0 328.0 313.0
311.0 326.0 307.0 302.0 308.0 326.0 303.0 312.0 322.0 306.0 301.0 299.0 316.0 298.0 304.0 312.0 310.0 315.0 331.0 312.0 310.0 321.0 296.0 284.0 273.0 333.0 114.0 214.0 219.0 239.0 250.0 358.0 367.0 326.0 310.0 315.0 312.0 319.0 321.0 310.0 302.0 302.0 339.0 340.0 323.0 349.0 336.0 338.0 330.0
368.0 348.0 357.0 371.0 364.0 382.0 381.0 345.0 341.0 351.0 360.0 355.0 173.0 196.0 179.0 132.0 33.0 361.0 272.0 400.0 463.0 435.0 422.0 396.0 379.0 315.0 436.0 377.0 426.0 397.0 341.0 251.0 259.0 300.0 326.0 323.0 304.0 333.0 322.0 321.0 344.0 349.0 451.0 245.0 328.0 298.0 303.0 298.0 289.0
306.0 343.0 326.0 331.0 339.0 325.0 330.0 340.0 340.0 330.0 339.0 311.0 343.0 322.0 334.0 332.0 332.0 349.0 341.0 307.0 334.0 341.0 379.0 330.0 347.0 345.0 342.0 323.0 357.0 367.0 357.0 356.0 361.0 350.0 356.0 346.0 338.0 333.0 341.0 340.0 350.0 335.0 340.0 352.0 342.0 360.0 324.0 360.0 346.0
357.0 356.0 361.0 350.0 356.0 346.0 338.0 333.0 341.0 340.0 350.0 335.0 340.0 352.0 342.0 360.0 324.0 360.0 346.0 334.0 380.0 333.0 348.0 356.0 359.0 348.0 348.0 387.0 433.0 444.0 423.0 297.0 224.0 359.0 302.0 351.0 393.0 278.0 305.0 297.0 319.0 343.0 343.0 320.0 328.0 337.0 317.0 330.0 338.0
329.0 332.0 331.0 308.0 312.0 314.0 308.0 305.0 307.0 302.0 291.0 287.0 282.0 311.0 299.0 301.0 371.0 223.0 363.0 374.0 493.0 472.0 446.0 321.0 350.0 425.0 445.0 438.0 419.0 349.0 337.0 348.0 348.0 355.0 344.0 348.0 330.0 343.0 345.0 364.0 342.0 353.0 359.0 355.0 352.0 344.0 350.0 349.0 343.0
340.0 340.0 346.0 352.0 344.0 335.0 338.0 336.0 350.0 341.0 330.0 338.0 328.0 335.0 339.0 327.0 317.0 334.0 339.0 328.0 336.0 341.0 344.0 494.0 431.0 156.0 199.0 242.0 251.0 271.0 298.0 313.0 357.0 339.0 347.0 313.0 340.0 341.0 351.0 342.0 339.0 357.0 356.0 341.0 346.0 341.0 346.0 339.0 348.0
355.0 327.0 356.0 338.0 346.0 341.0 348.0 344.0 339.0 343.0 332.0 345.0 344.0 360.0 348.0 339.0 351.0 360.0 343.0 345.0 360.0 350.0 329.0 235.0 87.0 315.0 364.0 456.0 359.0 382.0 340.0 385.0 309.0 307.0 348.0 371.0 322.0 358.0 365.0 361.0 351.0 366.0 337.0 348.0 347.0 365.0 356.0 372.0 364.0
370.0 367.0 365.0 344.0 346.0 351.0 341.0 379.0 361.0 353.0 357.0 352.0 347.0 355.0 376.0 355.0 347.0 212.0 346.0 322.0 329.0 268.0 392.0 340.0 338.0 283.0 317.0 340.0 391.0 378.0 370.0 383.0 377.0 362.0 360.0 369.0 354.0 370.0 347.0 352.0 357.0 335.0 349.0 358.0 361.0 364.0 378.0 355.0 357.0
378.0 355.0 357.0 353.0 365.0 353.0 347.0 349.0 345.0 359.0 344.0 346.0 336.0 334.0 355.0 337.0 346.0 346.0 351.0 386.0 110.0 227.0 325.0 452.0 405.0 383.0 315.0 340.0 394.0 317.0 328.0 405.0 375.0 396.0 381.0 358.0 389.0 403.0 371.0 347.0 367.0 363.0 368.0 388.0 344.0 357.0 342.0 341.0 349.0
344.0 354.0 366.0 358.0 363.0 352.0 345.0 348.0 365.0 372.0 356.0 361.0 359.0 352.0 357.0 342.0 366.0 350.0 347.0 348.0 346.0 351.0 500.0 293.0 154.0 204.0 256.0 377.0 393.0 419.0 444.0 422.0 444.0 377.0 338.0 345.0 341.0 350.0 361.0 369.0 357.0 369.0 360.0 366.0 369.0 355.0 351.0 368.0 322.0
315.0 322.0 335.0 343.0 342.0 340.0 342.0 369.0 346.0 359.0 361.0 349.0 352.0 359.0 334.0 344.0 335.0 348.0 360.0 331.0 359.0 351.0 358.0 367.0 343.0 384.0 500.0 298.0 267.0 375.0 346.0 317.0 348.0 356.0 336.0 351.0 352.0 345.0 348.0 354.0 332.0 344.0 354.0 341.0 357.0 364.0 350.0 372.0 358.0
346.0 340.0 350.0 324.0 357.0 363.0 341.0 341.0 340.0 344.0 371.0 319.0 476.0 220.0 358.0 500.0 365.0 265.0 255.0 396.0 496.0 473.0 265.0 320.0 355.0 255.0 401.0 383.0 375.0 342.0 385.0 368.0 370.0 371.0 351.0 370.0 389.0 390.0 369.0 347.0 365.0 368.0 361.0 340.0 362.0 329.0 372.0 350.0 307.0
336.0 333.0 351.0 351.0 371.0 355.0 339.0 357.0 355.0 348.0 343.0 344.0 349.0 341.0 308.0 294.0 357.0 323.0 327.0 338.0 329.0 346.0 500.0 288.0 242.0 259.0 319.0 342.0 392.0 387.0 384.0 374.0 343.0 336.0 389.0 357.0 331.0 365.0 358.0 345.0 349.0 367.0 359.0 378.0 363.0 350.0 338.0 391.0 362.0
308.0 330.0 297.0 314.0 303.0 295.0 280.0 298.0 260.0 274.0 328.0 419.0 295.0 320.0 335.0 341.0 434.0 372.0 66.0 289.0 500.0 383.0 395.0 363.0 348.0 350.0 346.0 367.0 337.0 319.0 338.0 325.0 349.0 314.0 330.0 352.0 368.0 349.0 350.0 358.0 358.0 360.0 317.0 363.0 355.0 333.0 292.0 321.0 320.0
328.0 345.0 328.0 343.0 333.0 355.0 339.0 323.0 320.0 342.0 393.0 325.0 365.0 318.0 327.0 362.0 398.0 385.0 193.0 298.0 259.0 348.0 347.0 295.0 355.0 363.0 358.0 347.0 345.0 372.0 357.0 362.0 377.0 363.0 416.0 341.0 343.0 385.0 371.0 375.0 389.0 381.0 358.0 359.0 358.0 394.0 334.0 346.0 410.0
370.0 351.0 368.0 375.0 363.0 395.0 376.0 364.0 349.0 326.0 327.0 362.0 341.0 363.0 345.0 368.0 331.0 340.0 335.0 331.0 337.0 342.0 500.0 460.0 459.0 316.0 371.0 359.0 274.0 286.0 289.0 302.0 298.0 336.0 335.0 302.0 323.0 336.0 334.0 324.0 324.0 332.0 348.0 355.0 336.0 332.0 335.0 344.0 360.0
350.0 369.0 362.0 353.0 341.0 348.0 344.0 356.0 351.0 362.0 338.0 348.0 370.0 334.0 334.0 352.0 382.0 376.0 367.0 379.0 474.0 170.0 391.0 500.0 351.0 493.0 422.0 473.0 382.0 338.0 356.0 386.0 394.0 395.0 363.0 355.0 367.0 351.0 348.0 351.0 346.0 343.0 392.0 350.0 374.0 369.0 367.0 367.0 368.0
339.0 344.0 359.0 359.0 371.0 350.0 334.0 346.0 361.0 359.0 366.0 366.0 348.0 373.0 469.0 217.0 208.0 326.0 374.0 286.0 344.0 420.0 343.0 368.0 396.0 394.0 415.0 374.0 367.0 369.0 385.0 350.0 358.0 347.0 370.0 361.0 359.0 370.0 384.0 353.0 369.0 338.0 382.0 398.0 382.0 373.0 372.0 340.0 335.0
361.0 355.0 351.0 347.0 308.0 329.0 338.0 348.0 346.0 341.0 332.0 348.0 340.0 346.0 500.0 500.0 500.0 131.0 438.0 387.0 361.0 331.0 418.0 385.0 365.0 337.0 361.0 386.0 353.0 345.0 355.0 366.0 359.0 338.0 335.0 368.0 397.0 317.0 362.0 372.0 377.0 386.0 381.0 243.0 375.0 387.0 326.0 351.0 371.0
339.0 348.0 365.0 363.0 364.0 360.0 358.0 364.0 364.0 387.0 379.0 400.0 400.0 395.0 386.0 386.0 367.0 379.0 368.0 369.0 392.0 370.0 109.0 16.0 228.0 351.0 408.0 463.0 382.0 362.0 379.0 378.0 409.0 395.0 385.0 411.0 409.0 380.0 370.0 377.0 348.0 363.0 388.0 331.0 349.0 365.0 348.0 382.0 375.0
337.0 335.0 306.0 295.0 328.0 371.0 366.0 336.0 341.0 354.0 367.0 342.0 332.0 332.0 336.0 363.0 146.0 46.0 286.0 222.0 314.0 416.0 420.0 387.0 347.0 361.0 322.0 308.0 373.0 356.0 350.0 361.0 353.0 329.0 363.0 352.0 340.0 359.0 362.0 340.0 339.0 341.0 342.0 326.0 353.0 351.0 355.0 376.0 396.0
300.0 297.0 143.0 274.0 239.0 226.0 273.0 262.0 284.0 262.0 287.0 298.0 293.0 290.0 385.0 163.0 354.0 285.0 332.0 326.0 334.0 346.0 368.0 335.0 368.0 377.0 386.0 383.0 388.0 392.0 394.0 402.0 389.0 354.0 346.0 325.0 326.0 310.0 300.0 325.0 336.0 331.0 312.0 317.0 325.0 330.0 314.0 329.0 341.0
326.0 310.0 300.0 325.0 336.0 331.0 312.0 317.0 325.0 330.0 314.0 329.0 341.0 326.0 320.0 185.0 288.0 441.0 406.0 441.0 412.0 385.0 340.0 331.0 319.0 329.0 322.0 342.0 332.0 327.0 324.0 311.0 324.0 345.0 314.0 331.0 321.0 328.0 312.0 315.0 323.0 317.0 318.0 315.0 315.0 323.0 327.0 321.0 336.0
356.0 348.0 336.0 357.0 343.0 348.0 353.0 332.0 343.0 339.0 332.0 333.0 331.0 334.0 116.0 224.0 221.0 278.0 312.0 448.0 300.0 448.0 448.0 448.0 448.0 432.0 330.0 365.0 337.0 301.0 277.0 343.0 314.0 335.0 370.0 376.0 392.0 390.0 349.0 333.0 328.0 328.0 325.0 335.0 327.0 327.0 331.0 339.0 318.0
323.0 327.0 322.0 323.0 308.0 312.0 319.0 335.0 328.0 317.0 312.0 323.0 306.0 304.0 243.0 78.0 167.0 174.0 170.0 211.0 330.0 380.0 443.0 395.0 437.0 432.0 361.0 393.0 349.0 328.0 330.0 337.0 330.0 321.0 321.0 323.0 348.0 334.0 320.0 326.0 327.0 312.0 337.0 341.0 318.0 307.0 318.0 343.0 315.0
324.0 323.0 316.0 341.0 321.0 313.0 328.0 334.0 334.0 347.0 333.0 310.0 310.0 315.0 339.0 313.0 315.0 325.0 96.0 357.0 454.0 454.0 432.0 454.0 454.0 454.0 454.0 445.0 395.0 326.0 385.0 365.0 320.0 356.0 335.0 336.0 321.0 338.0 327.0 332.0 348.0 316.0 332.0 418.0 343.0 360.0 338.0 330.0 322.0
300.0 293.0 309.0 320.0 315.0 326.0 327.0 334.0 338.0 327.0 334.0 332.0 331.0 344.0 328.0 314.0 323.0 338.0 330.0 325.0 320.0 332.0 327.0 323.0 328.0 73.0 397.0 436.0 458.0 458.0 458.0 352.0 393.0 311.0 310.0 324.0 355.0 400.0 347.0 329.0 321.0 326.0 374.0 325.0 319.0 376.0 336.0 330.0 334.0
330.0 334.0 358.0 358.0 348.0 361.0 353.0 369.0 337.0 348.0 339.0 342.0 353.0 358.0 362.0 348.0 331.0 322.0 65.0 389.0 406.0 460.0 388.0 384.0 366.0 365.0 323.0 372.0 354.0 333.0 364.0 358.0 365.0 352.0 342.0 354.0 365.0 346.0 337.0 364.0 377.0 347.0 363.0 314.0 380.0 387.0 342.0 348.0 354.0
342.0 379.0 361.0 316.0 366.0 381.0 371.0 367.0 359.0 363.0 341.0 346.0 372.0 347.0 353.0 340.0 315.0 368.0 332.0 327.0 331.0 362.0 402.0 359.0 344.0 327.0 318.0 330.0 349.0 345.0 351.0 345.0 318.0 352.0 369.0 346.0 330.0 331.0 342.0 346.0 345.0 386.0 430.0 397.0 405.0 421.0 407.0 356.0 266.0
346.0 373.0 367.0 357.0 329.0 306.0 357.0 348.0 359.0 329.0 411.0 397.0 330.0 363.0 369.0 379.0 343.0 352.0 373.0 365.0 217.0 96.0 471.0 471.0 471.0 385.0 409.0 395.0 377.0 350.0 329.0 329.0 338.0 357.0 365.0 353.0 362.0 335.0 374.0 369.0 363.0 381.0 399.0 342.0 337.0 349.0 334.0 367.0 335.0
376.0 308.0 317.0 331.0 375.0 340.0 379.0 308.0 321.0 357.0 378.0 358.0 399.0 355.0 359.0 355.0 158.0 193.0 475.0 338.0 363.0 379.0 342.0 373.0 343.0 333.0 346.0 322.0 335.0 328.0 373.0 365.0 335.0 330.0 321.0 345.0 376.0 428.0 341.0 382.0 373.0 363.0 362.0 385.0 390.0 364.0 392.0 402.0 407.0
281.0 271.0 282.0 350.0 369.0 374.0 353.0 356.0 371.0 354.0 355.0 364.0 360.0 342.0 327.0 382.0 369.0 355.0 369.0 369.0 355.0 361.0 379.0 372.0 360.0 344.0 373.0 357.0 371.0 353.0 347.0 366.0 375.0 357.0 380.0 406.0 369.0 381.0 377.0 430.0 430.0 343.0 418.0 352.0 366.0 365.0 481.0 390.0 381.0
360.0 372.0 417.0 391.0 378.0 401.0 389.0 404.0 406.0 390.0 401.0 384.0 391.0 365.0 357.0 398.0 389.0 380.0 370.0 380.0 385.0 195.0 494.0 368.0 494.0 483.0 375.0 427.0 365.0 362.0 385.0 397.0 397.0 380.0 364.0 374.0 371.0 350.0 371.0 380.0 349.0 426.0 420.0 375.0 356.0 344.0 355.0 360.0 342.0
383.0 391.0 380.0 374.0 369.0 391.0 385.0 376.0 389.0 394.0 372.0 390.0 385.0 373.0 343.0 331.0 35.0 331.0 359.0 381.0 374.0 410.0 500.0 500.0 454.0 500.0 388.0 447.0 399.0 396.0 428.0 384.0 370.0 391.0 392.0 313.0 287.0 339.0 407.0 331.0 384.0 364.0 393.0 382.0 388.0 375.0 371.0 365.0 384.0
397.0 381.0 391.0 391.0 394.0 410.0 404.0 406.0 381.0 383.0 374.0 377.0 381.0 371.0 357.0 372.0 368.0 113.0 362.0 275.0 450.0 369.0 435.0 500.0 389.0 374.0 401.0 364.0 426.0 406.0 493.0 491.0 421.0 346.0 387.0 344.0 379.0 360.0 378.0 359.0 342.0 341.0 371.0 395.0 414.0 369.0 364.0 362.0 398.0
406.0 422.0 419.0 421.0 449.0 442.0 413.0 384.0 379.0 385.0 352.0 370.0 382.0 400.0 311.0 500.0 331.0 493.0 500.0 431.0 428.0 419.0 418.0 388.0 409.0 407.0 393.0 421.0 394.0 377.0 385.0 398.0 380.0 403.0 393.0 372.0 396.0 382.0 424.0 386.0 412.0 439.0 378.0 436.0 369.0 500.0 383.0 363.0 487.0
428.0 399.0 423.0 411.0 432.0 408.0 404.0 399.0 383.0 376.0 422.0 392.0 376.0 404.0 439.0 394.0 415.0 395.0 386.0 91.0 336.0 440.0 500.0 450.0 341.0 414.0 431.0 420.0 401.0 360.0 345.0 351.0 379.0 367.0 363.0 357.0 381.0 379.0 370.0 363.0 338.0 366.0 375.0 363.0 361.0 373.0 388.0 390.0 354.0
381.0 393.0 400.0 380.0 374.0 392.0 383.0 397.0 404.0 399.0 429.0 421.0 368.0 388.0 392.0 56.0 419.0 500.0 500.0 453.0 447.0 380.0 364.0 405.0 386.0 389.0 409.0 394.0 373.0 378.0 393.0 401.0 383.0 387.0 351.0 380.0 375.0 366.0 373.0 371.0 350.0 380.0 363.0 382.0 393.0 403.0 458.0 395.0 370.0
414.0 496.0 418.0 363.0 417.0 441.0 393.0 412.0 435.0 456.0 500.0 480.0 500.0 500.0 360.0 483.0 476.0 32.0 324.0 450.0 477.0 500.0 478.0 299.0 362.0 424.0 453.0 362.0 401.0 417.0 397.0 410.0 442.0 400.0 380.0 415.0 401.0 379.0 438.0 458.0 443.0 404.0 437.0 427.0 385.0 385.0 357.0 426.0 390.0
261.0 257.0 196.0 181.0 190.0 192.0 215.0 278.0 268.0 241.0 211.0 199.0 197.0 216.0 238.0 260.0 274.0 295.0 324.0 306.0 343.0 301.0 275.0 238.0 272.0 312.0 302.0 267.0 261.0 262.0 267.0 266.0 227.0 236.0 243.0 231.0 248.0 236.0 260.0 297.0 261.0 280.0 249.0 217.0 200.0 192.0 239.0 250.0 217.0
286.0 276.0 237.0 228.0 246.0 262.0 286.0 329.0 256.0 277.0 272.0 266.0 255.0 278.0 262.0 244.0 263.0 279.0 259.0 271.0 272.0 280.0 308.0 293.0 290.0 321.0 286.0 301.0 315.0 275.0 290.0 280.0 318.0 276.0 295.0 305.0 339.0 303.0 294.0 303.0 285.0 291.0 303.0 332.0 305.0 291.0 313.0 316.0 298.0
321.0 327.0 342.0 330.0 295.0 312.0 305.0 294.0 286.0 286.0 289.0 328.0 317.0 301.0 309.0 279.0 291.0 315.0 306.0 304.0 306.0 295.0 303.0 314.0 306.0 305.0 314.0 298.0 309.0 324.0 305.0 313.0 306.0 283.0 280.0 291.0 283.0 278.0 280.0 292.0 270.0 275.0 271.0 260.0 268.0 267.0 273.0 268.0 296.0
278.0 269.0 277.0 275.0 276.0 283.0 278.0 275.0 272.0 266.0 277.0 266.0 281.0 286.0 283.0 273.0 278.0 281.0 279.0 277.0 277.0 265.0 275.0 280.0 279.0 274.0 277.0 270.0 295.0 279.0 278.0 278.0 284.0 288.0 274.0 259.0 269.0 272.0 268.0 273.0 277.0 275.0 278.0 303.0 303.0 259.0 290.0 291.0 303.0
300.0 314.0 312.0 318.0 297.0 314.0 302.0 292.0 307.0 333.0 327.0 321.0 344.0 325.0 319.0 334.0 317.0 317.0 322.0 311.0 304.0 284.0 307.0 294.0 314.0 342.0 354.0 350.0 327.0 343.0 325.0 297.0 340.0 334.0 339.0 322.0 335.0 341.0 375.0 370.0 374.0 349.0 324.0 350.0 351.0 372.0 356.0 354.0 337.0
310.0 318.0 321.0 327.0 309.0 332.0 318.0 314.0 318.0 308.0 310.0 312.0 326.0 302.0 301.0 310.0 312.0 310.0 310.0 299.0 450.0 302.0 403.0 359.0 259.0 381.0 245.0 272.0 323.0 431.0 414.0 454.0 391.0 336.0 385.0 355.0 323.0 328.0 326.0 297.0 250.0 280.0 300.0 303.0 303.0 317.0 320.0 332.0 327.0
323.0 321.0 327.0 312.0 325.0 324.0 320.0 331.0 323.0 324.0 328.0 307.0 315.0 319.0 308.0 311.0 318.0 317.0 309.0 308.0 329.0 331.0 314.0 314.0 323.0 214.0 188.0 304.0 166.0 311.0 285.0 305.0 321.0 259.0 302.0 324.0 305.0 292.0 321.0 337.0 339.0 325.0 330.0 355.0 315.0 318.0 348.0 358.0 343.0
325.0 331.0 332.0 328.0 327.0 330.0 333.0 338.0 346.0 338.0 342.0 342.0 345.0 337.0 347.0 333.0 325.0 293.0 345.0 338.0 320.0 340.0 319.0 321.0 351.0 373.0 324.0 190.0 278.0 212.0 233.0 237.0 459.0 179.0 295.0 269.0 282.0 288.0 321.0 336.0 326.0 311.0 316.0 322.0 278.0 307.0 347.0 335.0 333.0
326.0 358.0 361.0 336.0 341.0 356.0 322.0 320.0 373.0 368.0 372.0 344.0 353.0 381.0 359.0 358.0 350.0 344.0 302.0 315.0 322.0 328.0 339.0 323.0 314.0 317.0 333.0 313.0 339.0 363.0 18.0 238.0 287.0 281.0 59.0 208.0 184.0 347.0 425.0 373.0 314.0 356.0 312.0 324.0 306.0 362.0 339.0 345.0 404.0
347.0 364.0 329.0 316.0 347.0 346.0 377.0 328.0 355.0 338.0 350.0 342.0 319.0 327.0 347.0 346.0 334.0 372.0 366.0 351.0 331.0 340.0 120.0 62.0 197.0 162.0 234.0 188.0 273.0 372.0 355.0 463.0 449.0 405.0 326.0 379.0 338.0 348.0 334.0 339.0 323.0 321.0 358.0 387.0 329.0 316.0 321.0 311.0 327.0
295.0 314.0 304.0 302.0 305.0 304.0 319.0 308.0 312.0 310.0 319.0 306.0 316.0 254.0 196.0 144.0 422.0 384.0 260.0 380.0 430.0 453.0 394.0 303.0 346.0 360.0 329.0 350.0 335.0 364.0 325.0 336.0 336.0 327.0 336.0 351.0 351.0 319.0 323.0 347.0 322.0 305.0 304.0 336.0 330.0 330.0 364.0 353.0 337.0
345.0 335.0 351.0 338.0 334.0 342.0 353.0 352.0 366.0 350.0 347.0 347.0 340.0 340.0 335.0 340.0 329.0 336.0 323.0 239.0 218.0 77.0 137.0 174.0 98.0 76.0 309.0 358.0 355.0 395.0 296.0 303.0 322.0 302.0 346.0 392.0 286.0 306.0 323.0 322.0 326.0 359.0 355.0 376.0 342.0 334.0 341.0 349.0 321.0
334.0 366.0 328.0 317.0 326.0 325.0 314.0 361.0 341.0 352.0 335.0 339.0 322.0 313.0 319.0 288.0 311.0 328.0 338.0 346.0 354.0 411.0 402.0 475.0 298.0 389.0 406.0 475.0 475.0 435.0 371.0 399.0 387.0 401.0 347.0 398.0 397.0 370.0 317.0 352.0 316.0 316.0 322.0 347.0 346.0 357.0 309.0 351.0 320.0
359.0 329.0 321.0 345.0 347.0 336.0 342.0 346.0 351.0 336.0 337.0 336.0 349.0 332.0 332.0 353.0 326.0 396.0 377.0 478.0 320.0 358.0 315.0 304.0 329.0 352.0 353.0 350.0 340.0 341.0 360.0 343.0 343.0 340.0 344.0 349.0 345.0 340.0 367.0 341.0 354.0 368.0 339.0 353.0 344.0 324.0 320.0 328.0 313.0
311.0 326.0 307.0 302.0 308.0 326.0 303.0 312.0 322.0 306.0 301.0 299.0 316.0 298.0 304.0 312.0 310.0 315.0 331.0 312.0 310.0 321.0 296.0 284.0 273.0 333.0 114.0 214.0 219.0 239.0 250.0 358.0 367.0 326.0 310.0 315.0 312.0 319.0 321.0 310.0 302.0 302.0 339.0 340.0 323.0 349.0 336.0 338.0 330.0
368.0 348.0 357.0 371.0 364.0 382.0 381.0 345.0 341.0 351.0 360.0 355.0 173.0 196.0 179.0 132.0 33.0 361.0 272.0 400.0 463.0 435.0 422.0 396.0 379.0 315.0 436.0 377.0 426.0 397.0 341.0 251.0 259.0 300.0 326.0 323.0 304.0 333.0 322.0 321.0 344.0 349.0 451.0 245.0 328.0 298.0 303.0 298.0 289.0
306.0 343.0 326.0 331.0 339.0 325.0 330.0 340.0 340.0 330.0 339.0 311.0 343.0 322.0 334.0 332.0 332.0 349.0 341.0 307.0 334.0 341.0 379.0 330.0 347.0 345.0 342.0 323.0 357.0 367.0 357.0 356.0 361.0 350.0 356.0 346.0 338.0 333.0 341.0 340.0 350.0 335.0 340.0 352.0 342.0 360.0 324.0 360.0 346.0
357.0 356.0 361.0 350.0 356.0 346.0 338.0 333.0 341.0 340.0 350.0 335.0 340.0 352.0 342.0 360.0 324.0 360.0 346.0 334.0 380.0 333.0 348.0 356.0 359.0 348.0 348.0 387.0 433.0 444.0 423.0 297.0 224.0 359.0 302.0 351.0 393.0 278.0 305.0 297.0 319.0 343.0 343.0 320.0 328.0 337.0 317.0 330.0 338.0
329.0 332.0 331.0 308.0 312.0 314.0 308.0 305.0 307.0 302.0 291.0 287.0 282.0 311.0 299.0 301.0 371.0 223.0 363.0 374.0 493.0 472.0 446.0 321.0 350.0 425.0 445.0 438.0 419.0 349.0 337.0 348.0 348.0 355.0 344.0 348.0 330.0 343.0 345.0 364.0 342.0 353.0 359.0 355.0 352.0 344.0 350.0 349.0 343.0
340.0 340.0 346.0 352.0 344.0 335.0 338.0 336.0 350.0 341.0 330.0 338.0 328.0 335.0 339.0 327.0 317.0 334.0 339.0 328.0 336.0 341.0 344.0 494.0 431.0 156.0 199.0 242.0 251.0 271.0 298.0 313.0 357.0 339.0 347.0 313.0 340.0 341.0 351.0 342.0 339.0 357.0 356.0 341.0 346.0 341.0 346.0 339.0 348.0
355.0 327.0 356.0 338.0 346.0 341.0 348.0 344.0 339.0 343.0 332.0 345.0 344.0 360.0 348.0 339.0 351.0 360.0 343.0 345.0 360.0 350.0 329.0 235.0 87.0 315.0 364.0 456.0 359.0 382.0 340.0 385.0 309.0 307.0 348.0 371.0 322.0 358.0 365.0 361.0 351.0 366.0 337.0 348.0 347.0 365.0 356.0 372.0 364.0
370.0 367.0 365.0 344.0 346.0 351.0 341.0 379.0 361.0 353.0 357.0 352.0 347.0 355.0 376.0 355.0 347.0 212.0 346.0 322.0 329.0 268.0 392.0 340.0 338.0 283.0 317.0 340.0 391.0 378.0 370.0 383.0 377.0 362.0 360.0 369.0 354.0 370.0 347.0 352.0 357.0 335.0 349.0 358.0 361.0 364.0 378.0 355.0 357.0
378.0 355.0 357.0 353.0 365.0 353.0 347.0 349.0 345.0 359.0 344.0 346.0 336.0 334.0 355.0 337.0 346.0 346.0 351.0 386.0 110.0 227.0 325.0 452.0 405.0 383.0 315.0 340.0 394.0 317.0 328.0 405.0 375.0 396.0 381.0 358.0 389.0 403.0 371.0 347.0 367.0 363.0 368.0 388.0 344.0 357.0 342.0 341.0 349.0
344.0 354.0 366.0 358.0 363.0 352.0 345.0 348.0 365.0 372.0 356.0 361.0 359.0 352.0 357.0 342.0 366.0 350.0 347.0 348.0 346.0 351.0 500.0 293.0 154.0 204.0 256.0 377.0 393.0 419.0 444.0 422.0 444.0 377.0 338.0 345.0 341.0 350.0 361.0 369.0 357.0 369.0 360.0 366.0 369.0 355.0 351.0 368.0 322.0
315.0 322.0 335.0 343.0 342.0 340.0 342.0 369.0 346.0 359.0 361.0 349.0 352.0 359.0 334.0 344.0 335.0 348.0 360.0 331.0 359.0 351.0 358.0 367.0 343.0 384.0 500.0 298.0 267.0 375.0 346.0 317.0 348.0 356.0 336.0 351.0 352.0 345.0 348.0 354.0 332.0 344.0 354.0 341.0 357.0 364.0 350.0 372.0 358.0
346.0 340.0 350.0 324.0 357.0 363.0 341.0 341.0 340.0 344.0 371.0 319.0 476.0 220.0 358.0 500.0 365.0 265.0 255.0 396.0 496.0 473.0 265.0 320.0 355.0 255.0 401.0 383.0 375.0 342.0 385.0 368.0 370.0 371.0 351.0 370.0 389.0 390.0 369.0 347.0 365.0 368.0 361.0 340.0 362.0 329.0 372.0 350.0 307.0
336.0 333.0 351.0 351.0 371.0 355.0 339.0 357.0 355.0 348.0 343.0 344.0 349.0 341.0 308.0 294.0 357.0 323.0 327.0 338.0 329.0 346.0 500.0 288.0 242.0 259.0 319.0 342.0 392.0 387.0 384.0 374.0 343.0 336.0 389.0 357.0 331.0 365.0 358.0 345.0 349.0 367.0 359.0 378.0 363.0 350.0 338.0 391.0 362.0
308.0 330.0 297.0 314.0 303.0 295.0 280.0 298.0 260.0 274.0 328.0 419.0 295.0 320.0 335.0 341.0 434.0 372.0 66.0 289.0 500.0 383.0 395.0 363.0 348.0 350.0 346.0 367.0 337.0 319.0 338.0 325.0 349.0 314.0 330.0 352.0 368.0 349.0 350.0 358.0 358.0 360.0 317.0 363.0 355.0 333.0 292.0 321.0 320.0
328.0 345.0 328.0 343.0 333.0 355.0 339.0 323.0 320.0 342.0 393.0 325.0 365.0 318.0 327.0 362.0 398.0 385.0 193.0 298.0 259.0 348.0 347.0 295.0 355.0 363.0 358.0 347.0 345.0 372.0 357.0 362.0 377.0 363.0 416.0 341.0 343.0 385.0 371.0 375.0 389.0 381.0 358.0 359.0 358.0 394.0 334.0 346.0 410.0
370.0 351.0 368.0 375.0 363.0 395.0 376.0 364.0 349.0 326.0 327.0 362.0 341.0 363.0 345.0 368.0 331.0 340.0 335.0 331.0 337.0 342.0 500.0 460.0 459.0 316.0 371.0 359.0 274.0 286.0 289.0 302.0 298.0 336.0 335.0 302.0 323.0 336.0 334.0 324.0 324.0 332.0 348.0 355.0 336.0 332.0 335.0 344.0 360.0
350.0 369.0 362.0 353.0 341.0 348.0 344.0 356.0 351.0 362.0 338.0 348.0 370.0 334.0 334.0 352.0 382.0 376.0 367.0 379.0 474.0 170.0 391.0 500.0 351.0 493.0 422.0 473.0 382.0 338.0 356.0 386.0 394.0 395.0 363.0 355.0 367.0 351.0 348.0 351.0 346.0 343.0 392.0 350.0 374.0 369.0 367.0 367.0 368.0
339.0 344.0 359.0 359.0 371.0 350.0 334.0 346.0 361.0 359.0 366.0 366.0 348.0 373.0 469.0 217.0 208.0 326.0 374.0 286.0 344.0 420.0 343.0 368.0 396.0 394.0 415.0 374.0 367.0 369.0 385.0 350.0 358.0 347.0 370.0 361.0 359.0 370.0 384.0 353.0 369.0 338.0 382.0 398.0 382.0 373.0 372.0 340.0 335.0
361.0 355.0 351.0 347.0 308.0 329.0 338.0 348.0 346.0 341.0 332.0 348.0 340.0 346.0 500.0 500.0 500.0 131.0 438.0 387.0 361.0 331.0 418.0 385.0 365.0 337.0 361.0 386.0 353.0 345.0 355.0 366.0 359.0 338.0 335.0 368.0 397.0 317.0 362.0 372.0 377.0 386.0 381.0 243.0 375.0 387.0 326.0 351.0 371.0
339.0 348.0 365.0 363.0 364.0 360.0 358.0 364.0 364.0 387.0 379.0 400.0 400.0 395.0 386.0 386.0 367.0 379.0 368.0 369.0 392.0 370.0 109.0 16.0 228.0 351.0 408.0 463.0 382.0 362.0 379.0 378.0 409.0 395.0 385.0 411.0 409.0 380.0 370.0 377.0 348.0 363.0 388.0 331.0 349.0 365.0 348.0 382.0 375.0
337.0 335.0 306.0 295.0 328.0 371.0 366.0 336.0 341.0 354.0 367.0 342.0 332.0 332.0 336.0 363.0 146.0 46.0 286.0 222.0 314.0 416.0 420.0 387.0 347.0 361.0 322.0 308.0 373.0 356.0 350.0 361.0 353.0 329.0 363.0 352.0 340.0 359.0 362.0 340.0 339.0 341.0 342.0 326.0 353.0 351.0 355.0 376.0 396.0
300.0 297.0 143.0 274.0 239.0 226.0 273.0 262.0 284.0 262.0 287.0 298.0 293.0 290.0 385.0 163.0 354.0 285.0 332.0 326.0 334.0 346.0 368.0 335.0 368.0 377.0 386.0 383.0 388.0 392.0 394.0 402.0 389.0 354.0 346.0 325.0 326.0 310.0 300.0 325.0 336.0 331.0 312.0 317.0 325.0 330.0 314.0 329.0 341.0
326.0 310.0 300.0 325.0 336.0 331.0 312.0 317.0 325.0 330.0 314.0 329.0 341.0 326.0 320.0 185.0 288.0 441.0 406.0 441.0 412.0 385.0 340.0 331.0 319.0 329.0 322.0 342.0 332.0 327.0 324.0 311.0 324.0 345.0 314.0 331.0 321.0 328.0 312.0 315.0 323.0 317.0 318.0 315.0 315.0 323.0 327.0 321.0 336.0
356.0 348.0 336.0 357.0 343.0 348.0 353.0 332.0 343.0 339.0 332.0 333.0 331.0 334.0 116.0 224.0 221.0 278.0 312.0 448.0 300.0 448.0 448.0 448.0 448.0 432.0 330.0 365.0 337.0 301.0 277.0 343.0 314.0 335.0 370.0 376.0 392.0 390.0 349.0 333.0 328.0 328.0 325.0 335.0 327.0 327.0 331.0 339.0 318.0
323.0 327.0 322.0 323.0 308.0 312.0 319.0 335.0 328.0 317.0 312.0 323.0 306.0 304.0 243.0 78.0 167.0 174.0 170.0 211.0 330.0 380.0 443.0 395.0 437.0 432.0 361.0 393.0 349.0 328.0 330.0 337.0 330.0 321.0 321.0 323.0 348.0 334.0 320.0 326.0 327.0 312.0 337.0 341.0 318.0 307.0 318.0 343.0 315.0
324.0 323.0 316.0 341.0 321.0 313.0 328.0 334.0 334.0 347.0 333.0 310.0 310.0 315.0 339.0 313.0 315.0 325.0 96.0 357.0 454.0 454.0 432.0 454.0 454.0 454.0 454.0 445.0 395.0 326.0 385.0 365.0 320.0 356.0 335.0 336.0 321.0 338.0 327.0 332.0 348.0 316.0 332.0 418.0 343.0 360.0 338.0 330.0 322.0
300.0 293.0 309.0 320.0 315.0 326.0 327.0 334.0 338.0 327.0 334.0 332.0 331.0 344.0 328.0 314.0 323.0 338.0 330.0 325.0 320.0 332.0 327.0 323.0 328.0 73.0 397.0 436.0 458.0 458.0 458.0 352.0 393.0 311.0 310.0 324.0 355.0 400.0 347.0 329.0 321.0 326.0 374.0 325.0 319.0 376.0 336.0 330.0 334.0
330.0 334.0 358.0 358.0 348.0 361.0 353.0 369.0 337.0 348.0 339.0 342.0 353.0 358.0 362.0 348.0 331.0 322.0 65.0 389.0 406.0 460.0 388.0 384.0 366.0 365.0 323.0 372.0 354.0 333.0 364.0 358.0 365.0 352.0 342.0 354.0 365.0 346.0 337.0 364.0 377.0 347.0 363.0 314.0 380.0 387.0 342.0 348.0 354.0
342.0 379.0 361.0 316.0 366.0 381.0 371.0 367.0 359.0 363.0 341.0 346.0 372.0 347.0 353.0 340.0 315.0 368.0 332.0 327.0 331.0 362.0 402.0 359.0 344.0 327.0 318.0 330.0 349.0 345.0 351.0 345.0 318.0 352.0 369.0 346.0 330.0 331.0 342.0 346.0 345.0 386.0 430.0 397.0 405.0 421.0 407.0 356.0 266.0
346.0 373.0 367.0 357.0 329.0 306.0 357.0 348.0 359.0 329.0 411.0 397.0 330.0 363.0 369.0 379.0 343.0 352.0 373.0 365.0 217.0 96.0 471.0 471.0 471.0 385.0 409.0 395.0 377.0 350.0 329.0 329.0 338.0 357.0 365.0 353.0 362.0 335.0 374.0 369.0 363.0 381.0 399.0 342.0 337.0 349.0 334.0 367.0 335.0
376.0 308.0 317.0 331.0 375.0 340.0 379.0 308.0 321.0 357.0 378.0 358.0 399.0 355.0 359.0 355.0 158.0 193.0 475.0 338.0 363.0 379.0 342.0 373.0 343.0 333.0 346.0 322.0 335.0 328.0 373.0 365.0 335.0 330.0 321.0 345.0 376.0 428.0 341.0 382.0 373.0 363.0 362.0 385.0 390.0 364.0 392.0 402.0 407.0
281.0 271.0 282.0 350.0 369.0 374.0 353.0 356.0 371.0 354.0 355.0 364.0 360.0 342.0 327.0 382.0 369.0 355.0 369.0 369.0 355.0 361.0 379.0 372.0 360.0 344.0 373.0 357.0 371.0 353.0 347.0 366.0 375.0 357.0 380.0 406.0 369.0 381.0 377.0 430.0 430.0 343.0 418.0 352.0 366.0 365.0 481.0 390.0 381.0
360.0 372.0 417.0 391.0 378.0 401.0 389.0 404.0 406.0 390.0 401.0 384.0 391.0 365.0 357.0 398.0 389.0 380.0 370.0 380.0 385.0 195.0 494.0 368.0 494.0 483.0 375.0 427.0 365.0 362.0 385.0 397.0 397.0 380.0 364.0 374.0 371.0 350.0 371.0 380.0 349.0 426.0 420.0 375.0 356.0 344.0 355.0 360.0 342.0
383.0 391.0 380.0 374.0 369.0 391.0 385.0 376.0 389.0 394.0 372.0 390.0 385.0 373.0 343.0 331.0 35.0 331.0 359.0 381.0 374.0 410.0 500.0 500.0 454.0 500.0 388.0 447.0 399.0 396.0 428.0 384.0 370.0 391.0 392.0 313.0 287.0 339.0 407.0 331.0 384.0 364.0 393.0 382.0 388.0 375.0 371.0 365.0 384.0
397.0 381.0 391.0 391.0 394.0 410.0 404.0 406.0 381.0 383.0 374.0 377.0 381.0 371.0 357.0 372.0 368.0 113.0 362.0 275.0 450.0 369.0 435.0 500.0 389.0 374.0 401.0 364.0 426.0 406.0 493.0 491.0 421.0 346.0 387.0 344.0 379.0 360.0 378.0 359.0 342.0 341.0 371.0 395.0 414.0 369.0 364.0 362.0 398.0
406.0 422.0 419.0 421.0 449.0 442.0 413.0 384.0 379.0 385.0 352.0 370.0 382.0 400.0 311.0 500.0 331.0 493.0 500.0 431.0 428.0 419.0 418.0 388.0 409.0 407.0 393.0 421.0 394.0 377.0 385.0 398.0 380.0 403.0 393.0 372.0 396.0 382.0 424.0 386.0 412.0 439.0 378.0 436.0 369.0 500.0 383.0 363.0 487.0
428.0 399.0 423.0 411.0 432.0 408.0 404.0 399.0 383.0 376.0 422.0 392.0 376.0 404.0 439.0 394.0 415.0 395.0 386.0 91.0 336.0 440.0 500.0 450.0 341.0 414.0 431.0 420.0 401.0 360.0 345.0 351.0 379.0 367.0 363.0 357.0 381.0 379.0 370.0 363.0 338.0 366.0 375.0 363.0 361.0 373.0 388.0 390.0 354.0
381.0 393.0 400.0 380.0 374.0 392.0 383.0 397.0 404.0 399.0 429.0 421.0 368.0 388.0 392.0 56.0 419.0 500.0 500.0 453.0 447.0 380.0 364.0 405.0 386.0 389.0 409.0 394.0 373.0 378.0 393.0 401.0 383.0 387.0 351.0 380.0 375.0 366.0 373.0 371.0 350.0 380.0 363.0 382.0 393.0 403.0 458.0 395.0 370.0
414.0 496.0 418.0 363.0 417.0 441.0 393.0 412.0 435.0 456.0 500.0 480.0 500.0 500.0 360.0 483.0 476.0 32.0 324.0 450.0 477.0 500.0 478.0 299.0 362.0 424.0 453.0 362.0 401.0 417.0 397.0 410.0 442.0 400.0 380.0 415.0 401.0 379.0 438.0 458.0 443.0 404.0 437.0 427.0 385.0 385.0 357.0 426.0 390.0
295.0 275.0 293.0 406.0 191.0 309.0 291.0 267.0 269.0 296.0 308.0 286.0 297.0 284.0 308.0 285.0 287.0 291.0 292.0 298.0 277.0 285.0 304.0 276.0
149.0 359.0 243.0 270.0 249.0 293.0 287.0 306.0 295.0 313.0 281.0 310.0 293.0 307.0 275.0 292.0 307.0 298.0 284.0 295.0 200.0 271.0 262.0 285.0
288.0 286.0 308.0 286.0 277.0 284.0 429.0 283.0 303.0 241.0 215.0 268.0 274.0 283.0 270.0 292.0 297.0 306.0 280.0 296.0 316.0 317.0 281.0 295.0
273.0 274.0 259.0 279.0 271.0 280.0 353.0 475.0 475.0 189.0 220.0 241.0 267.0 277.0 257.0 291.0 285.0 285.0 287.0 259.0 285.0 291.0 279.0 281.0
330.0 394.0 367.0 343.0 195.0 196.0 217.0 257.0 267.0 262.0 263.0 282.0 281.0 301.0 296.0 317.0 304.0 289.0 292.0 301.0 312.0 288.0 321.0 321.0
324.0 316.0 316.0 325.0 319.0 310.0 345.0 328.0 324.0 302.0 337.0 327.0 361.0 351.0 298.0 306.0 317.0 314.0 292.0 294.0 273.0 372.0 313.0 283.0
283.0 261.0 287.0 304.0 278.0 232.0 279.0 323.0 319.0 351.0 354.0 298.0 305.0 279.0 266.0 252.0 333.0 303.0 284.0 325.0 325.0 310.0 306.0 341.0
304.0 278.0 232.0 279.0 323.0 319.0 351.0 354.0 298.0 305.0 279.0 266.0 252.0 333.0 303.0 284.0 325.0 325.0 310.0 306.0 341.0 335.0 344.0 332.0
313.0 351.0 326.0 312.0 15.0 339.0 475.0 475.0 475.0 475.0 475.0 430.0 459.0 360.0 307.0 311.0 326.0 320.0 309.0 320.0 337.0 333.0 342.0 295.0
284.0 304.0 318.0 308.0 300.0 330.0 333.0 15.0 416.0 475.0 369.0 304.0 332.0 329.0 367.0 338.0 349.0 343.0 344.0 310.0 348.0 320.0 324.0 346.0
261.0 257.0 196.0 181.0 190.0 192.0 215.0 278.0 268.0 241.0 211.0 199.0 197.0 216.0 238.0 260.0 274.0 295.0 324.0 306.0 343.0 301.0 275.0 238.0 272.0 312.0 302.0 267.0 261.0 262.0 267.0 266.0 227.0 236.0 243.0 231.0 248.0 236.0 260.0 297.0 261.0 280.0 249.0 217.0 200.0 192.0 239.0 250.0 217.0
286.0 276.0 237.0 228.0 246.0 262.0 286.0 329.0 256.0 277.0 272.0 266.0 255.0 278.0 262.0 244.0 263.0 279.0 259.0 271.0 272.0 280.0 308.0 293.0 290.0 321.0 286.0 301.0 315.0 275.0 290.0 280.0 318.0 276.0 295.0 305.0 339.0 303.0 294.0 303.0 285.0 291.0 303.0 332.0 305.0 291.0 313.0 316.0 298.0
321.0 327.0 342.0 330.0 295.0 312.0 305.0 294.0 286.0 286.0 289.0 328.0 317.0 301.0 309.0 279.0 291.0 315.0 306.0 304.0 306.0 295.0 303.0 314.0 306.0 305.0 314.0 298.0 309.0 324.0 305.0 313.0 306.0 283.0 280.0 291.0 283.0 278.0 280.0 292.0 270.0 275.0 271.0 260.0 268.0 267.0 273.0 268.0 296.0
278.0 269.0 277.0 275.0 276.0 283.0 278.0 275.0 272.0 266.0 277.0 266.0 281.0 286.0 283.0 273.0 278.0 281.0 279.0 277.0 277.0 265.0 275.0 280.0 279.0 274.0 277.0 270.0 295.0 279.0 278.0 278.0 284.0 288.0 274.0 259.0 269.0 272.0 268.0 273.0 277.0 275.0 278.0 303.0 303.0 259.0 290.0 291.0 303.0
300.0 314.0 312.0 318.0 297.0 314.0 302.0 292.0 307.0 333.0 327.0 321.0 344.0 325.0 319.0 334.0 317.0 317.0 322.0 311.0 304.0 284.0 307.0 294.0 314.0 342.0 354.0 350.0 327.0 343.0 325.0 297.0 340.0 334.0 339.0 322.0 335.0 341.0 375.0 370.0 374.0 349.0 324.0 350.0 351.0 372.0 356.0 354.0 337.0
310.0 318.0 321.0 327.0 309.0 332.0 318.0 314.0 318.0 308.0 310.0 312.0 326.0 302.0 301.0 310.0 312.0 310.0 310.0 299.0 450.0 302.0 403.0 359.0 259.0 381.0 245.0 272.0 323.0 431.0 414.0 454.0 391.0 336.0 385.0 355.0 323.0 328.0 326.0 297.0 250.0 280.0 300.0 303.0 303.0 317.0 320.0 332.0 327.0
323.0 321.0 327.0 312.0 325.0 324.0 320.0 331.0 323.0 324.0 328.0 307.0 315.0 319.0 308.0 311.0 318.0 317.0 309.0 308.0 329.0 331.0 314.0 314.0 323.0 214.0 188.0 304.0 166.0 311.0 285.0 305.0 321.0 259.0 302.0 324.0 305.0 292.0 321.0 337.0 339.0 325.0 330.0 355.0 315.0 318.0 348.0 358.0 343.0
325.0 331.0 332.0 328.0 327.0 330.0 333.0 338.0 346.0 338.0 342.0 342.0 345.0 337.0 347.0 333.0 325.0 293.0 345.0 338.0 320.0 340.0 319.0 321.0 351.0 373.0 324.0 190.0 278.0 212.0 233.0 237.0 459.0 179.0 295.0 269.0 282.0 288.0 321.0 336.0 326.0 311.0 316.0 322.0 278.0 307.0 347.0 335.0 333.0
326.0 358.0 361.0 336.0 341.0 356.0 322.0 320.0 373.0 368.0 372.0 344.0 353.0 381.0 359.0 358.0 350.0 344.0 302.0 315.0 322.0 328.0 339.0 323.0 314.0 317.0 333.0 313.0 339.0 363.0 18.0 238.0 287.0 281.0 59.0 208.0 184.0 347.0 425.0 373.0 314.0 356.0 312.0 324.0 306.0 362.0 339.0 345.0 404.0
347.0 364.0 329.0 316.0 347.0 346.0 377.0 328.0 355.0 338.0 350.0 342.0 319.0 327.0 347.0 346.0 334.0 372.0 366.0 351.0 331.0 340.0 120.0 62.0 197.0 162.0 234.0 188.0 273.0 372.0 355.0 463.0 449.0 405.0 326.0 379.0 338.0 348.0 334.0 339.0 323.0 321.0 358.0 387.0 329.0 316.0 321.0 311.0 327.0
295.0 314.0 304.0 302.0 305.0 304.0 319.0 308.0 312.0 310.0 319.0 306.0 316.0 254.0 196.0 144.0 422.0 384.0 260.0 380.0 430.0 453.0 394.0 303.0 346.0 360.0 329.0 350.0 335.0 364.0 325.0 336.0 336.0 327.0 336.0 351.0 351.0 319.0 323.0 347.0 322.0 305.0 304.0 336.0 330.0 330.0 364.0 353.0 337.0
345.0 335.0 351.0 338.0 334.0 342.0 353.0 352.0 366.0 350.0 347.0 347.0 340.0 340.0 335.0 340.0 329.0 336.0 323.0 239.0 218.0 77.0 137.0 174.0 98.0 76.0 309.0 358.0 355.0 395.0 296.0 303.0 322.0 302.0 346.0 392.0 286.0 306.0 323.0 322.0 326.0 359.0 355.0 376.0 342.0 334.0 341.0 349.0 321.0
334.0 366.0 328.0 317.0 326.0 325.0 314.0 361.0 341.0 352.0 335.0 339.0 322.0 313.0 319.0 288.0 311.0 328.0 338.0 346.0 354.0 411.0 402.0 475.0 298.0 389.0 406.0 475.0 475.0 435.0 371.0 399.0 387.0 401.0 347.0 398.0 397.0 370.0 317.0 352.0 316.0 316.0 322.0 347.0 346.0 357.0 309.0 351.0 320.0
359.0 329.0 321.0 345.0 347.0 336.0 342.0 346.0 351.0 336.0 337.0 336.0 349.0 332.0 332.0 353.0 326.0 396.0 377.0 478.0 320.0 358.0 315.0 304.0 329.0 352.0 353.0 350.0 340.0 341.0 360.0 343.0 343.0 340.0 344.0 349.0 345.0 340.0 367.0 341.0 354.0 368.0 339.0 353.0 344.0 324.0 320.0 328.0 313.0
311.0 326.0 307.0 302.0 308.0 326.0 303.0 312.0 322.0 306.0 301.0 299.0 316.0 298.0 304.0 312.0 310.0 315.0 331.0 312.0 310.0 321.0 296.0 284.0 273.0 333.0 114.0 214.0 219.0 239.0 250.0 358.0 367.0 326.0 310.0 315.0 312.0 319.0 321.0 310.0 302.0 302.0 339.0 340.0 323.0 349.0 336.0 338.0 330.0
368.0 348.0 357.0 371.0 364.0 382.0 381.0 345.0 341.0 351.0 360.0 355.0 173.0 196.0 179.0 132.0 33.0 361.0 272.0 400.0 463.0 435.0 422.0 396.0 379.0 315.0 436.0 377.0 426.0 397.0 341.0 251.0 259.0 300.0 326.0 323.0 304.0 333.0 322.0 321.0 344.0 349.0 451.0 245.0 328.0 298.0 303.0 298.0 289.0
306.0 343.0 326.0 331.0 339.0 325.0 330.0 340.0 340.0 330.0 339.0 311.0 343.0 322.0 334.0 332.0 332.0 349.0 341.0 307.0 334.0 341.0 379.0 330.0 347.0 345.0 342.0 323.0 357.0 367.0 357.0 356.0 361.0 350.0 356.0 346.0 338.0 333.0 341.0 340.0 350.0 335.0 340.0 352.0 342.0 360.0 324.0 360.0 346.0
357.0 356.0 361.0 350.0 356.0 346.0 338.0 333.0 341.0 340.0 350.0 335.0 340.0 352.0 342.0 360.0 324.0 360.0 346.0 334.0 380.0 333.0 348.0 356.0 359.0 348.0 348.0 387.0 433.0 444.0 423.0 297.0 224.0 359.0 302.0 351.0 393.0 278.0 305.0 297.0 319.0 343.0 343.0 320.0 328.0 337.0 317.0 330.0 338.0
329.0 332.0 331.0 308.0 312.0 314.0 308.0 305.0 307.0 302.0 291.0 287.0 282.0 311.0 299.0 301.0 371.0 223.0 363.0 374.0 493.0 472.0 446.0 321.0 350.0 425.0 445.0 438.0 419.0 349.0 337.0 348.0 348.0 355.0 344.0 348.0 330.0 343.0 345.0 364.0 342.0 353.0 359.0 355.0 352.0 344.0 350.0 349.0 343.0
340.0 340.0 346.0 352.0 344.0 335.0 338.0 336.0 350.0 341.0 330.0 338.0 328.0 335.0 339.0 327.0 317.0 334.0 339.0 328.0 336.0 341.0 344.0 494.0 431.0 156.0 199.0 242.0 251.0 271.0 298.0 313.0 357.0 339.0 347.0 313.0 340.0 341.0 351.0 342.0 339.0 357.0 356.0 341.0 346.0 341.0 346.0 339.0 348.0
355.0 327.0 356.0 338.0 346.0 341.0 348.0 344.0 339.0 343.0 332.0 345.0 344.0 360.0 348.0 339.0 351.0 360.0 343.0 345.0 360.0 350.0 329.0 235.0 87.0 315.0 364.0 456.0 359.0 382.0 340.0 385.0 309.0 307.0 348.0 371.0 322.0 358.0 365.0 361.0 351.0 366.0 337.0 348.0 347.0 365.0 356.0 372.0 364.0
370.0 367.0 365.0 344.0 346.0 351.0 341.0 379.0 361.0 353.0 357.0 352.0 347.0 355.0 376.0 355.0 347.0 212.0 346.0 322.0 329.0 268.0 392.0 340.0 338.0 283.0 317.0 340.0 391.0 378.0 370.0 383.0 377.0 362.0 360.0 369.0 354.0 370.0 347.0 352.0 357.0 335.0 349.0 358.0 361.0 364.0 378.0 355.0 357.0
378.0 355.0 357.0 353.0 365.0 353.0 347.0 349.0 345.0 359.0 344.0 346.0 336.0 334.0 355.0 337.0 346.0 346.0 351.0 386.0 110.0 227.0 325.0 452.0 405.0 383.0 315.0 340.0 394.0 317.0 328.0 405.0 375.0 396.0 381.0 358.0 389.0 403.0 371.0 347.0 367.0 363.0 368.0 388.0 344.0 357.0 342.0 341.0 349.0
344.0 354.0 366.0 358.0 363.0 352.0 345.0 348.0 365.0 372.0 356.0 361.0 359.0 352.0 357.0 342.0 366.0 350.0 347.0 348.0 346.0 351.0 500.0 293.0 154.0 204.0 256.0 377.0 393.0 419.0 444.0 422.0 444.0 377.0 338.0 345.0 341.0 350.0 361.0 369.0 357.0 369.0 360.0 366.0 369.0 355.0 351.0 368.0 322.0
315.0 322.0 335.0 343.0 342.0 340.0 342.0 369.0 346.0 359.0 361.0 349.0 352.0 359.0 334.0 344.0 335.0 348.0 360.0 331.0 359.0 351.0 358.0 367.0 343.0 384.0 500.0 298.0 267.0 375.0 346.0 317.0 348.0 356.0 336.0 351.0 352.0 345.0 348.0 354.0 332.0 344.0 354.0 341.0 357.0 364.0 350.0 372.0 358.0
346.0 340.0 350.0 324.0 357.0 363.0 341.0 341.0 340.0 344.0 371.0 319.0 476.0 220.0 358.0 500.0 365.0 265.0 255.0 396.0 496.0 473.0 265.0 320.0 355.0 255.0 401.0 383.0 375.0 342.0 385.0 368.0 370.0 371.0 351.0 370.0 389.0 390.0 369.0 347.0 365.0 368.0 361.0 340.0 362.0 329.0 372.0 350.0 307.0
336.0 333.0 351.0 351.0 371.0 355.0 339.0 357.0 355.0 348.0 343.0 344.0 349.0 341.0 308.0 294.0 357.0 323.0 327.0 338.0 329.0 346.0 500.0 288.0 242.0 259.0 319.0 342.0 392.0 387.0 384.0 374.0 343.0 336.0 389.0 357.0 331.0 365.0 358.0 345.0 349.0 367.0 359.0 378.0 363.0 350.0 338.0 391.0 362.0
308.0 330.0 297.0 314.0 303.0 295.0 280.0 298.0 260.0 274.0 328.0 419.0 295.0 320.0 335.0 341.0 434.0 372.0 66.0 289.0 500.0 383.0 395.0 363.0 348.0 350.0 346.0 367.0 337.0 319.0 338.0 325.0 349.0 314.0 330.0 352.0 368.0 349.0 350.0 358.0 358.0 360.0 317.0 363.0 355.0 333.0 292.0 321.0 320.0
328.0 345.0 328.0 343.0 333.0 355.0 339.0 323.0 320.0 342.0 393.0 325.0 365.0 318.0 327.0 362.0 398.0 385.0 193.0 298.0 259.0 348.0 347.0 295.0 355.0 363.0 358.0 347.0 345.0 372.0 357.0 362.0 377.0 363.0 416.0 341.0 343.0 385.0 371.0 375.0 389.0 381.0 358.0 359.0 358.0 394.0 334.0 346.0 410.0
370.0 351.0 368.0 375.0 363.0 395.0 376.0 364.0 349.0 326.0 327.0 362.0 341.0 363.0 345.0 368.0 331.0 340.0 335.0 331.0 337.0 342.0 500.0 460.0 459.0 316.0 371.0 359.0 274.0 286.0 289.0 302.0 298.0 336.0 335.0 302.0 323.0 336.0 334.0 324.0 324.0 332.0 348.0 355.0 336.0 332.0 335.0 344.0 360.0
350.0 369.0 362.0 353.0 341.0 348.0 344.0 356.0 351.0 362.0 338.0 348.0 370.0 334.0 334.0 352.0 382.0 376.0 367.0 379.0 474.0 170.0 391.0 500.0 351.0 493.0 422.0 473.0 382.0 338.0 356.0 386.0 394.0 395.0 363.0 355.0 367.0 351.0 348.0 351.0 346.0 343.0 392.0 350.0 374.0 369.0 367.0 367.0 368.0
339.0 344.0 359.0 359.0 371.0 350.0 334.0 346.0 361.0 359.0 366.0 366.0 348.0 373.0 469.0 217.0 208.0 326.0 374.0 286.0 344.0 420.0 343.0 368.0 396.0 394.0 415.0 374.0 367.0 369.0 385.0 350.0 358.0 347.0 370.0 361.0 359.0 370.0 384.0 353.0 369.0 338.0 382.0 398.0 382.0 373.0 372.0 340.0 335.0
361.0 355.0 351.0 347.0 308.0 329.0 338.0 348.0 346.0 341.0 332.0 348.0 340.0 346.0 500.0 500.0 500.0 131.0 438.0 387.0 361.0 331.0 418.0 385.0 365.0 337.0 361.0 386.0 353.0 345.0 355.0 366.0 359.0 338.0 335.0 368.0 397.0 317.0 362.0 372.0 377.0 386.0 381.0 243.0 375.0 387.0 326.0 351.0 371.0
339.0 348.0 365.0 363.0 364.0 360.0 358.0 364.0 364.0 387.0 379.0 400.0 400.0 395.0 386.0 386.0 367.0 379.0 368.0 369.0 392.0 370.0 109.0 16.0 228.0 351.0 408.0 463.0 382.0 362.0 379.0 378.0 409.0 395.0 385.0 411.0 409.0 380.0 370.0 377.0 348.0 363.0 388.0 331.0 349.0 365.0 348.0 382.0 375.0
337.0 335.0 306.0 295.0 328.0 371.0 366.0 336.0 341.0 354.0 367.0 342.0 332.0 332.0 336.0 363.0 146.0 46.0 286.0 222.0 314.0 416.0 420.0 387.0 347.0 361.0 322.0 308.0 373.0 356.0 350.0 361.0 353.0 329.0 363.0 352.0 340.0 359.0 362.0 340.0 339.0 341.0 342.0 326.0 353.0 351.0 355.0 376.0 396.0
300.0 297.0 143.0 274.0 239.0 226.0 273.0 262.0 284.0 262.0 287.0 298.0 293.0 290.0 385.0 163.0 354.0 285.0 332.0 326.0 334.0 346.0 368.0 335.0 368.0 377.0 386.0 383.0 388.0 392.0 394.0 402.0 389.0 354.0 346.0 325.0 326.0 310.0 300.0 325.0 336.0 331.0 312.0 317.0 325.0 330.0 314.0 329.0 341.0
326.0 310.0 300.0 325.0 336.0 331.0 312.0 317.0 325.0 330.0 314.0 329.0 341.0 326.0 320.0 185.0 288.0 441.0 406.0 441.0 412.0 385.0 340.0 331.0 319.0 329.0 322.0 342.0 332.0 327.0 324.0 311.0 324.0 345.0 314.0 331.0 321.0 328.0 312.0 315.0 323.0 317.0 318.0 315.0 315.0 323.0 327.0 321.0 336.0
356.0 348.0 336.0 357.0 343.0 348.0 353.0 332.0 343.0 339.0 332.0 333.0 331.0 334.0 116.0 224.0 221.0 278.0 312.0 448.0 300.0 448.0 448.0 448.0 448.0 432.0 330.0 365.0 337.0 301.0 277.0 343.0 314.0 335.0 370.0 376.0 392.0 390.0 349.0 333.0 328.0 328.0 325.0 335.0 327.0 327.0 331.0 339.0 318.0
323.0 327.0 322.0 323.0 308.0 312.0 319.0 335.0 328.0 317.0 312.0 323.0 306.0 304.0 243.0 78.0 167.0 174.0 170.0 211.0 330.0 380.0 443.0 395.0 437.0 432.0 361.0 393.0 349.0 328.0 330.0 337.0 330.0 321.0 321.0 323.0 348.0 334.0 320.0 326.0 327.0 312.0 337.0 341.0 318.0 307.0 318.0 343.0 315.0
324.0 323.0 316.0 341.0 321.0 313.0 328.0 334.0 334.0 347.0 333.0 310.0 310.0 315.0 339.0 313.0 315.0 325.0 96.0 357.0 454.0 454.0 432.0 454.0 454.0 454.0 454.0 445.0 395.0 326.0 385.0 365.0 320.0 356.0 335.0 336.0 321.0 338.0 327.0 332.0 348.0 316.0 332.0 418.0 343.0 360.0 338.0 330.0 322.0
300.0 293.0 309.0 320.0 315.0 326.0 327.0 334.0 338.0 327.0 334.0 332.0 331.0 344.0 328.0 314.0 323.0 338.0 330.0 325.0 320.0 332.0 327.0 323.0 328.0 73.0 397.0 436.0 458.0 458.0 458.0 352.0 393.0 311.0 310.0 324.0 355.0 400.0 347.0 329.0 321.0 326.0 374.0 325.0 319.0 376.0 336.0 330.0 334.0
330.0 334.0 358.0 358.0 348.0 361.0 353.0 369.0 337.0 348.0 339.0 342.0 353.0 358.0 362.0 348.0 331.0 322.0 65.0 389.0 406.0 460.0 388.0 384.0 366.0 365.0 323.0 372.0 354.0 333.0 364.0 358.0 365.0 352.0 342.0 354.0 365.0 346.0 337.0 364.0 377.0 347.0 363.0 314.0 380.0 387.0 342.0 348.0 354.0
342.0 379.0 361.0 316.0 366.0 381.0 371.0 367.0 359.0 363.0 341.0 346.0 372.0 347.0 353.0 340.0 315.0 368.0 332.0 327.0 331.0 362.0 402.0 359.0 344.0 327.0 318.0 330.0 349.0 345.0 351.0 345.0 318.0 352.0 369.0 346.0 330.0 331.0 342.0 346.0 345.0 386.0 430.0 397.0 405.0 421.0 407.0 356.0 266.0
346.0 373.0 367.0 357.0 329.0 306.0 357.0 348.0 359.0 329.0 411.0 397.0 330.0 363.0 369.0 379.0 343.0 352.0 373.0 365.0 217.0 96.0 471.0 471.0 471.0 385.0 409.0 395.0 377.0 350.0 329.0 329.0 338.0 357.0 365.0 353.0 362.0 335.0 374.0 369.0 363.0 381.0 399.0 342.0 337.0 349.0 334.0 367.0 335.0
376.0 308.0 317.0 331.0 375.0 340.0 379.0 308.0 321.0 357.0 378.0 358.0 399.0 355.0 359.0 355.0 158.0 193.0 475.0 338.0 363.0 379.0 342.0 373.0 343.0 333.0 346.0 322.0 335.0 328.0 373.0 365.0 335.0 330.0 321.0 345.0 376.0 428.0 341.0 382.0 373.0 363.0 362.0 385.0 390.0 364.0 392.0 402.0 407.0
281.0 271.0 282.0 350.0 369.0 374.0 353.0 356.0 371.0 354.0 355.0 364.0 360.0 342.0 327.0 382.0 369.0 355.0 369.0 369.0 355.0 361.0 379.0 372.0 360.0 344.0 373.0 357.0 371.0 353.0 347.0 366.0 375.0 357.0 380.0 406.0 369.0 381.0 377.0 430.0 430.0 343.0 418.0 352.0 366.0 365.0 481.0 390.0 381.0
360.0 372.0 417.0 391.0 378.0 401.0 389.0 404.0 406.0 390.0 401.0 384.0 391.0 365.0 357.0 398.0 389.0 380.0 370.0 380.0 385.0 195.0 494.0 368.0 494.0 483.0 375.0 427.0 365.0 362.0 385.0 397.0 397.0 380.0 364.0 374.0 371.0 350.0 371.0 380.0 349.0 426.0 420.0 375.0 356.0 344.0 355.0 360.0 342.0
383.0 391.0 380.0 374.0 369.0 391.0 385.0 376.0 389.0 394.0 372.0 390.0 385.0 373.0 343.0 331.0 35.0 331.0 359.0 381.0 374.0 410.0 500.0 500.0 454.0 500.0 388.0 447.0 399.0 396.0 428.0 384.0 370.0 391.0 392.0 313.0 287.0 339.0 407.0 331.0 384.0 364.0 393.0 382.0 388.0 375.0 371.0 365.0 384.0
397.0 381.0 391.0 391.0 394.0 410.0 404.0 406.0 381.0 383.0 374.0 377.0 381.0 371.0 357.0 372.0 368.0 113.0 362.0 275.0 450.0 369.0 435.0 500.0 389.0 374.0 401.0 364.0 426.0 406.0 493.0 491.0 421.0 346.0 387.0 344.0 379.0 360.0 378.0 359.0 342.0 341.0 371.0 395.0 414.0 369.0 364.0 362.0 398.0
406.0 422.0 419.0 421.0 449.0 442.0 413.0 384.0 379.0 385.0 352.0 370.0 382.0 400.0 311.0 500.0 331.0 493.0 500.0 431.0 428.0 419.0 418.0 388.0 409.0 407.0 393.0 421.0 394.0 377.0 385.0 398.0 380.0 403.0 393.0 372.0 396.0 382.0 424.0 386.0 412.0 439.0 378.0 436.0 369.0 500.0 383.0 363.0 487.0
428.0 399.0 423.0 411.0 432.0 408.0 404.0 399.0 383.0 376.0 422.0 392.0 376.0 404.0 439.0 394.0 415.0 395.0 386.0 91.0 336.0 440.0 500.0 450.0 341.0 414.0 431.0 420.0 401.0 360.0 345.0 351.0 379.0 367.0 363.0 357.0 381.0 379.0 370.0 363.0 338.0 366.0 375.0 363.0 361.0 373.0 388.0 390.0 354.0
381.0 393.0 400.0 380.0 374.0 392.0 383.0 397.0 404.0 399.0 429.0 421.0 368.0 388.0 392.0 56.0 419.0 500.0 500.0 453.0 447.0 380.0 364.0 405.0 386.0 389.0 409.0 394.0 373.0 378.0 393.0 401.0 383.0 387.0 351.0 380.0 375.0 366.0 373.0 371.0 350.0 380.0 363.0 382.0 393.0 403.0 458.0 395.0 370.0
414.0 496.0 418.0 363.0 417.0 441.0 393.0 412.0 435.0 456.0 500.0 480.0 500.0 500.0 360.0 483.0 476.0 32.0 324.0 450.0 477.0 500.0 478.0 299.0 362.0 424.0 453.0 362.0 401.0 417.0 397.0 410.0 442.0 400.0 380.0 415.0 401.0 379.0 438.0 458.0 443.0 404.0 437.0 427.0 385.0 385.0 357.0 426.0 390.0
295.0 275.0 293.0 406.0 191.0 309.0 291.0 267.0 269.0 296.0 308.0 286.0 297.0 284.0 308.0 285.0 287.0 291.0 292.0 298.0 277.0 285.0 304.0 276.0
149.0 359.0 243.0 270.0 249.0 293.0 287.0 306.0 295.0 313.0 281.0 310.0 293.0 307.0 275.0 292.0 307.0 298.0 284.0 295.0 200.0 271.0 262.0 285.0
288.0 286.0 308.0 286.0 277.0 284.0 429.0 283.0 303.0 241.0 215.0 268.0 274.0 283.0 270.0 292.0 297.0 306.0 280.0 296.0 316.0 317.0 281.0 295.0
273.0 274.0 259.0 279.0 271.0 280.0 353.0 475.0 475.0 189.0 220.0 241.0 267.0 277.0 257.0 291.0 285.0 285.0 287.0 259.0 285.0 291.0 279.0 281.0
330.0 394.0 367.0 343.0 195.0 196.0 217.0 257.0 267.0 262.0 263.0 282.0 281.0 301.0 296.0 317.0 304.0 289.0 292.0 301.0 312.0 288.0 321.0 321.0
324.0 316.0 316.0 325.0 319.0 310.0 345.0 328.0 324.0 302.0 337.0 327.0 361.0 351.0 298.0 306.0 317.0 314.0 292.0 294.0 273.0 372.0 313.0 283.0
283.0 261.0 287.0 304.0 278.0 232.0 279.0 323.0 319.0 351.0 354.0 298.0 305.0 279.0 266.0 252.0 333.0 303.0 284.0 325.0 325.0 310.0 306.0 341.0
304.0 278.0 232.0 279.0 323.0 319.0 351.0 354.0 298.0 305.0 279.0 266.0 252.0 333.0 303.0 284.0 325.0 325.0 310.0 306.0 341.0 335.0 344.0 332.0
313.0 351.0 326.0 312.0 15.0 339.0 475.0 475.0 475.0 475.0 475.0 430.0 459.0 360.0 307.0 311.0 326.0 320.0 309.0 320.0 337.0 333.0 342.0 295.0
284.0 304.0 318.0 308.0 300.0 330.0 333.0 15.0 416.0 475.0 369.0 304.0 332.0 329.0 367.0 338.0 349.0 343.0 344.0 310.0 348.0 320.0 324.0 346.0
284.0 286.0 288.0 302.0 291.0 15.0 366.0 357.0 287.0 297.0 378.0 318.0 265.0 275.0 292.0 309.0 309.0 252.0 271.0 276.0 289.0 321.0 313.0 305.0
289.0 321.0 313.0 305.0 296.0 285.0 302.0 289.0 259.0 266.0 15.0 475.0 368.0 450.0 352.0 305.0 305.0 276.0 277.0 296.0 280.0 328.0 287.0 246.0
296.0 280.0 328.0 287.0 246.0 276.0 279.0 15.0 15.0 475.0 475.0 213.0 443.0 382.0 353.0 285.0 293.0 277.0 296.0 284.0 322.0 368.0 308.0 316.0
