57320.0 57320.0 57340.0 57340.0 57350.0 57290.0 57320.0 57250.0 57250.0 57350.0 57360.0 57410.0 57410.0 57370.0 57330.0 57320.0 57330.0 57310.0 57360.0 57390.0 57400.0 57460.0 57460.0 57460.0 57470.0 57470.0 57560.0 57660.0 57740.0 57790.0
57790.0 57810.0 57810.0 57790.0 57730.0 57700.0 57680.0 57670.0 57630.0 57590.0 57550.0 57540.0 57480.0 57450.0 57430.0 57370.0 57350.0 57340.0 57370.0 57420.0 57460.0 57480.0 57510.0 57500.0 57470.0 57520.0 57530.0 57480.0 57440.0 57390.0
57400.0 57390.0 57380.0 57460.0 57460.0 57550.0 57580.0 57580.0 57550.0 57500.0 57520.0 57470.0 57480.0 57460.0 57520.0 57480.0 57520.0 57440.0 57420.0 57330.0 57270.0 57230.0 57200.0 57150.0 57090.0 57040.0 57000.0 56900.0 56830.0 56660.0
56600.0 56520.0 56430.0 56340.0 56260.0 56180.0 56100.0 56010.0 55990.0 55940.0 55910.0 55860.0 55830.0 55800.0 55790.0 55780.0 55740.0 55740.0 55770.0 55810.0 55810.0 55810.0 55810.0 55820.0 55800.0 55800.0 55750.0 55690.0 55640.0 55580.0
55560.0 55550.0 55520.0 55500.0 55480.0 55470.0 55460.0 55410.0 55380.0 55370.0 55330.0 55290.0 55270.0 55240.0 55230.0 55210.0 55160.0 55150.0 55130.0 55070.0 55060.0 55030.0 54990.0 54870.0 54910.0 54910.0 54910.0 54900.0 54900.0 54880.0
62770.0 62750.0 62780.0 62730.0 62760.0 62790.0 62790.0 62810.0 62830.0 62890.0 62840.0 62860.0 62830.0 62880.0 62870.0 62830.0 62870.0 62900.0 62840.0 62680.0 62570.0 62550.0 62500.0 62480.0 62510.0 62560.0 62520.0 62530.0 62550.0 62480.0
62580.0 62640.0 62640.0 62630.0 62590.0 62570.0 62540.0 62550.0 62520.0 62500.0 62450.0 62440.0 62380.0 62370.0 62360.0 62340.0 62320.0 62330.0 62260.0 62350.0 62310.0 62240.0 62240.0 62230.0 62190.0 62270.0 62260.0 62190.0 62270.0 62160.0
62250.0 62220.0 62250.0 62200.0 62180.0 62140.0 62120.0 62120.0 62090.0 62080.0 62100.0 62080.0 62070.0 62110.0 62120.0 62080.0 62100.0 62120.0 62090.0 62080.0 62100.0 62040.0 62030.0 62080.0 62080.0 62080.0 62050.0 62080.0 62080.0 62090.0
61870.0 61850.0 61850.0 61910.0 61970.0 62000.0 62030.0 62070.0 62100.0 62090.0 62150.0 62150.0 62160.0 62140.0 62150.0 62190.0 62310.0 62330.0 62340.0 62350.0 62400.0 62390.0 62440.0 62440.0 62430.0 62320.0 62290.0 62280.0 62250.0 62210.0
61950.0 61950.0 61950.0 61950.0 61930.0 61980.0 61940.0 62020.0 62000.0 61930.0 61930.0 61870.0 61840.0 61790.0 61800.0 61700.0 61640.0 61650.0 61610.0 61760.0 61750.0 61690.0 61640.0 61560.0 61540.0 61530.0 61550.0 61550.0 61590.0 61610.0
62390.0 62350.0 62330.0 62270.0 62240.0 62210.0 62160.0 62130.0 62030.0 62000.0 61950.0 61870.0 61780.0 61720.0 61670.0 61820.0 61740.0 61730.0 61700.0 61620.0 61560.0 61540.0 61500.0 61430.0 61410.0 61440.0 61420.0 61420.0 61440.0 61440.0
61490.0 61530.0 61620.0 61650.0 61660.0 61670.0 61700.0 61670.0 61650.0 61630.0 61600.0 61610.0 61600.0 61640.0 61660.0 61660.0 61760.0 61720.0 61770.0 61770.0 61730.0 61650.0 61660.0 61580.0 61540.0 61490.0 61420.0 61370.0 61320.0 61280.0
61430.0 61490.0 61520.0 61560.0 61610.0 61630.0 61640.0 61620.0 61690.0 61710.0 61740.0 61860.0 61850.0 61890.0 61920.0 61940.0 61880.0 61830.0 61620.0 61100.0 61000.0 61050.0 60980.0 61010.0 61060.0 61130.0 61210.0 61160.0 61150.0 61200.0
61110.0 61100.0 61080.0 61090.0 61110.0 61120.0 61130.0 61170.0 61190.0 61200.0 61220.0 61240.0 61250.0 61230.0 61290.0 61370.0 61320.0 61320.0 61270.0 61200.0 61150.0 61020.0 60950.0 60950.0 60940.0 60990.0 60960.0 61040.0 61050.0 60990.0
61030.0 61010.0 61030.0 61130.0 61180.0 61220.0 61270.0 61280.0 61310.0 61320.0 61330.0 61350.0 61380.0 61400.0 61420.0 61440.0 61460.0 61430.0 61400.0 61450.0 61510.0 61390.0 61440.0 61370.0 61370.0 61280.0 61170.0 61090.0 61080.0 61070.0
61480.0 61500.0 61510.0 61520.0 61510.0 61550.0 61590.0 61620.0 61740.0 61790.0 61660.0 61570.0 61420.0 61220.0 61080.0 61000.0 60990.0 60950.0 60890.0 60930.0 60930.0 60890.0 60890.0 60890.0 60870.0 60760.0 60810.0 60820.0 60860.0 60830.0
60730.0 60780.0 60780.0 60900.0 60830.0 60800.0 60840.0 60810.0 60840.0 60880.0 60910.0 60890.0 60990.0 60950.0 60870.0 60790.0 60760.0 60650.0 60630.0 60610.0 60680.0 60680.0 60700.0 60720.0 60780.0 60710.0 60730.0 60670.0 60650.0 60660.0
60680.0 60680.0 60700.0 60720.0 60780.0 60710.0 60730.0 60670.0 60650.0 60660.0 60660.0 60680.0 60660.0 60700.0 60690.0 60800.0 60880.0 60870.0 60900.0 60920.0 61040.0 61180.0 61330.0 61360.0 61320.0 61350.0 61420.0 61450.0 61390.0 61440.0
61540.0 61540.0 61530.0 61540.0 61580.0 61620.0 61650.0 61720.0 61770.0 61830.0 61820.0 61850.0 61860.0 61800.0 61860.0 61820.0 61720.0 61630.0 61480.0 61390.0 61340.0 61340.0 61370.0 61390.0 61450.0 61420.0 61520.0 61500.0 61510.0 61550.0
61800.0 61780.0 61760.0 61780.0 61740.0 61690.0 61660.0 61640.0 61620.0 61610.0 61590.0 61560.0 61530.0 61500.0 61490.0 61490.0 61490.0 61540.0 61500.0 61490.0 61380.0 61420.0 61340.0 61340.0 61320.0 61330.0 61370.0 61400.0 61360.0 61340.0
61590.0 61570.0 61670.0 61630.0 61630.0 61620.0 61590.0 61520.0 61470.0 61500.0 61480.0 61460.0 61420.0 61390.0 61340.0 61330.0 61310.0 61300.0 61340.0 61260.0 61290.0 61330.0 61330.0 61270.0 61270.0 61260.0 61240.0 61200.0 61230.0 61200.0
61340.0 61330.0 61240.0 61230.0 61250.0 61300.0 61340.0 61390.0 61430.0 61470.0 61500.0 61550.0 61600.0 61650.0 61700.0 61660.0 61630.0 61660.0 61660.0 61660.0 61610.0 61570.0 61570.0 61580.0 61540.0 61540.0 61500.0 61470.0 61460.0 61530.0
61460.0 61530.0 61580.0 61560.0 61590.0 61560.0 61590.0 61570.0 61590.0 61600.0 61600.0 61650.0 61670.0 61660.0 61670.0 61760.0 61790.0 61790.0 61810.0 61800.0 61720.0 61660.0 61550.0 61520.0 61570.0 61470.0 61370.0 61410.0 61290.0 61290.0
61860.0 61840.0 61850.0 61810.0 61820.0 61800.0 61770.0 61750.0 61740.0 61730.0 61740.0 61740.0 61760.0 61790.0 61780.0 61910.0 61990.0 61920.0 62010.0 61990.0 61970.0 61950.0 61960.0 61930.0 61920.0 61900.0 61870.0 61940.0 61930.0 61870.0
61820.0 61770.0 61750.0 61700.0 61670.0 61650.0 61600.0 61570.0 61560.0 61500.0 61480.0 61460.0 61460.0 61440.0 61440.0 61450.0 61480.0 61480.0 61510.0 61450.0 61450.0 61490.0 61470.0 61450.0 61400.0 61380.0 61380.0 61380.0 61420.0 61330.0
61720.0 61670.0 61690.0 61710.0 61730.0 61750.0 61740.0 61750.0 61730.0 61820.0 61850.0 61870.0 61810.0 61680.0 61500.0 61500.0 61570.0 61590.0 61700.0 61690.0 61870.0 61940.0 62010.0 62100.0 62160.0 62230.0 62310.0 62330.0 62240.0 62320.0
62370.0 62330.0 62320.0 62310.0 62290.0 62340.0 62320.0 62360.0 62370.0 62380.0 62420.0 62430.0 62450.0 62420.0 62400.0 62400.0 62450.0 62500.0 62450.0 62370.0 62350.0 62330.0 62290.0 62200.0 62160.0 62120.0 62120.0 62050.0 62060.0 62040.0
62030.0 62010.0 61990.0 62000.0 61990.0 62020.0 62030.0 62000.0 61970.0 61920.0 61930.0 61870.0 61840.0 61830.0 61740.0 61620.0 61600.0 61620.0 61640.0 61690.0 61700.0 61720.0 61770.0 61740.0 61810.0 61880.0 61910.0 61990.0 62050.0 62050.0
62080.0 62040.0 62000.0 61950.0 61930.0 61890.0 61820.0 61810.0 61760.0 61730.0 61690.0 61660.0 61610.0 61590.0 61610.0 61660.0 61680.0 61690.0 61670.0 61600.0 61570.0 61480.0 61500.0 61500.0 61490.0 61460.0 61410.0 61410.0 61410.0 61370.0
61450.0 61500.0 61480.0 61500.0 61290.0 61320.0 61290.0 61330.0 61270.0 61220.0 61220.0 61180.0 61090.0 61080.0 61100.0 61150.0 61140.0 61140.0 61100.0 61140.0 61130.0 61100.0 61090.0 61100.0 61090.0 61080.0 61120.0 61070.0 61070.0 61020.0
60780.0 60770.0 60750.0 60730.0 60700.0 60680.0 60680.0 60610.0 60590.0 60590.0 60580.0 60570.0 60590.0 60580.0 60580.0 60620.0 60750.0 60590.0 60540.0 60480.0 60470.0 60350.0 60340.0 60350.0 60290.0 60270.0 60230.0 60280.0 60340.0 60320.0
60580.0 60540.0 60570.0 60560.0 60570.0 60580.0 60650.0 60590.0 60590.0 60610.0 60660.0 60720.0 60750.0 60770.0 60760.0 60780.0 60790.0 60770.0 60760.0 60790.0 60700.0 60620.0 60670.0 60650.0 60660.0 60640.0 60600.0 60580.0 60570.0 60580.0
60700.0 60720.0 60700.0 60650.0 60680.0 60690.0 60650.0 60650.0 60660.0 60690.0 60720.0 60800.0 60770.0 60840.0 60660.0 60540.0 60560.0 60560.0 60540.0 60530.0 60480.0 60410.0 60300.0 60220.0 60140.0 60050.0 60000.0 60000.0 60010.0 60000.0
60070.0 60070.0 60100.0 60130.0 60190.0 60240.0 60330.0 60330.0 60320.0 60350.0 60390.0 60430.0 60400.0 60350.0 60310.0 60350.0 60370.0 60390.0 60360.0 60300.0 60260.0 60220.0 60270.0 60350.0 60380.0 60350.0 60330.0 60320.0 60310.0 60330.0
60370.0 60360.0 60360.0 60290.0 60290.0 60290.0 60300.0 60290.0 60260.0 60270.0 60290.0 60270.0 60220.0 60250.0 60150.0 60130.0 60020.0 60020.0 60020.0 60040.0 60010.0 59970.0 60020.0 60070.0 60020.0 59970.0 59900.0 59850.0 59830.0 59740.0
63510.0 63500.0 63370.0 63190.0 63240.0 63210.0 63150.0 63010.0 62960.0 62920.0 62890.0 62820.0 62700.0 62650.0 62670.0 62590.0 62610.0 62640.0 62590.0 62570.0 62500.0 62350.0 62300.0 62160.0 62030.0 61930.0 61740.0 61690.0 61630.0 61550.0
61310.0 61250.0 61240.0 61170.0 61100.0 61120.0 61130.0 61100.0 60990.0 60960.0 60920.0 60880.0 60910.0 60850.0 60780.0 60820.0 60830.0 60890.0 60920.0 60990.0 61010.0 61050.0 61090.0 61120.0 61140.0 61130.0 61150.0 61210.0 61270.0 61390.0
61560.0 61580.0 61610.0 61650.0 61690.0 61690.0 61700.0 61710.0 61690.0 61740.0 61730.0 61790.0 61810.0 61820.0 61800.0 61680.0 61530.0 61390.0 61270.0 61300.0 61350.0 61390.0 61490.0 61590.0 61680.0 61770.0 61800.0 61960.0 62040.0 62160.0
61800.0 61760.0 61690.0 61690.0 61670.0 61670.0 61660.0 61670.0 61670.0 61660.0 61690.0 61700.0 61680.0 61650.0 61660.0 61640.0 61590.0 61580.0 61530.0 61490.0 61460.0 61410.0 61370.0 61320.0 61270.0 61260.0 61240.0 61260.0 61180.0 61120.0
61020.0 61010.0 61040.0 61040.0 61040.0 61040.0 61030.0 61040.0 61060.0 61060.0 61060.0 61080.0 61080.0 60980.0 60940.0 60910.0 60880.0 60790.0 60740.0 60780.0 60820.0 60850.0 60870.0 60940.0 60940.0 60960.0 60990.0 60930.0 60870.0 60820.0
61120.0 61280.0 61300.0 61340.0 61360.0 61420.0 61460.0 61460.0 61510.0 61530.0 61540.0 61550.0 61550.0 61560.0 61530.0 61520.0 61540.0 61510.0 61610.0 61680.0 61680.0 61660.0 61500.0 61430.0 61410.0 61320.0 61290.0 61230.0 61170.0 61090.0
61030.0 60950.0 60880.0 60800.0 60880.0 60950.0 61020.0 61020.0 61030.0 61040.0 61060.0 61080.0 61100.0 61140.0 61010.0 61000.0 61000.0 60940.0 60900.0 60930.0 60910.0 60900.0 60920.0 60910.0 60920.0 60930.0 60920.0 60930.0 60940.0 60950.0
60840.0 60850.0 60810.0 60780.0 60820.0 60790.0 60820.0 60830.0 60860.0 60870.0 60870.0 60830.0 60850.0 60840.0 60810.0 60760.0 60790.0 60740.0 60760.0 60820.0 60790.0 60800.0 60820.0 60890.0 60920.0 60910.0 60960.0 60960.0 61010.0 61060.0
60990.0 61030.0 61040.0 61050.0 61070.0 61090.0 61130.0 61150.0 61170.0 61250.0 61280.0 61340.0 61370.0 61390.0 61480.0 61500.0 61570.0 61550.0 61540.0 61560.0 61620.0 61680.0 61790.0 61950.0 62070.0 62070.0 62050.0 62060.0 62110.0 62050.0
61660.0 61660.0 61720.0 61750.0 61820.0 61860.0 61890.0 61920.0 61950.0 62020.0 62090.0 62140.0 62210.0 62230.0 62310.0 62260.0 62280.0 62210.0 62230.0 62270.0 62290.0 62300.0 62310.0 62340.0 62390.0 62450.0 62470.0 62460.0 62460.0 62460.0
63870.0 63970.0 64040.0 64020.0 64030.0 64050.0 64070.0 64100.0 64100.0 64130.0 64130.0 64180.0 64200.0 64250.0 64290.0 64320.0 64340.0 64380.0 64380.0 64380.0 64340.0 64360.0 64360.0 64390.0 64370.0 64300.0 64260.0 64240.0 64200.0 64180.0
64660.0 64690.0 64690.0 64730.0 64780.0 64810.0 64840.0 64850.0 64880.0 64880.0 64910.0 64910.0 64870.0 64860.0 64890.0 64890.0 64880.0 64790.0 64730.0 64720.0 64670.0 64660.0 64660.0 64620.0 64630.0 64600.0 64600.0 64540.0 64570.0 64560.0
63280.0 63270.0 63210.0 63210.0 63150.0 63130.0 63120.0 63090.0 63090.0 63080.0 63110.0 63120.0 63140.0 63070.0 63040.0 62990.0 62940.0 62860.0 62860.0 62840.0 62830.0 62810.0 62850.0 62870.0 62890.0 62880.0 62870.0 62950.0 62960.0 62950.0
62940.0 62880.0 62880.0 62920.0 62960.0 62990.0 63110.0 63180.0 63170.0 63180.0 63190.0 63200.0 63220.0 63290.0 63310.0 63270.0 63210.0 63180.0 63160.0 63130.0 63070.0 63110.0 63110.0 63150.0 63140.0 63160.0 63150.0 63160.0 63130.0 63190.0
63350.0 63370.0 63390.0 63390.0 63440.0 63490.0 63550.0 63620.0 63700.0 63710.0 63730.0 63750.0 63750.0 63730.0 63730.0 63720.0 63760.0 63770.0 63850.0 63820.0 63850.0 63880.0 63890.0 63860.0 63920.0 63910.0 63930.0 63930.0 63950.0 63990.0
64760.0 64840.0 64910.0 64970.0 65020.0 65030.0 65080.0 65110.0 65140.0 65180.0 65210.0 65250.0 65300.0 65360.0 65400.0 65470.0 65450.0 65410.0 65380.0 65370.0 65340.0 65380.0 65360.0 65430.0 65370.0 65390.0 65400.0 65440.0 65390.0 65380.0
66010.0 65970.0 65930.0 65930.0 65920.0 65890.0 65880.0 65870.0 65850.0 65860.0 65870.0 65900.0 65960.0 65920.0 65870.0 65840.0 65810.0 65790.0 65790.0 65770.0 65770.0 65770.0 65790.0 65780.0 65780.0 65790.0 65830.0 65870.0 65890.0 65920.0
66920.0 66910.0 66920.0 66880.0 66820.0 66790.0 66760.0 66750.0 66720.0 66670.0 66670.0 66710.0 66780.0 66790.0 66720.0 66680.0 66600.0 66580.0 66550.0 66480.0 66420.0 66400.0 66430.0 66380.0 66400.0 66320.0 66320.0 66330.0 66310.0 66260.0
57320.0 57320.0 57340.0 57340.0 57350.0 57290.0 57320.0 57250.0 57250.0 57350.0 57360.0 57410.0 57410.0 57370.0 57330.0 57320.0 57330.0 57310.0 57360.0 57390.0 57400.0 57460.0 57460.0 57460.0 57470.0 57470.0 57560.0 57660.0 57740.0 57790.0
57790.0 57810.0 57810.0 57790.0 57730.0 57700.0 57680.0 57670.0 57630.0 57590.0 57550.0 57540.0 57480.0 57450.0 57430.0 57370.0 57350.0 57340.0 57370.0 57420.0 57460.0 57480.0 57510.0 57500.0 57470.0 57520.0 57530.0 57480.0 57440.0 57390.0
57400.0 57390.0 57380.0 57460.0 57460.0 57550.0 57580.0 57580.0 57550.0 57500.0 57520.0 57470.0 57480.0 57460.0 57520.0 57480.0 57520.0 57440.0 57420.0 57330.0 57270.0 57230.0 57200.0 57150.0 57090.0 57040.0 57000.0 56900.0 56830.0 56660.0
56600.0 56520.0 56430.0 56340.0 56260.0 56180.0 56100.0 56010.0 55990.0 55940.0 55910.0 55860.0 55830.0 55800.0 55790.0 55780.0 55740.0 55740.0 55770.0 55810.0 55810.0 55810.0 55810.0 55820.0 55800.0 55800.0 55750.0 55690.0 55640.0 55580.0
55560.0 55550.0 55520.0 55500.0 55480.0 55470.0 55460.0 55410.0 55380.0 55370.0 55330.0 55290.0 55270.0 55240.0 55230.0 55210.0 55160.0 55150.0 55130.0 55070.0 55060.0 55030.0 54990.0 54870.0 54910.0 54910.0 54910.0 54900.0 54900.0 54880.0
62770.0 62750.0 62780.0 62730.0 62760.0 62790.0 62790.0 62810.0 62830.0 62890.0 62840.0 62860.0 62830.0 62880.0 62870.0 62830.0 62870.0 62900.0 62840.0 62680.0 62570.0 62550.0 62500.0 62480.0 62510.0 62560.0 62520.0 62530.0 62550.0 62480.0
62580.0 62640.0 62640.0 62630.0 62590.0 62570.0 62540.0 62550.0 62520.0 62500.0 62450.0 62440.0 62380.0 62370.0 62360.0 62340.0 62320.0 62330.0 62260.0 62350.0 62310.0 62240.0 62240.0 62230.0 62190.0 62270.0 62260.0 62190.0 62270.0 62160.0
62250.0 62220.0 62250.0 62200.0 62180.0 62140.0 62120.0 62120.0 62090.0 62080.0 62100.0 62080.0 62070.0 62110.0 62120.0 62080.0 62100.0 62120.0 62090.0 62080.0 62100.0 62040.0 62030.0 62080.0 62080.0 62080.0 62050.0 62080.0 62080.0 62090.0
61870.0 61850.0 61850.0 61910.0 61970.0 62000.0 62030.0 62070.0 62100.0 62090.0 62150.0 62150.0 62160.0 62140.0 62150.0 62190.0 62310.0 62330.0 62340.0 62350.0 62400.0 62390.0 62440.0 62440.0 62430.0 62320.0 62290.0 62280.0 62250.0 62210.0
61950.0 61950.0 61950.0 61950.0 61930.0 61980.0 61940.0 62020.0 62000.0 61930.0 61930.0 61870.0 61840.0 61790.0 61800.0 61700.0 61640.0 61650.0 61610.0 61760.0 61750.0 61690.0 61640.0 61560.0 61540.0 61530.0 61550.0 61550.0 61590.0 61610.0
62390.0 62350.0 62330.0 62270.0 62240.0 62210.0 62160.0 62130.0 62030.0 62000.0 61950.0 61870.0 61780.0 61720.0 61670.0 61820.0 61740.0 61730.0 61700.0 61620.0 61560.0 61540.0 61500.0 61430.0 61410.0 61440.0 61420.0 61420.0 61440.0 61440.0
61490.0 61530.0 61620.0 61650.0 61660.0 61670.0 61700.0 61670.0 61650.0 61630.0 61600.0 61610.0 61600.0 61640.0 61660.0 61660.0 61760.0 61720.0 61770.0 61770.0 61730.0 61650.0 61660.0 61580.0 61540.0 61490.0 61420.0 61370.0 61320.0 61280.0
61430.0 61490.0 61520.0 61560.0 61610.0 61630.0 61640.0 61620.0 61690.0 61710.0 61740.0 61860.0 61850.0 61890.0 61920.0 61940.0 61880.0 61830.0 61620.0 61100.0 61000.0 61050.0 60980.0 61010.0 61060.0 61130.0 61210.0 61160.0 61150.0 61200.0
61110.0 61100.0 61080.0 61090.0 61110.0 61120.0 61130.0 61170.0 61190.0 61200.0 61220.0 61240.0 61250.0 61230.0 61290.0 61370.0 61320.0 61320.0 61270.0 61200.0 61150.0 61020.0 60950.0 60950.0 60940.0 60990.0 60960.0 61040.0 61050.0 60990.0
61030.0 61010.0 61030.0 61130.0 61180.0 61220.0 61270.0 61280.0 61310.0 61320.0 61330.0 61350.0 61380.0 61400.0 61420.0 61440.0 61460.0 61430.0 61400.0 61450.0 61510.0 61390.0 61440.0 61370.0 61370.0 61280.0 61170.0 61090.0 61080.0 61070.0
61480.0 61500.0 61510.0 61520.0 61510.0 61550.0 61590.0 61620.0 61740.0 61790.0 61660.0 61570.0 61420.0 61220.0 61080.0 61000.0 60990.0 60950.0 60890.0 60930.0 60930.0 60890.0 60890.0 60890.0 60870.0 60760.0 60810.0 60820.0 60860.0 60830.0
60730.0 60780.0 60780.0 60900.0 60830.0 60800.0 60840.0 60810.0 60840.0 60880.0 60910.0 60890.0 60990.0 60950.0 60870.0 60790.0 60760.0 60650.0 60630.0 60610.0 60680.0 60680.0 60700.0 60720.0 60780.0 60710.0 60730.0 60670.0 60650.0 60660.0
60680.0 60680.0 60700.0 60720.0 60780.0 60710.0 60730.0 60670.0 60650.0 60660.0 60660.0 60680.0 60660.0 60700.0 60690.0 60800.0 60880.0 60870.0 60900.0 60920.0 61040.0 61180.0 61330.0 61360.0 61320.0 61350.0 61420.0 61450.0 61390.0 61440.0
61540.0 61540.0 61530.0 61540.0 61580.0 61620.0 61650.0 61720.0 61770.0 61830.0 61820.0 61850.0 61860.0 61800.0 61860.0 61820.0 61720.0 61630.0 61480.0 61390.0 61340.0 61340.0 61370.0 61390.0 61450.0 61420.0 61520.0 61500.0 61510.0 61550.0
61800.0 61780.0 61760.0 61780.0 61740.0 61690.0 61660.0 61640.0 61620.0 61610.0 61590.0 61560.0 61530.0 61500.0 61490.0 61490.0 61490.0 61540.0 61500.0 61490.0 61380.0 61420.0 61340.0 61340.0 61320.0 61330.0 61370.0 61400.0 61360.0 61340.0
61590.0 61570.0 61670.0 61630.0 61630.0 61620.0 61590.0 61520.0 61470.0 61500.0 61480.0 61460.0 61420.0 61390.0 61340.0 61330.0 61310.0 61300.0 61340.0 61260.0 61290.0 61330.0 61330.0 61270.0 61270.0 61260.0 61240.0 61200.0 61230.0 61200.0
61340.0 61330.0 61240.0 61230.0 61250.0 61300.0 61340.0 61390.0 61430.0 61470.0 61500.0 61550.0 61600.0 61650.0 61700.0 61660.0 61630.0 61660.0 61660.0 61660.0 61610.0 61570.0 61570.0 61580.0 61540.0 61540.0 61500.0 61470.0 61460.0 61530.0
57320.0 57320.0 57340.0 57340.0 57350.0 57290.0 57320.0 57250.0 57250.0 57350.0 57360.0 57410.0 57410.0 57370.0 57330.0 57320.0 57330.0 57310.0 57360.0 57390.0 57400.0 57460.0 57460.0 57460.0 57470.0 57470.0 57560.0 57660.0 57740.0 57790.0
57790.0 57810.0 57810.0 57790.0 57730.0 57700.0 57680.0 57670.0 57630.0 57590.0 57550.0 57540.0 57480.0 57450.0 57430.0 57370.0 57350.0 57340.0 57370.0 57420.0 57460.0 57480.0 57510.0 57500.0 57470.0 57520.0 57530.0 57480.0 57440.0 57390.0
57400.0 57390.0 57380.0 57460.0 57460.0 57550.0 57580.0 57580.0 57550.0 57500.0 57520.0 57470.0 57480.0 57460.0 57520.0 57480.0 57520.0 57440.0 57420.0 57330.0 57270.0 57230.0 57200.0 57150.0 57090.0 57040.0 57000.0 56900.0 56830.0 56660.0
56600.0 56520.0 56430.0 56340.0 56260.0 56180.0 56100.0 56010.0 55990.0 55940.0 55910.0 55860.0 55830.0 55800.0 55790.0 55780.0 55740.0 55740.0 55770.0 55810.0 55810.0 55810.0 55810.0 55820.0 55800.0 55800.0 55750.0 55690.0 55640.0 55580.0
55560.0 55550.0 55520.0 55500.0 55480.0 55470.0 55460.0 55410.0 55380.0 55370.0 55330.0 55290.0 55270.0 55240.0 55230.0 55210.0 55160.0 55150.0 55130.0 55070.0 55060.0 55030.0 54990.0 54870.0 54910.0 54910.0 54910.0 54900.0 54900.0 54880.0
62770.0 62750.0 62780.0 62730.0 62760.0 62790.0 62790.0 62810.0 62830.0 62890.0 62840.0 62860.0 62830.0 62880.0 62870.0 62830.0 62870.0 62900.0 62840.0 62680.0 62570.0 62550.0 62500.0 62480.0 62510.0 62560.0 62520.0 62530.0 62550.0 62480.0
62580.0 62640.0 62640.0 62630.0 62590.0 62570.0 62540.0 62550.0 62520.0 62500.0 62450.0 62440.0 62380.0 62370.0 62360.0 62340.0 62320.0 62330.0 62260.0 62350.0 62310.0 62240.0 62240.0 62230.0 62190.0 62270.0 62260.0 62190.0 62270.0 62160.0
62250.0 62220.0 62250.0 62200.0 62180.0 62140.0 62120.0 62120.0 62090.0 62080.0 62100.0 62080.0 62070.0 62110.0 62120.0 62080.0 62100.0 62120.0 62090.0 62080.0 62100.0 62040.0 62030.0 62080.0 62080.0 62080.0 62050.0 62080.0 62080.0 62090.0
61870.0 61850.0 61850.0 61910.0 61970.0 62000.0 62030.0 62070.0 62100.0 62090.0 62150.0 62150.0 62160.0 62140.0 62150.0 62190.0 62310.0 62330.0 62340.0 62350.0 62400.0 62390.0 62440.0 62440.0 62430.0 62320.0 62290.0 62280.0 62250.0 62210.0
61950.0 61950.0 61950.0 61950.0 61930.0 61980.0 61940.0 62020.0 62000.0 61930.0 61930.0 61870.0 61840.0 61790.0 61800.0 61700.0 61640.0 61650.0 61610.0 61760.0 61750.0 61690.0 61640.0 61560.0 61540.0 61530.0 61550.0 61550.0 61590.0 61610.0
62390.0 62350.0 62330.0 62270.0 62240.0 62210.0 62160.0 62130.0 62030.0 62000.0 61950.0 61870.0 61780.0 61720.0 61670.0 61820.0 61740.0 61730.0 61700.0 61620.0 61560.0 61540.0 61500.0 61430.0 61410.0 61440.0 61420.0 61420.0 61440.0 61440.0
61490.0 61530.0 61620.0 61650.0 61660.0 61670.0 61700.0 61670.0 61650.0 61630.0 61600.0 61610.0 61600.0 61640.0 61660.0 61660.0 61760.0 61720.0 61770.0 61770.0 61730.0 61650.0 61660.0 61580.0 61540.0 61490.0 61420.0 61370.0 61320.0 61280.0
61430.0 61490.0 61520.0 61560.0 61610.0 61630.0 61640.0 61620.0 61690.0 61710.0 61740.0 61860.0 61850.0 61890.0 61920.0 61940.0 61880.0 61830.0 61620.0 61100.0 61000.0 61050.0 60980.0 61010.0 61060.0 61130.0 61210.0 61160.0 61150.0 61200.0
61110.0 61100.0 61080.0 61090.0 61110.0 61120.0 61130.0 61170.0 61190.0 61200.0 61220.0 61240.0 61250.0 61230.0 61290.0 61370.0 61320.0 61320.0 61270.0 61200.0 61150.0 61020.0 60950.0 60950.0 60940.0 60990.0 60960.0 61040.0 61050.0 60990.0
61030.0 61010.0 61030.0 61130.0 61180.0 61220.0 61270.0 61280.0 61310.0 61320.0 61330.0 61350.0 61380.0 61400.0 61420.0 61440.0 61460.0 61430.0 61400.0 61450.0 61510.0 61390.0 61440.0 61370.0 61370.0 61280.0 61170.0 61090.0 61080.0 61070.0
61480.0 61500.0 61510.0 61520.0 61510.0 61550.0 61590.0 61620.0 61740.0 61790.0 61660.0 61570.0 61420.0 61220.0 61080.0 61000.0 60990.0 60950.0 60890.0 60930.0 60930.0 60890.0 60890.0 60890.0 60870.0 60760.0 60810.0 60820.0 60860.0 60830.0
60730.0 60780.0 60780.0 60900.0 60830.0 60800.0 60840.0 60810.0 60840.0 60880.0 60910.0 60890.0 60990.0 60950.0 60870.0 60790.0 60760.0 60650.0 60630.0 60610.0 60680.0 60680.0 60700.0 60720.0 60780.0 60710.0 60730.0 60670.0 60650.0 60660.0
60680.0 60680.0 60700.0 60720.0 60780.0 60710.0 60730.0 60670.0 60650.0 60660.0 60660.0 60680.0 60660.0 60700.0 60690.0 60800.0 60880.0 60870.0 60900.0 60920.0 61040.0 61180.0 61330.0 61360.0 61320.0 61350.0 61420.0 61450.0 61390.0 61440.0
61540.0 61540.0 61530.0 61540.0 61580.0 61620.0 61650.0 61720.0 61770.0 61830.0 61820.0 61850.0 61860.0 61800.0 61860.0 61820.0 61720.0 61630.0 61480.0 61390.0 61340.0 61340.0 61370.0 61390.0 61450.0 61420.0 61520.0 61500.0 61510.0 61550.0
61800.0 61780.0 61760.0 61780.0 61740.0 61690.0 61660.0 61640.0 61620.0 61610.0 61590.0 61560.0 61530.0 61500.0 61490.0 61490.0 61490.0 61540.0 61500.0 61490.0 61380.0 61420.0 61340.0 61340.0 61320.0 61330.0 61370.0 61400.0 61360.0 61340.0
61590.0 61570.0 61670.0 61630.0 61630.0 61620.0 61590.0 61520.0 61470.0 61500.0 61480.0 61460.0 61420.0 61390.0 61340.0 61330.0 61310.0 61300.0 61340.0 61260.0 61290.0 61330.0 61330.0 61270.0 61270.0 61260.0 61240.0 61200.0 61230.0 61200.0
61340.0 61330.0 61240.0 61230.0 61250.0 61300.0 61340.0 61390.0 61430.0 61470.0 61500.0 61550.0 61600.0 61650.0 61700.0 61660.0 61630.0 61660.0 61660.0 61660.0 61610.0 61570.0 61570.0 61580.0 61540.0 61540.0 61500.0 61470.0 61460.0 61530.0
61460.0 61530.0 61580.0 61560.0 61590.0 61560.0 61590.0 61570.0 61590.0 61600.0 61600.0 61650.0 61670.0 61660.0 61670.0 61760.0 61790.0 61790.0 61810.0 61800.0 61720.0 61660.0 61550.0 61520.0 61570.0 61470.0 61370.0 61410.0 61290.0 61290.0
61860.0 61840.0 61850.0 61810.0 61820.0 61800.0 61770.0 61750.0 61740.0 61730.0 61740.0 61740.0 61760.0 61790.0 61780.0 61910.0 61990.0 61920.0 62010.0 61990.0 61970.0 61950.0 61960.0 61930.0 61920.0 61900.0 61870.0 61940.0 61930.0 61870.0
61820.0 61770.0 61750.0 61700.0 61670.0 61650.0 61600.0 61570.0 61560.0 61500.0 61480.0 61460.0 61460.0 61440.0 61440.0 61450.0 61480.0 61480.0 61510.0 61450.0 61450.0 61490.0 61470.0 61450.0 61400.0 61380.0 61380.0 61380.0 61420.0 61330.0
61720.0 61670.0 61690.0 61710.0 61730.0 61750.0 61740.0 61750.0 61730.0 61820.0 61850.0 61870.0 61810.0 61680.0 61500.0 61500.0 61570.0 61590.0 61700.0 61690.0 61870.0 61940.0 62010.0 62100.0 62160.0 62230.0 62310.0 62330.0 62240.0 62320.0
62370.0 62330.0 62320.0 62310.0 62290.0 62340.0 62320.0 62360.0 62370.0 62380.0 62420.0 62430.0 62450.0 62420.0 62400.0 62400.0 62450.0 62500.0 62450.0 62370.0 62350.0 62330.0 62290.0 62200.0 62160.0 62120.0 62120.0 62050.0 62060.0 62040.0
62030.0 62010.0 61990.0 62000.0 61990.0 62020.0 62030.0 62000.0 61970.0 61920.0 61930.0 61870.0 61840.0 61830.0 61740.0 61620.0 61600.0 61620.0 61640.0 61690.0 61700.0 61720.0 61770.0 61740.0 61810.0 61880.0 61910.0 61990.0 62050.0 62050.0
62080.0 62040.0 62000.0 61950.0 61930.0 61890.0 61820.0 61810.0 61760.0 61730.0 61690.0 61660.0 61610.0 61590.0 61610.0 61660.0 61680.0 61690.0 61670.0 61600.0 61570.0 61480.0 61500.0 61500.0 61490.0 61460.0 61410.0 61410.0 61410.0 61370.0
61450.0 61500.0 61480.0 61500.0 61290.0 61320.0 61290.0 61330.0 61270.0 61220.0 61220.0 61180.0 61090.0 61080.0 61100.0 61150.0 61140.0 61140.0 61100.0 61140.0 61130.0 61100.0 61090.0 61100.0 61090.0 61080.0 61120.0 61070.0 61070.0 61020.0
60780.0 60770.0 60750.0 60730.0 60700.0 60680.0 60680.0 60610.0 60590.0 60590.0 60580.0 60570.0 60590.0 60580.0 60580.0 60620.0 60750.0 60590.0 60540.0 60480.0 60470.0 60350.0 60340.0 60350.0 60290.0 60270.0 60230.0 60280.0 60340.0 60320.0
60580.0 60540.0 60570.0 60560.0 60570.0 60580.0 60650.0 60590.0 60590.0 60610.0 60660.0 60720.0 60750.0 60770.0 60760.0 60780.0 60790.0 60770.0 60760.0 60790.0 60700.0 60620.0 60670.0 60650.0 60660.0 60640.0 60600.0 60580.0 60570.0 60580.0
60700.0 60720.0 60700.0 60650.0 60680.0 60690.0 60650.0 60650.0 60660.0 60690.0 60720.0 60800.0 60770.0 60840.0 60660.0 60540.0 60560.0 60560.0 60540.0 60530.0 60480.0 60410.0 60300.0 60220.0 60140.0 60050.0 60000.0 60000.0 60010.0 60000.0
60070.0 60070.0 60100.0 60130.0 60190.0 60240.0 60330.0 60330.0 60320.0 60350.0 60390.0 60430.0 60400.0 60350.0 60310.0 60350.0 60370.0 60390.0 60360.0 60300.0 60260.0 60220.0 60270.0 60350.0 60380.0 60350.0 60330.0 60320.0 60310.0 60330.0
60370.0 60360.0 60360.0 60290.0 60290.0 60290.0 60300.0 60290.0 60260.0 60270.0 60290.0 60270.0 60220.0 60250.0 60150.0 60130.0 60020.0 60020.0 60020.0 60040.0 60010.0 59970.0 60020.0 60070.0 60020.0 59970.0 59900.0 59850.0 59830.0 59740.0
63510.0 63500.0 63370.0 63190.0 63240.0 63210.0 63150.0 63010.0 62960.0 62920.0 62890.0 62820.0 62700.0 62650.0 62670.0 62590.0 62610.0 62640.0 62590.0 62570.0 62500.0 62350.0 62300.0 62160.0 62030.0 61930.0 61740.0 61690.0 61630.0 61550.0
61310.0 61250.0 61240.0 61170.0 61100.0 61120.0 61130.0 61100.0 60990.0 60960.0 60920.0 60880.0 60910.0 60850.0 60780.0 60820.0 60830.0 60890.0 60920.0 60990.0 61010.0 61050.0 61090.0 61120.0 61140.0 61130.0 61150.0 61210.0 61270.0 61390.0
61560.0 61580.0 61610.0 61650.0 61690.0 61690.0 61700.0 61710.0 61690.0 61740.0 61730.0 61790.0 61810.0 61820.0 61800.0 61680.0 61530.0 61390.0 61270.0 61300.0 61350.0 61390.0 61490.0 61590.0 61680.0 61770.0 61800.0 61960.0 62040.0 62160.0
61800.0 61760.0 61690.0 61690.0 61670.0 61670.0 61660.0 61670.0 61670.0 61660.0 61690.0 61700.0 61680.0 61650.0 61660.0 61640.0 61590.0 61580.0 61530.0 61490.0 61460.0 61410.0 61370.0 61320.0 61270.0 61260.0 61240.0 61260.0 61180.0 61120.0
61020.0 61010.0 61040.0 61040.0 61040.0 61040.0 61030.0 61040.0 61060.0 61060.0 61060.0 61080.0 61080.0 60980.0 60940.0 60910.0 60880.0 60790.0 60740.0 60780.0 60820.0 60850.0 60870.0 60940.0 60940.0 60960.0 60990.0 60930.0 60870.0 60820.0
61120.0 61280.0 61300.0 61340.0 61360.0 61420.0 61460.0 61460.0 61510.0 61530.0 61540.0 61550.0 61550.0 61560.0 61530.0 61520.0 61540.0 61510.0 61610.0 61680.0 61680.0 61660.0 61500.0 61430.0 61410.0 61320.0 61290.0 61230.0 61170.0 61090.0
61030.0 60950.0 60880.0 60800.0 60880.0 60950.0 61020.0 61020.0 61030.0 61040.0 61060.0 61080.0 61100.0 61140.0 61010.0 61000.0 61000.0 60940.0 60900.0 60930.0 60910.0 60900.0 60920.0 60910.0 60920.0 60930.0 60920.0 60930.0 60940.0 60950.0
60840.0 60850.0 60810.0 60780.0 60820.0 60790.0 60820.0 60830.0 60860.0 60870.0 60870.0 60830.0 60850.0 60840.0 60810.0 60760.0 60790.0 60740.0 60760.0 60820.0 60790.0 60800.0 60820.0 60890.0 60920.0 60910.0 60960.0 60960.0 61010.0 61060.0
60990.0 61030.0 61040.0 61050.0 61070.0 61090.0 61130.0 61150.0 61170.0 61250.0 61280.0 61340.0 61370.0 61390.0 61480.0 61500.0 61570.0 61550.0 61540.0 61560.0 61620.0 61680.0 61790.0 61950.0 62070.0 62070.0 62050.0 62060.0 62110.0 62050.0
61660.0 61660.0 61720.0 61750.0 61820.0 61860.0 61890.0 61920.0 61950.0 62020.0 62090.0 62140.0 62210.0 62230.0 62310.0 62260.0 62280.0 62210.0 62230.0 62270.0 62290.0 62300.0 62310.0 62340.0 62390.0 62450.0 62470.0 62460.0 62460.0 62460.0
63870.0 63970.0 64040.0 64020.0 64030.0 64050.0 64070.0 64100.0 64100.0 64130.0 64130.0 64180.0 64200.0 64250.0 64290.0 64320.0 64340.0 64380.0 64380.0 64380.0 64340.0 64360.0 64360.0 64390.0 64370.0 64300.0 64260.0 64240.0 64200.0 64180.0
64660.0 64690.0 64690.0 64730.0 64780.0 64810.0 64840.0 64850.0 64880.0 64880.0 64910.0 64910.0 64870.0 64860.0 64890.0 64890.0 64880.0 64790.0 64730.0 64720.0 64670.0 64660.0 64660.0 64620.0 64630.0 64600.0 64600.0 64540.0 64570.0 64560.0
63280.0 63270.0 63210.0 63210.0 63150.0 63130.0 63120.0 63090.0 63090.0 63080.0 63110.0 63120.0 63140.0 63070.0 63040.0 62990.0 62940.0 62860.0 62860.0 62840.0 62830.0 62810.0 62850.0 62870.0 62890.0 62880.0 62870.0 62950.0 62960.0 62950.0
62940.0 62880.0 62880.0 62920.0 62960.0 62990.0 63110.0 63180.0 63170.0 63180.0 63190.0 63200.0 63220.0 63290.0 63310.0 63270.0 63210.0 63180.0 63160.0 63130.0 63070.0 63110.0 63110.0 63150.0 63140.0 63160.0 63150.0 63160.0 63130.0 63190.0
63350.0 63370.0 63390.0 63390.0 63440.0 63490.0 63550.0 63620.0 63700.0 63710.0 63730.0 63750.0 63750.0 63730.0 63730.0 63720.0 63760.0 63770.0 63850.0 63820.0 63850.0 63880.0 63890.0 63860.0 63920.0 63910.0 63930.0 63930.0 63950.0 63990.0
64760.0 64840.0 64910.0 64970.0 65020.0 65030.0 65080.0 65110.0 65140.0 65180.0 65210.0 65250.0 65300.0 65360.0 65400.0 65470.0 65450.0 65410.0 65380.0 65370.0 65340.0 65380.0 65360.0 65430.0 65370.0 65390.0 65400.0 65440.0 65390.0 65380.0
66010.0 65970.0 65930.0 65930.0 65920.0 65890.0 65880.0 65870.0 65850.0 65860.0 65870.0 65900.0 65960.0 65920.0 65870.0 65840.0 65810.0 65790.0 65790.0 65770.0 65770.0 65770.0 65790.0 65780.0 65780.0 65790.0 65830.0 65870.0 65890.0 65920.0
66920.0 66910.0 66920.0 66880.0 66820.0 66790.0 66760.0 66750.0 66720.0 66670.0 66670.0 66710.0 66780.0 66790.0 66720.0 66680.0 66600.0 66580.0 66550.0 66480.0 66420.0 66400.0 66430.0 66380.0 66400.0 66320.0 66320.0 66330.0 66310.0 66260.0
57320.0 57320.0 57340.0 57340.0 57350.0 57290.0 57320.0 57250.0 57250.0 57350.0 57360.0 57410.0 57410.0 57370.0 57330.0 57320.0 57330.0 57310.0 57360.0 57390.0 57400.0 57460.0 57460.0 57460.0 57470.0 57470.0 57560.0 57660.0 57740.0 57790.0
57790.0 57810.0 57810.0 57790.0 57730.0 57700.0 57680.0 57670.0 57630.0 57590.0 57550.0 57540.0 57480.0 57450.0 57430.0 57370.0 57350.0 57340.0 57370.0 57420.0 57460.0 57480.0 57510.0 57500.0 57470.0 57520.0 57530.0 57480.0 57440.0 57390.0
57400.0 57390.0 57380.0 57460.0 57460.0 57550.0 57580.0 57580.0 57550.0 57500.0 57520.0 57470.0 57480.0 57460.0 57520.0 57480.0 57520.0 57440.0 57420.0 57330.0 57270.0 57230.0 57200.0 57150.0 57090.0 57040.0 57000.0 56900.0 56830.0 56660.0
56600.0 56520.0 56430.0 56340.0 56260.0 56180.0 56100.0 56010.0 55990.0 55940.0 55910.0 55860.0 55830.0 55800.0 55790.0 55780.0 55740.0 55740.0 55770.0 55810.0 55810.0 55810.0 55810.0 55820.0 55800.0 55800.0 55750.0 55690.0 55640.0 55580.0
55560.0 55550.0 55520.0 55500.0 55480.0 55470.0 55460.0 55410.0 55380.0 55370.0 55330.0 55290.0 55270.0 55240.0 55230.0 55210.0 55160.0 55150.0 55130.0 55070.0 55060.0 55030.0 54990.0 54870.0 54910.0 54910.0 54910.0 54900.0 54900.0 54880.0
62770.0 62750.0 62780.0 62730.0 62760.0 62790.0 62790.0 62810.0 62830.0 62890.0 62840.0 62860.0 62830.0 62880.0 62870.0 62830.0 62870.0 62900.0 62840.0 62680.0 62570.0 62550.0 62500.0 62480.0 62510.0 62560.0 62520.0 62530.0 62550.0 62480.0
62580.0 62640.0 62640.0 62630.0 62590.0 62570.0 62540.0 62550.0 62520.0 62500.0 62450.0 62440.0 62380.0 62370.0 62360.0 62340.0 62320.0 62330.0 62260.0 62350.0 62310.0 62240.0 62240.0 62230.0 62190.0 62270.0 62260.0 62190.0 62270.0 62160.0
62250.0 62220.0 62250.0 62200.0 62180.0 62140.0 62120.0 62120.0 62090.0 62080.0 62100.0 62080.0 62070.0 62110.0 62120.0 62080.0 62100.0 62120.0 62090.0 62080.0 62100.0 62040.0 62030.0 62080.0 62080.0 62080.0 62050.0 62080.0 62080.0 62090.0
61870.0 61850.0 61850.0 61910.0 61970.0 62000.0 62030.0 62070.0 62100.0 62090.0 62150.0 62150.0 62160.0 62140.0 62150.0 62190.0 62310.0 62330.0 62340.0 62350.0 62400.0 62390.0 62440.0 62440.0 62430.0 62320.0 62290.0 62280.0 62250.0 62210.0
61950.0 61950.0 61950.0 61950.0 61930.0 61980.0 61940.0 62020.0 62000.0 61930.0 61930.0 61870.0 61840.0 61790.0 61800.0 61700.0 61640.0 61650.0 61610.0 61760.0 61750.0 61690.0 61640.0 61560.0 61540.0 61530.0 61550.0 61550.0 61590.0 61610.0
62390.0 62350.0 62330.0 62270.0 62240.0 62210.0 62160.0 62130.0 62030.0 62000.0 61950.0 61870.0 61780.0 61720.0 61670.0 61820.0 61740.0 61730.0 61700.0 61620.0 61560.0 61540.0 61500.0 61430.0 61410.0 61440.0 61420.0 61420.0 61440.0 61440.0
61490.0 61530.0 61620.0 61650.0 61660.0 61670.0 61700.0 61670.0 61650.0 61630.0 61600.0 61610.0 61600.0 61640.0 61660.0 61660.0 61760.0 61720.0 61770.0 61770.0 61730.0 61650.0 61660.0 61580.0 61540.0 61490.0 61420.0 61370.0 61320.0 61280.0
61430.0 61490.0 61520.0 61560.0 61610.0 61630.0 61640.0 61620.0 61690.0 61710.0 61740.0 61860.0 61850.0 61890.0 61920.0 61940.0 61880.0 61830.0 61620.0 61100.0 61000.0 61050.0 60980.0 61010.0 61060.0 61130.0 61210.0 61160.0 61150.0 61200.0
61110.0 61100.0 61080.0 61090.0 61110.0 61120.0 61130.0 61170.0 61190.0 61200.0 61220.0 61240.0 61250.0 61230.0 61290.0 61370.0 61320.0 61320.0 61270.0 61200.0 61150.0 61020.0 60950.0 60950.0 60940.0 60990.0 60960.0 61040.0 61050.0 60990.0
61030.0 61010.0 61030.0 61130.0 61180.0 61220.0 61270.0 61280.0 61310.0 61320.0 61330.0 61350.0 61380.0 61400.0 61420.0 61440.0 61460.0 61430.0 61400.0 61450.0 61510.0 61390.0 61440.0 61370.0 61370.0 61280.0 61170.0 61090.0 61080.0 61070.0
61480.0 61500.0 61510.0 61520.0 61510.0 61550.0 61590.0 61620.0 61740.0 61790.0 61660.0 61570.0 61420.0 61220.0 61080.0 61000.0 60990.0 60950.0 60890.0 60930.0 60930.0 60890.0 60890.0 60890.0 60870.0 60760.0 60810.0 60820.0 60860.0 60830.0
60730.0 60780.0 60780.0 60900.0 60830.0 60800.0 60840.0 60810.0 60840.0 60880.0 60910.0 60890.0 60990.0 60950.0 60870.0 60790.0 60760.0 60650.0 60630.0 60610.0 60680.0 60680.0 60700.0 60720.0 60780.0 60710.0 60730.0 60670.0 60650.0 60660.0
60680.0 60680.0 60700.0 60720.0 60780.0 60710.0 60730.0 60670.0 60650.0 60660.0 60660.0 60680.0 60660.0 60700.0 60690.0 60800.0 60880.0 60870.0 60900.0 60920.0 61040.0 61180.0 61330.0 61360.0 61320.0 61350.0 61420.0 61450.0 61390.0 61440.0
61540.0 61540.0 61530.0 61540.0 61580.0 61620.0 61650.0 61720.0 61770.0 61830.0 61820.0 61850.0 61860.0 61800.0 61860.0 61820.0 61720.0 61630.0 61480.0 61390.0 61340.0 61340.0 61370.0 61390.0 61450.0 61420.0 61520.0 61500.0 61510.0 61550.0
61800.0 61780.0 61760.0 61780.0 61740.0 61690.0 61660.0 61640.0 61620.0 61610.0 61590.0 61560.0 61530.0 61500.0 61490.0 61490.0 61490.0 61540.0 61500.0 61490.0 61380.0 61420.0 61340.0 61340.0 61320.0 61330.0 61370.0 61400.0 61360.0 61340.0
61590.0 61570.0 61670.0 61630.0 61630.0 61620.0 61590.0 61520.0 61470.0 61500.0 61480.0 61460.0 61420.0 61390.0 61340.0 61330.0 61310.0 61300.0 61340.0 61260.0 61290.0 61330.0 61330.0 61270.0 61270.0 61260.0 61240.0 61200.0 61230.0 61200.0
61340.0 61330.0 61240.0 61230.0 61250.0 61300.0 61340.0 61390.0 61430.0 61470.0 61500.0 61550.0 61600.0 61650.0 61700.0 61660.0 61630.0 61660.0 61660.0 61660.0 61610.0 61570.0 61570.0 61580.0 61540.0 61540.0 61500.0 61470.0 61460.0 61530.0
61460.0 61530.0 61580.0 61560.0 61590.0 61560.0 61590.0 61570.0 61590.0 61600.0 61600.0 61650.0 61670.0 61660.0 61670.0 61760.0 61790.0 61790.0 61810.0 61800.0 61720.0 61660.0 61550.0 61520.0 61570.0 61470.0 61370.0 61410.0 61290.0 61290.0
61860.0 61840.0 61850.0 61810.0 61820.0 61800.0 61770.0 61750.0 61740.0 61730.0 61740.0 61740.0 61760.0 61790.0 61780.0 61910.0 61990.0 61920.0 62010.0 61990.0 61970.0 61950.0 61960.0 61930.0 61920.0 61900.0 61870.0 61940.0 61930.0 61870.0
61820.0 61770.0 61750.0 61700.0 61670.0 61650.0 61600.0 61570.0 61560.0 61500.0 61480.0 61460.0 61460.0 61440.0 61440.0 61450.0 61480.0 61480.0 61510.0 61450.0 61450.0 61490.0 61470.0 61450.0 61400.0 61380.0 61380.0 61380.0 61420.0 61330.0
61720.0 61670.0 61690.0 61710.0 61730.0 61750.0 61740.0 61750.0 61730.0 61820.0 61850.0 61870.0 61810.0 61680.0 61500.0 61500.0 61570.0 61590.0 61700.0 61690.0 61870.0 61940.0 62010.0 62100.0 62160.0 62230.0 62310.0 62330.0 62240.0 62320.0
62370.0 62330.0 62320.0 62310.0 62290.0 62340.0 62320.0 62360.0 62370.0 62380.0 62420.0 62430.0 62450.0 62420.0 62400.0 62400.0 62450.0 62500.0 62450.0 62370.0 62350.0 62330.0 62290.0 62200.0 62160.0 62120.0 62120.0 62050.0 62060.0 62040.0
62030.0 62010.0 61990.0 62000.0 61990.0 62020.0 62030.0 62000.0 61970.0 61920.0 61930.0 61870.0 61840.0 61830.0 61740.0 61620.0 61600.0 61620.0 61640.0 61690.0 61700.0 61720.0 61770.0 61740.0 61810.0 61880.0 61910.0 61990.0 62050.0 62050.0
62080.0 62040.0 62000.0 61950.0 61930.0 61890.0 61820.0 61810.0 61760.0 61730.0 61690.0 61660.0 61610.0 61590.0 61610.0 61660.0 61680.0 61690.0 61670.0 61600.0 61570.0 61480.0 61500.0 61500.0 61490.0 61460.0 61410.0 61410.0 61410.0 61370.0
61450.0 61500.0 61480.0 61500.0 61290.0 61320.0 61290.0 61330.0 61270.0 61220.0 61220.0 61180.0 61090.0 61080.0 61100.0 61150.0 61140.0 61140.0 61100.0 61140.0 61130.0 61100.0 61090.0 61100.0 61090.0 61080.0 61120.0 61070.0 61070.0 61020.0
60780.0 60770.0 60750.0 60730.0 60700.0 60680.0 60680.0 60610.0 60590.0 60590.0 60580.0 60570.0 60590.0 60580.0 60580.0 60620.0 60750.0 60590.0 60540.0 60480.0 60470.0 60350.0 60340.0 60350.0 60290.0 60270.0 60230.0 60280.0 60340.0 60320.0
60580.0 60540.0 60570.0 60560.0 60570.0 60580.0 60650.0 60590.0 60590.0 60610.0 60660.0 60720.0 60750.0 60770.0 60760.0 60780.0 60790.0 60770.0 60760.0 60790.0 60700.0 60620.0 60670.0 60650.0 60660.0 60640.0 60600.0 60580.0 60570.0 60580.0
60700.0 60720.0 60700.0 60650.0 60680.0 60690.0 60650.0 60650.0 60660.0 60690.0 60720.0 60800.0 60770.0 60840.0 60660.0 60540.0 60560.0 60560.0 60540.0 60530.0 60480.0 60410.0 60300.0 60220.0 60140.0 60050.0 60000.0 60000.0 60010.0 60000.0
60070.0 60070.0 60100.0 60130.0 60190.0 60240.0 60330.0 60330.0 60320.0 60350.0 60390.0 60430.0 60400.0 60350.0 60310.0 60350.0 60370.0 60390.0 60360.0 60300.0 60260.0 60220.0 60270.0 60350.0 60380.0 60350.0 60330.0 60320.0 60310.0 60330.0
60370.0 60360.0 60360.0 60290.0 60290.0 60290.0 60300.0 60290.0 60260.0 60270.0 60290.0 60270.0 60220.0 60250.0 60150.0 60130.0 60020.0 60020.0 60020.0 60040.0 60010.0 59970.0 60020.0 60070.0 60020.0 59970.0 59900.0 59850.0 59830.0 59740.0
63510.0 63500.0 63370.0 63190.0 63240.0 63210.0 63150.0 63010.0 62960.0 62920.0 62890.0 62820.0 62700.0 62650.0 62670.0 62590.0 62610.0 62640.0 62590.0 62570.0 62500.0 62350.0 62300.0 62160.0 62030.0 61930.0 61740.0 61690.0 61630.0 61550.0
61310.0 61250.0 61240.0 61170.0 61100.0 61120.0 61130.0 61100.0 60990.0 60960.0 60920.0 60880.0 60910.0 60850.0 60780.0 60820.0 60830.0 60890.0 60920.0 60990.0 61010.0 61050.0 61090.0 61120.0 61140.0 61130.0 61150.0 61210.0 61270.0 61390.0
61560.0 61580.0 61610.0 61650.0 61690.0 61690.0 61700.0 61710.0 61690.0 61740.0 61730.0 61790.0 61810.0 61820.0 61800.0 61680.0 61530.0 61390.0 61270.0 61300.0 61350.0 61390.0 61490.0 61590.0 61680.0 61770.0 61800.0 61960.0 62040.0 62160.0
61800.0 61760.0 61690.0 61690.0 61670.0 61670.0 61660.0 61670.0 61670.0 61660.0 61690.0 61700.0 61680.0 61650.0 61660.0 61640.0 61590.0 61580.0 61530.0 61490.0 61460.0 61410.0 61370.0 61320.0 61270.0 61260.0 61240.0 61260.0 61180.0 61120.0
61020.0 61010.0 61040.0 61040.0 61040.0 61040.0 61030.0 61040.0 61060.0 61060.0 61060.0 61080.0 61080.0 60980.0 60940.0 60910.0 60880.0 60790.0 60740.0 60780.0 60820.0 60850.0 60870.0 60940.0 60940.0 60960.0 60990.0 60930.0 60870.0 60820.0
61120.0 61280.0 61300.0 61340.0 61360.0 61420.0 61460.0 61460.0 61510.0 61530.0 61540.0 61550.0 61550.0 61560.0 61530.0 61520.0 61540.0 61510.0 61610.0 61680.0 61680.0 61660.0 61500.0 61430.0 61410.0 61320.0 61290.0 61230.0 61170.0 61090.0
61030.0 60950.0 60880.0 60800.0 60880.0 60950.0 61020.0 61020.0 61030.0 61040.0 61060.0 61080.0 61100.0 61140.0 61010.0 61000.0 61000.0 60940.0 60900.0 60930.0 60910.0 60900.0 60920.0 60910.0 60920.0 60930.0 60920.0 60930.0 60940.0 60950.0
60840.0 60850.0 60810.0 60780.0 60820.0 60790.0 60820.0 60830.0 60860.0 60870.0 60870.0 60830.0 60850.0 60840.0 60810.0 60760.0 60790.0 60740.0 60760.0 60820.0 60790.0 60800.0 60820.0 60890.0 60920.0 60910.0 60960.0 60960.0 61010.0 61060.0
60990.0 61030.0 61040.0 61050.0 61070.0 61090.0 61130.0 61150.0 61170.0 61250.0 61280.0 61340.0 61370.0 61390.0 61480.0 61500.0 61570.0 61550.0 61540.0 61560.0 61620.0 61680.0 61790.0 61950.0 62070.0 62070.0 62050.0 62060.0 62110.0 62050.0
61660.0 61660.0 61720.0 61750.0 61820.0 61860.0 61890.0 61920.0 61950.0 62020.0 62090.0 62140.0 62210.0 62230.0 62310.0 62260.0 62280.0 62210.0 62230.0 62270.0 62290.0 62300.0 62310.0 62340.0 62390.0 62450.0 62470.0 62460.0 62460.0 62460.0
63870.0 63970.0 64040.0 64020.0 64030.0 64050.0 64070.0 64100.0 64100.0 64130.0 64130.0 64180.0 64200.0 64250.0 64290.0 64320.0 64340.0 64380.0 64380.0 64380.0 64340.0 64360.0 64360.0 64390.0 64370.0 64300.0 64260.0 64240.0 64200.0 64180.0
64660.0 64690.0 64690.0 64730.0 64780.0 64810.0 64840.0 64850.0 64880.0 64880.0 64910.0 64910.0 64870.0 64860.0 64890.0 64890.0 64880.0 64790.0 64730.0 64720.0 64670.0 64660.0 64660.0 64620.0 64630.0 64600.0 64600.0 64540.0 64570.0 64560.0
63280.0 63270.0 63210.0 63210.0 63150.0 63130.0 63120.0 63090.0 63090.0 63080.0 63110.0 63120.0 63140.0 63070.0 63040.0 62990.0 62940.0 62860.0 62860.0 62840.0 62830.0 62810.0 62850.0 62870.0 62890.0 62880.0 62870.0 62950.0 62960.0 62950.0
62940.0 62880.0 62880.0 62920.0 62960.0 62990.0 63110.0 63180.0 63170.0 63180.0 63190.0 63200.0 63220.0 63290.0 63310.0 63270.0 63210.0 63180.0 63160.0 63130.0 63070.0 63110.0 63110.0 63150.0 63140.0 63160.0 63150.0 63160.0 63130.0 63190.0
63350.0 63370.0 63390.0 63390.0 63440.0 63490.0 63550.0 63620.0 63700.0 63710.0 63730.0 63750.0 63750.0 63730.0 63730.0 63720.0 63760.0 63770.0 63850.0 63820.0 63850.0 63880.0 63890.0 63860.0 63920.0 63910.0 63930.0 63930.0 63950.0 63990.0
64760.0 64840.0 64910.0 64970.0 65020.0 65030.0 65080.0 65110.0 65140.0 65180.0 65210.0 65250.0 65300.0 65360.0 65400.0 65470.0 65450.0 65410.0 65380.0 65370.0 65340.0 65380.0 65360.0 65430.0 65370.0 65390.0 65400.0 65440.0 65390.0 65380.0
66010.0 65970.0 65930.0 65930.0 65920.0 65890.0 65880.0 65870.0 65850.0 65860.0 65870.0 65900.0 65960.0 65920.0 65870.0 65840.0 65810.0 65790.0 65790.0 65770.0 65770.0 65770.0 65790.0 65780.0 65780.0 65790.0 65830.0 65870.0 65890.0 65920.0
66920.0 66910.0 66920.0 66880.0 66820.0 66790.0 66760.0 66750.0 66720.0 66670.0 66670.0 66710.0 66780.0 66790.0 66720.0 66680.0 66600.0 66580.0 66550.0 66480.0 66420.0 66400.0 66430.0 66380.0 66400.0 66320.0 66320.0 66330.0 66310.0 66260.0
57320.0 57320.0 57340.0 57340.0 57350.0 57290.0 57320.0 57250.0 57250.0 57350.0 57360.0 57410.0 57410.0 57370.0 57330.0 57320.0 57330.0 57310.0 57360.0 57390.0 57400.0 57460.0 57460.0 57460.0 57470.0 57470.0 57560.0 57660.0 57740.0 57790.0
57790.0 57810.0 57810.0 57790.0 57730.0 57700.0 57680.0 57670.0 57630.0 57590.0 57550.0 57540.0 57480.0 57450.0 57430.0 57370.0 57350.0 57340.0 57370.0 57420.0 57460.0 57480.0 57510.0 57500.0 57470.0 57520.0 57530.0 57480.0 57440.0 57390.0
57400.0 57390.0 57380.0 57460.0 57460.0 57550.0 57580.0 57580.0 57550.0 57500.0 57520.0 57470.0 57480.0 57460.0 57520.0 57480.0 57520.0 57440.0 57420.0 57330.0 57270.0 57230.0 57200.0 57150.0 57090.0 57040.0 57000.0 56900.0 56830.0 56660.0
56600.0 56520.0 56430.0 56340.0 56260.0 56180.0 56100.0 56010.0 55990.0 55940.0 55910.0 55860.0 55830.0 55800.0 55790.0 55780.0 55740.0 55740.0 55770.0 55810.0 55810.0 55810.0 55810.0 55820.0 55800.0 55800.0 55750.0 55690.0 55640.0 55580.0
55560.0 55550.0 55520.0 55500.0 55480.0 55470.0 55460.0 55410.0 55380.0 55370.0 55330.0 55290.0 55270.0 55240.0 55230.0 55210.0 55160.0 55150.0 55130.0 55070.0 55060.0 55030.0 54990.0 54870.0 54910.0 54910.0 54910.0 54900.0 54900.0 54880.0
62770.0 62750.0 62780.0 62730.0 62760.0 62790.0 62790.0 62810.0 62830.0 62890.0 62840.0 62860.0 62830.0 62880.0 62870.0 62830.0 62870.0 62900.0 62840.0 62680.0 62570.0 62550.0 62500.0 62480.0 62510.0 62560.0 62520.0 62530.0 62550.0 62480.0
62580.0 62640.0 62640.0 62630.0 62590.0 62570.0 62540.0 62550.0 62520.0 62500.0 62450.0 62440.0 62380.0 62370.0 62360.0 62340.0 62320.0 62330.0 62260.0 62350.0 62310.0 62240.0 62240.0 62230.0 62190.0 62270.0 62260.0 62190.0 62270.0 62160.0
62250.0 62220.0 62250.0 62200.0 62180.0 62140.0 62120.0 62120.0 62090.0 62080.0 62100.0 62080.0 62070.0 62110.0 62120.0 62080.0 62100.0 62120.0 62090.0 62080.0 62100.0 62040.0 62030.0 62080.0 62080.0 62080.0 62050.0 62080.0 62080.0 62090.0
61870.0 61850.0 61850.0 61910.0 61970.0 62000.0 62030.0 62070.0 62100.0 62090.0 62150.0 62150.0 62160.0 62140.0 62150.0 62190.0 62310.0 62330.0 62340.0 62350.0 62400.0 62390.0 62440.0 62440.0 62430.0 62320.0 62290.0 62280.0 62250.0 62210.0
61950.0 61950.0 61950.0 61950.0 61930.0 61980.0 61940.0 62020.0 62000.0 61930.0 61930.0 61870.0 61840.0 61790.0 61800.0 61700.0 61640.0 61650.0 61610.0 61760.0 61750.0 61690.0 61640.0 61560.0 61540.0 61530.0 61550.0 61550.0 61590.0 61610.0
62390.0 62350.0 62330.0 62270.0 62240.0 62210.0 62160.0 62130.0 62030.0 62000.0 61950.0 61870.0 61780.0 61720.0 61670.0 61820.0 61740.0 61730.0 61700.0 61620.0 61560.0 61540.0 61500.0 61430.0 61410.0 61440.0 61420.0 61420.0 61440.0 61440.0
61490.0 61530.0 61620.0 61650.0 61660.0 61670.0 61700.0 61670.0 61650.0 61630.0 61600.0 61610.0 61600.0 61640.0 61660.0 61660.0 61760.0 61720.0 61770.0 61770.0 61730.0 61650.0 61660.0 61580.0 61540.0 61490.0 61420.0 61370.0 61320.0 61280.0
61430.0 61490.0 61520.0 61560.0 61610.0 61630.0 61640.0 61620.0 61690.0 61710.0 61740.0 61860.0 61850.0 61890.0 61920.0 61940.0 61880.0 61830.0 61620.0 61100.0 61000.0 61050.0 60980.0 61010.0 61060.0 61130.0 61210.0 61160.0 61150.0 61200.0
61110.0 61100.0 61080.0 61090.0 61110.0 61120.0 61130.0 61170.0 61190.0 61200.0 61220.0 61240.0 61250.0 61230.0 61290.0 61370.0 61320.0 61320.0 61270.0 61200.0 61150.0 61020.0 60950.0 60950.0 60940.0 60990.0 60960.0 61040.0 61050.0 60990.0
61030.0 61010.0 61030.0 61130.0 61180.0 61220.0 61270.0 61280.0 61310.0 61320.0 61330.0 61350.0 61380.0 61400.0 61420.0 61440.0 61460.0 61430.0 61400.0 61450.0 61510.0 61390.0 61440.0 61370.0 61370.0 61280.0 61170.0 61090.0 61080.0 61070.0
61480.0 61500.0 61510.0 61520.0 61510.0 61550.0 61590.0 61620.0 61740.0 61790.0 61660.0 61570.0 61420.0 61220.0 61080.0 61000.0 60990.0 60950.0 60890.0 60930.0 60930.0 60890.0 60890.0 60890.0 60870.0 60760.0 60810.0 60820.0 60860.0 60830.0
60730.0 60780.0 60780.0 60900.0 60830.0 60800.0 60840.0 60810.0 60840.0 60880.0 60910.0 60890.0 60990.0 60950.0 60870.0 60790.0 60760.0 60650.0 60630.0 60610.0 60680.0 60680.0 60700.0 60720.0 60780.0 60710.0 60730.0 60670.0 60650.0 60660.0
60680.0 60680.0 60700.0 60720.0 60780.0 60710.0 60730.0 60670.0 60650.0 60660.0 60660.0 60680.0 60660.0 60700.0 60690.0 60800.0 60880.0 60870.0 60900.0 60920.0 61040.0 61180.0 61330.0 61360.0 61320.0 61350.0 61420.0 61450.0 61390.0 61440.0
61540.0 61540.0 61530.0 61540.0 61580.0 61620.0 61650.0 61720.0 61770.0 61830.0 61820.0 61850.0 61860.0 61800.0 61860.0 61820.0 61720.0 61630.0 61480.0 61390.0 61340.0 61340.0 61370.0 61390.0 61450.0 61420.0 61520.0 61500.0 61510.0 61550.0
61800.0 61780.0 61760.0 61780.0 61740.0 61690.0 61660.0 61640.0 61620.0 61610.0 61590.0 61560.0 61530.0 61500.0 61490.0 61490.0 61490.0 61540.0 61500.0 61490.0 61380.0 61420.0 61340.0 61340.0 61320.0 61330.0 61370.0 61400.0 61360.0 61340.0
61590.0 61570.0 61670.0 61630.0 61630.0 61620.0 61590.0 61520.0 61470.0 61500.0 61480.0 61460.0 61420.0 61390.0 61340.0 61330.0 61310.0 61300.0 61340.0 61260.0 61290.0 61330.0 61330.0 61270.0 61270.0 61260.0 61240.0 61200.0 61230.0 61200.0
61340.0 61330.0 61240.0 61230.0 61250.0 61300.0 61340.0 61390.0 61430.0 61470.0 61500.0 61550.0 61600.0 61650.0 61700.0 61660.0 61630.0 61660.0 61660.0 61660.0 61610.0 61570.0 61570.0 61580.0 61540.0 61540.0 61500.0 61470.0 61460.0 61530.0
61460.0 61530.0 61580.0 61560.0 61590.0 61560.0 61590.0 61570.0 61590.0 61600.0 61600.0 61650.0 61670.0 61660.0 61670.0 61760.0 61790.0 61790.0 61810.0 61800.0 61720.0 61660.0 61550.0 61520.0 61570.0 61470.0 61370.0 61410.0 61290.0 61290.0
61860.0 61840.0 61850.0 61810.0 61820.0 61800.0 61770.0 61750.0 61740.0 61730.0 61740.0 61740.0 61760.0 61790.0 61780.0 61910.0 61990.0 61920.0 62010.0 61990.0 61970.0 61950.0 61960.0 61930.0 61920.0 61900.0 61870.0 61940.0 61930.0 61870.0
61820.0 61770.0 61750.0 61700.0 61670.0 61650.0 61600.0 61570.0 61560.0 61500.0 61480.0 61460.0 61460.0 61440.0 61440.0 61450.0 61480.0 61480.0 61510.0 61450.0 61450.0 61490.0 61470.0 61450.0 61400.0 61380.0 61380.0 61380.0 61420.0 61330.0
61720.0 61670.0 61690.0 61710.0 61730.0 61750.0 61740.0 61750.0 61730.0 61820.0 61850.0 61870.0 61810.0 61680.0 61500.0 61500.0 61570.0 61590.0 61700.0 61690.0 61870.0 61940.0 62010.0 62100.0 62160.0 62230.0 62310.0 62330.0 62240.0 62320.0
62370.0 62330.0 62320.0 62310.0 62290.0 62340.0 62320.0 62360.0 62370.0 62380.0 62420.0 62430.0 62450.0 62420.0 62400.0 62400.0 62450.0 62500.0 62450.0 62370.0 62350.0 62330.0 62290.0 62200.0 62160.0 62120.0 62120.0 62050.0 62060.0 62040.0
62030.0 62010.0 61990.0 62000.0 61990.0 62020.0 62030.0 62000.0 61970.0 61920.0 61930.0 61870.0 61840.0 61830.0 61740.0 61620.0 61600.0 61620.0 61640.0 61690.0 61700.0 61720.0 61770.0 61740.0 61810.0 61880.0 61910.0 61990.0 62050.0 62050.0
62080.0 62040.0 62000.0 61950.0 61930.0 61890.0 61820.0 61810.0 61760.0 61730.0 61690.0 61660.0 61610.0 61590.0 61610.0 61660.0 61680.0 61690.0 61670.0 61600.0 61570.0 61480.0 61500.0 61500.0 61490.0 61460.0 61410.0 61410.0 61410.0 61370.0
61450.0 61500.0 61480.0 61500.0 61290.0 61320.0 61290.0 61330.0 61270.0 61220.0 61220.0 61180.0 61090.0 61080.0 61100.0 61150.0 61140.0 61140.0 61100.0 61140.0 61130.0 61100.0 61090.0 61100.0 61090.0 61080.0 61120.0 61070.0 61070.0 61020.0
60780.0 60770.0 60750.0 60730.0 60700.0 60680.0 60680.0 60610.0 60590.0 60590.0 60580.0 60570.0 60590.0 60580.0 60580.0 60620.0 60750.0 60590.0 60540.0 60480.0 60470.0 60350.0 60340.0 60350.0 60290.0 60270.0 60230.0 60280.0 60340.0 60320.0
60580.0 60540.0 60570.0 60560.0 60570.0 60580.0 60650.0 60590.0 60590.0 60610.0 60660.0 60720.0 60750.0 60770.0 60760.0 60780.0 60790.0 60770.0 60760.0 60790.0 60700.0 60620.0 60670.0 60650.0 60660.0 60640.0 60600.0 60580.0 60570.0 60580.0
60700.0 60720.0 60700.0 60650.0 60680.0 60690.0 60650.0 60650.0 60660.0 60690.0 60720.0 60800.0 60770.0 60840.0 60660.0 60540.0 60560.0 60560.0 60540.0 60530.0 60480.0 60410.0 60300.0 60220.0 60140.0 60050.0 60000.0 60000.0 60010.0 60000.0
60070.0 60070.0 60100.0 60130.0 60190.0 60240.0 60330.0 60330.0 60320.0 60350.0 60390.0 60430.0 60400.0 60350.0 60310.0 60350.0 60370.0 60390.0 60360.0 60300.0 60260.0 60220.0 60270.0 60350.0 60380.0 60350.0 60330.0 60320.0 60310.0 60330.0
60370.0 60360.0 60360.0 60290.0 60290.0 60290.0 60300.0 60290.0 60260.0 60270.0 60290.0 60270.0 60220.0 60250.0 60150.0 60130.0 60020.0 60020.0 60020.0 60040.0 60010.0 59970.0 60020.0 60070.0 60020.0 59970.0 59900.0 59850.0 59830.0 59740.0
63510.0 63500.0 63370.0 63190.0 63240.0 63210.0 63150.0 63010.0 62960.0 62920.0 62890.0 62820.0 62700.0 62650.0 62670.0 62590.0 62610.0 62640.0 62590.0 62570.0 62500.0 62350.0 62300.0 62160.0 62030.0 61930.0 61740.0 61690.0 61630.0 61550.0
61310.0 61250.0 61240.0 61170.0 61100.0 61120.0 61130.0 61100.0 60990.0 60960.0 60920.0 60880.0 60910.0 60850.0 60780.0 60820.0 60830.0 60890.0 60920.0 60990.0 61010.0 61050.0 61090.0 61120.0 61140.0 61130.0 61150.0 61210.0 61270.0 61390.0
61560.0 61580.0 61610.0 61650.0 61690.0 61690.0 61700.0 61710.0 61690.0 61740.0 61730.0 61790.0 61810.0 61820.0 61800.0 61680.0 61530.0 61390.0 61270.0 61300.0 61350.0 61390.0 61490.0 61590.0 61680.0 61770.0 61800.0 61960.0 62040.0 62160.0
61800.0 61760.0 61690.0 61690.0 61670.0 61670.0 61660.0 61670.0 61670.0 61660.0 61690.0 61700.0 61680.0 61650.0 61660.0 61640.0 61590.0 61580.0 61530.0 61490.0 61460.0 61410.0 61370.0 61320.0 61270.0 61260.0 61240.0 61260.0 61180.0 61120.0
61020.0 61010.0 61040.0 61040.0 61040.0 61040.0 61030.0 61040.0 61060.0 61060.0 61060.0 61080.0 61080.0 60980.0 60940.0 60910.0 60880.0 60790.0 60740.0 60780.0 60820.0 60850.0 60870.0 60940.0 60940.0 60960.0 60990.0 60930.0 60870.0 60820.0
61120.0 61280.0 61300.0 61340.0 61360.0 61420.0 61460.0 61460.0 61510.0 61530.0 61540.0 61550.0 61550.0 61560.0 61530.0 61520.0 61540.0 61510.0 61610.0 61680.0 61680.0 61660.0 61500.0 61430.0 61410.0 61320.0 61290.0 61230.0 61170.0 61090.0
61030.0 60950.0 60880.0 60800.0 60880.0 60950.0 61020.0 61020.0 61030.0 61040.0 61060.0 61080.0 61100.0 61140.0 61010.0 61000.0 61000.0 60940.0 60900.0 60930.0 60910.0 60900.0 60920.0 60910.0 60920.0 60930.0 60920.0 60930.0 60940.0 60950.0
60840.0 60850.0 60810.0 60780.0 60820.0 60790.0 60820.0 60830.0 60860.0 60870.0 60870.0 60830.0 60850.0 60840.0 60810.0 60760.0 60790.0 60740.0 60760.0 60820.0 60790.0 60800.0 60820.0 60890.0 60920.0 60910.0 60960.0 60960.0 61010.0 61060.0
60990.0 61030.0 61040.0 61050.0 61070.0 61090.0 61130.0 61150.0 61170.0 61250.0 61280.0 61340.0 61370.0 61390.0 61480.0 61500.0 61570.0 61550.0 61540.0 61560.0 61620.0 61680.0 61790.0 61950.0 62070.0 62070.0 62050.0 62060.0 62110.0 62050.0
61660.0 61660.0 61720.0 61750.0 61820.0 61860.0 61890.0 61920.0 61950.0 62020.0 62090.0 62140.0 62210.0 62230.0 62310.0 62260.0 62280.0 62210.0 62230.0 62270.0 62290.0 62300.0 62310.0 62340.0 62390.0 62450.0 62470.0 62460.0 62460.0 62460.0
63870.0 63970.0 64040.0 64020.0 64030.0 64050.0 64070.0 64100.0 64100.0 64130.0 64130.0 64180.0 64200.0 64250.0 64290.0 64320.0 64340.0 64380.0 64380.0 64380.0 64340.0 64360.0 64360.0 64390.0 64370.0 64300.0 64260.0 64240.0 64200.0 64180.0
64660.0 64690.0 64690.0 64730.0 64780.0 64810.0 64840.0 64850.0 64880.0 64880.0 64910.0 64910.0 64870.0 64860.0 64890.0 64890.0 64880.0 64790.0 64730.0 64720.0 64670.0 64660.0 64660.0 64620.0 64630.0 64600.0 64600.0 64540.0 64570.0 64560.0
63280.0 63270.0 63210.0 63210.0 63150.0 63130.0 63120.0 63090.0 63090.0 63080.0 63110.0 63120.0 63140.0 63070.0 63040.0 62990.0 62940.0 62860.0 62860.0 62840.0 62830.0 62810.0 62850.0 62870.0 62890.0 62880.0 62870.0 62950.0 62960.0 62950.0
62940.0 62880.0 62880.0 62920.0 62960.0 62990.0 63110.0 63180.0 63170.0 63180.0 63190.0 63200.0 63220.0 63290.0 63310.0 63270.0 63210.0 63180.0 63160.0 63130.0 63070.0 63110.0 63110.0 63150.0 63140.0 63160.0 63150.0 63160.0 63130.0 63190.0
63350.0 63370.0 63390.0 63390.0 63440.0 63490.0 63550.0 63620.0 63700.0 63710.0 63730.0 63750.0 63750.0 63730.0 63730.0 63720.0 63760.0 63770.0 63850.0 63820.0 63850.0 63880.0 63890.0 63860.0 63920.0 63910.0 63930.0 63930.0 63950.0 63990.0
64760.0 64840.0 64910.0 64970.0 65020.0 65030.0 65080.0 65110.0 65140.0 65180.0 65210.0 65250.0 65300.0 65360.0 65400.0 65470.0 65450.0 65410.0 65380.0 65370.0 65340.0 65380.0 65360.0 65430.0 65370.0 65390.0 65400.0 65440.0 65390.0 65380.0
66010.0 65970.0 65930.0 65930.0 65920.0 65890.0 65880.0 65870.0 65850.0 65860.0 65870.0 65900.0 65960.0 65920.0 65870.0 65840.0 65810.0 65790.0 65790.0 65770.0 65770.0 65770.0 65790.0 65780.0 65780.0 65790.0 65830.0 65870.0 65890.0 65920.0
66920.0 66910.0 66920.0 66880.0 66820.0 66790.0 66760.0 66750.0 66720.0 66670.0 66670.0 66710.0 66780.0 66790.0 66720.0 66680.0 66600.0 66580.0 66550.0 66480.0 66420.0 66400.0 66430.0 66380.0 66400.0 66320.0 66320.0 66330.0 66310.0 66260.0
289550.0 289100.0 289290.0 289370.0 289670.0 289800.0 290060.0 290580.0 290810.0 291590.0 290520.0 289930.0 289910.0 289860.0 289270.0
288500.0 287550.0 287010.0 286550.0 286170.0 285970.0 285630.0 285510.0 284670.0 284420.0 284210.0 283740.0 283050.0 282700.0 282520.0
281430.0 281180.0 280970.0 280930.0 280700.0 280440.0 280860.0 280830.0 280880.0 280890.0 280920.0 281340.0 281640.0 281710.0 282110.0
286820.0 286530.0 286400.0 285590.0 285080.0 284560.0 284290.0 284060.0 283860.0 283700.0 282960.0 282340.0 282740.0 282690.0 282510.0
282680.0 282900.0 283670.0 282940.0 283650.0 283590.0 283540.0 283680.0 284100.0 283930.0 284120.0 283460.0 283010.0 282420.0 285430.0
247470.0 247420.0 247410.0 247410.0 247610.0 247670.0 247710.0 247700.0 247690.0 247700.0 247700.0 247720.0 247660.0 247560.0 247600.0
247560.0 247600.0 247610.0 247610.0 247600.0 247610.0 247590.0 247550.0 247630.0 247660.0 247490.0 247380.0 247270.0 247150.0 247130.0
247600.0 247610.0 247610.0 247600.0 247610.0 247590.0 247550.0 247630.0 247660.0 247490.0 247380.0 247270.0 247150.0 247130.0 247120.0
246630.0 246590.0 246580.0 246540.0 246190.0 245920.0 245730.0 245520.0 245510.0 245720.0 245850.0 246040.0 246000.0 246100.0 246160.0
243530.0 243460.0 243420.0 243340.0 243280.0 243140.0 243100.0 243000.0 242980.0 242830.0 242720.0 242630.0 242470.0 242280.0 242190.0
57320.0 57320.0 57340.0 57340.0 57350.0 57290.0 57320.0 57250.0 57250.0 57350.0 57360.0 57410.0 57410.0 57370.0 57330.0 57320.0 57330.0 57310.0 57360.0 57390.0 57400.0 57460.0 57460.0 57460.0 57470.0 57470.0 57560.0 57660.0 57740.0 57790.0
57790.0 57810.0 57810.0 57790.0 57730.0 57700.0 57680.0 57670.0 57630.0 57590.0 57550.0 57540.0 57480.0 57450.0 57430.0 57370.0 57350.0 57340.0 57370.0 57420.0 57460.0 57480.0 57510.0 57500.0 57470.0 57520.0 57530.0 57480.0 57440.0 57390.0
57400.0 57390.0 57380.0 57460.0 57460.0 57550.0 57580.0 57580.0 57550.0 57500.0 57520.0 57470.0 57480.0 57460.0 57520.0 57480.0 57520.0 57440.0 57420.0 57330.0 57270.0 57230.0 57200.0 57150.0 57090.0 57040.0 57000.0 56900.0 56830.0 56660.0
56600.0 56520.0 56430.0 56340.0 56260.0 56180.0 56100.0 56010.0 55990.0 55940.0 55910.0 55860.0 55830.0 55800.0 55790.0 55780.0 55740.0 55740.0 55770.0 55810.0 55810.0 55810.0 55810.0 55820.0 55800.0 55800.0 55750.0 55690.0 55640.0 55580.0
55560.0 55550.0 55520.0 55500.0 55480.0 55470.0 55460.0 55410.0 55380.0 55370.0 55330.0 55290.0 55270.0 55240.0 55230.0 55210.0 55160.0 55150.0 55130.0 55070.0 55060.0 55030.0 54990.0 54870.0 54910.0 54910.0 54910.0 54900.0 54900.0 54880.0
62770.0 62750.0 62780.0 62730.0 62760.0 62790.0 62790.0 62810.0 62830.0 62890.0 62840.0 62860.0 62830.0 62880.0 62870.0 62830.0 62870.0 62900.0 62840.0 62680.0 62570.0 62550.0 62500.0 62480.0 62510.0 62560.0 62520.0 62530.0 62550.0 62480.0
62580.0 62640.0 62640.0 62630.0 62590.0 62570.0 62540.0 62550.0 62520.0 62500.0 62450.0 62440.0 62380.0 62370.0 62360.0 62340.0 62320.0 62330.0 62260.0 62350.0 62310.0 62240.0 62240.0 62230.0 62190.0 62270.0 62260.0 62190.0 62270.0 62160.0
62250.0 62220.0 62250.0 62200.0 62180.0 62140.0 62120.0 62120.0 62090.0 62080.0 62100.0 62080.0 62070.0 62110.0 62120.0 62080.0 62100.0 62120.0 62090.0 62080.0 62100.0 62040.0 62030.0 62080.0 62080.0 62080.0 62050.0 62080.0 62080.0 62090.0
61870.0 61850.0 61850.0 61910.0 61970.0 62000.0 62030.0 62070.0 62100.0 62090.0 62150.0 62150.0 62160.0 62140.0 62150.0 62190.0 62310.0 62330.0 62340.0 62350.0 62400.0 62390.0 62440.0 62440.0 62430.0 62320.0 62290.0 62280.0 62250.0 62210.0
61950.0 61950.0 61950.0 61950.0 61930.0 61980.0 61940.0 62020.0 62000.0 61930.0 61930.0 61870.0 61840.0 61790.0 61800.0 61700.0 61640.0 61650.0 61610.0 61760.0 61750.0 61690.0 61640.0 61560.0 61540.0 61530.0 61550.0 61550.0 61590.0 61610.0
62390.0 62350.0 62330.0 62270.0 62240.0 62210.0 62160.0 62130.0 62030.0 62000.0 61950.0 61870.0 61780.0 61720.0 61670.0 61820.0 61740.0 61730.0 61700.0 61620.0 61560.0 61540.0 61500.0 61430.0 61410.0 61440.0 61420.0 61420.0 61440.0 61440.0
61490.0 61530.0 61620.0 61650.0 61660.0 61670.0 61700.0 61670.0 61650.0 61630.0 61600.0 61610.0 61600.0 61640.0 61660.0 61660.0 61760.0 61720.0 61770.0 61770.0 61730.0 61650.0 61660.0 61580.0 61540.0 61490.0 61420.0 61370.0 61320.0 61280.0
61430.0 61490.0 61520.0 61560.0 61610.0 61630.0 61640.0 61620.0 61690.0 61710.0 61740.0 61860.0 61850.0 61890.0 61920.0 61940.0 61880.0 61830.0 61620.0 61100.0 61000.0 61050.0 60980.0 61010.0 61060.0 61130.0 61210.0 61160.0 61150.0 61200.0
61110.0 61100.0 61080.0 61090.0 61110.0 61120.0 61130.0 61170.0 61190.0 61200.0 61220.0 61240.0 61250.0 61230.0 61290.0 61370.0 61320.0 61320.0 61270.0 61200.0 61150.0 61020.0 60950.0 60950.0 60940.0 60990.0 60960.0 61040.0 61050.0 60990.0
61030.0 61010.0 61030.0 61130.0 61180.0 61220.0 61270.0 61280.0 61310.0 61320.0 61330.0 61350.0 61380.0 61400.0 61420.0 61440.0 61460.0 61430.0 61400.0 61450.0 61510.0 61390.0 61440.0 61370.0 61370.0 61280.0 61170.0 61090.0 61080.0 61070.0
61480.0 61500.0 61510.0 61520.0 61510.0 61550.0 61590.0 61620.0 61740.0 61790.0 61660.0 61570.0 61420.0 61220.0 61080.0 61000.0 60990.0 60950.0 60890.0 60930.0 60930.0 60890.0 60890.0 60890.0 60870.0 60760.0 60810.0 60820.0 60860.0 60830.0
60730.0 60780.0 60780.0 60900.0 60830.0 60800.0 60840.0 60810.0 60840.0 60880.0 60910.0 60890.0 60990.0 60950.0 60870.0 60790.0 60760.0 60650.0 60630.0 60610.0 60680.0 60680.0 60700.0 60720.0 60780.0 60710.0 60730.0 60670.0 60650.0 60660.0
60680.0 60680.0 60700.0 60720.0 60780.0 60710.0 60730.0 60670.0 60650.0 60660.0 60660.0 60680.0 60660.0 60700.0 60690.0 60800.0 60880.0 60870.0 60900.0 60920.0 61040.0 61180.0 61330.0 61360.0 61320.0 61350.0 61420.0 61450.0 61390.0 61440.0
61540.0 61540.0 61530.0 61540.0 61580.0 61620.0 61650.0 61720.0 61770.0 61830.0 61820.0 61850.0 61860.0 61800.0 61860.0 61820.0 61720.0 61630.0 61480.0 61390.0 61340.0 61340.0 61370.0 61390.0 61450.0 61420.0 61520.0 61500.0 61510.0 61550.0
61800.0 61780.0 61760.0 61780.0 61740.0 61690.0 61660.0 61640.0 61620.0 61610.0 61590.0 61560.0 61530.0 61500.0 61490.0 61490.0 61490.0 61540.0 61500.0 61490.0 61380.0 61420.0 61340.0 61340.0 61320.0 61330.0 61370.0 61400.0 61360.0 61340.0
61590.0 61570.0 61670.0 61630.0 61630.0 61620.0 61590.0 61520.0 61470.0 61500.0 61480.0 61460.0 61420.0 61390.0 61340.0 61330.0 61310.0 61300.0 61340.0 61260.0 61290.0 61330.0 61330.0 61270.0 61270.0 61260.0 61240.0 61200.0 61230.0 61200.0
61340.0 61330.0 61240.0 61230.0 61250.0 61300.0 61340.0 61390.0 61430.0 61470.0 61500.0 61550.0 61600.0 61650.0 61700.0 61660.0 61630.0 61660.0 61660.0 61660.0 61610.0 61570.0 61570.0 61580.0 61540.0 61540.0 61500.0 61470.0 61460.0 61530.0
61460.0 61530.0 61580.0 61560.0 61590.0 61560.0 61590.0 61570.0 61590.0 61600.0 61600.0 61650.0 61670.0 61660.0 61670.0 61760.0 61790.0 61790.0 61810.0 61800.0 61720.0 61660.0 61550.0 61520.0 61570.0 61470.0 61370.0 61410.0 61290.0 61290.0
61860.0 61840.0 61850.0 61810.0 61820.0 61800.0 61770.0 61750.0 61740.0 61730.0 61740.0 61740.0 61760.0 61790.0 61780.0 61910.0 61990.0 61920.0 62010.0 61990.0 61970.0 61950.0 61960.0 61930.0 61920.0 61900.0 61870.0 61940.0 61930.0 61870.0
61820.0 61770.0 61750.0 61700.0 61670.0 61650.0 61600.0 61570.0 61560.0 61500.0 61480.0 61460.0 61460.0 61440.0 61440.0 61450.0 61480.0 61480.0 61510.0 61450.0 61450.0 61490.0 61470.0 61450.0 61400.0 61380.0 61380.0 61380.0 61420.0 61330.0
61720.0 61670.0 61690.0 61710.0 61730.0 61750.0 61740.0 61750.0 61730.0 61820.0 61850.0 61870.0 61810.0 61680.0 61500.0 61500.0 61570.0 61590.0 61700.0 61690.0 61870.0 61940.0 62010.0 62100.0 62160.0 62230.0 62310.0 62330.0 62240.0 62320.0
62370.0 62330.0 62320.0 62310.0 62290.0 62340.0 62320.0 62360.0 62370.0 62380.0 62420.0 62430.0 62450.0 62420.0 62400.0 62400.0 62450.0 62500.0 62450.0 62370.0 62350.0 62330.0 62290.0 62200.0 62160.0 62120.0 62120.0 62050.0 62060.0 62040.0
62030.0 62010.0 61990.0 62000.0 61990.0 62020.0 62030.0 62000.0 61970.0 61920.0 61930.0 61870.0 61840.0 61830.0 61740.0 61620.0 61600.0 61620.0 61640.0 61690.0 61700.0 61720.0 61770.0 61740.0 61810.0 61880.0 61910.0 61990.0 62050.0 62050.0
62080.0 62040.0 62000.0 61950.0 61930.0 61890.0 61820.0 61810.0 61760.0 61730.0 61690.0 61660.0 61610.0 61590.0 61610.0 61660.0 61680.0 61690.0 61670.0 61600.0 61570.0 61480.0 61500.0 61500.0 61490.0 61460.0 61410.0 61410.0 61410.0 61370.0
61450.0 61500.0 61480.0 61500.0 61290.0 61320.0 61290.0 61330.0 61270.0 61220.0 61220.0 61180.0 61090.0 61080.0 61100.0 61150.0 61140.0 61140.0 61100.0 61140.0 61130.0 61100.0 61090.0 61100.0 61090.0 61080.0 61120.0 61070.0 61070.0 61020.0
60780.0 60770.0 60750.0 60730.0 60700.0 60680.0 60680.0 60610.0 60590.0 60590.0 60580.0 60570.0 60590.0 60580.0 60580.0 60620.0 60750.0 60590.0 60540.0 60480.0 60470.0 60350.0 60340.0 60350.0 60290.0 60270.0 60230.0 60280.0 60340.0 60320.0
60580.0 60540.0 60570.0 60560.0 60570.0 60580.0 60650.0 60590.0 60590.0 60610.0 60660.0 60720.0 60750.0 60770.0 60760.0 60780.0 60790.0 60770.0 60760.0 60790.0 60700.0 60620.0 60670.0 60650.0 60660.0 60640.0 60600.0 60580.0 60570.0 60580.0
60700.0 60720.0 60700.0 60650.0 60680.0 60690.0 60650.0 60650.0 60660.0 60690.0 60720.0 60800.0 60770.0 60840.0 60660.0 60540.0 60560.0 60560.0 60540.0 60530.0 60480.0 60410.0 60300.0 60220.0 60140.0 60050.0 60000.0 60000.0 60010.0 60000.0
60070.0 60070.0 60100.0 60130.0 60190.0 60240.0 60330.0 60330.0 60320.0 60350.0 60390.0 60430.0 60400.0 60350.0 60310.0 60350.0 60370.0 60390.0 60360.0 60300.0 60260.0 60220.0 60270.0 60350.0 60380.0 60350.0 60330.0 60320.0 60310.0 60330.0
60370.0 60360.0 60360.0 60290.0 60290.0 60290.0 60300.0 60290.0 60260.0 60270.0 60290.0 60270.0 60220.0 60250.0 60150.0 60130.0 60020.0 60020.0 60020.0 60040.0 60010.0 59970.0 60020.0 60070.0 60020.0 59970.0 59900.0 59850.0 59830.0 59740.0
63510.0 63500.0 63370.0 63190.0 63240.0 63210.0 63150.0 63010.0 62960.0 62920.0 62890.0 62820.0 62700.0 62650.0 62670.0 62590.0 62610.0 62640.0 62590.0 62570.0 62500.0 62350.0 62300.0 62160.0 62030.0 61930.0 61740.0 61690.0 61630.0 61550.0
61310.0 61250.0 61240.0 61170.0 61100.0 61120.0 61130.0 61100.0 60990.0 60960.0 60920.0 60880.0 60910.0 60850.0 60780.0 60820.0 60830.0 60890.0 60920.0 60990.0 61010.0 61050.0 61090.0 61120.0 61140.0 61130.0 61150.0 61210.0 61270.0 61390.0
61560.0 61580.0 61610.0 61650.0 61690.0 61690.0 61700.0 61710.0 61690.0 61740.0 61730.0 61790.0 61810.0 61820.0 61800.0 61680.0 61530.0 61390.0 61270.0 61300.0 61350.0 61390.0 61490.0 61590.0 61680.0 61770.0 61800.0 61960.0 62040.0 62160.0
61800.0 61760.0 61690.0 61690.0 61670.0 61670.0 61660.0 61670.0 61670.0 61660.0 61690.0 61700.0 61680.0 61650.0 61660.0 61640.0 61590.0 61580.0 61530.0 61490.0 61460.0 61410.0 61370.0 61320.0 61270.0 61260.0 61240.0 61260.0 61180.0 61120.0
61020.0 61010.0 61040.0 61040.0 61040.0 61040.0 61030.0 61040.0 61060.0 61060.0 61060.0 61080.0 61080.0 60980.0 60940.0 60910.0 60880.0 60790.0 60740.0 60780.0 60820.0 60850.0 60870.0 60940.0 60940.0 60960.0 60990.0 60930.0 60870.0 60820.0
61120.0 61280.0 61300.0 61340.0 61360.0 61420.0 61460.0 61460.0 61510.0 61530.0 61540.0 61550.0 61550.0 61560.0 61530.0 61520.0 61540.0 61510.0 61610.0 61680.0 61680.0 61660.0 61500.0 61430.0 61410.0 61320.0 61290.0 61230.0 61170.0 61090.0
61030.0 60950.0 60880.0 60800.0 60880.0 60950.0 61020.0 61020.0 61030.0 61040.0 61060.0 61080.0 61100.0 61140.0 61010.0 61000.0 61000.0 60940.0 60900.0 60930.0 60910.0 60900.0 60920.0 60910.0 60920.0 60930.0 60920.0 60930.0 60940.0 60950.0
60840.0 60850.0 60810.0 60780.0 60820.0 60790.0 60820.0 60830.0 60860.0 60870.0 60870.0 60830.0 60850.0 60840.0 60810.0 60760.0 60790.0 60740.0 60760.0 60820.0 60790.0 60800.0 60820.0 60890.0 60920.0 60910.0 60960.0 60960.0 61010.0 61060.0
60990.0 61030.0 61040.0 61050.0 61070.0 61090.0 61130.0 61150.0 61170.0 61250.0 61280.0 61340.0 61370.0 61390.0 61480.0 61500.0 61570.0 61550.0 61540.0 61560.0 61620.0 61680.0 61790.0 61950.0 62070.0 62070.0 62050.0 62060.0 62110.0 62050.0
61660.0 61660.0 61720.0 61750.0 61820.0 61860.0 61890.0 61920.0 61950.0 62020.0 62090.0 62140.0 62210.0 62230.0 62310.0 62260.0 62280.0 62210.0 62230.0 62270.0 62290.0 62300.0 62310.0 62340.0 62390.0 62450.0 62470.0 62460.0 62460.0 62460.0
63870.0 63970.0 64040.0 64020.0 64030.0 64050.0 64070.0 64100.0 64100.0 64130.0 64130.0 64180.0 64200.0 64250.0 64290.0 64320.0 64340.0 64380.0 64380.0 64380.0 64340.0 64360.0 64360.0 64390.0 64370.0 64300.0 64260.0 64240.0 64200.0 64180.0
64660.0 64690.0 64690.0 64730.0 64780.0 64810.0 64840.0 64850.0 64880.0 64880.0 64910.0 64910.0 64870.0 64860.0 64890.0 64890.0 64880.0 64790.0 64730.0 64720.0 64670.0 64660.0 64660.0 64620.0 64630.0 64600.0 64600.0 64540.0 64570.0 64560.0
63280.0 63270.0 63210.0 63210.0 63150.0 63130.0 63120.0 63090.0 63090.0 63080.0 63110.0 63120.0 63140.0 63070.0 63040.0 62990.0 62940.0 62860.0 62860.0 62840.0 62830.0 62810.0 62850.0 62870.0 62890.0 62880.0 62870.0 62950.0 62960.0 62950.0
62940.0 62880.0 62880.0 62920.0 62960.0 62990.0 63110.0 63180.0 63170.0 63180.0 63190.0 63200.0 63220.0 63290.0 63310.0 63270.0 63210.0 63180.0 63160.0 63130.0 63070.0 63110.0 63110.0 63150.0 63140.0 63160.0 63150.0 63160.0 63130.0 63190.0
63350.0 63370.0 63390.0 63390.0 63440.0 63490.0 63550.0 63620.0 63700.0 63710.0 63730.0 63750.0 63750.0 63730.0 63730.0 63720.0 63760.0 63770.0 63850.0 63820.0 63850.0 63880.0 63890.0 63860.0 63920.0 63910.0 63930.0 63930.0 63950.0 63990.0
64760.0 64840.0 64910.0 64970.0 65020.0 65030.0 65080.0 65110.0 65140.0 65180.0 65210.0 65250.0 65300.0 65360.0 65400.0 65470.0 65450.0 65410.0 65380.0 65370.0 65340.0 65380.0 65360.0 65430.0 65370.0 65390.0 65400.0 65440.0 65390.0 65380.0
66010.0 65970.0 65930.0 65930.0 65920.0 65890.0 65880.0 65870.0 65850.0 65860.0 65870.0 65900.0 65960.0 65920.0 65870.0 65840.0 65810.0 65790.0 65790.0 65770.0 65770.0 65770.0 65790.0 65780.0 65780.0 65790.0 65830.0 65870.0 65890.0 65920.0
66920.0 66910.0 66920.0 66880.0 66820.0 66790.0 66760.0 66750.0 66720.0 66670.0 66670.0 66710.0 66780.0 66790.0 66720.0 66680.0 66600.0 66580.0 66550.0 66480.0 66420.0 66400.0 66430.0 66380.0 66400.0 66320.0 66320.0 66330.0 66310.0 66260.0
289550.0 289100.0 289290.0 289370.0 289670.0 289800.0 290060.0 290580.0 290810.0 291590.0 290520.0 289930.0 289910.0 289860.0 289270.0
288500.0 287550.0 287010.0 286550.0 286170.0 285970.0 285630.0 285510.0 284670.0 284420.0 284210.0 283740.0 283050.0 282700.0 282520.0
281430.0 281180.0 280970.0 280930.0 280700.0 280440.0 280860.0 280830.0 280880.0 280890.0 280920.0 281340.0 281640.0 281710.0 282110.0
286820.0 286530.0 286400.0 285590.0 285080.0 284560.0 284290.0 284060.0 283860.0 283700.0 282960.0 282340.0 282740.0 282690.0 282510.0
282680.0 282900.0 283670.0 282940.0 283650.0 283590.0 283540.0 283680.0 284100.0 283930.0 284120.0 283460.0 283010.0 282420.0 285430.0
247470.0 247420.0 247410.0 247410.0 247610.0 247670.0 247710.0 247700.0 247690.0 247700.0 247700.0 247720.0 247660.0 247560.0 247600.0
247560.0 247600.0 247610.0 247610.0 247600.0 247610.0 247590.0 247550.0 247630.0 247660.0 247490.0 247380.0 247270.0 247150.0 247130.0
247600.0 247610.0 247610.0 247600.0 247610.0 247590.0 247550.0 247630.0 247660.0 247490.0 247380.0 247270.0 247150.0 247130.0 247120.0
246630.0 246590.0 246580.0 246540.0 246190.0 245920.0 245730.0 245520.0 245510.0 245720.0 245850.0 246040.0 246000.0 246100.0 246160.0
243530.0 243460.0 243420.0 243340.0 243280.0 243140.0 243100.0 243000.0 242980.0 242830.0 242720.0 242630.0 242470.0 242280.0 242190.0
245310.0 245240.0 245300.0 245450.0 245270.0 245250.0 245160.0 245080.0 244900.0 244870.0 244790.0 244680.0 244640.0 244610.0 244660.0
244900.0 244870.0 244790.0 244680.0 244640.0 244610.0 244660.0 244710.0 244600.0 244400.0 244320.0 244230.0 244210.0 244170.0 244090.0
244210.0 244170.0 244090.0 244060.0 244010.0 243970.0 243930.0 243790.0 243640.0 243610.0 243540.0 243590.0 243580.0 243660.0 243710.0
