129.0 129.0 129.0 129.0 129.0 129.0 128.0 128.0 128.0 128.0 128.0 128.0 128.0 127.0 127.0 127.0 127.0 127.0 127.0 127.0 127.0 127.0 126.0 126.0 126.0 126.0 126.0 126.0 126.0 126.0
126.0 125.0 125.0 125.0 125.0 125.0 125.0 125.0 125.0 124.0 124.0 124.0 123.0 123.0 123.0 123.0 123.0 123.0 123.0 123.0 123.0 123.0 123.0 122.0 122.0 122.0 122.0 122.0 122.0 121.0
121.0 121.0 121.0 121.0 121.0 121.0 120.0 120.0 120.0 120.0 120.0 120.0 120.0 119.0 119.0 119.0 119.0 119.0 119.0 119.0 119.0 119.0 118.0 118.0 118.0 118.0 118.0 117.0 117.0 117.0
117.0 117.0 117.0 117.0 116.0 116.0 116.0 116.0 116.0 115.0 115.0 115.0 115.0 115.0 115.0 115.0 115.0 115.0 115.0 115.0 115.0 115.0 115.0 115.0 115.0 115.0 115.0 114.0 114.0 114.0
114.0 114.0 114.0 114.0 113.0 113.0 113.0 113.0 113.0 113.0 113.0 113.0 113.0 113.0 113.0 113.0 113.0 113.0 112.0 112.0 112.0 112.0 112.0 111.0 111.0 111.0 111.0 111.0 111.0 111.0
145.0 145.0 145.0 145.0 146.0 146.0 146.0 146.0 146.0 146.0 146.0 146.0 146.0 147.0 147.0 147.0 147.0 147.0 147.0 148.0 148.0 148.0 148.0 149.0 149.0 149.0 149.0 149.0 150.0 150.0
155.0 155.0 155.0 155.0 155.0 154.0 154.0 154.0 154.0 153.0 153.0 153.0 153.0 153.0 153.0 153.0 153.0 153.0 154.0 154.0 154.0 154.0 154.0 154.0 154.0 153.0 153.0 153.0 154.0 153.0
150.0 150.0 150.0 150.0 150.0 150.0 150.0 150.0 150.0 150.0 150.0 150.0 150.0 149.0 149.0 149.0 149.0 148.0 149.0 149.0 149.0 149.0 149.0 149.0 149.0 150.0 150.0 150.0 150.0 149.0
149.0 149.0 149.0 149.0 149.0 149.0 150.0 149.0 149.0 149.0 149.0 149.0 149.0 149.0 149.0 149.0 148.0 148.0 148.0 148.0 148.0 148.0 148.0 148.0 149.0 149.0 149.0 149.0 149.0 149.0
146.0 146.0 146.0 146.0 146.0 145.0 145.0 146.0 146.0 146.0 146.0 146.0 146.0 146.0 146.0 146.0 145.0 146.0 145.0 146.0 146.0 146.0 146.0 146.0 146.0 146.0 146.0 146.0 146.0 146.0
144.0 144.0 144.0 144.0 143.0 143.0 143.0 143.0 143.0 143.0 143.0 143.0 143.0 143.0 143.0 143.0 143.0 143.0 143.0 143.0 143.0 143.0 143.0 143.0 143.0 144.0 144.0 144.0 144.0 144.0
143.0 143.0 142.0 142.0 142.0 142.0 142.0 142.0 141.0 141.0 142.0 142.0 142.0 142.0 142.0 142.0 142.0 142.0 142.0 142.0 142.0 142.0 142.0 142.0 143.0 143.0 144.0 144.0 144.0 145.0
154.0 154.0 153.0 152.0 151.0 151.0 150.0 150.0 150.0 149.0 149.0 149.0 148.0 148.0 148.0 148.0 149.0 149.0 149.0 149.0 150.0 150.0 151.0 151.0 151.0 151.0 152.0 152.0 152.0 153.0
155.0 154.0 154.0 154.0 154.0 155.0 155.0 155.0 155.0 155.0 155.0 155.0 155.0 155.0 156.0 156.0 156.0 156.0 156.0 157.0 157.0 157.0 157.0 157.0 157.0 157.0 158.0 158.0 158.0 158.0
157.0 157.0 157.0 156.0 155.0 155.0 155.0 154.0 154.0 154.0 154.0 153.0 153.0 153.0 153.0 153.0 153.0 153.0 153.0 154.0 154.0 154.0 154.0 154.0 154.0 154.0 154.0 154.0 154.0 154.0
151.0 151.0 151.0 151.0 151.0 150.0 150.0 150.0 149.0 149.0 149.0 149.0 149.0 149.0 150.0 150.0 149.0 149.0 149.0 149.0 149.0 149.0 149.0 148.0 148.0 148.0 148.0 148.0 148.0 149.0
150.0 150.0 150.0 149.0 149.0 150.0 150.0 150.0 150.0 150.0 150.0 150.0 150.0 150.0 150.0 150.0 150.0 151.0 150.0 150.0 150.0 150.0 150.0 150.0 150.0 150.0 149.0 149.0 149.0 149.0
150.0 150.0 150.0 150.0 150.0 150.0 149.0 149.0 149.0 149.0 149.0 149.0 149.0 149.0 148.0 148.0 148.0 148.0 149.0 150.0 150.0 150.0 150.0 150.0 149.0 149.0 149.0 149.0 147.0 147.0
146.0 145.0 145.0 144.0 144.0 143.0 143.0 142.0 142.0 141.0 141.0 141.0 141.0 141.0 141.0 141.0 141.0 141.0 141.0 141.0 141.0 141.0 142.0 142.0 142.0 142.0 142.0 142.0 142.0 142.0
142.0 142.0 141.0 141.0 140.0 140.0 139.0 139.0 139.0 139.0 139.0 139.0 139.0 139.0 140.0 140.0 140.0 140.0 140.0 140.0 140.0 140.0 140.0 140.0 140.0 140.0 140.0 141.0 141.0 141.0
141.0 141.0 141.0 142.0 142.0 143.0 143.0 143.0 144.0 144.0 144.0 144.0 144.0 144.0 144.0 144.0 145.0 145.0 145.0 145.0 145.0 145.0 145.0 145.0 145.0 145.0 145.0 145.0 145.0 145.0
145.0 145.0 145.0 145.0 146.0 146.0 146.0 146.0 146.0 146.0 146.0 146.0 146.0 146.0 145.0 145.0 145.0 145.0 145.0 145.0 146.0 146.0 146.0 146.0 146.0 146.0 146.0 147.0 147.0 147.0
147.0 147.0 147.0 147.0 146.0 146.0 146.0 146.0 146.0 146.0 146.0 146.0 146.0 146.0 146.0 146.0 147.0 147.0 147.0 147.0 148.0 148.0 148.0 148.0 148.0 148.0 148.0 148.0 148.0 148.0
150.0 150.0 149.0 148.0 148.0 148.0 148.0 148.0 148.0 147.0 147.0 147.0 146.0 146.0 146.0 146.0 146.0 145.0 145.0 145.0 146.0 146.0 146.0 146.0 146.0 146.0 147.0 147.0 147.0 147.0
147.0 147.0 146.0 146.0 146.0 146.0 146.0 146.0 145.0 145.0 145.0 145.0 145.0 145.0 145.0 145.0 145.0 145.0 145.0 145.0 145.0 145.0 145.0 145.0 145.0 146.0 146.0 146.0 146.0 146.0
144.0 144.0 144.0 144.0 144.0 144.0 143.0 143.0 142.0 142.0 142.0 142.0 142.0 142.0 142.0 142.0 143.0 143.0 143.0 143.0 143.0 143.0 143.0 143.0 143.0 143.0 143.0 143.0 143.0 144.0
144.0 144.0 144.0 144.0 144.0 144.0 144.0 143.0 143.0 143.0 143.0 143.0 143.0 143.0 143.0 143.0 143.0 143.0 143.0 143.0 143.0 143.0 143.0 143.0 143.0 144.0 144.0 144.0 144.0 144.0
143.0 143.0 143.0 142.0 142.0 142.0 142.0 142.0 142.0 142.0 141.0 141.0 142.0 142.0 142.0 142.0 142.0 142.0 142.0 142.0 142.0 143.0 143.0 143.0 143.0 143.0 143.0 143.0 143.0 143.0
142.0 142.0 142.0 142.0 142.0 142.0 142.0 141.0 141.0 141.0 141.0 141.0 141.0 141.0 141.0 141.0 141.0 141.0 141.0 141.0 141.0 141.0 141.0 141.0 140.0 140.0 140.0 140.0 140.0 140.0
143.0 143.0 143.0 143.0 143.0 143.0 142.0 142.0 142.0 142.0 142.0 142.0 142.0 142.0 142.0 142.0 141.0 141.0 141.0 141.0 141.0 140.0 140.0 140.0 140.0 140.0 140.0 140.0 140.0 139.0
135.0 135.0 135.0 135.0 135.0 136.0 136.0 137.0 137.0 137.0 138.0 138.0 138.0 138.0 138.0 139.0 139.0 140.0 140.0 140.0 140.0 140.0 141.0 141.0 141.0 141.0 141.0 142.0 142.0 142.0
140.0 140.0 139.0 139.0 139.0 139.0 139.0 139.0 139.0 139.0 139.0 139.0 139.0 139.0 139.0 139.0 139.0 139.0 139.0 139.0 139.0 138.0 138.0 138.0 138.0 137.0 137.0 137.0 137.0 137.0
140.0 140.0 140.0 140.0 140.0 141.0 141.0 141.0 142.0 142.0 143.0 143.0 143.0 144.0 144.0 144.0 144.0 144.0 144.0 144.0 143.0 143.0 143.0 142.0 141.0 140.0 139.0 138.0 138.0 138.0
137.0 137.0 137.0 136.0 136.0 136.0 137.0 137.0 137.0 137.0 137.0 137.0 137.0 137.0 137.0 137.0 137.0 137.0 137.0 137.0 138.0 138.0 138.0 138.0 138.0 138.0 138.0 138.0 138.0 138.0
137.0 137.0 137.0 137.0 137.0 137.0 137.0 137.0 137.0 137.0 138.0 138.0 139.0 139.0 139.0 139.0 140.0 140.0 140.0 140.0 140.0 140.0 140.0 140.0 141.0 141.0 141.0 142.0 142.0 143.0
126.0 126.0 126.0 126.0 126.0 126.0 125.0 125.0 125.0 125.0 125.0 125.0 124.0 124.0 124.0 124.0 124.0 124.0 124.0 124.0 123.0 123.0 123.0 123.0 123.0 124.0 124.0 124.0 124.0 125.0
126.0 126.0 126.0 126.0 127.0 127.0 127.0 127.0 126.0 127.0 127.0 127.0 127.0 127.0 127.0 127.0 127.0 126.0 126.0 126.0 126.0 126.0 126.0 126.0 126.0 126.0 126.0 126.0 125.0 125.0
124.0 124.0 124.0 124.0 124.0 124.0 124.0 124.0 124.0 124.0 124.0 124.0 124.0 124.0 124.0 124.0 124.0 124.0 124.0 124.0 124.0 124.0 124.0 124.0 124.0 125.0 125.0 125.0 124.0 124.0
124.0 125.0 125.0 125.0 125.0 125.0 125.0 125.0 125.0 125.0 126.0 125.0 125.0 125.0 125.0 125.0 125.0 125.0 125.0 125.0 125.0 125.0 125.0 125.0 125.0 125.0 125.0 125.0 125.0 125.0
123.0 123.0 123.0 123.0 123.0 123.0 122.0 122.0 122.0 122.0 122.0 122.0 122.0 122.0 122.0 122.0 122.0 122.0 122.0 122.0 122.0 122.0 122.0 122.0 122.0 122.0 122.0 122.0 122.0 123.0
131.0 131.0 132.0 132.0 132.0 132.0 133.0 133.0 133.0 133.0 133.0 133.0 133.0 133.0 133.0 133.0 133.0 133.0 133.0 133.0 133.0 134.0 134.0 134.0 134.0 134.0 135.0 135.0 135.0 136.0
136.0 136.0 136.0 136.0 137.0 137.0 137.0 138.0 138.0 138.0 138.0 138.0 138.0 139.0 139.0 139.0 139.0 139.0 140.0 140.0 140.0 140.0 140.0 140.0 140.0 140.0 139.0 139.0 139.0 139.0
139.0 139.0 139.0 139.0 139.0 139.0 139.0 139.0 139.0 139.0 139.0 140.0 140.0 140.0 140.0 140.0 141.0 141.0 141.0 141.0 141.0 142.0 142.0 142.0 142.0 142.0 142.0 142.0 142.0 142.0
145.0 145.0 145.0 145.0 145.0 145.0 145.0 145.0 145.0 145.0 145.0 145.0 145.0 145.0 145.0 145.0 145.0 145.0 145.0 145.0 145.0 145.0 145.0 146.0 146.0 146.0 146.0 146.0 146.0 146.0
142.0 142.0 142.0 142.0 141.0 141.0 141.0 141.0 141.0 141.0 141.0 141.0 141.0 141.0 141.0 141.0 141.0 141.0 141.0 141.0 141.0 141.0 141.0 141.0 141.0 141.0 141.0 140.0 140.0 140.0
141.0 141.0 141.0 141.0 141.0 141.0 140.0 140.0 140.0 140.0 140.0 139.0 139.0 139.0 139.0 139.0 139.0 139.0 139.0 138.0 138.0 138.0 138.0 138.0 137.0 137.0 137.0 137.0 137.0 137.0
129.0 129.0 129.0 129.0 129.0 129.0 129.0 129.0 129.0 129.0 129.0 129.0 129.0 128.0 128.0 128.0 128.0 128.0 128.0 127.0 127.0 127.0 127.0 127.0 127.0 127.0 128.0 128.0 128.0 128.0
130.0 130.0 130.0 130.0 130.0 130.0 130.0 130.0 130.0 130.0 130.0 130.0 130.0 130.0 130.0 131.0 131.0 131.0 132.0 132.0 132.0 132.0 132.0 132.0 132.0 133.0 133.0 133.0 133.0 133.0
132.0 132.0 132.0 132.0 131.0 131.0 131.0 131.0 131.0 131.0 131.0 130.0 130.0 130.0 130.0 130.0 131.0 131.0 131.0 131.0 131.0 131.0 131.0 131.0 131.0 131.0 131.0 131.0 131.0 130.0
130.0 130.0 130.0 129.0 129.0 129.0 129.0 129.0 129.0 129.0 129.0 129.0 129.0 128.0 128.0 128.0 128.0 129.0 129.0 129.0 129.0 129.0 129.0 129.0 129.0 129.0 129.0 129.0 129.0 128.0
126.0 126.0 126.0 126.0 126.0 126.0 126.0 126.0 126.0 125.0 125.0 125.0 125.0 125.0 125.0 125.0 125.0 126.0 126.0 126.0 126.0 126.0 127.0 127.0 127.0 127.0 127.0 127.0 127.0 127.0
124.0 124.0 124.0 124.0 124.0 124.0 124.0 124.0 124.0 124.0 124.0 124.0 125.0 125.0 125.0 125.0 125.0 125.0 125.0 124.0 124.0 124.0 124.0 125.0 125.0 125.0 125.0 124.0 124.0 124.0
130.0 130.0 130.0 130.0 130.0 130.0 129.0 129.0 129.0 129.0 129.0 129.0 129.0 129.0 129.0 129.0 129.0 129.0 129.0 130.0 130.0 130.0 130.0 130.0 130.0 130.0 130.0 129.0 129.0 129.0
129.0 129.0 129.0 129.0 129.0 129.0 128.0 128.0 128.0 128.0 128.0 128.0 128.0 127.0 127.0 127.0 127.0 127.0 127.0 127.0 127.0 127.0 126.0 126.0 126.0 126.0 126.0 126.0 126.0 126.0
126.0 125.0 125.0 125.0 125.0 125.0 125.0 125.0 125.0 124.0 124.0 124.0 123.0 123.0 123.0 123.0 123.0 123.0 123.0 123.0 123.0 123.0 123.0 122.0 122.0 122.0 122.0 122.0 122.0 121.0
121.0 121.0 121.0 121.0 121.0 121.0 120.0 120.0 120.0 120.0 120.0 120.0 120.0 119.0 119.0 119.0 119.0 119.0 119.0 119.0 119.0 119.0 118.0 118.0 118.0 118.0 118.0 117.0 117.0 117.0
117.0 117.0 117.0 117.0 116.0 116.0 116.0 116.0 116.0 115.0 115.0 115.0 115.0 115.0 115.0 115.0 115.0 115.0 115.0 115.0 115.0 115.0 115.0 115.0 115.0 115.0 115.0 114.0 114.0 114.0
114.0 114.0 114.0 114.0 113.0 113.0 113.0 113.0 113.0 113.0 113.0 113.0 113.0 113.0 113.0 113.0 113.0 113.0 112.0 112.0 112.0 112.0 112.0 111.0 111.0 111.0 111.0 111.0 111.0 111.0
145.0 145.0 145.0 145.0 146.0 146.0 146.0 146.0 146.0 146.0 146.0 146.0 146.0 147.0 147.0 147.0 147.0 147.0 147.0 148.0 148.0 148.0 148.0 149.0 149.0 149.0 149.0 149.0 150.0 150.0
155.0 155.0 155.0 155.0 155.0 154.0 154.0 154.0 154.0 153.0 153.0 153.0 153.0 153.0 153.0 153.0 153.0 153.0 154.0 154.0 154.0 154.0 154.0 154.0 154.0 153.0 153.0 153.0 154.0 153.0
150.0 150.0 150.0 150.0 150.0 150.0 150.0 150.0 150.0 150.0 150.0 150.0 150.0 149.0 149.0 149.0 149.0 148.0 149.0 149.0 149.0 149.0 149.0 149.0 149.0 150.0 150.0 150.0 150.0 149.0
149.0 149.0 149.0 149.0 149.0 149.0 150.0 149.0 149.0 149.0 149.0 149.0 149.0 149.0 149.0 149.0 148.0 148.0 148.0 148.0 148.0 148.0 148.0 148.0 149.0 149.0 149.0 149.0 149.0 149.0
146.0 146.0 146.0 146.0 146.0 145.0 145.0 146.0 146.0 146.0 146.0 146.0 146.0 146.0 146.0 146.0 145.0 146.0 145.0 146.0 146.0 146.0 146.0 146.0 146.0 146.0 146.0 146.0 146.0 146.0
144.0 144.0 144.0 144.0 143.0 143.0 143.0 143.0 143.0 143.0 143.0 143.0 143.0 143.0 143.0 143.0 143.0 143.0 143.0 143.0 143.0 143.0 143.0 143.0 143.0 144.0 144.0 144.0 144.0 144.0
143.0 143.0 142.0 142.0 142.0 142.0 142.0 142.0 141.0 141.0 142.0 142.0 142.0 142.0 142.0 142.0 142.0 142.0 142.0 142.0 142.0 142.0 142.0 142.0 143.0 143.0 144.0 144.0 144.0 145.0
154.0 154.0 153.0 152.0 151.0 151.0 150.0 150.0 150.0 149.0 149.0 149.0 148.0 148.0 148.0 148.0 149.0 149.0 149.0 149.0 150.0 150.0 151.0 151.0 151.0 151.0 152.0 152.0 152.0 153.0
155.0 154.0 154.0 154.0 154.0 155.0 155.0 155.0 155.0 155.0 155.0 155.0 155.0 155.0 156.0 156.0 156.0 156.0 156.0 157.0 157.0 157.0 157.0 157.0 157.0 157.0 158.0 158.0 158.0 158.0
157.0 157.0 157.0 156.0 155.0 155.0 155.0 154.0 154.0 154.0 154.0 153.0 153.0 153.0 153.0 153.0 153.0 153.0 153.0 154.0 154.0 154.0 154.0 154.0 154.0 154.0 154.0 154.0 154.0 154.0
151.0 151.0 151.0 151.0 151.0 150.0 150.0 150.0 149.0 149.0 149.0 149.0 149.0 149.0 150.0 150.0 149.0 149.0 149.0 149.0 149.0 149.0 149.0 148.0 148.0 148.0 148.0 148.0 148.0 149.0
150.0 150.0 150.0 149.0 149.0 150.0 150.0 150.0 150.0 150.0 150.0 150.0 150.0 150.0 150.0 150.0 150.0 151.0 150.0 150.0 150.0 150.0 150.0 150.0 150.0 150.0 149.0 149.0 149.0 149.0
150.0 150.0 150.0 150.0 150.0 150.0 149.0 149.0 149.0 149.0 149.0 149.0 149.0 149.0 148.0 148.0 148.0 148.0 149.0 150.0 150.0 150.0 150.0 150.0 149.0 149.0 149.0 149.0 147.0 147.0
146.0 145.0 145.0 144.0 144.0 143.0 143.0 142.0 142.0 141.0 141.0 141.0 141.0 141.0 141.0 141.0 141.0 141.0 141.0 141.0 141.0 141.0 142.0 142.0 142.0 142.0 142.0 142.0 142.0 142.0
142.0 142.0 141.0 141.0 140.0 140.0 139.0 139.0 139.0 139.0 139.0 139.0 139.0 139.0 140.0 140.0 140.0 140.0 140.0 140.0 140.0 140.0 140.0 140.0 140.0 140.0 140.0 141.0 141.0 141.0
141.0 141.0 141.0 142.0 142.0 143.0 143.0 143.0 144.0 144.0 144.0 144.0 144.0 144.0 144.0 144.0 145.0 145.0 145.0 145.0 145.0 145.0 145.0 145.0 145.0 145.0 145.0 145.0 145.0 145.0
145.0 145.0 145.0 145.0 146.0 146.0 146.0 146.0 146.0 146.0 146.0 146.0 146.0 146.0 145.0 145.0 145.0 145.0 145.0 145.0 146.0 146.0 146.0 146.0 146.0 146.0 146.0 147.0 147.0 147.0
129.0 129.0 129.0 129.0 129.0 129.0 128.0 128.0 128.0 128.0 128.0 128.0 128.0 127.0 127.0 127.0 127.0 127.0 127.0 127.0 127.0 127.0 126.0 126.0 126.0 126.0 126.0 126.0 126.0 126.0
126.0 125.0 125.0 125.0 125.0 125.0 125.0 125.0 125.0 124.0 124.0 124.0 123.0 123.0 123.0 123.0 123.0 123.0 123.0 123.0 123.0 123.0 123.0 122.0 122.0 122.0 122.0 122.0 122.0 121.0
121.0 121.0 121.0 121.0 121.0 121.0 120.0 120.0 120.0 120.0 120.0 120.0 120.0 119.0 119.0 119.0 119.0 119.0 119.0 119.0 119.0 119.0 118.0 118.0 118.0 118.0 118.0 117.0 117.0 117.0
117.0 117.0 117.0 117.0 116.0 116.0 116.0 116.0 116.0 115.0 115.0 115.0 115.0 115.0 115.0 115.0 115.0 115.0 115.0 115.0 115.0 115.0 115.0 115.0 115.0 115.0 115.0 114.0 114.0 114.0
114.0 114.0 114.0 114.0 113.0 113.0 113.0 113.0 113.0 113.0 113.0 113.0 113.0 113.0 113.0 113.0 113.0 113.0 112.0 112.0 112.0 112.0 112.0 111.0 111.0 111.0 111.0 111.0 111.0 111.0
145.0 145.0 145.0 145.0 146.0 146.0 146.0 146.0 146.0 146.0 146.0 146.0 146.0 147.0 147.0 147.0 147.0 147.0 147.0 148.0 148.0 148.0 148.0 149.0 149.0 149.0 149.0 149.0 150.0 150.0
155.0 155.0 155.0 155.0 155.0 154.0 154.0 154.0 154.0 153.0 153.0 153.0 153.0 153.0 153.0 153.0 153.0 153.0 154.0 154.0 154.0 154.0 154.0 154.0 154.0 153.0 153.0 153.0 154.0 153.0
150.0 150.0 150.0 150.0 150.0 150.0 150.0 150.0 150.0 150.0 150.0 150.0 150.0 149.0 149.0 149.0 149.0 148.0 149.0 149.0 149.0 149.0 149.0 149.0 149.0 150.0 150.0 150.0 150.0 149.0
149.0 149.0 149.0 149.0 149.0 149.0 150.0 149.0 149.0 149.0 149.0 149.0 149.0 149.0 149.0 149.0 148.0 148.0 148.0 148.0 148.0 148.0 148.0 148.0 149.0 149.0 149.0 149.0 149.0 149.0
146.0 146.0 146.0 146.0 146.0 145.0 145.0 146.0 146.0 146.0 146.0 146.0 146.0 146.0 146.0 146.0 145.0 146.0 145.0 146.0 146.0 146.0 146.0 146.0 146.0 146.0 146.0 146.0 146.0 146.0
144.0 144.0 144.0 144.0 143.0 143.0 143.0 143.0 143.0 143.0 143.0 143.0 143.0 143.0 143.0 143.0 143.0 143.0 143.0 143.0 143.0 143.0 143.0 143.0 143.0 144.0 144.0 144.0 144.0 144.0
143.0 143.0 142.0 142.0 142.0 142.0 142.0 142.0 141.0 141.0 142.0 142.0 142.0 142.0 142.0 142.0 142.0 142.0 142.0 142.0 142.0 142.0 142.0 142.0 143.0 143.0 144.0 144.0 144.0 145.0
154.0 154.0 153.0 152.0 151.0 151.0 150.0 150.0 150.0 149.0 149.0 149.0 148.0 148.0 148.0 148.0 149.0 149.0 149.0 149.0 150.0 150.0 151.0 151.0 151.0 151.0 152.0 152.0 152.0 153.0
155.0 154.0 154.0 154.0 154.0 155.0 155.0 155.0 155.0 155.0 155.0 155.0 155.0 155.0 156.0 156.0 156.0 156.0 156.0 157.0 157.0 157.0 157.0 157.0 157.0 157.0 158.0 158.0 158.0 158.0
157.0 157.0 157.0 156.0 155.0 155.0 155.0 154.0 154.0 154.0 154.0 153.0 153.0 153.0 153.0 153.0 153.0 153.0 153.0 154.0 154.0 154.0 154.0 154.0 154.0 154.0 154.0 154.0 154.0 154.0
151.0 151.0 151.0 151.0 151.0 150.0 150.0 150.0 149.0 149.0 149.0 149.0 149.0 149.0 150.0 150.0 149.0 149.0 149.0 149.0 149.0 149.0 149.0 148.0 148.0 148.0 148.0 148.0 148.0 149.0
150.0 150.0 150.0 149.0 149.0 150.0 150.0 150.0 150.0 150.0 150.0 150.0 150.0 150.0 150.0 150.0 150.0 151.0 150.0 150.0 150.0 150.0 150.0 150.0 150.0 150.0 149.0 149.0 149.0 149.0
150.0 150.0 150.0 150.0 150.0 150.0 149.0 149.0 149.0 149.0 149.0 149.0 149.0 149.0 148.0 148.0 148.0 148.0 149.0 150.0 150.0 150.0 150.0 150.0 149.0 149.0 149.0 149.0 147.0 147.0
146.0 145.0 145.0 144.0 144.0 143.0 143.0 142.0 142.0 141.0 141.0 141.0 141.0 141.0 141.0 141.0 141.0 141.0 141.0 141.0 141.0 141.0 142.0 142.0 142.0 142.0 142.0 142.0 142.0 142.0
142.0 142.0 141.0 141.0 140.0 140.0 139.0 139.0 139.0 139.0 139.0 139.0 139.0 139.0 140.0 140.0 140.0 140.0 140.0 140.0 140.0 140.0 140.0 140.0 140.0 140.0 140.0 141.0 141.0 141.0
141.0 141.0 141.0 142.0 142.0 143.0 143.0 143.0 144.0 144.0 144.0 144.0 144.0 144.0 144.0 144.0 145.0 145.0 145.0 145.0 145.0 145.0 145.0 145.0 145.0 145.0 145.0 145.0 145.0 145.0
145.0 145.0 145.0 145.0 146.0 146.0 146.0 146.0 146.0 146.0 146.0 146.0 146.0 146.0 145.0 145.0 145.0 145.0 145.0 145.0 146.0 146.0 146.0 146.0 146.0 146.0 146.0 147.0 147.0 147.0
147.0 147.0 147.0 147.0 146.0 146.0 146.0 146.0 146.0 146.0 146.0 146.0 146.0 146.0 146.0 146.0 147.0 147.0 147.0 147.0 148.0 148.0 148.0 148.0 148.0 148.0 148.0 148.0 148.0 148.0
150.0 150.0 149.0 148.0 148.0 148.0 148.0 148.0 148.0 147.0 147.0 147.0 146.0 146.0 146.0 146.0 146.0 145.0 145.0 145.0 146.0 146.0 146.0 146.0 146.0 146.0 147.0 147.0 147.0 147.0
147.0 147.0 146.0 146.0 146.0 146.0 146.0 146.0 145.0 145.0 145.0 145.0 145.0 145.0 145.0 145.0 145.0 145.0 145.0 145.0 145.0 145.0 145.0 145.0 145.0 146.0 146.0 146.0 146.0 146.0
144.0 144.0 144.0 144.0 144.0 144.0 143.0 143.0 142.0 142.0 142.0 142.0 142.0 142.0 142.0 142.0 143.0 143.0 143.0 143.0 143.0 143.0 143.0 143.0 143.0 143.0 143.0 143.0 143.0 144.0
144.0 144.0 144.0 144.0 144.0 144.0 144.0 143.0 143.0 143.0 143.0 143.0 143.0 143.0 143.0 143.0 143.0 143.0 143.0 143.0 143.0 143.0 143.0 143.0 143.0 144.0 144.0 144.0 144.0 144.0
143.0 143.0 143.0 142.0 142.0 142.0 142.0 142.0 142.0 142.0 141.0 141.0 142.0 142.0 142.0 142.0 142.0 142.0 142.0 142.0 142.0 143.0 143.0 143.0 143.0 143.0 143.0 143.0 143.0 143.0
142.0 142.0 142.0 142.0 142.0 142.0 142.0 141.0 141.0 141.0 141.0 141.0 141.0 141.0 141.0 141.0 141.0 141.0 141.0 141.0 141.0 141.0 141.0 141.0 140.0 140.0 140.0 140.0 140.0 140.0
143.0 143.0 143.0 143.0 143.0 143.0 142.0 142.0 142.0 142.0 142.0 142.0 142.0 142.0 142.0 142.0 141.0 141.0 141.0 141.0 141.0 140.0 140.0 140.0 140.0 140.0 140.0 140.0 140.0 139.0
135.0 135.0 135.0 135.0 135.0 136.0 136.0 137.0 137.0 137.0 138.0 138.0 138.0 138.0 138.0 139.0 139.0 140.0 140.0 140.0 140.0 140.0 141.0 141.0 141.0 141.0 141.0 142.0 142.0 142.0
140.0 140.0 139.0 139.0 139.0 139.0 139.0 139.0 139.0 139.0 139.0 139.0 139.0 139.0 139.0 139.0 139.0 139.0 139.0 139.0 139.0 138.0 138.0 138.0 138.0 137.0 137.0 137.0 137.0 137.0
140.0 140.0 140.0 140.0 140.0 141.0 141.0 141.0 142.0 142.0 143.0 143.0 143.0 144.0 144.0 144.0 144.0 144.0 144.0 144.0 143.0 143.0 143.0 142.0 141.0 140.0 139.0 138.0 138.0 138.0
137.0 137.0 137.0 136.0 136.0 136.0 137.0 137.0 137.0 137.0 137.0 137.0 137.0 137.0 137.0 137.0 137.0 137.0 137.0 137.0 138.0 138.0 138.0 138.0 138.0 138.0 138.0 138.0 138.0 138.0
137.0 137.0 137.0 137.0 137.0 137.0 137.0 137.0 137.0 137.0 138.0 138.0 139.0 139.0 139.0 139.0 140.0 140.0 140.0 140.0 140.0 140.0 140.0 140.0 141.0 141.0 141.0 142.0 142.0 143.0
126.0 126.0 126.0 126.0 126.0 126.0 125.0 125.0 125.0 125.0 125.0 125.0 124.0 124.0 124.0 124.0 124.0 124.0 124.0 124.0 123.0 123.0 123.0 123.0 123.0 124.0 124.0 124.0 124.0 125.0
126.0 126.0 126.0 126.0 127.0 127.0 127.0 127.0 126.0 127.0 127.0 127.0 127.0 127.0 127.0 127.0 127.0 126.0 126.0 126.0 126.0 126.0 126.0 126.0 126.0 126.0 126.0 126.0 125.0 125.0
124.0 124.0 124.0 124.0 124.0 124.0 124.0 124.0 124.0 124.0 124.0 124.0 124.0 124.0 124.0 124.0 124.0 124.0 124.0 124.0 124.0 124.0 124.0 124.0 124.0 125.0 125.0 125.0 124.0 124.0
124.0 125.0 125.0 125.0 125.0 125.0 125.0 125.0 125.0 125.0 126.0 125.0 125.0 125.0 125.0 125.0 125.0 125.0 125.0 125.0 125.0 125.0 125.0 125.0 125.0 125.0 125.0 125.0 125.0 125.0
123.0 123.0 123.0 123.0 123.0 123.0 122.0 122.0 122.0 122.0 122.0 122.0 122.0 122.0 122.0 122.0 122.0 122.0 122.0 122.0 122.0 122.0 122.0 122.0 122.0 122.0 122.0 122.0 122.0 123.0
131.0 131.0 132.0 132.0 132.0 132.0 133.0 133.0 133.0 133.0 133.0 133.0 133.0 133.0 133.0 133.0 133.0 133.0 133.0 133.0 133.0 134.0 134.0 134.0 134.0 134.0 135.0 135.0 135.0 136.0
136.0 136.0 136.0 136.0 137.0 137.0 137.0 138.0 138.0 138.0 138.0 138.0 138.0 139.0 139.0 139.0 139.0 139.0 140.0 140.0 140.0 140.0 140.0 140.0 140.0 140.0 139.0 139.0 139.0 139.0
139.0 139.0 139.0 139.0 139.0 139.0 139.0 139.0 139.0 139.0 139.0 140.0 140.0 140.0 140.0 140.0 141.0 141.0 141.0 141.0 141.0 142.0 142.0 142.0 142.0 142.0 142.0 142.0 142.0 142.0
145.0 145.0 145.0 145.0 145.0 145.0 145.0 145.0 145.0 145.0 145.0 145.0 145.0 145.0 145.0 145.0 145.0 145.0 145.0 145.0 145.0 145.0 145.0 146.0 146.0 146.0 146.0 146.0 146.0 146.0
142.0 142.0 142.0 142.0 141.0 141.0 141.0 141.0 141.0 141.0 141.0 141.0 141.0 141.0 141.0 141.0 141.0 141.0 141.0 141.0 141.0 141.0 141.0 141.0 141.0 141.0 141.0 140.0 140.0 140.0
141.0 141.0 141.0 141.0 141.0 141.0 140.0 140.0 140.0 140.0 140.0 139.0 139.0 139.0 139.0 139.0 139.0 139.0 139.0 138.0 138.0 138.0 138.0 138.0 137.0 137.0 137.0 137.0 137.0 137.0
129.0 129.0 129.0 129.0 129.0 129.0 129.0 129.0 129.0 129.0 129.0 129.0 129.0 128.0 128.0 128.0 128.0 128.0 128.0 127.0 127.0 127.0 127.0 127.0 127.0 127.0 128.0 128.0 128.0 128.0
130.0 130.0 130.0 130.0 130.0 130.0 130.0 130.0 130.0 130.0 130.0 130.0 130.0 130.0 130.0 131.0 131.0 131.0 132.0 132.0 132.0 132.0 132.0 132.0 132.0 133.0 133.0 133.0 133.0 133.0
132.0 132.0 132.0 132.0 131.0 131.0 131.0 131.0 131.0 131.0 131.0 130.0 130.0 130.0 130.0 130.0 131.0 131.0 131.0 131.0 131.0 131.0 131.0 131.0 131.0 131.0 131.0 131.0 131.0 130.0
130.0 130.0 130.0 129.0 129.0 129.0 129.0 129.0 129.0 129.0 129.0 129.0 129.0 128.0 128.0 128.0 128.0 129.0 129.0 129.0 129.0 129.0 129.0 129.0 129.0 129.0 129.0 129.0 129.0 128.0
126.0 126.0 126.0 126.0 126.0 126.0 126.0 126.0 126.0 125.0 125.0 125.0 125.0 125.0 125.0 125.0 125.0 126.0 126.0 126.0 126.0 126.0 127.0 127.0 127.0 127.0 127.0 127.0 127.0 127.0
124.0 124.0 124.0 124.0 124.0 124.0 124.0 124.0 124.0 124.0 124.0 124.0 125.0 125.0 125.0 125.0 125.0 125.0 125.0 124.0 124.0 124.0 124.0 125.0 125.0 125.0 125.0 124.0 124.0 124.0
130.0 130.0 130.0 130.0 130.0 130.0 129.0 129.0 129.0 129.0 129.0 129.0 129.0 129.0 129.0 129.0 129.0 129.0 129.0 130.0 130.0 130.0 130.0 130.0 130.0 130.0 130.0 129.0 129.0 129.0
129.0 129.0 129.0 129.0 129.0 129.0 128.0 128.0 128.0 128.0 128.0 128.0 128.0 127.0 127.0 127.0 127.0 127.0 127.0 127.0 127.0 127.0 126.0 126.0 126.0 126.0 126.0 126.0 126.0 126.0
126.0 125.0 125.0 125.0 125.0 125.0 125.0 125.0 125.0 124.0 124.0 124.0 123.0 123.0 123.0 123.0 123.0 123.0 123.0 123.0 123.0 123.0 123.0 122.0 122.0 122.0 122.0 122.0 122.0 121.0
121.0 121.0 121.0 121.0 121.0 121.0 120.0 120.0 120.0 120.0 120.0 120.0 120.0 119.0 119.0 119.0 119.0 119.0 119.0 119.0 119.0 119.0 118.0 118.0 118.0 118.0 118.0 117.0 117.0 117.0
117.0 117.0 117.0 117.0 116.0 116.0 116.0 116.0 116.0 115.0 115.0 115.0 115.0 115.0 115.0 115.0 115.0 115.0 115.0 115.0 115.0 115.0 115.0 115.0 115.0 115.0 115.0 114.0 114.0 114.0
114.0 114.0 114.0 114.0 113.0 113.0 113.0 113.0 113.0 113.0 113.0 113.0 113.0 113.0 113.0 113.0 113.0 113.0 112.0 112.0 112.0 112.0 112.0 111.0 111.0 111.0 111.0 111.0 111.0 111.0
145.0 145.0 145.0 145.0 146.0 146.0 146.0 146.0 146.0 146.0 146.0 146.0 146.0 147.0 147.0 147.0 147.0 147.0 147.0 148.0 148.0 148.0 148.0 149.0 149.0 149.0 149.0 149.0 150.0 150.0
155.0 155.0 155.0 155.0 155.0 154.0 154.0 154.0 154.0 153.0 153.0 153.0 153.0 153.0 153.0 153.0 153.0 153.0 154.0 154.0 154.0 154.0 154.0 154.0 154.0 153.0 153.0 153.0 154.0 153.0
150.0 150.0 150.0 150.0 150.0 150.0 150.0 150.0 150.0 150.0 150.0 150.0 150.0 149.0 149.0 149.0 149.0 148.0 149.0 149.0 149.0 149.0 149.0 149.0 149.0 150.0 150.0 150.0 150.0 149.0
149.0 149.0 149.0 149.0 149.0 149.0 150.0 149.0 149.0 149.0 149.0 149.0 149.0 149.0 149.0 149.0 148.0 148.0 148.0 148.0 148.0 148.0 148.0 148.0 149.0 149.0 149.0 149.0 149.0 149.0
146.0 146.0 146.0 146.0 146.0 145.0 145.0 146.0 146.0 146.0 146.0 146.0 146.0 146.0 146.0 146.0 145.0 146.0 145.0 146.0 146.0 146.0 146.0 146.0 146.0 146.0 146.0 146.0 146.0 146.0
144.0 144.0 144.0 144.0 143.0 143.0 143.0 143.0 143.0 143.0 143.0 143.0 143.0 143.0 143.0 143.0 143.0 143.0 143.0 143.0 143.0 143.0 143.0 143.0 143.0 144.0 144.0 144.0 144.0 144.0
143.0 143.0 142.0 142.0 142.0 142.0 142.0 142.0 141.0 141.0 142.0 142.0 142.0 142.0 142.0 142.0 142.0 142.0 142.0 142.0 142.0 142.0 142.0 142.0 143.0 143.0 144.0 144.0 144.0 145.0
154.0 154.0 153.0 152.0 151.0 151.0 150.0 150.0 150.0 149.0 149.0 149.0 148.0 148.0 148.0 148.0 149.0 149.0 149.0 149.0 150.0 150.0 151.0 151.0 151.0 151.0 152.0 152.0 152.0 153.0
155.0 154.0 154.0 154.0 154.0 155.0 155.0 155.0 155.0 155.0 155.0 155.0 155.0 155.0 156.0 156.0 156.0 156.0 156.0 157.0 157.0 157.0 157.0 157.0 157.0 157.0 158.0 158.0 158.0 158.0
157.0 157.0 157.0 156.0 155.0 155.0 155.0 154.0 154.0 154.0 154.0 153.0 153.0 153.0 153.0 153.0 153.0 153.0 153.0 154.0 154.0 154.0 154.0 154.0 154.0 154.0 154.0 154.0 154.0 154.0
151.0 151.0 151.0 151.0 151.0 150.0 150.0 150.0 149.0 149.0 149.0 149.0 149.0 149.0 150.0 150.0 149.0 149.0 149.0 149.0 149.0 149.0 149.0 148.0 148.0 148.0 148.0 148.0 148.0 149.0
150.0 150.0 150.0 149.0 149.0 150.0 150.0 150.0 150.0 150.0 150.0 150.0 150.0 150.0 150.0 150.0 150.0 151.0 150.0 150.0 150.0 150.0 150.0 150.0 150.0 150.0 149.0 149.0 149.0 149.0
150.0 150.0 150.0 150.0 150.0 150.0 149.0 149.0 149.0 149.0 149.0 149.0 149.0 149.0 148.0 148.0 148.0 148.0 149.0 150.0 150.0 150.0 150.0 150.0 149.0 149.0 149.0 149.0 147.0 147.0
146.0 145.0 145.0 144.0 144.0 143.0 143.0 142.0 142.0 141.0 141.0 141.0 141.0 141.0 141.0 141.0 141.0 141.0 141.0 141.0 141.0 141.0 142.0 142.0 142.0 142.0 142.0 142.0 142.0 142.0
142.0 142.0 141.0 141.0 140.0 140.0 139.0 139.0 139.0 139.0 139.0 139.0 139.0 139.0 140.0 140.0 140.0 140.0 140.0 140.0 140.0 140.0 140.0 140.0 140.0 140.0 140.0 141.0 141.0 141.0
141.0 141.0 141.0 142.0 142.0 143.0 143.0 143.0 144.0 144.0 144.0 144.0 144.0 144.0 144.0 144.0 145.0 145.0 145.0 145.0 145.0 145.0 145.0 145.0 145.0 145.0 145.0 145.0 145.0 145.0
145.0 145.0 145.0 145.0 146.0 146.0 146.0 146.0 146.0 146.0 146.0 146.0 146.0 146.0 145.0 145.0 145.0 145.0 145.0 145.0 146.0 146.0 146.0 146.0 146.0 146.0 146.0 147.0 147.0 147.0
147.0 147.0 147.0 147.0 146.0 146.0 146.0 146.0 146.0 146.0 146.0 146.0 146.0 146.0 146.0 146.0 147.0 147.0 147.0 147.0 148.0 148.0 148.0 148.0 148.0 148.0 148.0 148.0 148.0 148.0
150.0 150.0 149.0 148.0 148.0 148.0 148.0 148.0 148.0 147.0 147.0 147.0 146.0 146.0 146.0 146.0 146.0 145.0 145.0 145.0 146.0 146.0 146.0 146.0 146.0 146.0 147.0 147.0 147.0 147.0
147.0 147.0 146.0 146.0 146.0 146.0 146.0 146.0 145.0 145.0 145.0 145.0 145.0 145.0 145.0 145.0 145.0 145.0 145.0 145.0 145.0 145.0 145.0 145.0 145.0 146.0 146.0 146.0 146.0 146.0
144.0 144.0 144.0 144.0 144.0 144.0 143.0 143.0 142.0 142.0 142.0 142.0 142.0 142.0 142.0 142.0 143.0 143.0 143.0 143.0 143.0 143.0 143.0 143.0 143.0 143.0 143.0 143.0 143.0 144.0
144.0 144.0 144.0 144.0 144.0 144.0 144.0 143.0 143.0 143.0 143.0 143.0 143.0 143.0 143.0 143.0 143.0 143.0 143.0 143.0 143.0 143.0 143.0 143.0 143.0 144.0 144.0 144.0 144.0 144.0
143.0 143.0 143.0 142.0 142.0 142.0 142.0 142.0 142.0 142.0 141.0 141.0 142.0 142.0 142.0 142.0 142.0 142.0 142.0 142.0 142.0 143.0 143.0 143.0 143.0 143.0 143.0 143.0 143.0 143.0
142.0 142.0 142.0 142.0 142.0 142.0 142.0 141.0 141.0 141.0 141.0 141.0 141.0 141.0 141.0 141.0 141.0 141.0 141.0 141.0 141.0 141.0 141.0 141.0 140.0 140.0 140.0 140.0 140.0 140.0
143.0 143.0 143.0 143.0 143.0 143.0 142.0 142.0 142.0 142.0 142.0 142.0 142.0 142.0 142.0 142.0 141.0 141.0 141.0 141.0 141.0 140.0 140.0 140.0 140.0 140.0 140.0 140.0 140.0 139.0
135.0 135.0 135.0 135.0 135.0 136.0 136.0 137.0 137.0 137.0 138.0 138.0 138.0 138.0 138.0 139.0 139.0 140.0 140.0 140.0 140.0 140.0 141.0 141.0 141.0 141.0 141.0 142.0 142.0 142.0
140.0 140.0 139.0 139.0 139.0 139.0 139.0 139.0 139.0 139.0 139.0 139.0 139.0 139.0 139.0 139.0 139.0 139.0 139.0 139.0 139.0 138.0 138.0 138.0 138.0 137.0 137.0 137.0 137.0 137.0
140.0 140.0 140.0 140.0 140.0 141.0 141.0 141.0 142.0 142.0 143.0 143.0 143.0 144.0 144.0 144.0 144.0 144.0 144.0 144.0 143.0 143.0 143.0 142.0 141.0 140.0 139.0 138.0 138.0 138.0
137.0 137.0 137.0 136.0 136.0 136.0 137.0 137.0 137.0 137.0 137.0 137.0 137.0 137.0 137.0 137.0 137.0 137.0 137.0 137.0 138.0 138.0 138.0 138.0 138.0 138.0 138.0 138.0 138.0 138.0
137.0 137.0 137.0 137.0 137.0 137.0 137.0 137.0 137.0 137.0 138.0 138.0 139.0 139.0 139.0 139.0 140.0 140.0 140.0 140.0 140.0 140.0 140.0 140.0 141.0 141.0 141.0 142.0 142.0 143.0
126.0 126.0 126.0 126.0 126.0 126.0 125.0 125.0 125.0 125.0 125.0 125.0 124.0 124.0 124.0 124.0 124.0 124.0 124.0 124.0 123.0 123.0 123.0 123.0 123.0 124.0 124.0 124.0 124.0 125.0
126.0 126.0 126.0 126.0 127.0 127.0 127.0 127.0 126.0 127.0 127.0 127.0 127.0 127.0 127.0 127.0 127.0 126.0 126.0 126.0 126.0 126.0 126.0 126.0 126.0 126.0 126.0 126.0 125.0 125.0
124.0 124.0 124.0 124.0 124.0 124.0 124.0 124.0 124.0 124.0 124.0 124.0 124.0 124.0 124.0 124.0 124.0 124.0 124.0 124.0 124.0 124.0 124.0 124.0 124.0 125.0 125.0 125.0 124.0 124.0
124.0 125.0 125.0 125.0 125.0 125.0 125.0 125.0 125.0 125.0 126.0 125.0 125.0 125.0 125.0 125.0 125.0 125.0 125.0 125.0 125.0 125.0 125.0 125.0 125.0 125.0 125.0 125.0 125.0 125.0
123.0 123.0 123.0 123.0 123.0 123.0 122.0 122.0 122.0 122.0 122.0 122.0 122.0 122.0 122.0 122.0 122.0 122.0 122.0 122.0 122.0 122.0 122.0 122.0 122.0 122.0 122.0 122.0 122.0 123.0
131.0 131.0 132.0 132.0 132.0 132.0 133.0 133.0 133.0 133.0 133.0 133.0 133.0 133.0 133.0 133.0 133.0 133.0 133.0 133.0 133.0 134.0 134.0 134.0 134.0 134.0 135.0 135.0 135.0 136.0
136.0 136.0 136.0 136.0 137.0 137.0 137.0 138.0 138.0 138.0 138.0 138.0 138.0 139.0 139.0 139.0 139.0 139.0 140.0 140.0 140.0 140.0 140.0 140.0 140.0 140.0 139.0 139.0 139.0 139.0
139.0 139.0 139.0 139.0 139.0 139.0 139.0 139.0 139.0 139.0 139.0 140.0 140.0 140.0 140.0 140.0 141.0 141.0 141.0 141.0 141.0 142.0 142.0 142.0 142.0 142.0 142.0 142.0 142.0 142.0
145.0 145.0 145.0 145.0 145.0 145.0 145.0 145.0 145.0 145.0 145.0 145.0 145.0 145.0 145.0 145.0 145.0 145.0 145.0 145.0 145.0 145.0 145.0 146.0 146.0 146.0 146.0 146.0 146.0 146.0
142.0 142.0 142.0 142.0 141.0 141.0 141.0 141.0 141.0 141.0 141.0 141.0 141.0 141.0 141.0 141.0 141.0 141.0 141.0 141.0 141.0 141.0 141.0 141.0 141.0 141.0 141.0 140.0 140.0 140.0
141.0 141.0 141.0 141.0 141.0 141.0 140.0 140.0 140.0 140.0 140.0 139.0 139.0 139.0 139.0 139.0 139.0 139.0 139.0 138.0 138.0 138.0 138.0 138.0 137.0 137.0 137.0 137.0 137.0 137.0
129.0 129.0 129.0 129.0 129.0 129.0 129.0 129.0 129.0 129.0 129.0 129.0 129.0 128.0 128.0 128.0 128.0 128.0 128.0 127.0 127.0 127.0 127.0 127.0 127.0 127.0 128.0 128.0 128.0 128.0
130.0 130.0 130.0 130.0 130.0 130.0 130.0 130.0 130.0 130.0 130.0 130.0 130.0 130.0 130.0 131.0 131.0 131.0 132.0 132.0 132.0 132.0 132.0 132.0 132.0 133.0 133.0 133.0 133.0 133.0
132.0 132.0 132.0 132.0 131.0 131.0 131.0 131.0 131.0 131.0 131.0 130.0 130.0 130.0 130.0 130.0 131.0 131.0 131.0 131.0 131.0 131.0 131.0 131.0 131.0 131.0 131.0 131.0 131.0 130.0
130.0 130.0 130.0 129.0 129.0 129.0 129.0 129.0 129.0 129.0 129.0 129.0 129.0 128.0 128.0 128.0 128.0 129.0 129.0 129.0 129.0 129.0 129.0 129.0 129.0 129.0 129.0 129.0 129.0 128.0
126.0 126.0 126.0 126.0 126.0 126.0 126.0 126.0 126.0 125.0 125.0 125.0 125.0 125.0 125.0 125.0 125.0 126.0 126.0 126.0 126.0 126.0 127.0 127.0 127.0 127.0 127.0 127.0 127.0 127.0
124.0 124.0 124.0 124.0 124.0 124.0 124.0 124.0 124.0 124.0 124.0 124.0 125.0 125.0 125.0 125.0 125.0 125.0 125.0 124.0 124.0 124.0 124.0 125.0 125.0 125.0 125.0 124.0 124.0 124.0
130.0 130.0 130.0 130.0 130.0 130.0 129.0 129.0 129.0 129.0 129.0 129.0 129.0 129.0 129.0 129.0 129.0 129.0 129.0 130.0 130.0 130.0 130.0 130.0 130.0 130.0 130.0 129.0 129.0 129.0
129.0 129.0 129.0 129.0 129.0 129.0 128.0 128.0 128.0 128.0 128.0 128.0 128.0 127.0 127.0 127.0 127.0 127.0 127.0 127.0 127.0 127.0 126.0 126.0 126.0 126.0 126.0 126.0 126.0 126.0
126.0 125.0 125.0 125.0 125.0 125.0 125.0 125.0 125.0 124.0 124.0 124.0 123.0 123.0 123.0 123.0 123.0 123.0 123.0 123.0 123.0 123.0 123.0 122.0 122.0 122.0 122.0 122.0 122.0 121.0
121.0 121.0 121.0 121.0 121.0 121.0 120.0 120.0 120.0 120.0 120.0 120.0 120.0 119.0 119.0 119.0 119.0 119.0 119.0 119.0 119.0 119.0 118.0 118.0 118.0 118.0 118.0 117.0 117.0 117.0
117.0 117.0 117.0 117.0 116.0 116.0 116.0 116.0 116.0 115.0 115.0 115.0 115.0 115.0 115.0 115.0 115.0 115.0 115.0 115.0 115.0 115.0 115.0 115.0 115.0 115.0 115.0 114.0 114.0 114.0
114.0 114.0 114.0 114.0 113.0 113.0 113.0 113.0 113.0 113.0 113.0 113.0 113.0 113.0 113.0 113.0 113.0 113.0 112.0 112.0 112.0 112.0 112.0 111.0 111.0 111.0 111.0 111.0 111.0 111.0
145.0 145.0 145.0 145.0 146.0 146.0 146.0 146.0 146.0 146.0 146.0 146.0 146.0 147.0 147.0 147.0 147.0 147.0 147.0 148.0 148.0 148.0 148.0 149.0 149.0 149.0 149.0 149.0 150.0 150.0
155.0 155.0 155.0 155.0 155.0 154.0 154.0 154.0 154.0 153.0 153.0 153.0 153.0 153.0 153.0 153.0 153.0 153.0 154.0 154.0 154.0 154.0 154.0 154.0 154.0 153.0 153.0 153.0 154.0 153.0
150.0 150.0 150.0 150.0 150.0 150.0 150.0 150.0 150.0 150.0 150.0 150.0 150.0 149.0 149.0 149.0 149.0 148.0 149.0 149.0 149.0 149.0 149.0 149.0 149.0 150.0 150.0 150.0 150.0 149.0
149.0 149.0 149.0 149.0 149.0 149.0 150.0 149.0 149.0 149.0 149.0 149.0 149.0 149.0 149.0 149.0 148.0 148.0 148.0 148.0 148.0 148.0 148.0 148.0 149.0 149.0 149.0 149.0 149.0 149.0
146.0 146.0 146.0 146.0 146.0 145.0 145.0 146.0 146.0 146.0 146.0 146.0 146.0 146.0 146.0 146.0 145.0 146.0 145.0 146.0 146.0 146.0 146.0 146.0 146.0 146.0 146.0 146.0 146.0 146.0
144.0 144.0 144.0 144.0 143.0 143.0 143.0 143.0 143.0 143.0 143.0 143.0 143.0 143.0 143.0 143.0 143.0 143.0 143.0 143.0 143.0 143.0 143.0 143.0 143.0 144.0 144.0 144.0 144.0 144.0
143.0 143.0 142.0 142.0 142.0 142.0 142.0 142.0 141.0 141.0 142.0 142.0 142.0 142.0 142.0 142.0 142.0 142.0 142.0 142.0 142.0 142.0 142.0 142.0 143.0 143.0 144.0 144.0 144.0 145.0
154.0 154.0 153.0 152.0 151.0 151.0 150.0 150.0 150.0 149.0 149.0 149.0 148.0 148.0 148.0 148.0 149.0 149.0 149.0 149.0 150.0 150.0 151.0 151.0 151.0 151.0 152.0 152.0 152.0 153.0
155.0 154.0 154.0 154.0 154.0 155.0 155.0 155.0 155.0 155.0 155.0 155.0 155.0 155.0 156.0 156.0 156.0 156.0 156.0 157.0 157.0 157.0 157.0 157.0 157.0 157.0 158.0 158.0 158.0 158.0
157.0 157.0 157.0 156.0 155.0 155.0 155.0 154.0 154.0 154.0 154.0 153.0 153.0 153.0 153.0 153.0 153.0 153.0 153.0 154.0 154.0 154.0 154.0 154.0 154.0 154.0 154.0 154.0 154.0 154.0
151.0 151.0 151.0 151.0 151.0 150.0 150.0 150.0 149.0 149.0 149.0 149.0 149.0 149.0 150.0 150.0 149.0 149.0 149.0 149.0 149.0 149.0 149.0 148.0 148.0 148.0 148.0 148.0 148.0 149.0
150.0 150.0 150.0 149.0 149.0 150.0 150.0 150.0 150.0 150.0 150.0 150.0 150.0 150.0 150.0 150.0 150.0 151.0 150.0 150.0 150.0 150.0 150.0 150.0 150.0 150.0 149.0 149.0 149.0 149.0
150.0 150.0 150.0 150.0 150.0 150.0 149.0 149.0 149.0 149.0 149.0 149.0 149.0 149.0 148.0 148.0 148.0 148.0 149.0 150.0 150.0 150.0 150.0 150.0 149.0 149.0 149.0 149.0 147.0 147.0
146.0 145.0 145.0 144.0 144.0 143.0 143.0 142.0 142.0 141.0 141.0 141.0 141.0 141.0 141.0 141.0 141.0 141.0 141.0 141.0 141.0 141.0 142.0 142.0 142.0 142.0 142.0 142.0 142.0 142.0
142.0 142.0 141.0 141.0 140.0 140.0 139.0 139.0 139.0 139.0 139.0 139.0 139.0 139.0 140.0 140.0 140.0 140.0 140.0 140.0 140.0 140.0 140.0 140.0 140.0 140.0 140.0 141.0 141.0 141.0
141.0 141.0 141.0 142.0 142.0 143.0 143.0 143.0 144.0 144.0 144.0 144.0 144.0 144.0 144.0 144.0 145.0 145.0 145.0 145.0 145.0 145.0 145.0 145.0 145.0 145.0 145.0 145.0 145.0 145.0
145.0 145.0 145.0 145.0 146.0 146.0 146.0 146.0 146.0 146.0 146.0 146.0 146.0 146.0 145.0 145.0 145.0 145.0 145.0 145.0 146.0 146.0 146.0 146.0 146.0 146.0 146.0 147.0 147.0 147.0
147.0 147.0 147.0 147.0 146.0 146.0 146.0 146.0 146.0 146.0 146.0 146.0 146.0 146.0 146.0 146.0 147.0 147.0 147.0 147.0 148.0 148.0 148.0 148.0 148.0 148.0 148.0 148.0 148.0 148.0
150.0 150.0 149.0 148.0 148.0 148.0 148.0 148.0 148.0 147.0 147.0 147.0 146.0 146.0 146.0 146.0 146.0 145.0 145.0 145.0 146.0 146.0 146.0 146.0 146.0 146.0 147.0 147.0 147.0 147.0
147.0 147.0 146.0 146.0 146.0 146.0 146.0 146.0 145.0 145.0 145.0 145.0 145.0 145.0 145.0 145.0 145.0 145.0 145.0 145.0 145.0 145.0 145.0 145.0 145.0 146.0 146.0 146.0 146.0 146.0
144.0 144.0 144.0 144.0 144.0 144.0 143.0 143.0 142.0 142.0 142.0 142.0 142.0 142.0 142.0 142.0 143.0 143.0 143.0 143.0 143.0 143.0 143.0 143.0 143.0 143.0 143.0 143.0 143.0 144.0
144.0 144.0 144.0 144.0 144.0 144.0 144.0 143.0 143.0 143.0 143.0 143.0 143.0 143.0 143.0 143.0 143.0 143.0 143.0 143.0 143.0 143.0 143.0 143.0 143.0 144.0 144.0 144.0 144.0 144.0
143.0 143.0 143.0 142.0 142.0 142.0 142.0 142.0 142.0 142.0 141.0 141.0 142.0 142.0 142.0 142.0 142.0 142.0 142.0 142.0 142.0 143.0 143.0 143.0 143.0 143.0 143.0 143.0 143.0 143.0
142.0 142.0 142.0 142.0 142.0 142.0 142.0 141.0 141.0 141.0 141.0 141.0 141.0 141.0 141.0 141.0 141.0 141.0 141.0 141.0 141.0 141.0 141.0 141.0 140.0 140.0 140.0 140.0 140.0 140.0
143.0 143.0 143.0 143.0 143.0 143.0 142.0 142.0 142.0 142.0 142.0 142.0 142.0 142.0 142.0 142.0 141.0 141.0 141.0 141.0 141.0 140.0 140.0 140.0 140.0 140.0 140.0 140.0 140.0 139.0
135.0 135.0 135.0 135.0 135.0 136.0 136.0 137.0 137.0 137.0 138.0 138.0 138.0 138.0 138.0 139.0 139.0 140.0 140.0 140.0 140.0 140.0 141.0 141.0 141.0 141.0 141.0 142.0 142.0 142.0
140.0 140.0 139.0 139.0 139.0 139.0 139.0 139.0 139.0 139.0 139.0 139.0 139.0 139.0 139.0 139.0 139.0 139.0 139.0 139.0 139.0 138.0 138.0 138.0 138.0 137.0 137.0 137.0 137.0 137.0
140.0 140.0 140.0 140.0 140.0 141.0 141.0 141.0 142.0 142.0 143.0 143.0 143.0 144.0 144.0 144.0 144.0 144.0 144.0 144.0 143.0 143.0 143.0 142.0 141.0 140.0 139.0 138.0 138.0 138.0
137.0 137.0 137.0 136.0 136.0 136.0 137.0 137.0 137.0 137.0 137.0 137.0 137.0 137.0 137.0 137.0 137.0 137.0 137.0 137.0 138.0 138.0 138.0 138.0 138.0 138.0 138.0 138.0 138.0 138.0
137.0 137.0 137.0 137.0 137.0 137.0 137.0 137.0 137.0 137.0 138.0 138.0 139.0 139.0 139.0 139.0 140.0 140.0 140.0 140.0 140.0 140.0 140.0 140.0 141.0 141.0 141.0 142.0 142.0 143.0
126.0 126.0 126.0 126.0 126.0 126.0 125.0 125.0 125.0 125.0 125.0 125.0 124.0 124.0 124.0 124.0 124.0 124.0 124.0 124.0 123.0 123.0 123.0 123.0 123.0 124.0 124.0 124.0 124.0 125.0
126.0 126.0 126.0 126.0 127.0 127.0 127.0 127.0 126.0 127.0 127.0 127.0 127.0 127.0 127.0 127.0 127.0 126.0 126.0 126.0 126.0 126.0 126.0 126.0 126.0 126.0 126.0 126.0 125.0 125.0
124.0 124.0 124.0 124.0 124.0 124.0 124.0 124.0 124.0 124.0 124.0 124.0 124.0 124.0 124.0 124.0 124.0 124.0 124.0 124.0 124.0 124.0 124.0 124.0 124.0 125.0 125.0 125.0 124.0 124.0
124.0 125.0 125.0 125.0 125.0 125.0 125.0 125.0 125.0 125.0 126.0 125.0 125.0 125.0 125.0 125.0 125.0 125.0 125.0 125.0 125.0 125.0 125.0 125.0 125.0 125.0 125.0 125.0 125.0 125.0
123.0 123.0 123.0 123.0 123.0 123.0 122.0 122.0 122.0 122.0 122.0 122.0 122.0 122.0 122.0 122.0 122.0 122.0 122.0 122.0 122.0 122.0 122.0 122.0 122.0 122.0 122.0 122.0 122.0 123.0
131.0 131.0 132.0 132.0 132.0 132.0 133.0 133.0 133.0 133.0 133.0 133.0 133.0 133.0 133.0 133.0 133.0 133.0 133.0 133.0 133.0 134.0 134.0 134.0 134.0 134.0 135.0 135.0 135.0 136.0
136.0 136.0 136.0 136.0 137.0 137.0 137.0 138.0 138.0 138.0 138.0 138.0 138.0 139.0 139.0 139.0 139.0 139.0 140.0 140.0 140.0 140.0 140.0 140.0 140.0 140.0 139.0 139.0 139.0 139.0
139.0 139.0 139.0 139.0 139.0 139.0 139.0 139.0 139.0 139.0 139.0 140.0 140.0 140.0 140.0 140.0 141.0 141.0 141.0 141.0 141.0 142.0 142.0 142.0 142.0 142.0 142.0 142.0 142.0 142.0
145.0 145.0 145.0 145.0 145.0 145.0 145.0 145.0 145.0 145.0 145.0 145.0 145.0 145.0 145.0 145.0 145.0 145.0 145.0 145.0 145.0 145.0 145.0 146.0 146.0 146.0 146.0 146.0 146.0 146.0
142.0 142.0 142.0 142.0 141.0 141.0 141.0 141.0 141.0 141.0 141.0 141.0 141.0 141.0 141.0 141.0 141.0 141.0 141.0 141.0 141.0 141.0 141.0 141.0 141.0 141.0 141.0 140.0 140.0 140.0
141.0 141.0 141.0 141.0 141.0 141.0 140.0 140.0 140.0 140.0 140.0 139.0 139.0 139.0 139.0 139.0 139.0 139.0 139.0 138.0 138.0 138.0 138.0 138.0 137.0 137.0 137.0 137.0 137.0 137.0
129.0 129.0 129.0 129.0 129.0 129.0 129.0 129.0 129.0 129.0 129.0 129.0 129.0 128.0 128.0 128.0 128.0 128.0 128.0 127.0 127.0 127.0 127.0 127.0 127.0 127.0 128.0 128.0 128.0 128.0
130.0 130.0 130.0 130.0 130.0 130.0 130.0 130.0 130.0 130.0 130.0 130.0 130.0 130.0 130.0 131.0 131.0 131.0 132.0 132.0 132.0 132.0 132.0 132.0 132.0 133.0 133.0 133.0 133.0 133.0
132.0 132.0 132.0 132.0 131.0 131.0 131.0 131.0 131.0 131.0 131.0 130.0 130.0 130.0 130.0 130.0 131.0 131.0 131.0 131.0 131.0 131.0 131.0 131.0 131.0 131.0 131.0 131.0 131.0 130.0
130.0 130.0 130.0 129.0 129.0 129.0 129.0 129.0 129.0 129.0 129.0 129.0 129.0 128.0 128.0 128.0 128.0 129.0 129.0 129.0 129.0 129.0 129.0 129.0 129.0 129.0 129.0 129.0 129.0 128.0
126.0 126.0 126.0 126.0 126.0 126.0 126.0 126.0 126.0 125.0 125.0 125.0 125.0 125.0 125.0 125.0 125.0 126.0 126.0 126.0 126.0 126.0 127.0 127.0 127.0 127.0 127.0 127.0 127.0 127.0
124.0 124.0 124.0 124.0 124.0 124.0 124.0 124.0 124.0 124.0 124.0 124.0 125.0 125.0 125.0 125.0 125.0 125.0 125.0 124.0 124.0 124.0 124.0 125.0 125.0 125.0 125.0 124.0 124.0 124.0
130.0 130.0 130.0 130.0 130.0 130.0 129.0 129.0 129.0 129.0 129.0 129.0 129.0 129.0 129.0 129.0 129.0 129.0 129.0 130.0 130.0 130.0 130.0 130.0 130.0 130.0 130.0 129.0 129.0 129.0
7066.0 7972.0 7951.0 7929.0 7905.0 7887.0 7867.0 7850.0 7832.0 7815.0 7796.0 7778.0 7760.0 7742.0 7724.0
7708.0 7691.0 7676.0 7660.0 7631.0 7617.0 7589.0 7546.0 7519.0 7464.0 7452.0 7440.0 7426.0 7415.0 7405.0
7369.0 7358.0 7347.0 7335.0 7325.0 7313.0 7302.0 7293.0 7281.0 7275.0 7261.0 7248.0 7238.0 7227.0 7217.0
6943.0 6935.0 6928.0 6921.0 6914.0 6906.0 6898.0 6893.0 6885.0 6880.0 6875.0 6869.0 6863.0 6856.0 6850.0
6813.0 6809.0 6800.0 6796.0 6790.0 6790.0 6783.0 6778.0 6773.0 6768.0 6762.0 6756.0 6751.0 6746.0 6733.0
155.0 155.0 155.0 154.0 154.0 154.0 153.0 152.0 152.0 152.0 152.0 152.0 152.0 153.0 153.0
153.0 153.0 153.0 153.0 153.0 153.0 154.0 154.0 154.0 154.0 154.0 154.0 154.0 154.0 154.0
153.0 153.0 153.0 153.0 153.0 154.0 154.0 154.0 154.0 154.0 154.0 154.0 154.0 154.0 154.0
152.0 152.0 151.0 151.0 152.0 152.0 152.0 153.0 153.0 153.0 152.0 152.0 152.0 152.0 152.0
143.0 143.0 142.0 142.0 141.0 141.0 141.0 141.0 140.0 140.0 139.0 139.0 138.0 137.0 137.0
129.0 129.0 129.0 129.0 129.0 129.0 128.0 128.0 128.0 128.0 128.0 128.0 128.0 127.0 127.0 127.0 127.0 127.0 127.0 127.0 127.0 127.0 126.0 126.0 126.0 126.0 126.0 126.0 126.0 126.0
126.0 125.0 125.0 125.0 125.0 125.0 125.0 125.0 125.0 124.0 124.0 124.0 123.0 123.0 123.0 123.0 123.0 123.0 123.0 123.0 123.0 123.0 123.0 122.0 122.0 122.0 122.0 122.0 122.0 121.0
121.0 121.0 121.0 121.0 121.0 121.0 120.0 120.0 120.0 120.0 120.0 120.0 120.0 119.0 119.0 119.0 119.0 119.0 119.0 119.0 119.0 119.0 118.0 118.0 118.0 118.0 118.0 117.0 117.0 117.0
117.0 117.0 117.0 117.0 116.0 116.0 116.0 116.0 116.0 115.0 115.0 115.0 115.0 115.0 115.0 115.0 115.0 115.0 115.0 115.0 115.0 115.0 115.0 115.0 115.0 115.0 115.0 114.0 114.0 114.0
114.0 114.0 114.0 114.0 113.0 113.0 113.0 113.0 113.0 113.0 113.0 113.0 113.0 113.0 113.0 113.0 113.0 113.0 112.0 112.0 112.0 112.0 112.0 111.0 111.0 111.0 111.0 111.0 111.0 111.0
145.0 145.0 145.0 145.0 146.0 146.0 146.0 146.0 146.0 146.0 146.0 146.0 146.0 147.0 147.0 147.0 147.0 147.0 147.0 148.0 148.0 148.0 148.0 149.0 149.0 149.0 149.0 149.0 150.0 150.0
155.0 155.0 155.0 155.0 155.0 154.0 154.0 154.0 154.0 153.0 153.0 153.0 153.0 153.0 153.0 153.0 153.0 153.0 154.0 154.0 154.0 154.0 154.0 154.0 154.0 153.0 153.0 153.0 154.0 153.0
150.0 150.0 150.0 150.0 150.0 150.0 150.0 150.0 150.0 150.0 150.0 150.0 150.0 149.0 149.0 149.0 149.0 148.0 149.0 149.0 149.0 149.0 149.0 149.0 149.0 150.0 150.0 150.0 150.0 149.0
149.0 149.0 149.0 149.0 149.0 149.0 150.0 149.0 149.0 149.0 149.0 149.0 149.0 149.0 149.0 149.0 148.0 148.0 148.0 148.0 148.0 148.0 148.0 148.0 149.0 149.0 149.0 149.0 149.0 149.0
146.0 146.0 146.0 146.0 146.0 145.0 145.0 146.0 146.0 146.0 146.0 146.0 146.0 146.0 146.0 146.0 145.0 146.0 145.0 146.0 146.0 146.0 146.0 146.0 146.0 146.0 146.0 146.0 146.0 146.0
144.0 144.0 144.0 144.0 143.0 143.0 143.0 143.0 143.0 143.0 143.0 143.0 143.0 143.0 143.0 143.0 143.0 143.0 143.0 143.0 143.0 143.0 143.0 143.0 143.0 144.0 144.0 144.0 144.0 144.0
143.0 143.0 142.0 142.0 142.0 142.0 142.0 142.0 141.0 141.0 142.0 142.0 142.0 142.0 142.0 142.0 142.0 142.0 142.0 142.0 142.0 142.0 142.0 142.0 143.0 143.0 144.0 144.0 144.0 145.0
154.0 154.0 153.0 152.0 151.0 151.0 150.0 150.0 150.0 149.0 149.0 149.0 148.0 148.0 148.0 148.0 149.0 149.0 149.0 149.0 150.0 150.0 151.0 151.0 151.0 151.0 152.0 152.0 152.0 153.0
155.0 154.0 154.0 154.0 154.0 155.0 155.0 155.0 155.0 155.0 155.0 155.0 155.0 155.0 156.0 156.0 156.0 156.0 156.0 157.0 157.0 157.0 157.0 157.0 157.0 157.0 158.0 158.0 158.0 158.0
157.0 157.0 157.0 156.0 155.0 155.0 155.0 154.0 154.0 154.0 154.0 153.0 153.0 153.0 153.0 153.0 153.0 153.0 153.0 154.0 154.0 154.0 154.0 154.0 154.0 154.0 154.0 154.0 154.0 154.0
151.0 151.0 151.0 151.0 151.0 150.0 150.0 150.0 149.0 149.0 149.0 149.0 149.0 149.0 150.0 150.0 149.0 149.0 149.0 149.0 149.0 149.0 149.0 148.0 148.0 148.0 148.0 148.0 148.0 149.0
150.0 150.0 150.0 149.0 149.0 150.0 150.0 150.0 150.0 150.0 150.0 150.0 150.0 150.0 150.0 150.0 150.0 151.0 150.0 150.0 150.0 150.0 150.0 150.0 150.0 150.0 149.0 149.0 149.0 149.0
150.0 150.0 150.0 150.0 150.0 150.0 149.0 149.0 149.0 149.0 149.0 149.0 149.0 149.0 148.0 148.0 148.0 148.0 149.0 150.0 150.0 150.0 150.0 150.0 149.0 149.0 149.0 149.0 147.0 147.0
146.0 145.0 145.0 144.0 144.0 143.0 143.0 142.0 142.0 141.0 141.0 141.0 141.0 141.0 141.0 141.0 141.0 141.0 141.0 141.0 141.0 141.0 142.0 142.0 142.0 142.0 142.0 142.0 142.0 142.0
142.0 142.0 141.0 141.0 140.0 140.0 139.0 139.0 139.0 139.0 139.0 139.0 139.0 139.0 140.0 140.0 140.0 140.0 140.0 140.0 140.0 140.0 140.0 140.0 140.0 140.0 140.0 141.0 141.0 141.0
141.0 141.0 141.0 142.0 142.0 143.0 143.0 143.0 144.0 144.0 144.0 144.0 144.0 144.0 144.0 144.0 145.0 145.0 145.0 145.0 145.0 145.0 145.0 145.0 145.0 145.0 145.0 145.0 145.0 145.0
145.0 145.0 145.0 145.0 146.0 146.0 146.0 146.0 146.0 146.0 146.0 146.0 146.0 146.0 145.0 145.0 145.0 145.0 145.0 145.0 146.0 146.0 146.0 146.0 146.0 146.0 146.0 147.0 147.0 147.0
147.0 147.0 147.0 147.0 146.0 146.0 146.0 146.0 146.0 146.0 146.0 146.0 146.0 146.0 146.0 146.0 147.0 147.0 147.0 147.0 148.0 148.0 148.0 148.0 148.0 148.0 148.0 148.0 148.0 148.0
150.0 150.0 149.0 148.0 148.0 148.0 148.0 148.0 148.0 147.0 147.0 147.0 146.0 146.0 146.0 146.0 146.0 145.0 145.0 145.0 146.0 146.0 146.0 146.0 146.0 146.0 147.0 147.0 147.0 147.0
147.0 147.0 146.0 146.0 146.0 146.0 146.0 146.0 145.0 145.0 145.0 145.0 145.0 145.0 145.0 145.0 145.0 145.0 145.0 145.0 145.0 145.0 145.0 145.0 145.0 146.0 146.0 146.0 146.0 146.0
144.0 144.0 144.0 144.0 144.0 144.0 143.0 143.0 142.0 142.0 142.0 142.0 142.0 142.0 142.0 142.0 143.0 143.0 143.0 143.0 143.0 143.0 143.0 143.0 143.0 143.0 143.0 143.0 143.0 144.0
144.0 144.0 144.0 144.0 144.0 144.0 144.0 143.0 143.0 143.0 143.0 143.0 143.0 143.0 143.0 143.0 143.0 143.0 143.0 143.0 143.0 143.0 143.0 143.0 143.0 144.0 144.0 144.0 144.0 144.0
143.0 143.0 143.0 142.0 142.0 142.0 142.0 142.0 142.0 142.0 141.0 141.0 142.0 142.0 142.0 142.0 142.0 142.0 142.0 142.0 142.0 143.0 143.0 143.0 143.0 143.0 143.0 143.0 143.0 143.0
142.0 142.0 142.0 142.0 142.0 142.0 142.0 141.0 141.0 141.0 141.0 141.0 141.0 141.0 141.0 141.0 141.0 141.0 141.0 141.0 141.0 141.0 141.0 141.0 140.0 140.0 140.0 140.0 140.0 140.0
143.0 143.0 143.0 143.0 143.0 143.0 142.0 142.0 142.0 142.0 142.0 142.0 142.0 142.0 142.0 142.0 141.0 141.0 141.0 141.0 141.0 140.0 140.0 140.0 140.0 140.0 140.0 140.0 140.0 139.0
135.0 135.0 135.0 135.0 135.0 136.0 136.0 137.0 137.0 137.0 138.0 138.0 138.0 138.0 138.0 139.0 139.0 140.0 140.0 140.0 140.0 140.0 141.0 141.0 141.0 141.0 141.0 142.0 142.0 142.0
140.0 140.0 139.0 139.0 139.0 139.0 139.0 139.0 139.0 139.0 139.0 139.0 139.0 139.0 139.0 139.0 139.0 139.0 139.0 139.0 139.0 138.0 138.0 138.0 138.0 137.0 137.0 137.0 137.0 137.0
140.0 140.0 140.0 140.0 140.0 141.0 141.0 141.0 142.0 142.0 143.0 143.0 143.0 144.0 144.0 144.0 144.0 144.0 144.0 144.0 143.0 143.0 143.0 142.0 141.0 140.0 139.0 138.0 138.0 138.0
137.0 137.0 137.0 136.0 136.0 136.0 137.0 137.0 137.0 137.0 137.0 137.0 137.0 137.0 137.0 137.0 137.0 137.0 137.0 137.0 138.0 138.0 138.0 138.0 138.0 138.0 138.0 138.0 138.0 138.0
137.0 137.0 137.0 137.0 137.0 137.0 137.0 137.0 137.0 137.0 138.0 138.0 139.0 139.0 139.0 139.0 140.0 140.0 140.0 140.0 140.0 140.0 140.0 140.0 141.0 141.0 141.0 142.0 142.0 143.0
126.0 126.0 126.0 126.0 126.0 126.0 125.0 125.0 125.0 125.0 125.0 125.0 124.0 124.0 124.0 124.0 124.0 124.0 124.0 124.0 123.0 123.0 123.0 123.0 123.0 124.0 124.0 124.0 124.0 125.0
126.0 126.0 126.0 126.0 127.0 127.0 127.0 127.0 126.0 127.0 127.0 127.0 127.0 127.0 127.0 127.0 127.0 126.0 126.0 126.0 126.0 126.0 126.0 126.0 126.0 126.0 126.0 126.0 125.0 125.0
124.0 124.0 124.0 124.0 124.0 124.0 124.0 124.0 124.0 124.0 124.0 124.0 124.0 124.0 124.0 124.0 124.0 124.0 124.0 124.0 124.0 124.0 124.0 124.0 124.0 125.0 125.0 125.0 124.0 124.0
124.0 125.0 125.0 125.0 125.0 125.0 125.0 125.0 125.0 125.0 126.0 125.0 125.0 125.0 125.0 125.0 125.0 125.0 125.0 125.0 125.0 125.0 125.0 125.0 125.0 125.0 125.0 125.0 125.0 125.0
123.0 123.0 123.0 123.0 123.0 123.0 122.0 122.0 122.0 122.0 122.0 122.0 122.0 122.0 122.0 122.0 122.0 122.0 122.0 122.0 122.0 122.0 122.0 122.0 122.0 122.0 122.0 122.0 122.0 123.0
131.0 131.0 132.0 132.0 132.0 132.0 133.0 133.0 133.0 133.0 133.0 133.0 133.0 133.0 133.0 133.0 133.0 133.0 133.0 133.0 133.0 134.0 134.0 134.0 134.0 134.0 135.0 135.0 135.0 136.0
136.0 136.0 136.0 136.0 137.0 137.0 137.0 138.0 138.0 138.0 138.0 138.0 138.0 139.0 139.0 139.0 139.0 139.0 140.0 140.0 140.0 140.0 140.0 140.0 140.0 140.0 139.0 139.0 139.0 139.0
139.0 139.0 139.0 139.0 139.0 139.0 139.0 139.0 139.0 139.0 139.0 140.0 140.0 140.0 140.0 140.0 141.0 141.0 141.0 141.0 141.0 142.0 142.0 142.0 142.0 142.0 142.0 142.0 142.0 142.0
145.0 145.0 145.0 145.0 145.0 145.0 145.0 145.0 145.0 145.0 145.0 145.0 145.0 145.0 145.0 145.0 145.0 145.0 145.0 145.0 145.0 145.0 145.0 146.0 146.0 146.0 146.0 146.0 146.0 146.0
142.0 142.0 142.0 142.0 141.0 141.0 141.0 141.0 141.0 141.0 141.0 141.0 141.0 141.0 141.0 141.0 141.0 141.0 141.0 141.0 141.0 141.0 141.0 141.0 141.0 141.0 141.0 140.0 140.0 140.0
141.0 141.0 141.0 141.0 141.0 141.0 140.0 140.0 140.0 140.0 140.0 139.0 139.0 139.0 139.0 139.0 139.0 139.0 139.0 138.0 138.0 138.0 138.0 138.0 137.0 137.0 137.0 137.0 137.0 137.0
129.0 129.0 129.0 129.0 129.0 129.0 129.0 129.0 129.0 129.0 129.0 129.0 129.0 128.0 128.0 128.0 128.0 128.0 128.0 127.0 127.0 127.0 127.0 127.0 127.0 127.0 128.0 128.0 128.0 128.0
130.0 130.0 130.0 130.0 130.0 130.0 130.0 130.0 130.0 130.0 130.0 130.0 130.0 130.0 130.0 131.0 131.0 131.0 132.0 132.0 132.0 132.0 132.0 132.0 132.0 133.0 133.0 133.0 133.0 133.0
132.0 132.0 132.0 132.0 131.0 131.0 131.0 131.0 131.0 131.0 131.0 130.0 130.0 130.0 130.0 130.0 131.0 131.0 131.0 131.0 131.0 131.0 131.0 131.0 131.0 131.0 131.0 131.0 131.0 130.0
130.0 130.0 130.0 129.0 129.0 129.0 129.0 129.0 129.0 129.0 129.0 129.0 129.0 128.0 128.0 128.0 128.0 129.0 129.0 129.0 129.0 129.0 129.0 129.0 129.0 129.0 129.0 129.0 129.0 128.0
126.0 126.0 126.0 126.0 126.0 126.0 126.0 126.0 126.0 125.0 125.0 125.0 125.0 125.0 125.0 125.0 125.0 126.0 126.0 126.0 126.0 126.0 127.0 127.0 127.0 127.0 127.0 127.0 127.0 127.0
124.0 124.0 124.0 124.0 124.0 124.0 124.0 124.0 124.0 124.0 124.0 124.0 125.0 125.0 125.0 125.0 125.0 125.0 125.0 124.0 124.0 124.0 124.0 125.0 125.0 125.0 125.0 124.0 124.0 124.0
130.0 130.0 130.0 130.0 130.0 130.0 129.0 129.0 129.0 129.0 129.0 129.0 129.0 129.0 129.0 129.0 129.0 129.0 129.0 130.0 130.0 130.0 130.0 130.0 130.0 130.0 130.0 129.0 129.0 129.0
7066.0 7972.0 7951.0 7929.0 7905.0 7887.0 7867.0 7850.0 7832.0 7815.0 7796.0 7778.0 7760.0 7742.0 7724.0
7708.0 7691.0 7676.0 7660.0 7631.0 7617.0 7589.0 7546.0 7519.0 7464.0 7452.0 7440.0 7426.0 7415.0 7405.0
7369.0 7358.0 7347.0 7335.0 7325.0 7313.0 7302.0 7293.0 7281.0 7275.0 7261.0 7248.0 7238.0 7227.0 7217.0
6943.0 6935.0 6928.0 6921.0 6914.0 6906.0 6898.0 6893.0 6885.0 6880.0 6875.0 6869.0 6863.0 6856.0 6850.0
6813.0 6809.0 6800.0 6796.0 6790.0 6790.0 6783.0 6778.0 6773.0 6768.0 6762.0 6756.0 6751.0 6746.0 6733.0
155.0 155.0 155.0 154.0 154.0 154.0 153.0 152.0 152.0 152.0 152.0 152.0 152.0 153.0 153.0
153.0 153.0 153.0 153.0 153.0 153.0 154.0 154.0 154.0 154.0 154.0 154.0 154.0 154.0 154.0
153.0 153.0 153.0 153.0 153.0 154.0 154.0 154.0 154.0 154.0 154.0 154.0 154.0 154.0 154.0
152.0 152.0 151.0 151.0 152.0 152.0 152.0 153.0 153.0 153.0 152.0 152.0 152.0 152.0 152.0
143.0 143.0 142.0 142.0 141.0 141.0 141.0 141.0 140.0 140.0 139.0 139.0 138.0 137.0 137.0
136.0 136.0 136.0 135.0 134.0 134.0 134.0 133.0 133.0 133.0 132.0 132.0 132.0 132.0 132.0
133.0 133.0 132.0 132.0 132.0 132.0 132.0 132.0 132.0 131.0 131.0 131.0 131.0 130.0 130.0
131.0 130.0 130.0 130.0 130.0 130.0 130.0 130.0 129.0 129.0 129.0 129.0 129.0 129.0 129.0
